0	0.0000000000
1	0.0000000000
2	0.0000000000
3	0.0000000000
4	0.0000000000
5	0.0000000000
6	0.0000000000
7	0.0000000000
8	0.0000000000
9	0.0000000000
10	0.0000000000
11	0.0000000000
12	0.0000000000
13	0.0000000000
14	0.0000000000
15	0.0000000000
16	0.0000000000
17	0.0000000000
18	0.0000000000
19	0.0000000000
20	0.0000000000
21	0.0000000000
22	0.0000000000
23	0.0000000000
24	0.0000000000
25	0.0000000000
26	0.0000000000
27	0.0000000000
28	0.0000000000
29	0.0000000000
30	0.0000000000
31	0.0000000002
32	0.0000000007
33	0.0000000021
34	0.0000000062
35	0.0000000169
36	0.0000000415
37	0.0000000927
38	0.0000001878
39	0.0000003438
40	0.0000005677
41	0.0000008443
42	0.0000011326
43	0.0000013818
44	0.0000015648
45	0.0000017077
46	0.0000018781
47	0.0000021280
48	0.0000024376
49	0.0000027308
50	0.0000029628
51	0.0000031794
52	0.0000034606
53	0.0000038084
54	0.0000041410
55	0.0000044157
56	0.0000046983
57	0.0000050565
58	0.0000054440
59	0.0000057802
60	0.0000060944
61	0.0000064727
62	0.0000068948
63	0.0000072727
64	0.0000076236
65	0.0000080350
66	0.0000084848
67	0.0000088873
68	0.0000092742
69	0.0000097252
70	0.0000101934
71	0.0000106093
72	0.0000110359
73	0.0000115237
74	0.0000119945
75	0.0000124234
76	0.0000128955
77	0.0000134024
78	0.0000138627
79	0.0000143187
80	0.0000148304
81	0.0000153274
82	0.0000157843
83	0.0000162823
84	0.0000168025
85	0.0000172748
86	0.0000177567
87	0.0000182823
88	0.0000187740
89	0.0000192456
90	0.0000197633
91	0.0000202702
92	0.0000207387
93	0.0000212427
94	0.0000217569
95	0.0000222262
96	0.0000227132
97	0.0000232241
98	0.0000236923
99	0.0000241630
100	0.0000246692
101	0.0000251449
102	0.0000256128
103	0.0000261164
104	0.0000265894
105	0.0000270318
106	0.0000274993
107	0.0000279473
108	0.0000283738
109	0.0000288405
110	0.0000293028
111	0.0000297337
112	0.0000301870
113	0.0000306324
114	0.0000310497
115	0.0000314984
116	0.0000319460
117	0.0000323545
118	0.0000327756
119	0.0000331920
120	0.0000335781
121	0.0000339844
122	0.0000343856
123	0.0000347512
124	0.0000351364
125	0.0000355262
126	0.0000358908
127	0.0000362717
128	0.0000366462
129	0.0000369951
130	0.0000373664
131	0.0000377312
132	0.0000380646
133	0.0000384132
134	0.0000387556
135	0.0000390778
136	0.0000394157
137	0.0000397389
138	0.0000400465
139	0.0000403786
140	0.0000406971
141	0.0000409997
142	0.0000413226
143	0.0000416334
144	0.0000419369
145	0.0000422537
146	0.0000425485
147	0.0000428419
148	0.0000431488
149	0.0000434278
150	0.0000437037
151	0.0000439895
152	0.0000442518
153	0.0000445128
154	0.0000447708
155	0.0000450041
156	0.0000452430
157	0.0000454749
158	0.0000456936
159	0.0000459439
160	0.0000462087
161	0.0000464706
162	0.0000467341
163	0.0000469427
164	0.0000470724
165	0.0000471448
166	0.0000471898
167	0.0000473151
168	0.0000476012
169	0.0000480270
170	0.0000485335
171	0.0000489681
172	0.0000491656
173	0.0000491139
174	0.0000489050
175	0.0000487004
176	0.0000486463
177	0.0000487361
178	0.0000488980
179	0.0000490687
180	0.0000492179
181	0.0000494281
182	0.0000497581
183	0.0000501380
184	0.0000504820
185	0.0000507249
186	0.0000508664
187	0.0000509778
188	0.0000510638
189	0.0000510698
190	0.0000509602
191	0.0000507571
192	0.0000505727
193	0.0000504684
194	0.0000503825
195	0.0000502625
196	0.0000501086
197	0.0000499976
198	0.0000500251
199	0.0000501471
200	0.0000502676
201	0.0000503696
202	0.0000504887
203	0.0000506885
204	0.0000509543
205	0.0000511899
206	0.0000513832
207	0.0000515712
208	0.0000517577
209	0.0000519301
210	0.0000520551
211	0.0000521329
212	0.0000521911
213	0.0000522085
214	0.0000521631
215	0.0000520718
216	0.0000519695
217	0.0000518583
218	0.0000516806
219	0.0000514345
220	0.0000511925
221	0.0000509768
222	0.0000507467
223	0.0000504496
224	0.0000501147
225	0.0000498420
226	0.0000496135
227	0.0000493352
228	0.0000490079
229	0.0000487049
230	0.0000484830
231	0.0000482767
232	0.0000479930
233	0.0000477123
234	0.0000475233
235	0.0000473701
236	0.0000471835
237	0.0000469615
238	0.0000467866
239	0.0000466944
240	0.0000465716
241	0.0000463807
242	0.0000462110
243	0.0000460886
244	0.0000459613
245	0.0000457808
246	0.0000456027
247	0.0000455218
248	0.0000454788
249	0.0000453856
250	0.0000452729
251	0.0000451701
252	0.0000450543
253	0.0000448829
254	0.0000446612
255	0.0000444718
256	0.0000443211
257	0.0000441373
258	0.0000439260
259	0.0000437400
260	0.0000435896
261	0.0000434321
262	0.0000432346
263	0.0000430403
264	0.0000428632
265	0.0000426394
266	0.0000423648
267	0.0000420938
268	0.0000418359
269	0.0000415551
270	0.0000412262
271	0.0000408918
272	0.0000405970
273	0.0000402973
274	0.0000399625
275	0.0000396387
276	0.0000393441
277	0.0000390445
278	0.0000387224
279	0.0000384123
280	0.0000381304
281	0.0000378180
282	0.0000374719
283	0.0000371625
284	0.0000368720
285	0.0000365463
286	0.0000362115
287	0.0000359174
288	0.0000356489
289	0.0000353299
290	0.0000349618
291	0.0000346048
292	0.0000342116
293	0.0000337523
294	0.0000333265
295	0.0000330067
296	0.0000327707
297	0.0000325695
298	0.0000323758
299	0.0000321052
300	0.0000316187
301	0.0000309530
302	0.0000302664
303	0.0000296234
304	0.0000290889
305	0.0000287550
306	0.0000286061
307	0.0000285113
308	0.0000283750
309	0.0000282413
310	0.0000281220
311	0.0000279676
312	0.0000278215
313	0.0000276626
314	0.0000273584
315	0.0000268957
316	0.0000264164
317	0.0000260466
318	0.0000257445
319	0.0000254544
320	0.0000252262
321	0.0000250074
322	0.0000247487
323	0.0000245644
324	0.0000244861
325	0.0000244128
326	0.0000242889
327	0.0000241389
328	0.0000239751
329	0.0000237821
330	0.0000235977
331	0.0000233813
332	0.0000230230
333	0.0000226022
334	0.0000222492
335	0.0000219371
336	0.0000215969
337	0.0000212302
338	0.0000208792
339	0.0000205352
340	0.0000202448
341	0.0000200983
342	0.0000199915
343	0.0000198406
344	0.0000197571
345	0.0000197774
346	0.0000198456
347	0.0000199467
348	0.0000200807
349	0.0000202219
350	0.0000203727
351	0.0000205874
352	0.0000207953
353	0.0000209104
354	0.0000210402
355	0.0000212200
356	0.0000213511
357	0.0000214196
358	0.0000214648
359	0.0000214925
360	0.0000214825
361	0.0000214626
362	0.0000214055
363	0.0000211950
364	0.0000209398
365	0.0000207965
366	0.0000206647
367	0.0000204989
368	0.0000203752
369	0.0000202683
370	0.0000201009
371	0.0000198447
372	0.0000195043
373	0.0000190909
374	0.0000187390
375	0.0000186126
376	0.0000186375
377	0.0000186877
378	0.0000187464
379	0.0000187580
380	0.0000186782
381	0.0000185637
382	0.0000185100
383	0.0000185722
384	0.0000187522
385	0.0000189926
386	0.0000191952
387	0.0000193856
388	0.0000196397
389	0.0000198937
390	0.0000200942
391	0.0000202329
392	0.0000202751
393	0.0000202739
394	0.0000203682
395	0.0000206410
396	0.0000210710
397	0.0000216359
398	0.0000222696
399	0.0000228749
400	0.0000236075
401	0.0000245949
402	0.0000255915
403	0.0000263949
404	0.0000270034
405	0.0000274293
406	0.0000277228
407	0.0000279646
408	0.0000281700
409	0.0000282469
410	0.0000282174
411	0.0000282371
412	0.0000283313
413	0.0000285818
414	0.0000290620
415	0.0000295630
416	0.0000300155
417	0.0000306242
418	0.0000314541
419	0.0000323578
420	0.0000331864
421	0.0000338909
422	0.0000344657
423	0.0000350120
424	0.0000355953
425	0.0000360072
426	0.0000361665
427	0.0000362178
428	0.0000361524
429	0.0000359769
430	0.0000358017
431	0.0000356218
432	0.0000353975
433	0.0000352010
434	0.0000351257
435	0.0000351202
436	0.0000351088
437	0.0000351125
438	0.0000351441
439	0.0000352716
440	0.0000355203
441	0.0000357374
442	0.0000358860
443	0.0000360865
444	0.0000363532
445	0.0000366108
446	0.0000368285
447	0.0000370183
448	0.0000371756
449	0.0000373157
450	0.0000374652
451	0.0000375814
452	0.0000376383
453	0.0000376657
454	0.0000376712
455	0.0000376697
456	0.0000376810
457	0.0000376824
458	0.0000376610
459	0.0000376464
460	0.0000376626
461	0.0000377006
462	0.0000377373
463	0.0000377641
464	0.0000377912
465	0.0000378223
466	0.0000378574
467	0.0000378954
468	0.0000379148
469	0.0000379126
470	0.0000379085
471	0.0000378985
472	0.0000378772
473	0.0000378563
474	0.0000378393
475	0.0000378208
476	0.0000378083
477	0.0000378055
478	0.0000378112
479	0.0000378519
480	0.0000379182
481	0.0000379837
482	0.0000380876
483	0.0000382468
484	0.0000384546
485	0.0000387167
486	0.0000389936
487	0.0000392931
488	0.0000396879
489	0.0000401531
490	0.0000405717
491	0.0000409448
492	0.0000413985
493	0.0000419202
494	0.0000424282
495	0.0000429546
496	0.0000434963
497	0.0000440248
498	0.0000445133
499	0.0000448581
500	0.0000450545
501	0.0000452197
502	0.0000454196
503	0.0000456747
504	0.0000460092
505	0.0000463974
506	0.0000467246
507	0.0000468818
508	0.0000467969
509	0.0000464852
510	0.0000461438
511	0.0000459238
512	0.0000458161
513	0.0000458071
514	0.0000458319
515	0.0000457819
516	0.0000456106
517	0.0000453401
518	0.0000450495
519	0.0000447647
520	0.0000443912
521	0.0000438728
522	0.0000433191
523	0.0000428248
524	0.0000424035
525	0.0000421875
526	0.0000422317
527	0.0000423492
528	0.0000424179
529	0.0000424456
530	0.0000424764
531	0.0000425640
532	0.0000426591
533	0.0000426562
534	0.0000425254
535	0.0000423072
536	0.0000420584
537	0.0000418771
538	0.0000418492
539	0.0000419024
540	0.0000419543
541	0.0000420206
542	0.0000421096
543	0.0000422823
544	0.0000425445
545	0.0000427597
546	0.0000428858
547	0.0000429722
548	0.0000430241
549	0.0000430294
550	0.0000429745
551	0.0000428410
552	0.0000426351
553	0.0000424063
554	0.0000422141
555	0.0000420919
556	0.0000419904
557	0.0000418381
558	0.0000416915
559	0.0000416035
560	0.0000415250
561	0.0000414277
562	0.0000412744
563	0.0000410378
564	0.0000407697
565	0.0000404828
566	0.0000400923
567	0.0000395361
568	0.0000388522
569	0.0000381248
570	0.0000374295
571	0.0000367265
572	0.0000358978
573	0.0000349950
574	0.0000341270
575	0.0000333329
576	0.0000326625
577	0.0000320310
578	0.0000313623
579	0.0000307871
580	0.0000303734
581	0.0000300874
582	0.0000299084
583	0.0000297459
584	0.0000295123
585	0.0000292686
586	0.0000290799
587	0.0000288648
588	0.0000285851
589	0.0000283169
590	0.0000281242
591	0.0000279929
592	0.0000277817
593	0.0000274429
594	0.0000270875
595	0.0000267174
596	0.0000263398
597	0.0000260058
598	0.0000256110
599	0.0000251125
600	0.0000246852
601	0.0000244351
602	0.0000242559
603	0.0000240767
604	0.0000239520
605	0.0000239006
606	0.0000239114
607	0.0000239353
608	0.0000239174
609	0.0000239046
610	0.0000239170
611	0.0000239256
612	0.0000239380
613	0.0000239507
614	0.0000239741
615	0.0000240285
616	0.0000241009
617	0.0000241739
618	0.0000242411
619	0.0000243150
620	0.0000244066
621	0.0000244721
622	0.0000244615
623	0.0000244259
624	0.0000244229
625	0.0000244087
626	0.0000243697
627	0.0000243398
628	0.0000243250
629	0.0000243236
630	0.0000243148
631	0.0000242974
632	0.0000242962
633	0.0000243091
634	0.0000243388
635	0.0000243858
636	0.0000244394
637	0.0000245076
638	0.0000245824
639	0.0000246248
640	0.0000246305
641	0.0000246192
642	0.0000245648
643	0.0000244583
644	0.0000243249
645	0.0000242063
646	0.0000241725
647	0.0000241668
648	0.0000240946
649	0.0000240106
650	0.0000239342
651	0.0000238237
652	0.0000236781
653	0.0000234871
654	0.0000232780
655	0.0000230958
656	0.0000228881
657	0.0000225620
658	0.0000221320
659	0.0000216895
660	0.0000213040
661	0.0000209775
662	0.0000206165
663	0.0000202562
664	0.0000200263
665	0.0000198216
666	0.0000195873
667	0.0000194809
668	0.0000195316
669	0.0000196641
670	0.0000198199
671	0.0000199791
672	0.0000201835
673	0.0000204468
674	0.0000207309
675	0.0000209893
676	0.0000212170
677	0.0000214535
678	0.0000217092
679	0.0000219327
680	0.0000221256
681	0.0000223911
682	0.0000226938
683	0.0000229562
684	0.0000232931
685	0.0000237450
686	0.0000242550
687	0.0000248131
688	0.0000254110
689	0.0000261247
690	0.0000269699
691	0.0000278312
692	0.0000287066
693	0.0000296492
694	0.0000306055
695	0.0000315048
696	0.0000323184
697	0.0000330003
698	0.0000335770
699	0.0000341001
700	0.0000345051
701	0.0000348699
702	0.0000353455
703	0.0000358472
704	0.0000362070
705	0.0000363061
706	0.0000362481
707	0.0000362334
708	0.0000362176
709	0.0000362940
710	0.0000367362
711	0.0000374837
712	0.0000382806
713	0.0000389610
714	0.0000394069
715	0.0000395752
716	0.0000395955
717	0.0000396777
718	0.0000399977
719	0.0000406594
720	0.0000415448
721	0.0000424118
722	0.0000431243
723	0.0000436656
724	0.0000441114
725	0.0000444681
726	0.0000447082
727	0.0000449066
728	0.0000450493
729	0.0000451061
730	0.0000451907
731	0.0000453852
732	0.0000456718
733	0.0000459914
734	0.0000462749
735	0.0000464822
736	0.0000466085
737	0.0000466914
738	0.0000468229
739	0.0000470263
740	0.0000472140
741	0.0000474028
742	0.0000476940
743	0.0000481610
744	0.0000488417
745	0.0000496062
746	0.0000503371
747	0.0000510391
748	0.0000516275
749	0.0000520670
750	0.0000524399
751	0.0000528008
752	0.0000530960
753	0.0000531853
754	0.0000531551
755	0.0000532536
756	0.0000534900
757	0.0000537900
758	0.0000542027
759	0.0000546569
760	0.0000549986
761	0.0000553398
762	0.0000558164
763	0.0000563082
764	0.0000566877
765	0.0000568682
766	0.0000568740
767	0.0000568623
768	0.0000568167
769	0.0000566410
770	0.0000563404
771	0.0000559904
772	0.0000557061
773	0.0000555141
774	0.0000554430
775	0.0000555369
776	0.0000556767
777	0.0000557891
778	0.0000559931
779	0.0000563081
780	0.0000565937
781	0.0000568030
782	0.0000569421
783	0.0000569853
784	0.0000569592
785	0.0000568790
786	0.0000567906
787	0.0000567246
788	0.0000565988
789	0.0000564774
790	0.0000564803
791	0.0000565447
792	0.0000565947
793	0.0000566130
794	0.0000566587
795	0.0000568116
796	0.0000570184
797	0.0000572011
798	0.0000573623
799	0.0000575203
800	0.0000576734
801	0.0000578162
802	0.0000579506
803	0.0000580648
804	0.0000581411
805	0.0000581865
806	0.0000582200
807	0.0000582516
808	0.0000583064
809	0.0000583871
810	0.0000584518
811	0.0000585114
812	0.0000585880
813	0.0000586754
814	0.0000587987
815	0.0000589504
816	0.0000591001
817	0.0000592368
818	0.0000593547
819	0.0000594932
820	0.0000596801
821	0.0000598624
822	0.0000599718
823	0.0000600231
824	0.0000600916
825	0.0000601874
826	0.0000602478
827	0.0000602869
828	0.0000604289
829	0.0000606887
830	0.0000610616
831	0.0000616440
832	0.0000622638
833	0.0000627197
834	0.0000631606
835	0.0000636772
836	0.0000642190
837	0.0000647438
838	0.0000652679
839	0.0000658960
840	0.0000664811
841	0.0000667205
842	0.0000665543
843	0.0000660567
844	0.0000653663
845	0.0000647144
846	0.0000642636
847	0.0000640146
848	0.0000638637
849	0.0000636535
850	0.0000632529
851	0.0000626152
852	0.0000617654
853	0.0000609094
854	0.0000602469
855	0.0000597095
856	0.0000591990
857	0.0000587207
858	0.0000583673
859	0.0000582153
860	0.0000582456
861	0.0000585171
862	0.0000588709
863	0.0000589869
864	0.0000589476
865	0.0000588454
866	0.0000585673
867	0.0000582842
868	0.0000582283
869	0.0000582522
870	0.0000580978
871	0.0000577441
872	0.0000573682
873	0.0000571890
874	0.0000571721
875	0.0000570617
876	0.0000567515
877	0.0000562363
878	0.0000556135
879	0.0000550399
880	0.0000545497
881	0.0000541984
882	0.0000539592
883	0.0000538182
884	0.0000538383
885	0.0000539033
886	0.0000541990
887	0.0000549992
888	0.0000559352
889	0.0000566632
890	0.0000573203
891	0.0000580750
892	0.0000589237
893	0.0000597366
894	0.0000604026
895	0.0000608972
896	0.0000612431
897	0.0000615815
898	0.0000621020
899	0.0000627325
900	0.0000633001
901	0.0000638486
902	0.0000643605
903	0.0000647757
904	0.0000651623
905	0.0000654966
906	0.0000656998
907	0.0000656841
908	0.0000654619
909	0.0000652040
910	0.0000649112
911	0.0000644614
912	0.0000637779
913	0.0000628688
914	0.0000619228
915	0.0000611196
916	0.0000605040
917	0.0000599872
918	0.0000594457
919	0.0000589574
920	0.0000585971
921	0.0000582309
922	0.0000578799
923	0.0000577211
924	0.0000576608
925	0.0000576551
926	0.0000579132
927	0.0000583349
928	0.0000586375
929	0.0000587103
930	0.0000585857
931	0.0000584883
932	0.0000585089
933	0.0000585157
934	0.0000584161
935	0.0000582136
936	0.0000581182
937	0.0000582616
938	0.0000585158
939	0.0000587822
940	0.0000590133
941	0.0000592180
942	0.0000593866
943	0.0000594437
944	0.0000594710
945	0.0000595177
946	0.0000594789
947	0.0000594724
948	0.0000596753
949	0.0000599158
950	0.0000600753
951	0.0000603042
952	0.0000606412
953	0.0000610444
954	0.0000614251
955	0.0000616474
956	0.0000617140
957	0.0000617008
958	0.0000617892
959	0.0000620426
960	0.0000622400
961	0.0000623897
962	0.0000626955
963	0.0000632029
964	0.0000638580
965	0.0000645486
966	0.0000652051
967	0.0000658144
968	0.0000663766
969	0.0000669503
970	0.0000675544
971	0.0000681482
972	0.0000687377
973	0.0000693832
974	0.0000701183
975	0.0000709299
976	0.0000717663
977	0.0000725673
978	0.0000733678
979	0.0000742284
980	0.0000751387
981	0.0000760249
982	0.0000768314
983	0.0000776419
984	0.0000784194
985	0.0000789710
986	0.0000793196
987	0.0000795577
988	0.0000796856
989	0.0000797159
990	0.0000796351
991	0.0000794491
992	0.0000792180
993	0.0000789894
994	0.0000787542
995	0.0000784985
996	0.0000782838
997	0.0000781401
998	0.0000780164
999	0.0000778729
1000	0.0000776681
1001	0.0000773769
1002	0.0000770713
1003	0.0000768365
1004	0.0000766519
1005	0.0000764538
1006	0.0000762224
1007	0.0000760402
1008	0.0000759880
1009	0.0000759909
1010	0.0000760068
1011	0.0000760730
1012	0.0000761571
1013	0.0000762430
1014	0.0000763145
1015	0.0000763353
1016	0.0000763261
1017	0.0000762901
1018	0.0000761847
1019	0.0000759905
1020	0.0000757646
1021	0.0000755688
1022	0.0000753817
1023	0.0000751880
1024	0.0000750064
1025	0.0000748339
1026	0.0000746876
1027	0.0000746000
1028	0.0000745325
1029	0.0000744400
1030	0.0000743506
1031	0.0000742603
1032	0.0000741160
1033	0.0000738982
1034	0.0000736784
1035	0.0000735498
1036	0.0000734748
1037	0.0000733697
1038	0.0000731858
1039	0.0000729442
1040	0.0000726952
1041	0.0000723083
1042	0.0000717439
1043	0.0000712346
1044	0.0000709562
1045	0.0000709081
1046	0.0000708669
1047	0.0000706410
1048	0.0000702278
1049	0.0000694659
1050	0.0000683517
1051	0.0000672407
1052	0.0000662698
1053	0.0000654606
1054	0.0000650111
1055	0.0000648314
1056	0.0000645079
1057	0.0000638815
1058	0.0000630329
1059	0.0000619910
1060	0.0000607974
1061	0.0000595550
1062	0.0000583810
1063	0.0000573300
1064	0.0000564087
1065	0.0000555828
1066	0.0000548254
1067	0.0000543506
1068	0.0000542720
1069	0.0000543236
1070	0.0000543014
1071	0.0000541614
1072	0.0000539625
1073	0.0000538023
1074	0.0000536720
1075	0.0000536487
1076	0.0000537737
1077	0.0000539148
1078	0.0000540232
1079	0.0000541063
1080	0.0000541823
1081	0.0000542939
1082	0.0000543463
1083	0.0000541915
1084	0.0000538669
1085	0.0000534913
1086	0.0000530853
1087	0.0000526740
1088	0.0000523357
1089	0.0000521082
1090	0.0000519605
1091	0.0000518906
1092	0.0000519381
1093	0.0000520537
1094	0.0000522511
1095	0.0000525489
1096	0.0000527050
1097	0.0000525846
1098	0.0000523543
1099	0.0000521723
1100	0.0000520378
1101	0.0000518564
1102	0.0000516301
1103	0.0000513889
1104	0.0000511119
1105	0.0000508200
1106	0.0000505082
1107	0.0000501859
1108	0.0000498315
1109	0.0000493697
1110	0.0000488941
1111	0.0000484940
1112	0.0000480746
1113	0.0000475731
1114	0.0000470296
1115	0.0000465434
1116	0.0000462166
1117	0.0000460487
1118	0.0000460059
1119	0.0000460310
1120	0.0000460236
1121	0.0000461017
1122	0.0000463714
1123	0.0000466311
1124	0.0000468507
1125	0.0000470399
1126	0.0000468937
1127	0.0000463041
1128	0.0000454943
1129	0.0000446432
1130	0.0000437050
1131	0.0000425957
1132	0.0000413898
1133	0.0000401570
1134	0.0000390335
1135	0.0000380911
1136	0.0000371471
1137	0.0000362356
1138	0.0000354710
1139	0.0000347051
1140	0.0000339172
1141	0.0000332283
1142	0.0000326166
1143	0.0000319496
1144	0.0000311459
1145	0.0000303175
1146	0.0000296206
1147	0.0000289882
1148	0.0000282759
1149	0.0000275049
1150	0.0000267732
1151	0.0000261821
1152	0.0000257348
1153	0.0000252898
1154	0.0000248530
1155	0.0000245221
1156	0.0000242714
1157	0.0000240783
1158	0.0000239230
1159	0.0000237594
1160	0.0000235528
1161	0.0000232907
1162	0.0000229828
1163	0.0000226023
1164	0.0000221714
1165	0.0000217452
1166	0.0000213265
1167	0.0000209774
1168	0.0000207389
1169	0.0000205349
1170	0.0000203032
1171	0.0000200493
1172	0.0000197840
1173	0.0000194887
1174	0.0000192007
1175	0.0000190276
1176	0.0000190142
1177	0.0000191272
1178	0.0000193149
1179	0.0000195144
1180	0.0000196906
1181	0.0000198570
1182	0.0000200538
1183	0.0000203269
1184	0.0000206356
1185	0.0000208949
1186	0.0000211156
1187	0.0000213145
1188	0.0000214982
1189	0.0000216936
1190	0.0000218681
1191	0.0000220217
1192	0.0000221842
1193	0.0000223491
1194	0.0000225233
1195	0.0000226651
1196	0.0000227393
1197	0.0000227843
1198	0.0000228081
1199	0.0000227921
1200	0.0000227333
1201	0.0000226375
1202	0.0000225365
1203	0.0000224770
1204	0.0000224440
1205	0.0000223868
1206	0.0000223336
1207	0.0000223298
1208	0.0000223700
1209	0.0000224430
1210	0.0000225227
1211	0.0000226176
1212	0.0000227779
1213	0.0000229304
1214	0.0000229745
1215	0.0000230284
1216	0.0000232011
1217	0.0000234175
1218	0.0000236369
1219	0.0000238336
1220	0.0000239717
1221	0.0000240771
1222	0.0000242111
1223	0.0000244675
1224	0.0000247702
1225	0.0000249603
1226	0.0000250627
1227	0.0000251484
1228	0.0000253444
1229	0.0000257155
1230	0.0000260892
1231	0.0000263709
1232	0.0000266167
1233	0.0000268787
1234	0.0000271686
1235	0.0000274568
1236	0.0000277482
1237	0.0000280170
1238	0.0000282058
1239	0.0000283078
1240	0.0000283268
1241	0.0000283483
1242	0.0000284868
1243	0.0000287041
1244	0.0000289323
1245	0.0000291632
1246	0.0000293189
1247	0.0000293853
1248	0.0000294779
1249	0.0000295412
1250	0.0000294152
1251	0.0000291801
1252	0.0000290713
1253	0.0000290964
1254	0.0000290463
1255	0.0000288784
1256	0.0000286068
1257	0.0000281845
1258	0.0000277348
1259	0.0000273756
1260	0.0000271883
1261	0.0000272679
1262	0.0000275049
1263	0.0000277960
1264	0.0000281241
1265	0.0000284225
1266	0.0000287116
1267	0.0000290222
1268	0.0000293113
1269	0.0000295545
1270	0.0000297590
1271	0.0000299650
1272	0.0000301930
1273	0.0000304109
1274	0.0000305897
1275	0.0000307427
1276	0.0000309077
1277	0.0000310833
1278	0.0000312032
1279	0.0000312150
1280	0.0000311589
1281	0.0000310942
1282	0.0000310326
1283	0.0000309762
1284	0.0000309070
1285	0.0000307857
1286	0.0000306351
1287	0.0000305108
1288	0.0000303572
1289	0.0000301091
1290	0.0000297960
1291	0.0000294287
1292	0.0000290731
1293	0.0000287948
1294	0.0000285482
1295	0.0000283672
1296	0.0000282579
1297	0.0000281347
1298	0.0000280519
1299	0.0000280893
1300	0.0000281892
1301	0.0000282380
1302	0.0000282157
1303	0.0000282047
1304	0.0000282267
1305	0.0000282654
1306	0.0000283293
1307	0.0000284280
1308	0.0000286086
1309	0.0000288847
1310	0.0000291697
1311	0.0000293857
1312	0.0000295380
1313	0.0000296607
1314	0.0000297712
1315	0.0000298561
1316	0.0000298798
1317	0.0000298381
1318	0.0000297776
1319	0.0000297583
1320	0.0000297848
1321	0.0000298442
1322	0.0000299705
1323	0.0000301574
1324	0.0000303986
1325	0.0000307226
1326	0.0000311127
1327	0.0000315563
1328	0.0000320019
1329	0.0000324069
1330	0.0000328654
1331	0.0000334212
1332	0.0000339669
1333	0.0000343866
1334	0.0000346872
1335	0.0000349323
1336	0.0000351133
1337	0.0000352602
1338	0.0000354074
1339	0.0000355002
1340	0.0000355482
1341	0.0000355782
1342	0.0000355407
1343	0.0000354139
1344	0.0000352181
1345	0.0000349870
1346	0.0000347371
1347	0.0000344238
1348	0.0000340202
1349	0.0000335788
1350	0.0000331461
1351	0.0000327438
1352	0.0000323999
1353	0.0000321226
1354	0.0000319148
1355	0.0000317692
1356	0.0000316770
1357	0.0000316538
1358	0.0000316872
1359	0.0000317468
1360	0.0000318130
1361	0.0000318761
1362	0.0000319461
1363	0.0000320172
1364	0.0000320759
1365	0.0000321298
1366	0.0000321895
1367	0.0000322709
1368	0.0000323872
1369	0.0000325211
1370	0.0000326578
1371	0.0000327952
1372	0.0000328745
1373	0.0000328694
1374	0.0000328531
1375	0.0000328107
1376	0.0000326668
1377	0.0000324556
1378	0.0000322651
1379	0.0000321740
1380	0.0000321862
1381	0.0000321885
1382	0.0000321001
1383	0.0000319310
1384	0.0000316718
1385	0.0000313345
1386	0.0000310261
1387	0.0000308277
1388	0.0000307379
1389	0.0000307524
1390	0.0000308359
1391	0.0000308335
1392	0.0000306117
1393	0.0000302272
1394	0.0000297946
1395	0.0000294349
1396	0.0000292440
1397	0.0000291454
1398	0.0000290485
1399	0.0000289795
1400	0.0000290309
1401	0.0000292538
1402	0.0000295598
1403	0.0000299078
1404	0.0000302926
1405	0.0000306416
1406	0.0000308900
1407	0.0000309620
1408	0.0000310156
1409	0.0000313295
1410	0.0000318543
1411	0.0000324416
1412	0.0000330267
1413	0.0000335694
1414	0.0000340468
1415	0.0000343742
1416	0.0000345542
1417	0.0000346754
1418	0.0000347210
1419	0.0000346147
1420	0.0000343399
1421	0.0000340002
1422	0.0000337126
1423	0.0000335800
1424	0.0000337390
1425	0.0000340825
1426	0.0000343095
1427	0.0000344809
1428	0.0000348113
1429	0.0000351904
1430	0.0000356116
1431	0.0000361492
1432	0.0000365466
1433	0.0000367055
1434	0.0000368152
1435	0.0000369764
1436	0.0000372028
1437	0.0000374775
1438	0.0000378503
1439	0.0000383272
1440	0.0000387584
1441	0.0000390640
1442	0.0000393168
1443	0.0000396500
1444	0.0000400304
1445	0.0000402850
1446	0.0000403925
1447	0.0000404558
1448	0.0000406118
1449	0.0000409007
1450	0.0000412343
1451	0.0000415889
1452	0.0000419517
1453	0.0000422980
1454	0.0000426304
1455	0.0000429281
1456	0.0000431946
1457	0.0000434098
1458	0.0000435353
1459	0.0000436035
1460	0.0000436813
1461	0.0000438318
1462	0.0000439892
1463	0.0000440149
1464	0.0000440254
1465	0.0000442063
1466	0.0000445116
1467	0.0000449708
1468	0.0000456447
1469	0.0000463329
1470	0.0000468908
1471	0.0000473843
1472	0.0000478918
1473	0.0000484128
1474	0.0000488869
1475	0.0000493140
1476	0.0000497341
1477	0.0000501787
1478	0.0000506790
1479	0.0000513040
1480	0.0000520940
1481	0.0000528293
1482	0.0000533779
1483	0.0000538760
1484	0.0000543094
1485	0.0000546598
1486	0.0000549104
1487	0.0000548935
1488	0.0000546651
1489	0.0000544655
1490	0.0000543540
1491	0.0000541611
1492	0.0000538477
1493	0.0000536317
1494	0.0000535217
1495	0.0000533922
1496	0.0000532940
1497	0.0000532627
1498	0.0000532859
1499	0.0000533187
1500	0.0000533085
1501	0.0000533619
1502	0.0000535999
1503	0.0000539594
1504	0.0000543064
1505	0.0000545412
1506	0.0000546212
1507	0.0000545953
1508	0.0000545089
1509	0.0000543440
1510	0.0000540885
1511	0.0000537995
1512	0.0000535951
1513	0.0000534805
1514	0.0000533555
1515	0.0000531814
1516	0.0000529825
1517	0.0000528452
1518	0.0000528033
1519	0.0000528549
1520	0.0000530510
1521	0.0000533155
1522	0.0000535864
1523	0.0000538930
1524	0.0000541720
1525	0.0000544544
1526	0.0000548359
1527	0.0000552357
1528	0.0000555730
1529	0.0000559572
1530	0.0000564598
1531	0.0000569260
1532	0.0000572768
1533	0.0000576210
1534	0.0000580137
1535	0.0000584344
1536	0.0000588133
1537	0.0000591072
1538	0.0000593670
1539	0.0000596187
1540	0.0000598749
1541	0.0000601525
1542	0.0000604111
1543	0.0000606214
1544	0.0000607872
1545	0.0000609219
1546	0.0000610667
1547	0.0000612241
1548	0.0000613505
1549	0.0000614437
1550	0.0000615212
1551	0.0000615878
1552	0.0000616297
1553	0.0000615997
1554	0.0000614925
1555	0.0000613565
1556	0.0000612290
1557	0.0000611206
1558	0.0000610255
1559	0.0000609461
1560	0.0000608898
1561	0.0000608590
1562	0.0000608374
1563	0.0000607976
1564	0.0000607592
1565	0.0000607600
1566	0.0000608053
1567	0.0000608666
1568	0.0000609098
1569	0.0000609251
1570	0.0000609124
1571	0.0000608999
1572	0.0000609130
1573	0.0000609194
1574	0.0000608800
1575	0.0000607960
1576	0.0000607049
1577	0.0000606166
1578	0.0000605034
1579	0.0000603580
1580	0.0000601467
1581	0.0000598058
1582	0.0000593208
1583	0.0000587550
1584	0.0000582347
1585	0.0000578619
1586	0.0000575906
1587	0.0000572672
1588	0.0000568954
1589	0.0000566505
1590	0.0000565267
1591	0.0000563318
1592	0.0000560132
1593	0.0000555952
1594	0.0000550606
1595	0.0000545570
1596	0.0000542196
1597	0.0000539331
1598	0.0000535730
1599	0.0000530443
1600	0.0000523205
1601	0.0000515291
1602	0.0000507759
1603	0.0000501407
1604	0.0000496072
1605	0.0000491205
1606	0.0000487711
1607	0.0000485842
1608	0.0000485151
1609	0.0000485215
1610	0.0000485883
1611	0.0000487657
1612	0.0000488901
1613	0.0000487829
1614	0.0000485439
1615	0.0000483004
1616	0.0000481481
1617	0.0000481048
1618	0.0000481067
1619	0.0000481786
1620	0.0000483579
1621	0.0000486160
1622	0.0000488748
1623	0.0000490432
1624	0.0000491064
1625	0.0000491317
1626	0.0000491394
1627	0.0000490750
1628	0.0000489700
1629	0.0000488103
1630	0.0000484892
1631	0.0000481836
1632	0.0000480913
1633	0.0000479760
1634	0.0000476432
1635	0.0000472193
1636	0.0000467770
1637	0.0000463182
1638	0.0000458427
1639	0.0000452919
1640	0.0000446656
1641	0.0000439826
1642	0.0000432988
1643	0.0000427398
1644	0.0000423362
1645	0.0000420257
1646	0.0000416739
1647	0.0000412116
1648	0.0000406996
1649	0.0000401280
1650	0.0000394829
1651	0.0000387438
1652	0.0000378805
1653	0.0000369797
1654	0.0000361291
1655	0.0000354365
1656	0.0000349342
1657	0.0000344681
1658	0.0000339695
1659	0.0000335152
1660	0.0000331909
1661	0.0000329806
1662	0.0000328057
1663	0.0000326532
1664	0.0000325659
1665	0.0000326549
1666	0.0000329445
1667	0.0000333179
1668	0.0000337190
1669	0.0000341788
1670	0.0000347833
1671	0.0000354418
1672	0.0000359310
1673	0.0000363917
1674	0.0000370216
1675	0.0000376267
1676	0.0000380669
1677	0.0000384171
1678	0.0000386453
1679	0.0000387101
1680	0.0000386711
1681	0.0000385827
1682	0.0000384916
1683	0.0000383822
1684	0.0000382414
1685	0.0000381427
1686	0.0000381477
1687	0.0000382838
1688	0.0000385021
1689	0.0000387158
1690	0.0000388420
1691	0.0000388359
1692	0.0000387926
1693	0.0000387761
1694	0.0000387646
1695	0.0000386079
1696	0.0000381638
1697	0.0000377525
1698	0.0000376110
1699	0.0000375464
1700	0.0000375255
1701	0.0000375766
1702	0.0000377001
1703	0.0000379853
1704	0.0000383607
1705	0.0000386407
1706	0.0000387688
1707	0.0000389101
1708	0.0000391893
1709	0.0000395489
1710	0.0000399838
1711	0.0000404290
1712	0.0000407363
1713	0.0000408784
1714	0.0000408866
1715	0.0000408226
1716	0.0000407746
1717	0.0000408363
1718	0.0000410978
1719	0.0000415128
1720	0.0000418808
1721	0.0000420285
1722	0.0000418832
1723	0.0000414199
1724	0.0000407299
1725	0.0000400244
1726	0.0000394523
1727	0.0000390294
1728	0.0000386799
1729	0.0000382952
1730	0.0000378561
1731	0.0000374258
1732	0.0000370005
1733	0.0000366346
1734	0.0000365072
1735	0.0000366467
1736	0.0000369412
1737	0.0000372397
1738	0.0000374990
1739	0.0000379158
1740	0.0000384630
1741	0.0000389267
1742	0.0000393481
1743	0.0000397045
1744	0.0000398712
1745	0.0000399002
1746	0.0000398579
1747	0.0000397454
1748	0.0000396018
1749	0.0000395130
1750	0.0000394953
1751	0.0000394848
1752	0.0000394592
1753	0.0000394365
1754	0.0000394382
1755	0.0000394548
1756	0.0000394531
1757	0.0000394363
1758	0.0000394285
1759	0.0000394435
1760	0.0000394850
1761	0.0000395554
1762	0.0000396310
1763	0.0000396684
1764	0.0000396613
1765	0.0000396275
1766	0.0000395764
1767	0.0000394982
1768	0.0000393993
1769	0.0000393169
1770	0.0000392550
1771	0.0000392013
1772	0.0000391737
1773	0.0000392177
1774	0.0000393813
1775	0.0000395808
1776	0.0000396170
1777	0.0000394965
1778	0.0000394132
1779	0.0000394143
1780	0.0000394264
1781	0.0000393578
1782	0.0000391873
1783	0.0000390051
1784	0.0000388179
1785	0.0000387180
1786	0.0000388428
1787	0.0000390219
1788	0.0000391545
1789	0.0000393269
1790	0.0000394372
1791	0.0000393385
1792	0.0000391337
1793	0.0000390567
1794	0.0000390783
1795	0.0000390352
1796	0.0000389378
1797	0.0000388104
1798	0.0000387084
1799	0.0000386470
1800	0.0000385152
1801	0.0000383334
1802	0.0000381674
1803	0.0000380418
1804	0.0000380146
1805	0.0000380965
1806	0.0000382560
1807	0.0000384209
1808	0.0000385567
1809	0.0000387429
1810	0.0000390347
1811	0.0000394279
1812	0.0000399071
1813	0.0000404057
1814	0.0000408546
1815	0.0000412950
1816	0.0000417657
1817	0.0000421905
1818	0.0000425169
1819	0.0000427166
1820	0.0000427272
1821	0.0000426177
1822	0.0000425563
1823	0.0000425744
1824	0.0000426249
1825	0.0000426970
1826	0.0000427758
1827	0.0000429371
1828	0.0000432886
1829	0.0000437378
1830	0.0000440862
1831	0.0000442922
1832	0.0000444504
1833	0.0000445461
1834	0.0000445089
1835	0.0000443901
1836	0.0000442924
1837	0.0000442788
1838	0.0000442704
1839	0.0000442147
1840	0.0000442218
1841	0.0000442854
1842	0.0000443290
1843	0.0000442850
1844	0.0000441269
1845	0.0000440270
1846	0.0000440495
1847	0.0000441040
1848	0.0000441571
1849	0.0000441213
1850	0.0000439766
1851	0.0000438115
1852	0.0000436780
1853	0.0000435914
1854	0.0000435158
1855	0.0000434427
1856	0.0000433917
1857	0.0000432841
1858	0.0000430383
1859	0.0000427099
1860	0.0000423392
1861	0.0000419055
1862	0.0000415352
1863	0.0000412877
1864	0.0000409914
1865	0.0000406028
1866	0.0000401898
1867	0.0000396891
1868	0.0000390756
1869	0.0000384684
1870	0.0000379191
1871	0.0000373348
1872	0.0000366385
1873	0.0000358651
1874	0.0000351488
1875	0.0000346104
1876	0.0000342179
1877	0.0000338847
1878	0.0000336438
1879	0.0000335404
1880	0.0000334896
1881	0.0000334149
1882	0.0000333156
1883	0.0000332098
1884	0.0000330983
1885	0.0000329151
1886	0.0000326476
1887	0.0000323219
1888	0.0000319213
1889	0.0000315011
1890	0.0000311049
1891	0.0000307588
1892	0.0000304463
1893	0.0000300116
1894	0.0000294395
1895	0.0000288376
1896	0.0000282720
1897	0.0000278314
1898	0.0000274994
1899	0.0000271749
1900	0.0000268203
1901	0.0000265081
1902	0.0000263255
1903	0.0000262011
1904	0.0000260712
1905	0.0000259991
1906	0.0000260328
1907	0.0000261258
1908	0.0000261985
1909	0.0000262814
1910	0.0000263602
1911	0.0000263254
1912	0.0000262259
1913	0.0000261102
1914	0.0000259167
1915	0.0000257076
1916	0.0000255972
1917	0.0000255893
1918	0.0000256401
1919	0.0000256957
1920	0.0000257056
1921	0.0000256739
1922	0.0000256386
1923	0.0000256555
1924	0.0000257944
1925	0.0000260577
1926	0.0000263728
1927	0.0000266730
1928	0.0000269385
1929	0.0000271877
1930	0.0000274293
1931	0.0000276327
1932	0.0000277603
1933	0.0000278103
1934	0.0000278163
1935	0.0000278233
1936	0.0000278774
1937	0.0000279863
1938	0.0000280822
1939	0.0000281399
1940	0.0000282371
1941	0.0000283908
1942	0.0000285505
1943	0.0000286898
1944	0.0000288094
1945	0.0000289579
1946	0.0000291666
1947	0.0000294088
1948	0.0000295941
1949	0.0000296841
1950	0.0000298274
1951	0.0000300714
1952	0.0000303916
1953	0.0000309034
1954	0.0000315241
1955	0.0000320452
1956	0.0000324221
1957	0.0000326998
1958	0.0000329756
1959	0.0000332611
1960	0.0000335189
1961	0.0000337888
1962	0.0000340796
1963	0.0000344414
1964	0.0000349772
1965	0.0000356606
1966	0.0000363847
1967	0.0000371164
1968	0.0000378566
1969	0.0000385662
1970	0.0000391706
1971	0.0000395409
1972	0.0000396525
1973	0.0000396170
1974	0.0000394440
1975	0.0000391245
1976	0.0000387140
1977	0.0000382284
1978	0.0000377322
1979	0.0000373179
1980	0.0000369923
1981	0.0000367179
1982	0.0000364418
1983	0.0000361283
1984	0.0000357676
1985	0.0000353263
1986	0.0000349047
1987	0.0000346687
1988	0.0000345212
1989	0.0000344083
1990	0.0000344822
1991	0.0000346557
1992	0.0000347431
1993	0.0000348413
1994	0.0000351076
1995	0.0000353665
1996	0.0000353304
1997	0.0000350317
1998	0.0000346199
1999	0.0000342474
2000	0.0000340009
2001	0.0000337137
2002	0.0000333590
2003	0.0000330644
2004	0.0000328246
2005	0.0000326491
2006	0.0000325228
2007	0.0000324002
2008	0.0000322749
2009	0.0000321598
2010	0.0000321141
2011	0.0000321449
2012	0.0000322151
2013	0.0000322933
2014	0.0000323641
2015	0.0000324640
2016	0.0000326150
2017	0.0000328247
2018	0.0000330855
2019	0.0000333770
2020	0.0000336841
2021	0.0000339755
2022	0.0000342721
2023	0.0000346000
2024	0.0000349599
2025	0.0000353453
2026	0.0000356677
2027	0.0000359335
2028	0.0000362861
2029	0.0000367426
2030	0.0000372410
2031	0.0000377688
2032	0.0000382905
2033	0.0000387902
2034	0.0000393051
2035	0.0000398340
2036	0.0000403342
2037	0.0000407548
2038	0.0000411121
2039	0.0000414487
2040	0.0000416691
2041	0.0000417643
2042	0.0000419669
2043	0.0000423785
2044	0.0000428752
2045	0.0000434051
2046	0.0000439948
2047	0.0000446063
2048	0.0000452038
2049	0.0000457307
2050	0.0000461174
2051	0.0000464267
2052	0.0000467398
2053	0.0000470998
2054	0.0000475024
2055	0.0000478252
2056	0.0000479785
2057	0.0000479340
2058	0.0000477816
2059	0.0000477203
2060	0.0000477958
2061	0.0000479902
2062	0.0000483056
2063	0.0000487152
2064	0.0000491730
2065	0.0000495442
2066	0.0000498080
2067	0.0000501045
2068	0.0000504800
2069	0.0000508639
2070	0.0000512305
2071	0.0000516738
2072	0.0000521190
2073	0.0000523715
2074	0.0000525244
2075	0.0000527102
2076	0.0000529180
2077	0.0000531548
2078	0.0000533197
2079	0.0000532893
2080	0.0000531349
2081	0.0000529704
2082	0.0000528554
2083	0.0000528449
2084	0.0000528610
2085	0.0000527729
2086	0.0000526311
2087	0.0000524739
2088	0.0000522111
2089	0.0000518317
2090	0.0000514061
2091	0.0000509991
2092	0.0000506459
2093	0.0000503364
2094	0.0000500478
2095	0.0000497563
2096	0.0000494792
2097	0.0000493062
2098	0.0000492765
2099	0.0000493183
2100	0.0000493722
2101	0.0000494236
2102	0.0000494565
2103	0.0000494806
2104	0.0000494944
2105	0.0000494812
2106	0.0000494667
2107	0.0000494427
2108	0.0000493540
2109	0.0000491709
2110	0.0000488635
2111	0.0000484594
2112	0.0000480489
2113	0.0000476495
2114	0.0000472443
2115	0.0000468232
2116	0.0000463811
2117	0.0000459258
2118	0.0000453852
2119	0.0000447604
2120	0.0000442051
2121	0.0000437722
2122	0.0000433412
2123	0.0000427532
2124	0.0000420859
2125	0.0000415252
2126	0.0000409958
2127	0.0000405193
2128	0.0000402934
2129	0.0000402598
2130	0.0000402949
2131	0.0000404072
2132	0.0000405556
2133	0.0000406625
2134	0.0000407435
2135	0.0000408426
2136	0.0000409613
2137	0.0000411198
2138	0.0000412576
2139	0.0000412855
2140	0.0000412695
2141	0.0000412649
2142	0.0000412210
2143	0.0000410841
2144	0.0000408791
2145	0.0000407553
2146	0.0000408243
2147	0.0000410213
2148	0.0000412130
2149	0.0000413629
2150	0.0000415593
2151	0.0000418559
2152	0.0000421935
2153	0.0000425360
2154	0.0000428709
2155	0.0000431380
2156	0.0000433484
2157	0.0000435581
2158	0.0000438100
2159	0.0000441917
2160	0.0000446739
2161	0.0000451149
2162	0.0000454378
2163	0.0000456177
2164	0.0000457176
2165	0.0000458441
2166	0.0000459959
2167	0.0000461293
2168	0.0000462769
2169	0.0000464158
2170	0.0000465013
2171	0.0000466863
2172	0.0000470236
2173	0.0000473381
2174	0.0000475223
2175	0.0000475427
2176	0.0000474299
2177	0.0000471909
2178	0.0000468731
2179	0.0000466003
2180	0.0000462578
2181	0.0000458663
2182	0.0000457019
2183	0.0000457394
2184	0.0000458221
2185	0.0000458984
2186	0.0000459739
2187	0.0000460919
2188	0.0000462211
2189	0.0000462958
2190	0.0000462713
2191	0.0000461689
2192	0.0000459659
2193	0.0000455524
2194	0.0000450277
2195	0.0000446073
2196	0.0000443171
2197	0.0000440112
2198	0.0000435973
2199	0.0000431799
2200	0.0000428173
2201	0.0000424081
2202	0.0000418944
2203	0.0000413029
2204	0.0000407018
2205	0.0000401962
2206	0.0000398587
2207	0.0000396392
2208	0.0000394159
2209	0.0000391481
2210	0.0000389417
2211	0.0000388467
2212	0.0000387104
2213	0.0000385118
2214	0.0000383653
2215	0.0000381522
2216	0.0000377892
2217	0.0000374284
2218	0.0000371492
2219	0.0000369618
2220	0.0000368322
2221	0.0000365928
2222	0.0000362392
2223	0.0000359299
2224	0.0000356763
2225	0.0000354548
2226	0.0000351876
2227	0.0000347626
2228	0.0000342398
2229	0.0000336426
2230	0.0000329645
2231	0.0000322772
2232	0.0000316183
2233	0.0000310353
2234	0.0000305632
2235	0.0000302615
2236	0.0000300954
2237	0.0000298974
2238	0.0000297393
2239	0.0000297925
2240	0.0000300710
2241	0.0000304988
2242	0.0000309732
2243	0.0000314946
2244	0.0000320809
2245	0.0000326888
2246	0.0000332529
2247	0.0000337775
2248	0.0000343923
2249	0.0000351247
2250	0.0000359806
2251	0.0000370055
2252	0.0000381192
2253	0.0000392184
2254	0.0000401227
2255	0.0000407218
2256	0.0000411384
2257	0.0000414702
2258	0.0000418604
2259	0.0000424768
2260	0.0000432320
2261	0.0000439014
2262	0.0000444239
2263	0.0000449042
2264	0.0000452814
2265	0.0000453794
2266	0.0000453203
2267	0.0000454490
2268	0.0000458654
2269	0.0000463333
2270	0.0000467456
2271	0.0000471660
2272	0.0000474604
2273	0.0000475477
2274	0.0000475642
2275	0.0000475097
2276	0.0000473271
2277	0.0000471136
2278	0.0000469150
2279	0.0000467113
2280	0.0000465671
2281	0.0000465033
2282	0.0000464635
2283	0.0000464425
2284	0.0000464576
2285	0.0000464949
2286	0.0000465284
2287	0.0000465435
2288	0.0000465447
2289	0.0000465426
2290	0.0000465373
2291	0.0000465199
2292	0.0000464900
2293	0.0000464646
2294	0.0000464645
2295	0.0000464930
2296	0.0000465385
2297	0.0000465829
2298	0.0000466157
2299	0.0000466386
2300	0.0000466526
2301	0.0000466653
2302	0.0000466526
2303	0.0000465966
2304	0.0000465348
2305	0.0000464564
2306	0.0000463519
2307	0.0000462573
2308	0.0000461749
2309	0.0000461083
2310	0.0000460330
2311	0.0000459348
2312	0.0000458501
2313	0.0000457577
2314	0.0000456187
2315	0.0000453837
2316	0.0000449959
2317	0.0000444773
2318	0.0000438672
2319	0.0000431652
2320	0.0000423959
2321	0.0000417167
2322	0.0000412964
2323	0.0000410764
2324	0.0000409054
2325	0.0000407941
2326	0.0000408351
2327	0.0000409437
2328	0.0000409559
2329	0.0000409129
2330	0.0000409023
2331	0.0000408871
2332	0.0000408087
2333	0.0000406199
2334	0.0000403432
2335	0.0000400848
2336	0.0000398907
2337	0.0000397132
2338	0.0000395035
2339	0.0000392265
2340	0.0000388815
2341	0.0000385397
2342	0.0000382270
2343	0.0000379069
2344	0.0000376169
2345	0.0000374107
2346	0.0000372591
2347	0.0000371252
2348	0.0000370291
2349	0.0000369853
2350	0.0000369343
2351	0.0000368179
2352	0.0000366886
2353	0.0000365806
2354	0.0000364352
2355	0.0000362716
2356	0.0000361207
2357	0.0000359453
2358	0.0000357438
2359	0.0000355318
2360	0.0000353686
2361	0.0000352562
2362	0.0000351173
2363	0.0000349997
2364	0.0000349216
2365	0.0000348550
2366	0.0000348650
2367	0.0000349302
2368	0.0000349619
2369	0.0000349224
2370	0.0000348193
2371	0.0000347010
2372	0.0000346042
2373	0.0000344822
2374	0.0000342048
2375	0.0000337845
2376	0.0000333879
2377	0.0000330885
2378	0.0000328660
2379	0.0000326715
2380	0.0000325085
2381	0.0000324045
2382	0.0000322966
2383	0.0000321431
2384	0.0000319763
2385	0.0000318533
2386	0.0000318163
2387	0.0000318996
2388	0.0000321481
2389	0.0000325055
2390	0.0000329119
2391	0.0000333786
2392	0.0000338399
2393	0.0000342341
2394	0.0000345677
2395	0.0000348378
2396	0.0000350491
2397	0.0000352119
2398	0.0000352974
2399	0.0000352414
2400	0.0000350036
2401	0.0000346341
2402	0.0000342672
2403	0.0000339768
2404	0.0000337065
2405	0.0000334187
2406	0.0000331303
2407	0.0000328382
2408	0.0000325227
2409	0.0000321711
2410	0.0000318050
2411	0.0000314011
2412	0.0000308387
2413	0.0000300868
2414	0.0000292554
2415	0.0000284024
2416	0.0000275306
2417	0.0000266829
2418	0.0000258990
2419	0.0000251907
2420	0.0000245211
2421	0.0000238529
2422	0.0000231750
2423	0.0000224162
2424	0.0000216309
2425	0.0000210220
2426	0.0000205725
2427	0.0000201013
2428	0.0000195637
2429	0.0000189736
2430	0.0000183161
2431	0.0000177095
2432	0.0000172365
2433	0.0000167365
2434	0.0000161605
2435	0.0000155600
2436	0.0000148704
2437	0.0000141778
2438	0.0000136114
2439	0.0000131393
2440	0.0000127301
2441	0.0000123936
2442	0.0000121648
2443	0.0000120275
2444	0.0000119178
2445	0.0000118220
2446	0.0000117223
2447	0.0000116330
2448	0.0000115821
2449	0.0000115214
2450	0.0000114288
2451	0.0000113406
2452	0.0000112900
2453	0.0000112857
2454	0.0000112989
2455	0.0000113028
2456	0.0000113008
2457	0.0000112931
2458	0.0000112719
2459	0.0000112533
2460	0.0000112569
2461	0.0000112691
2462	0.0000112756
2463	0.0000112681
2464	0.0000112291
2465	0.0000111699
2466	0.0000111238
2467	0.0000111080
2468	0.0000111314
2469	0.0000112013
2470	0.0000113200
2471	0.0000114725
2472	0.0000116162
2473	0.0000117282
2474	0.0000118260
2475	0.0000119117
2476	0.0000119571
2477	0.0000119599
2478	0.0000119668
2479	0.0000120011
2480	0.0000120344
2481	0.0000120607
2482	0.0000121076
2483	0.0000121768
2484	0.0000122507
2485	0.0000123308
2486	0.0000124275
2487	0.0000125449
2488	0.0000126958
2489	0.0000128995
2490	0.0000131601
2491	0.0000135108
2492	0.0000139992
2493	0.0000145624
2494	0.0000151439
2495	0.0000157815
2496	0.0000164349
2497	0.0000170436
2498	0.0000175582
2499	0.0000179132
2500	0.0000181861
2501	0.0000184821
2502	0.0000188454
2503	0.0000192806
2504	0.0000196722
2505	0.0000199461
2506	0.0000201376
2507	0.0000203334
2508	0.0000206195
2509	0.0000209083
2510	0.0000211061
2511	0.0000212818
2512	0.0000214676
2513	0.0000216209
2514	0.0000217589
2515	0.0000219247
2516	0.0000220695
2517	0.0000221419
2518	0.0000221752
2519	0.0000222181
2520	0.0000222835
2521	0.0000223242
2522	0.0000223473
2523	0.0000223883
2524	0.0000224245
2525	0.0000225285
2526	0.0000227627
2527	0.0000231043
2528	0.0000235850
2529	0.0000241850
2530	0.0000248201
2531	0.0000254455
2532	0.0000260165
2533	0.0000264559
2534	0.0000267327
2535	0.0000269043
2536	0.0000269787
2537	0.0000269520
2538	0.0000269165
2539	0.0000269258
2540	0.0000269638
2541	0.0000270114
2542	0.0000270705
2543	0.0000271895
2544	0.0000274114
2545	0.0000276680
2546	0.0000277941
2547	0.0000277318
2548	0.0000275747
2549	0.0000274071
2550	0.0000272374
2551	0.0000270036
2552	0.0000267073
2553	0.0000264560
2554	0.0000262523
2555	0.0000260378
2556	0.0000258708
2557	0.0000257732
2558	0.0000256431
2559	0.0000254520
2560	0.0000252676
2561	0.0000251379
2562	0.0000250753
2563	0.0000250391
2564	0.0000249987
2565	0.0000249806
2566	0.0000249661
2567	0.0000249215
2568	0.0000248963
2569	0.0000249719
2570	0.0000251619
2571	0.0000253845
2572	0.0000255678
2573	0.0000257274
2574	0.0000259089
2575	0.0000261255
2576	0.0000263428
2577	0.0000265535
2578	0.0000267933
2579	0.0000270200
2580	0.0000271960
2581	0.0000273739
2582	0.0000275561
2583	0.0000277366
2584	0.0000279446
2585	0.0000281602
2586	0.0000283342
2587	0.0000283955
2588	0.0000283593
2589	0.0000283407
2590	0.0000283538
2591	0.0000283861
2592	0.0000284880
2593	0.0000286598
2594	0.0000288732
2595	0.0000291104
2596	0.0000293156
2597	0.0000294345
2598	0.0000295118
2599	0.0000296059
2600	0.0000297005
2601	0.0000298336
2602	0.0000300695
2603	0.0000303594
2604	0.0000306024
2605	0.0000307528
2606	0.0000308367
2607	0.0000308918
2608	0.0000309378
2609	0.0000309694
2610	0.0000309653
2611	0.0000309597
2612	0.0000309900
2613	0.0000310249
2614	0.0000310438
2615	0.0000310552
2616	0.0000310613
2617	0.0000310710
2618	0.0000310894
2619	0.0000311092
2620	0.0000311246
2621	0.0000311266
2622	0.0000311057
2623	0.0000310730
2624	0.0000310494
2625	0.0000310361
2626	0.0000310161
2627	0.0000309936
2628	0.0000310061
2629	0.0000310755
2630	0.0000311782
2631	0.0000312775
2632	0.0000313739
2633	0.0000314978
2634	0.0000316391
2635	0.0000317627
2636	0.0000318907
2637	0.0000320381
2638	0.0000321516
2639	0.0000321845
2640	0.0000321257
2641	0.0000320225
2642	0.0000319268
2643	0.0000318291
2644	0.0000317177
2645	0.0000315164
2646	0.0000311862
2647	0.0000308531
2648	0.0000305797
2649	0.0000303479
2650	0.0000301256
2651	0.0000298558
2652	0.0000295348
2653	0.0000291656
2654	0.0000288554
2655	0.0000287142
2656	0.0000285829
2657	0.0000283255
2658	0.0000279948
2659	0.0000275966
2660	0.0000271006
2661	0.0000265557
2662	0.0000259869
2663	0.0000254123
2664	0.0000250089
2665	0.0000248399
2666	0.0000247673
2667	0.0000247954
2668	0.0000250394
2669	0.0000255641
2670	0.0000262579
2671	0.0000269283
2672	0.0000275006
2673	0.0000278672
2674	0.0000280001
2675	0.0000280036
2676	0.0000279786
2677	0.0000280608
2678	0.0000282055
2679	0.0000283279
2680	0.0000284946
2681	0.0000286253
2682	0.0000286530
2683	0.0000287074
2684	0.0000288051
2685	0.0000287941
2686	0.0000286864
2687	0.0000286278
2688	0.0000285499
2689	0.0000283432
2690	0.0000280762
2691	0.0000278551
2692	0.0000276949
2693	0.0000274756
2694	0.0000271745
2695	0.0000269006
2696	0.0000266882
2697	0.0000265649
2698	0.0000265154
2699	0.0000264747
2700	0.0000264734
2701	0.0000265408
2702	0.0000266374
2703	0.0000267664
2704	0.0000269324
2705	0.0000270475
2706	0.0000271173
2707	0.0000272927
2708	0.0000275849
2709	0.0000278899
2710	0.0000281743
2711	0.0000284156
2712	0.0000286535
2713	0.0000290381
2714	0.0000295671
2715	0.0000301047
2716	0.0000306148
2717	0.0000310422
2718	0.0000313637
2719	0.0000317119
2720	0.0000321909
2721	0.0000328596
2722	0.0000337601
2723	0.0000348600
2724	0.0000360368
2725	0.0000371157
2726	0.0000380262
2727	0.0000388481
2728	0.0000396708
2729	0.0000404068
2730	0.0000409469
2731	0.0000413957
2732	0.0000418123
2733	0.0000421917
2734	0.0000425927
2735	0.0000429765
2736	0.0000432898
2737	0.0000435323
2738	0.0000437553
2739	0.0000440288
2740	0.0000442806
2741	0.0000444339
2742	0.0000445224
2743	0.0000446074
2744	0.0000447349
2745	0.0000449031
2746	0.0000451210
2747	0.0000454135
2748	0.0000457652
2749	0.0000461168
2750	0.0000463977
2751	0.0000465887
2752	0.0000467457
2753	0.0000469038
2754	0.0000469522
2755	0.0000468269
2756	0.0000466208
2757	0.0000463819
2758	0.0000461475
2759	0.0000459745
2760	0.0000458984
2761	0.0000459034
2762	0.0000458719
2763	0.0000458137
2764	0.0000458207
2765	0.0000458569
2766	0.0000458975
2767	0.0000459222
2768	0.0000459015
2769	0.0000458673
2770	0.0000458258
2771	0.0000457319
2772	0.0000455828
2773	0.0000454746
2774	0.0000454426
2775	0.0000454292
2776	0.0000454064
2777	0.0000452790
2778	0.0000450216
2779	0.0000448283
2780	0.0000447825
2781	0.0000447871
2782	0.0000448312
2783	0.0000449521
2784	0.0000451174
2785	0.0000453022
2786	0.0000454949
2787	0.0000456842
2788	0.0000459204
2789	0.0000462147
2790	0.0000465017
2791	0.0000468113
2792	0.0000472109
2793	0.0000476377
2794	0.0000480367
2795	0.0000484216
2796	0.0000487370
2797	0.0000489391
2798	0.0000490715
2799	0.0000492016
2800	0.0000493937
2801	0.0000496361
2802	0.0000498806
2803	0.0000501242
2804	0.0000503468
2805	0.0000505140
2806	0.0000506018
2807	0.0000506104
2808	0.0000505926
2809	0.0000505908
2810	0.0000506052
2811	0.0000506192
2812	0.0000506092
2813	0.0000505670
2814	0.0000505038
2815	0.0000504372
2816	0.0000503811
2817	0.0000503378
2818	0.0000502889
2819	0.0000502114
2820	0.0000501179
2821	0.0000500406
2822	0.0000500048
2823	0.0000499956
2824	0.0000499330
2825	0.0000498095
2826	0.0000496884
2827	0.0000495354
2828	0.0000493132
2829	0.0000490345
2830	0.0000487065
2831	0.0000483619
2832	0.0000479784
2833	0.0000475582
2834	0.0000471874
2835	0.0000468773
2836	0.0000466406
2837	0.0000464912
2838	0.0000463383
2839	0.0000461310
2840	0.0000459276
2841	0.0000457565
2842	0.0000455596
2843	0.0000453495
2844	0.0000451816
2845	0.0000450118
2846	0.0000448242
2847	0.0000446435
2848	0.0000444747
2849	0.0000443476
2850	0.0000442897
2851	0.0000442948
2852	0.0000442784
2853	0.0000442105
2854	0.0000441503
2855	0.0000440611
2856	0.0000439599
2857	0.0000439406
2858	0.0000439757
2859	0.0000439860
2860	0.0000439308
2861	0.0000438607
2862	0.0000438448
2863	0.0000438306
2864	0.0000437708
2865	0.0000436837
2866	0.0000435185
2867	0.0000432247
2868	0.0000428857
2869	0.0000425671
2870	0.0000422318
2871	0.0000418766
2872	0.0000415026
2873	0.0000410843
2874	0.0000406957
2875	0.0000404343
2876	0.0000401852
2877	0.0000396756
2878	0.0000387779
2879	0.0000376438
2880	0.0000365026
2881	0.0000353574
2882	0.0000340968
2883	0.0000327492
2884	0.0000314661
2885	0.0000304947
2886	0.0000299036
2887	0.0000294755
2888	0.0000291300
2889	0.0000289014
2890	0.0000286853
2891	0.0000283875
2892	0.0000280315
2893	0.0000275879
2894	0.0000269812
2895	0.0000263183
2896	0.0000256571
2897	0.0000249175
2898	0.0000241701
2899	0.0000234645
2900	0.0000228332
2901	0.0000223559
2902	0.0000219333
2903	0.0000215306
2904	0.0000212579
2905	0.0000210724
2906	0.0000208688
2907	0.0000206640
2908	0.0000204897
2909	0.0000202890
2910	0.0000200718
2911	0.0000199489
2912	0.0000199445
2913	0.0000199248
2914	0.0000197650
2915	0.0000195356
2916	0.0000193174
2917	0.0000190907
2918	0.0000188796
2919	0.0000186985
2920	0.0000185475
2921	0.0000184318
2922	0.0000183322
2923	0.0000182496
2924	0.0000181794
2925	0.0000181201
2926	0.0000180836
2927	0.0000181021
2928	0.0000182051
2929	0.0000183322
2930	0.0000184232
2931	0.0000184847
2932	0.0000185418
2933	0.0000185937
2934	0.0000186144
2935	0.0000186483
2936	0.0000187523
2937	0.0000189078
2938	0.0000190676
2939	0.0000191964
2940	0.0000192681
2941	0.0000192396
2942	0.0000191258
2943	0.0000189752
2944	0.0000187745
2945	0.0000185496
2946	0.0000183432
2947	0.0000181130
2948	0.0000177998
2949	0.0000174191
2950	0.0000170607
2951	0.0000167631
2952	0.0000164829
2953	0.0000161901
2954	0.0000158653
2955	0.0000155000
2956	0.0000151792
2957	0.0000150149
2958	0.0000149909
2959	0.0000150505
2960	0.0000151844
2961	0.0000153416
2962	0.0000154748
2963	0.0000155775
2964	0.0000156055
2965	0.0000155521
2966	0.0000155147
2967	0.0000155063
2968	0.0000154723
2969	0.0000154918
2970	0.0000155538
2971	0.0000155224
2972	0.0000154561
2973	0.0000154469
2974	0.0000154714
2975	0.0000155237
2976	0.0000155687
2977	0.0000155841
2978	0.0000156303
2979	0.0000157371
2980	0.0000159322
2981	0.0000162623
2982	0.0000166223
2983	0.0000169018
2984	0.0000172044
2985	0.0000175798
2986	0.0000179232
2987	0.0000181768
2988	0.0000183816
2989	0.0000186179
2990	0.0000188653
2991	0.0000190659
2992	0.0000192116
2993	0.0000192639
2994	0.0000192619
2995	0.0000192807
2996	0.0000193072
2997	0.0000193411
2998	0.0000193543
2999	0.0000192883
