0	0.0000000000
1	0.0000000000
2	0.0000000000
3	0.0000000000
4	0.0000000000
5	0.0000000000
6	0.0000000000
7	0.0000000000
8	0.0000000000
9	0.0000000000
10	0.0000000000
11	0.0000000000
12	0.0000000000
13	0.0000000000
14	0.0000000000
15	0.0000000000
16	0.0000000000
17	0.0000000000
18	0.0000000000
19	0.0000000000
20	0.0000000000
21	0.0000000000
22	0.0000000000
23	0.0000000000
24	0.0000000000
25	0.0000000000
26	0.0000000000
27	0.0000000000
28	0.0000000000
29	0.0000000000
30	0.0000000000
31	0.0000000000
32	0.0000000001
33	0.0000000002
34	0.0000000007
35	0.0000000022
36	0.0000000063
37	0.0000000170
38	0.0000000419
39	0.0000000954
40	0.0000001993
41	0.0000003820
42	0.0000006701
43	0.0000010739
44	0.0000015702
45	0.0000020960
46	0.0000025668
47	0.0000029223
48	0.0000031743
49	0.0000034137
50	0.0000037499
51	0.0000042169
52	0.0000047345
53	0.0000051813
54	0.0000055245
55	0.0000058620
56	0.0000063095
57	0.0000068541
58	0.0000073678
59	0.0000077797
60	0.0000081784
61	0.0000086828
62	0.0000092623
63	0.0000097826
64	0.0000102201
65	0.0000107002
66	0.0000112862
67	0.0000118700
68	0.0000123619
69	0.0000128500
70	0.0000134381
71	0.0000140525
72	0.0000145820
73	0.0000150901
74	0.0000156890
75	0.0000163174
76	0.0000168643
77	0.0000173935
78	0.0000180093
79	0.0000186394
80	0.0000191884
81	0.0000197392
82	0.0000203716
83	0.0000209896
84	0.0000215331
85	0.0000221084
86	0.0000227484
87	0.0000233398
88	0.0000238810
89	0.0000244823
90	0.0000251105
91	0.0000256679
92	0.0000262200
93	0.0000268376
94	0.0000274299
95	0.0000279624
96	0.0000285373
97	0.0000291449
98	0.0000296897
99	0.0000302239
100	0.0000308162
101	0.0000313825
102	0.0000318952
103	0.0000324469
104	0.0000330145
105	0.0000335183
106	0.0000340246
107	0.0000345789
108	0.0000350984
109	0.0000355924
110	0.0000361382
111	0.0000366763
112	0.0000371556
113	0.0000376531
114	0.0000381659
115	0.0000386247
116	0.0000390855
117	0.0000395861
118	0.0000400473
119	0.0000404784
120	0.0000409453
121	0.0000413973
122	0.0000418161
123	0.0000422719
124	0.0000427309
125	0.0000431358
126	0.0000435479
127	0.0000439763
128	0.0000443648
129	0.0000447575
130	0.0000451806
131	0.0000455692
132	0.0000459475
133	0.0000463645
134	0.0000467623
135	0.0000471333
136	0.0000475290
137	0.0000479080
138	0.0000482524
139	0.0000486182
140	0.0000489755
141	0.0000492896
142	0.0000496181
143	0.0000499547
144	0.0000502581
145	0.0000505721
146	0.0000508989
147	0.0000511974
148	0.0000515092
149	0.0000518423
150	0.0000521446
151	0.0000524478
152	0.0000527754
153	0.0000530775
154	0.0000533698
155	0.0000536766
156	0.0000539546
157	0.0000542180
158	0.0000544946
159	0.0000547419
160	0.0000549736
161	0.0000552327
162	0.0000554875
163	0.0000557388
164	0.0000560133
165	0.0000562630
166	0.0000564594
167	0.0000566028
168	0.0000566498
169	0.0000566226
170	0.0000566105
171	0.0000566604
172	0.0000568436
173	0.0000572226
174	0.0000577128
175	0.0000581752
176	0.0000584905
177	0.0000585355
178	0.0000583067
179	0.0000579391
180	0.0000575702
181	0.0000573260
182	0.0000572496
183	0.0000572179
184	0.0000571135
185	0.0000569239
186	0.0000566798
187	0.0000564982
188	0.0000565065
189	0.0000566752
190	0.0000569042
191	0.0000571208
192	0.0000572573
193	0.0000573280
194	0.0000574036
195	0.0000574754
196	0.0000575039
197	0.0000574860
198	0.0000574263
199	0.0000573417
200	0.0000572226
201	0.0000570127
202	0.0000566948
203	0.0000563149
204	0.0000559548
205	0.0000556736
206	0.0000553968
207	0.0000550011
208	0.0000544949
209	0.0000539772
210	0.0000535569
211	0.0000532739
212	0.0000529870
213	0.0000525536
214	0.0000520504
215	0.0000516257
216	0.0000513503
217	0.0000511762
218	0.0000509168
219	0.0000505064
220	0.0000501328
221	0.0000499198
222	0.0000497993
223	0.0000496518
224	0.0000493764
225	0.0000490439
226	0.0000488522
227	0.0000487894
228	0.0000486767
229	0.0000484490
230	0.0000481666
231	0.0000479588
232	0.0000478808
233	0.0000477714
234	0.0000475139
235	0.0000472262
236	0.0000470226
237	0.0000468891
238	0.0000467395
239	0.0000464760
240	0.0000461556
241	0.0000459235
242	0.0000457453
243	0.0000454896
244	0.0000451390
245	0.0000447693
246	0.0000444735
247	0.0000442407
248	0.0000439396
249	0.0000435525
250	0.0000432023
251	0.0000429158
252	0.0000426096
253	0.0000422195
254	0.0000417587
255	0.0000413283
256	0.0000409728
257	0.0000406000
258	0.0000401781
259	0.0000397992
260	0.0000395070
261	0.0000392421
262	0.0000389084
263	0.0000384855
264	0.0000380797
265	0.0000377361
266	0.0000373490
267	0.0000368839
268	0.0000364317
269	0.0000360375
270	0.0000356547
271	0.0000352178
272	0.0000347511
273	0.0000343589
274	0.0000340287
275	0.0000336528
276	0.0000332447
277	0.0000328897
278	0.0000325929
279	0.0000322880
280	0.0000319290
281	0.0000315898
282	0.0000313473
283	0.0000310946
284	0.0000307376
285	0.0000303718
286	0.0000300710
287	0.0000297788
288	0.0000294304
289	0.0000290454
290	0.0000287108
291	0.0000284260
292	0.0000281028
293	0.0000277623
294	0.0000274649
295	0.0000271504
296	0.0000267443
297	0.0000262685
298	0.0000258099
299	0.0000254024
300	0.0000249921
301	0.0000246311
302	0.0000244622
303	0.0000244522
304	0.0000244634
305	0.0000244433
306	0.0000243507
307	0.0000240968
308	0.0000236103
309	0.0000229741
310	0.0000224222
311	0.0000220295
312	0.0000216798
313	0.0000213771
314	0.0000211857
315	0.0000210282
316	0.0000208068
317	0.0000205417
318	0.0000203396
319	0.0000202582
320	0.0000202416
321	0.0000202365
322	0.0000202118
323	0.0000201172
324	0.0000199832
325	0.0000198976
326	0.0000198681
327	0.0000198200
328	0.0000196981
329	0.0000195459
330	0.0000193812
331	0.0000191390
332	0.0000189117
333	0.0000188591
334	0.0000188767
335	0.0000187832
336	0.0000185995
337	0.0000184517
338	0.0000184023
339	0.0000183880
340	0.0000183777
341	0.0000184462
342	0.0000185232
343	0.0000184838
344	0.0000184386
345	0.0000185082
346	0.0000186182
347	0.0000186894
348	0.0000187323
349	0.0000187786
350	0.0000188193
351	0.0000188358
352	0.0000188593
353	0.0000188819
354	0.0000188525
355	0.0000188025
356	0.0000187752
357	0.0000187417
358	0.0000186737
359	0.0000185831
360	0.0000184883
361	0.0000183880
362	0.0000183055
363	0.0000182611
364	0.0000181695
365	0.0000180029
366	0.0000178927
367	0.0000178684
368	0.0000178307
369	0.0000177600
370	0.0000176975
371	0.0000176585
372	0.0000176397
373	0.0000177032
374	0.0000179161
375	0.0000181470
376	0.0000183018
377	0.0000185495
378	0.0000189045
379	0.0000191289
380	0.0000191442
381	0.0000190614
382	0.0000190091
383	0.0000191002
384	0.0000194801
385	0.0000203040
386	0.0000214794
387	0.0000227584
388	0.0000240692
389	0.0000252261
390	0.0000258398
391	0.0000258646
392	0.0000256133
393	0.0000253749
394	0.0000253542
395	0.0000256926
396	0.0000263996
397	0.0000272787
398	0.0000281344
399	0.0000290364
400	0.0000300248
401	0.0000309921
402	0.0000320563
403	0.0000333463
404	0.0000346287
405	0.0000356059
406	0.0000362019
407	0.0000365063
408	0.0000366441
409	0.0000367088
410	0.0000367982
411	0.0000369076
412	0.0000369197
413	0.0000368739
414	0.0000368980
415	0.0000370058
416	0.0000372391
417	0.0000376588
418	0.0000381802
419	0.0000386665
420	0.0000390890
421	0.0000395334
422	0.0000400599
423	0.0000406452
424	0.0000412801
425	0.0000419042
426	0.0000423713
427	0.0000426819
428	0.0000429671
429	0.0000432601
430	0.0000435314
431	0.0000437815
432	0.0000439976
433	0.0000441473
434	0.0000442198
435	0.0000442462
436	0.0000442686
437	0.0000442875
438	0.0000442834
439	0.0000442512
440	0.0000441877
441	0.0000441106
442	0.0000440568
443	0.0000440206
444	0.0000439583
445	0.0000438582
446	0.0000437594
447	0.0000436987
448	0.0000436608
449	0.0000436159
450	0.0000435619
451	0.0000434853
452	0.0000434001
453	0.0000433889
454	0.0000434659
455	0.0000435543
456	0.0000436337
457	0.0000437282
458	0.0000438421
459	0.0000439906
460	0.0000441943
461	0.0000444353
462	0.0000446557
463	0.0000448506
464	0.0000450969
465	0.0000454089
466	0.0000457320
467	0.0000460397
468	0.0000462889
469	0.0000464703
470	0.0000466583
471	0.0000468530
472	0.0000469782
473	0.0000470299
474	0.0000470654
475	0.0000471064
476	0.0000471304
477	0.0000471529
478	0.0000471758
479	0.0000471086
480	0.0000469639
481	0.0000468646
482	0.0000467812
483	0.0000466291
484	0.0000464299
485	0.0000462021
486	0.0000459723
487	0.0000457978
488	0.0000456540
489	0.0000454679
490	0.0000452606
491	0.0000451352
492	0.0000450907
493	0.0000450169
494	0.0000449162
495	0.0000448659
496	0.0000448560
497	0.0000448589
498	0.0000448645
499	0.0000448556
500	0.0000448549
501	0.0000448849
502	0.0000449215
503	0.0000449476
504	0.0000449857
505	0.0000450588
506	0.0000451502
507	0.0000452332
508	0.0000452743
509	0.0000452460
510	0.0000452039
511	0.0000451900
512	0.0000451469
513	0.0000450907
514	0.0000451171
515	0.0000452241
516	0.0000453113
517	0.0000452472
518	0.0000449239
519	0.0000443174
520	0.0000434660
521	0.0000424146
522	0.0000412641
523	0.0000402750
524	0.0000396796
525	0.0000393976
526	0.0000392490
527	0.0000391781
528	0.0000390762
529	0.0000388284
530	0.0000384803
531	0.0000381076
532	0.0000377226
533	0.0000372922
534	0.0000367186
535	0.0000358657
536	0.0000346776
537	0.0000332640
538	0.0000317821
539	0.0000303733
540	0.0000292083
541	0.0000282785
542	0.0000274003
543	0.0000265603
544	0.0000258064
545	0.0000250681
546	0.0000244039
547	0.0000239785
548	0.0000237740
549	0.0000236133
550	0.0000233713
551	0.0000230447
552	0.0000226826
553	0.0000223362
554	0.0000220092
555	0.0000216335
556	0.0000211753
557	0.0000205927
558	0.0000197826
559	0.0000188481
560	0.0000180503
561	0.0000174020
562	0.0000167502
563	0.0000160580
564	0.0000153329
565	0.0000145649
566	0.0000138209
567	0.0000132350
568	0.0000128623
569	0.0000126213
570	0.0000124351
571	0.0000122903
572	0.0000121534
573	0.0000120194
574	0.0000119552
575	0.0000119874
576	0.0000120851
577	0.0000122169
578	0.0000123297
579	0.0000123876
580	0.0000124327
581	0.0000125062
582	0.0000125848
583	0.0000126382
584	0.0000126696
585	0.0000126892
586	0.0000126952
587	0.0000126900
588	0.0000126703
589	0.0000126156
590	0.0000125239
591	0.0000124174
592	0.0000123456
593	0.0000123680
594	0.0000124349
595	0.0000124361
596	0.0000123780
597	0.0000123086
598	0.0000122176
599	0.0000121171
600	0.0000120432
601	0.0000119805
602	0.0000119082
603	0.0000119386
604	0.0000122350
605	0.0000127831
606	0.0000134827
607	0.0000141989
608	0.0000146690
609	0.0000148564
610	0.0000150342
611	0.0000152788
612	0.0000154742
613	0.0000155822
614	0.0000156013
615	0.0000156206
616	0.0000157659
617	0.0000159960
618	0.0000162240
619	0.0000164970
620	0.0000168787
621	0.0000173113
622	0.0000177837
623	0.0000183794
624	0.0000189412
625	0.0000192156
626	0.0000193004
627	0.0000194006
628	0.0000195203
629	0.0000195951
630	0.0000195660
631	0.0000194499
632	0.0000193487
633	0.0000192992
634	0.0000192921
635	0.0000193429
636	0.0000194474
637	0.0000195899
638	0.0000197910
639	0.0000200484
640	0.0000202750
641	0.0000204499
642	0.0000206477
643	0.0000208337
644	0.0000209413
645	0.0000209922
646	0.0000210296
647	0.0000211751
648	0.0000214863
649	0.0000218016
650	0.0000220499
651	0.0000223647
652	0.0000228366
653	0.0000234486
654	0.0000241428
655	0.0000248633
656	0.0000255916
657	0.0000263866
658	0.0000273168
659	0.0000283448
660	0.0000294126
661	0.0000304360
662	0.0000313137
663	0.0000322024
664	0.0000332270
665	0.0000341206
666	0.0000347835
667	0.0000354541
668	0.0000361645
669	0.0000367531
670	0.0000371515
671	0.0000374105
672	0.0000376406
673	0.0000378851
674	0.0000380863
675	0.0000382020
676	0.0000382756
677	0.0000383794
678	0.0000385344
679	0.0000387547
680	0.0000390141
681	0.0000392370
682	0.0000394853
683	0.0000398435
684	0.0000402115
685	0.0000405043
686	0.0000407515
687	0.0000409901
688	0.0000412512
689	0.0000415057
690	0.0000416841
691	0.0000417921
692	0.0000418669
693	0.0000418996
694	0.0000418845
695	0.0000418561
696	0.0000418379
697	0.0000418391
698	0.0000418781
699	0.0000419547
700	0.0000420895
701	0.0000423100
702	0.0000425818
703	0.0000428954
704	0.0000432665
705	0.0000436979
706	0.0000442547
707	0.0000449040
708	0.0000454875
709	0.0000460382
710	0.0000466981
711	0.0000474092
712	0.0000480269
713	0.0000485596
714	0.0000491161
715	0.0000497218
716	0.0000503240
717	0.0000508823
718	0.0000513821
719	0.0000518589
720	0.0000523097
721	0.0000526477
722	0.0000528509
723	0.0000529394
724	0.0000529399
725	0.0000529648
726	0.0000530831
727	0.0000533020
728	0.0000536852
729	0.0000542169
730	0.0000547399
731	0.0000551133
732	0.0000552918
733	0.0000553196
734	0.0000552856
735	0.0000552781
736	0.0000553901
737	0.0000557304
738	0.0000563351
739	0.0000570561
740	0.0000577153
741	0.0000582772
742	0.0000587240
743	0.0000590245
744	0.0000592341
745	0.0000594078
746	0.0000595393
747	0.0000596192
748	0.0000596512
749	0.0000596444
750	0.0000596052
751	0.0000595204
752	0.0000593542
753	0.0000590877
754	0.0000587685
755	0.0000584481
756	0.0000580982
757	0.0000576922
758	0.0000572831
759	0.0000568700
760	0.0000563746
761	0.0000558499
762	0.0000554280
763	0.0000551344
764	0.0000549707
765	0.0000549248
766	0.0000549322
767	0.0000549850
768	0.0000550791
769	0.0000551733
770	0.0000552803
771	0.0000554225
772	0.0000556090
773	0.0000558185
774	0.0000559215
775	0.0000558199
776	0.0000556101
777	0.0000554452
778	0.0000553559
779	0.0000553427
780	0.0000554463
781	0.0000556081
782	0.0000557517
783	0.0000559271
784	0.0000562174
785	0.0000566986
786	0.0000572727
787	0.0000576751
788	0.0000579363
789	0.0000582332
790	0.0000584733
791	0.0000585922
792	0.0000586625
793	0.0000586549
794	0.0000584946
795	0.0000581276
796	0.0000575731
797	0.0000569909
798	0.0000565224
799	0.0000560861
800	0.0000554414
801	0.0000545114
802	0.0000535075
803	0.0000527211
804	0.0000522398
805	0.0000518719
806	0.0000515749
807	0.0000514836
808	0.0000513897
809	0.0000512149
810	0.0000513658
811	0.0000518393
812	0.0000521978
813	0.0000523341
814	0.0000524073
815	0.0000525878
816	0.0000529576
817	0.0000534289
818	0.0000539117
819	0.0000543845
820	0.0000548058
821	0.0000551341
822	0.0000554041
823	0.0000556546
824	0.0000558131
825	0.0000558394
826	0.0000557819
827	0.0000557651
828	0.0000560400
829	0.0000565572
830	0.0000569635
831	0.0000572939
832	0.0000577618
833	0.0000583335
834	0.0000589927
835	0.0000597120
836	0.0000603915
837	0.0000609799
838	0.0000613960
839	0.0000616923
840	0.0000620543
841	0.0000624178
842	0.0000626050
843	0.0000626940
844	0.0000628528
845	0.0000630708
846	0.0000632770
847	0.0000634401
848	0.0000635154
849	0.0000635256
850	0.0000634801
851	0.0000632755
852	0.0000628803
853	0.0000622999
854	0.0000615610
855	0.0000608465
856	0.0000603072
857	0.0000600061
858	0.0000599256
859	0.0000598682
860	0.0000597871
861	0.0000597600
862	0.0000595646
863	0.0000590436
864	0.0000584392
865	0.0000579541
866	0.0000575880
867	0.0000574241
868	0.0000575576
869	0.0000578154
870	0.0000579328
871	0.0000578323
872	0.0000575735
873	0.0000572509
874	0.0000568654
875	0.0000563997
876	0.0000560146
877	0.0000557757
878	0.0000555432
879	0.0000552174
880	0.0000547376
881	0.0000542304
882	0.0000539700
883	0.0000539718
884	0.0000541489
885	0.0000544465
886	0.0000546345
887	0.0000546013
888	0.0000545285
889	0.0000545177
890	0.0000544716
891	0.0000543173
892	0.0000541312
893	0.0000540269
894	0.0000539461
895	0.0000536515
896	0.0000530729
897	0.0000525082
898	0.0000521805
899	0.0000519922
900	0.0000518828
901	0.0000518461
902	0.0000517854
903	0.0000516939
904	0.0000516284
905	0.0000515909
906	0.0000515814
907	0.0000515969
908	0.0000516453
909	0.0000517444
910	0.0000518675
911	0.0000519798
912	0.0000520735
913	0.0000521617
914	0.0000522577
915	0.0000523403
916	0.0000523794
917	0.0000523714
918	0.0000523219
919	0.0000522315
920	0.0000520944
921	0.0000519101
922	0.0000517526
923	0.0000517275
924	0.0000517564
925	0.0000516764
926	0.0000515393
927	0.0000514807
928	0.0000515305
929	0.0000516619
930	0.0000518120
931	0.0000519897
932	0.0000522320
933	0.0000524137
934	0.0000524448
935	0.0000524133
936	0.0000523963
937	0.0000524252
938	0.0000525011
939	0.0000525568
940	0.0000525244
941	0.0000523904
942	0.0000521905
943	0.0000519549
944	0.0000516334
945	0.0000511773
946	0.0000507239
947	0.0000504777
948	0.0000504287
949	0.0000504609
950	0.0000504950
951	0.0000504009
952	0.0000501106
953	0.0000496446
954	0.0000490612
955	0.0000485420
956	0.0000481085
957	0.0000475809
958	0.0000470199
959	0.0000465281
960	0.0000460008
961	0.0000454600
962	0.0000450176
963	0.0000445782
964	0.0000439564
965	0.0000431446
966	0.0000422903
967	0.0000414405
968	0.0000404985
969	0.0000394011
970	0.0000382152
971	0.0000370985
972	0.0000361888
973	0.0000355377
974	0.0000350556
975	0.0000346204
976	0.0000342780
977	0.0000340709
978	0.0000340156
979	0.0000342205
980	0.0000345584
981	0.0000348233
982	0.0000350378
983	0.0000350539
984	0.0000348034
985	0.0000346706
986	0.0000347520
987	0.0000346692
988	0.0000342815
989	0.0000338318
990	0.0000335656
991	0.0000334790
992	0.0000334614
993	0.0000335364
994	0.0000337620
995	0.0000340945
996	0.0000344712
997	0.0000348297
998	0.0000350244
999	0.0000349561
1000	0.0000347345
1001	0.0000344778
1002	0.0000341732
1003	0.0000338009
1004	0.0000333678
1005	0.0000329336
1006	0.0000325726
1007	0.0000322970
1008	0.0000321343
1009	0.0000320500
1010	0.0000319430
1011	0.0000318607
1012	0.0000318888
1013	0.0000319879
1014	0.0000320694
1015	0.0000320614
1016	0.0000319922
1017	0.0000319450
1018	0.0000319290
1019	0.0000319288
1020	0.0000318983
1021	0.0000317410
1022	0.0000314814
1023	0.0000312673
1024	0.0000310903
1025	0.0000308063
1026	0.0000304457
1027	0.0000301242
1028	0.0000298351
1029	0.0000295753
1030	0.0000293652
1031	0.0000291776
1032	0.0000289678
1033	0.0000287099
1034	0.0000284677
1035	0.0000282745
1036	0.0000280649
1037	0.0000278600
1038	0.0000276827
1039	0.0000275228
1040	0.0000274433
1041	0.0000273769
1042	0.0000272263
1043	0.0000271061
1044	0.0000270996
1045	0.0000271607
1046	0.0000272073
1047	0.0000271316
1048	0.0000270316
1049	0.0000271897
1050	0.0000275842
1051	0.0000279198
1052	0.0000282043
1053	0.0000286761
1054	0.0000293228
1055	0.0000300368
1056	0.0000308429
1057	0.0000317375
1058	0.0000326663
1059	0.0000336104
1060	0.0000346329
1061	0.0000357414
1062	0.0000367188
1063	0.0000374357
1064	0.0000379488
1065	0.0000382274
1066	0.0000383355
1067	0.0000384518
1068	0.0000385914
1069	0.0000387463
1070	0.0000389688
1071	0.0000392645
1072	0.0000395543
1073	0.0000396258
1074	0.0000393622
1075	0.0000389141
1076	0.0000384159
1077	0.0000378738
1078	0.0000373532
1079	0.0000369779
1080	0.0000368037
1081	0.0000368060
1082	0.0000369041
1083	0.0000369843
1084	0.0000369970
1085	0.0000369748
1086	0.0000369528
1087	0.0000369410
1088	0.0000369334
1089	0.0000369423
1090	0.0000369666
1091	0.0000369648
1092	0.0000369698
1093	0.0000370456
1094	0.0000371749
1095	0.0000373362
1096	0.0000374926
1097	0.0000375549
1098	0.0000374816
1099	0.0000373614
1100	0.0000373803
1101	0.0000376014
1102	0.0000379210
1103	0.0000383112
1104	0.0000387947
1105	0.0000393203
1106	0.0000398411
1107	0.0000403204
1108	0.0000407588
1109	0.0000412572
1110	0.0000418328
1111	0.0000422951
1112	0.0000425114
1113	0.0000425535
1114	0.0000425273
1115	0.0000425294
1116	0.0000425999
1117	0.0000427023
1118	0.0000429036
1119	0.0000431694
1120	0.0000433078
1121	0.0000434349
1122	0.0000437704
1123	0.0000442674
1124	0.0000448786
1125	0.0000455766
1126	0.0000462094
1127	0.0000465751
1128	0.0000466369
1129	0.0000467062
1130	0.0000469649
1131	0.0000471962
1132	0.0000473343
1133	0.0000474295
1134	0.0000473505
1135	0.0000471200
1136	0.0000469250
1137	0.0000468251
1138	0.0000468677
1139	0.0000471545
1140	0.0000476074
1141	0.0000480104
1142	0.0000483668
1143	0.0000488910
1144	0.0000496729
1145	0.0000505402
1146	0.0000512609
1147	0.0000518679
1148	0.0000525104
1149	0.0000531670
1150	0.0000538366
1151	0.0000545533
1152	0.0000552660
1153	0.0000559251
1154	0.0000563946
1155	0.0000566057
1156	0.0000567589
1157	0.0000570371
1158	0.0000575097
1159	0.0000581462
1160	0.0000587901
1161	0.0000594470
1162	0.0000602303
1163	0.0000610824
1164	0.0000619227
1165	0.0000627038
1166	0.0000633040
1167	0.0000636984
1168	0.0000640894
1169	0.0000646428
1170	0.0000652830
1171	0.0000659347
1172	0.0000666539
1173	0.0000673916
1174	0.0000679980
1175	0.0000685116
1176	0.0000691253
1177	0.0000698399
1178	0.0000704821
1179	0.0000709733
1180	0.0000712887
1181	0.0000714599
1182	0.0000716067
1183	0.0000717372
1184	0.0000718106
1185	0.0000718412
1186	0.0000717926
1187	0.0000716519
1188	0.0000714447
1189	0.0000711727
1190	0.0000708073
1191	0.0000702425
1192	0.0000694686
1193	0.0000686258
1194	0.0000677561
1195	0.0000668463
1196	0.0000659499
1197	0.0000651253
1198	0.0000644496
1199	0.0000640461
1200	0.0000639789
1201	0.0000640408
1202	0.0000638694
1203	0.0000634211
1204	0.0000629480
1205	0.0000625141
1206	0.0000619904
1207	0.0000614444
1208	0.0000610376
1209	0.0000606886
1210	0.0000603200
1211	0.0000600110
1212	0.0000597292
1213	0.0000594326
1214	0.0000591126
1215	0.0000586519
1216	0.0000580969
1217	0.0000577096
1218	0.0000576535
1219	0.0000578393
1220	0.0000579849
1221	0.0000579908
1222	0.0000580227
1223	0.0000581011
1224	0.0000581342
1225	0.0000581455
1226	0.0000581579
1227	0.0000581628
1228	0.0000581698
1229	0.0000581728
1230	0.0000581650
1231	0.0000581505
1232	0.0000581283
1233	0.0000580968
1234	0.0000580499
1235	0.0000579738
1236	0.0000578646
1237	0.0000577434
1238	0.0000576523
1239	0.0000576007
1240	0.0000575323
1241	0.0000574054
1242	0.0000571961
1243	0.0000569055
1244	0.0000566898
1245	0.0000566896
1246	0.0000568191
1247	0.0000569794
1248	0.0000572238
1249	0.0000576596
1250	0.0000582116
1251	0.0000586943
1252	0.0000592440
1253	0.0000599712
1254	0.0000606034
1255	0.0000611731
1256	0.0000619414
1257	0.0000627486
1258	0.0000633664
1259	0.0000637523
1260	0.0000639588
1261	0.0000642219
1262	0.0000646170
1263	0.0000648620
1264	0.0000647649
1265	0.0000644394
1266	0.0000640659
1267	0.0000637036
1268	0.0000633393
1269	0.0000629707
1270	0.0000626013
1271	0.0000621920
1272	0.0000616886
1273	0.0000611329
1274	0.0000605799
1275	0.0000600360
1276	0.0000595730
1277	0.0000592229
1278	0.0000589634
1279	0.0000588255
1280	0.0000587917
1281	0.0000588121
1282	0.0000588195
1283	0.0000587754
1284	0.0000586485
1285	0.0000580804
1286	0.0000569018
1287	0.0000557213
1288	0.0000550444
1289	0.0000548373
1290	0.0000549784
1291	0.0000552313
1292	0.0000554012
1293	0.0000554912
1294	0.0000554170
1295	0.0000550905
1296	0.0000546224
1297	0.0000542280
1298	0.0000540216
1299	0.0000539855
1300	0.0000542564
1301	0.0000549628
1302	0.0000557550
1303	0.0000562509
1304	0.0000566531
1305	0.0000571898
1306	0.0000575975
1307	0.0000577197
1308	0.0000577094
1309	0.0000575678
1310	0.0000572167
1311	0.0000565783
1312	0.0000556247
1313	0.0000546616
1314	0.0000540358
1315	0.0000538560
1316	0.0000540249
1317	0.0000541878
1318	0.0000541410
1319	0.0000540003
1320	0.0000539051
1321	0.0000540343
1322	0.0000543814
1323	0.0000547404
1324	0.0000551138
1325	0.0000555521
1326	0.0000560622
1327	0.0000567014
1328	0.0000574476
1329	0.0000583330
1330	0.0000593991
1331	0.0000606060
1332	0.0000619785
1333	0.0000633607
1334	0.0000645394
1335	0.0000656853
1336	0.0000668757
1337	0.0000677928
1338	0.0000683444
1339	0.0000687085
1340	0.0000688123
1341	0.0000685168
1342	0.0000679604
1343	0.0000673680
1344	0.0000669568
1345	0.0000668534
1346	0.0000669391
1347	0.0000670746
1348	0.0000672017
1349	0.0000672977
1350	0.0000674864
1351	0.0000678805
1352	0.0000683950
1353	0.0000687885
1354	0.0000688830
1355	0.0000688214
1356	0.0000687818
1357	0.0000687159
1358	0.0000685902
1359	0.0000684219
1360	0.0000682747
1361	0.0000682435
1362	0.0000682828
1363	0.0000683656
1364	0.0000685429
1365	0.0000688051
1366	0.0000691325
1367	0.0000694164
1368	0.0000696057
1369	0.0000699355
1370	0.0000705066
1371	0.0000711079
1372	0.0000716741
1373	0.0000722980
1374	0.0000729139
1375	0.0000734430
1376	0.0000739552
1377	0.0000744600
1378	0.0000748904
1379	0.0000752625
1380	0.0000756479
1381	0.0000761237
1382	0.0000767111
1383	0.0000773805
1384	0.0000781407
1385	0.0000790093
1386	0.0000799479
1387	0.0000807732
1388	0.0000813693
1389	0.0000820023
1390	0.0000828324
1391	0.0000836134
1392	0.0000842208
1393	0.0000846680
1394	0.0000848906
1395	0.0000849472
1396	0.0000849796
1397	0.0000850178
1398	0.0000849508
1399	0.0000846890
1400	0.0000843130
1401	0.0000838945
1402	0.0000834392
1403	0.0000829699
1404	0.0000824512
1405	0.0000818630
1406	0.0000812308
1407	0.0000805754
1408	0.0000800306
1409	0.0000797382
1410	0.0000796689
1411	0.0000797391
1412	0.0000799007
1413	0.0000801136
1414	0.0000803183
1415	0.0000803989
1416	0.0000802569
1417	0.0000799506
1418	0.0000796307
1419	0.0000793885
1420	0.0000792432
1421	0.0000791475
1422	0.0000790686
1423	0.0000790177
1424	0.0000788701
1425	0.0000785341
1426	0.0000781495
1427	0.0000777702
1428	0.0000773736
1429	0.0000770921
1430	0.0000769858
1431	0.0000769399
1432	0.0000768574
1433	0.0000767315
1434	0.0000765642
1435	0.0000763193
1436	0.0000760216
1437	0.0000757136
1438	0.0000753566
1439	0.0000748877
1440	0.0000742189
1441	0.0000733678
1442	0.0000725091
1443	0.0000717166
1444	0.0000710306
1445	0.0000705940
1446	0.0000703911
1447	0.0000701929
1448	0.0000698087
1449	0.0000692478
1450	0.0000686911
1451	0.0000682652
1452	0.0000679018
1453	0.0000675192
1454	0.0000671511
1455	0.0000668286
1456	0.0000665572
1457	0.0000662838
1458	0.0000659112
1459	0.0000656006
1460	0.0000655728
1461	0.0000657215
1462	0.0000658818
1463	0.0000658193
1464	0.0000652733
1465	0.0000644947
1466	0.0000638756
1467	0.0000633581
1468	0.0000626724
1469	0.0000616987
1470	0.0000606329
1471	0.0000595828
1472	0.0000583911
1473	0.0000572261
1474	0.0000563679
1475	0.0000558063
1476	0.0000555098
1477	0.0000552928
1478	0.0000549783
1479	0.0000547421
1480	0.0000546205
1481	0.0000544833
1482	0.0000544996
1483	0.0000548149
1484	0.0000551475
1485	0.0000551702
1486	0.0000549465
1487	0.0000546384
1488	0.0000542583
1489	0.0000539443
1490	0.0000538191
1491	0.0000537215
1492	0.0000535686
1493	0.0000535170
1494	0.0000535861
1495	0.0000536339
1496	0.0000536885
1497	0.0000538545
1498	0.0000540764
1499	0.0000542398
1500	0.0000543149
1501	0.0000545141
1502	0.0000551195
1503	0.0000560185
1504	0.0000568960
1505	0.0000575505
1506	0.0000578635
1507	0.0000579163
1508	0.0000577873
1509	0.0000574287
1510	0.0000569583
1511	0.0000564841
1512	0.0000560133
1513	0.0000556154
1514	0.0000552537
1515	0.0000548733
1516	0.0000545133
1517	0.0000541432
1518	0.0000537515
1519	0.0000533378
1520	0.0000528160
1521	0.0000522365
1522	0.0000517910
1523	0.0000514360
1524	0.0000509017
1525	0.0000501981
1526	0.0000495765
1527	0.0000490406
1528	0.0000485522
1529	0.0000482458
1530	0.0000479622
1531	0.0000473039
1532	0.0000462835
1533	0.0000452681
1534	0.0000444231
1535	0.0000436641
1536	0.0000428833
1537	0.0000420612
1538	0.0000413122
1539	0.0000406415
1540	0.0000399133
1541	0.0000392355
1542	0.0000388174
1543	0.0000386406
1544	0.0000385457
1545	0.0000383385
1546	0.0000379832
1547	0.0000375967
1548	0.0000371943
1549	0.0000367803
1550	0.0000363580
1551	0.0000358824
1552	0.0000354529
1553	0.0000351797
1554	0.0000350307
1555	0.0000349600
1556	0.0000349224
1557	0.0000348923
1558	0.0000348771
1559	0.0000348686
1560	0.0000348713
1561	0.0000348946
1562	0.0000349280
1563	0.0000349497
1564	0.0000349916
1565	0.0000351485
1566	0.0000353825
1567	0.0000355810
1568	0.0000358320
1569	0.0000362831
1570	0.0000369253
1571	0.0000377373
1572	0.0000387401
1573	0.0000398220
1574	0.0000407794
1575	0.0000415207
1576	0.0000420718
1577	0.0000425117
1578	0.0000428972
1579	0.0000431752
1580	0.0000433025
1581	0.0000433379
1582	0.0000433362
1583	0.0000433234
1584	0.0000433352
1585	0.0000433769
1586	0.0000434088
1587	0.0000434459
1588	0.0000435421
1589	0.0000436915
1590	0.0000439433
1591	0.0000443041
1592	0.0000445752
1593	0.0000447370
1594	0.0000450175
1595	0.0000454744
1596	0.0000459718
1597	0.0000463410
1598	0.0000465719
1599	0.0000468380
1600	0.0000471536
1601	0.0000474171
1602	0.0000476178
1603	0.0000477414
1604	0.0000478465
1605	0.0000480343
1606	0.0000482583
1607	0.0000484261
1608	0.0000484806
1609	0.0000483936
1610	0.0000482350
1611	0.0000480925
1612	0.0000479488
1613	0.0000477630
1614	0.0000475208
1615	0.0000471310
1616	0.0000465209
1617	0.0000457932
1618	0.0000451041
1619	0.0000445599
1620	0.0000441723
1621	0.0000438455
1622	0.0000435626
1623	0.0000434184
1624	0.0000433941
1625	0.0000433019
1626	0.0000430346
1627	0.0000426335
1628	0.0000420998
1629	0.0000416338
1630	0.0000415637
1631	0.0000417219
1632	0.0000419206
1633	0.0000424165
1634	0.0000431493
1635	0.0000436893
1636	0.0000437858
1637	0.0000434177
1638	0.0000427377
1639	0.0000418624
1640	0.0000409692
1641	0.0000404476
1642	0.0000403604
1643	0.0000403739
1644	0.0000402293
1645	0.0000399120
1646	0.0000396709
1647	0.0000396594
1648	0.0000397384
1649	0.0000398446
1650	0.0000400245
1651	0.0000403186
1652	0.0000407831
1653	0.0000413333
1654	0.0000418157
1655	0.0000422769
1656	0.0000429074
1657	0.0000437870
1658	0.0000448404
1659	0.0000460013
1660	0.0000472004
1661	0.0000482653
1662	0.0000490508
1663	0.0000495779
1664	0.0000499506
1665	0.0000502232
1666	0.0000504350
1667	0.0000506280
1668	0.0000507712
1669	0.0000508237
1670	0.0000507735
1671	0.0000506202
1672	0.0000504336
1673	0.0000502807
1674	0.0000501781
1675	0.0000501379
1676	0.0000501157
1677	0.0000500543
1678	0.0000499789
1679	0.0000499443
1680	0.0000499180
1681	0.0000497938
1682	0.0000495675
1683	0.0000493372
1684	0.0000491795
1685	0.0000491309
1686	0.0000491477
1687	0.0000492082
1688	0.0000493544
1689	0.0000495137
1690	0.0000496172
1691	0.0000496981
1692	0.0000497729
1693	0.0000499308
1694	0.0000502361
1695	0.0000505548
1696	0.0000508149
1697	0.0000510959
1698	0.0000513929
1699	0.0000516762
1700	0.0000520682
1701	0.0000526556
1702	0.0000532802
1703	0.0000537429
1704	0.0000540392
1705	0.0000542119
1706	0.0000541606
1707	0.0000538225
1708	0.0000533307
1709	0.0000528052
1710	0.0000523179
1711	0.0000519525
1712	0.0000516066
1713	0.0000511255
1714	0.0000505779
1715	0.0000501521
1716	0.0000499878
1717	0.0000499977
1718	0.0000499313
1719	0.0000497046
1720	0.0000494311
1721	0.0000493004
1722	0.0000494134
1723	0.0000496940
1724	0.0000500608
1725	0.0000504114
1726	0.0000506698
1727	0.0000509127
1728	0.0000511237
1729	0.0000512193
1730	0.0000512027
1731	0.0000510564
1732	0.0000508490
1733	0.0000506767
1734	0.0000505289
1735	0.0000504371
1736	0.0000503708
1737	0.0000502411
1738	0.0000501128
1739	0.0000500250
1740	0.0000499042
1741	0.0000497984
1742	0.0000498178
1743	0.0000498108
1744	0.0000494997
1745	0.0000490007
1746	0.0000486454
1747	0.0000484028
1748	0.0000480616
1749	0.0000476520
1750	0.0000473150
1751	0.0000470730
1752	0.0000469022
1753	0.0000468142
1754	0.0000467930
1755	0.0000467673
1756	0.0000466399
1757	0.0000463845
1758	0.0000460809
1759	0.0000457991
1760	0.0000456402
1761	0.0000457436
1762	0.0000461359
1763	0.0000467314
1764	0.0000473226
1765	0.0000477053
1766	0.0000479170
1767	0.0000481257
1768	0.0000484134
1769	0.0000486536
1770	0.0000487145
1771	0.0000487738
1772	0.0000489636
1773	0.0000491958
1774	0.0000494472
1775	0.0000496223
1776	0.0000496618
1777	0.0000497491
1778	0.0000500079
1779	0.0000504305
1780	0.0000509593
1781	0.0000515588
1782	0.0000522175
1783	0.0000527257
1784	0.0000529160
1785	0.0000529316
1786	0.0000530353
1787	0.0000534025
1788	0.0000537918
1789	0.0000538970
1790	0.0000539901
1791	0.0000542664
1792	0.0000545146
1793	0.0000547976
1794	0.0000552725
1795	0.0000558896
1796	0.0000567596
1797	0.0000579737
1798	0.0000593448
1799	0.0000606926
1800	0.0000617445
1801	0.0000622309
1802	0.0000625553
1803	0.0000633062
1804	0.0000643694
1805	0.0000653687
1806	0.0000660578
1807	0.0000663450
1808	0.0000665494
1809	0.0000669900
1810	0.0000676089
1811	0.0000683970
1812	0.0000695643
1813	0.0000711257
1814	0.0000726892
1815	0.0000740574
1816	0.0000754950
1817	0.0000770276
1818	0.0000784857
1819	0.0000799424
1820	0.0000813708
1821	0.0000826125
1822	0.0000836604
1823	0.0000846002
1824	0.0000854574
1825	0.0000861203
1826	0.0000865892
1827	0.0000870168
1828	0.0000873967
1829	0.0000876680
1830	0.0000878315
1831	0.0000879030
1832	0.0000879786
1833	0.0000881136
1834	0.0000882889
1835	0.0000884777
1836	0.0000886164
1837	0.0000886985
1838	0.0000887305
1839	0.0000886949
1840	0.0000887090
1841	0.0000888749
1842	0.0000891036
1843	0.0000893131
1844	0.0000895643
1845	0.0000899694
1846	0.0000905994
1847	0.0000913602
1848	0.0000919244
1849	0.0000920436
1850	0.0000918422
1851	0.0000916003
1852	0.0000914850
1853	0.0000915127
1854	0.0000916183
1855	0.0000917861
1856	0.0000920024
1857	0.0000921209
1858	0.0000919821
1859	0.0000916495
1860	0.0000912750
1861	0.0000908039
1862	0.0000902436
1863	0.0000897805
1864	0.0000893081
1865	0.0000886308
1866	0.0000879364
1867	0.0000874768
1868	0.0000872569
1869	0.0000871488
1870	0.0000870936
1871	0.0000871306
1872	0.0000872084
1873	0.0000872466
1874	0.0000872679
1875	0.0000872953
1876	0.0000873292
1877	0.0000873437
1878	0.0000873326
1879	0.0000873658
1880	0.0000874590
1881	0.0000875705
1882	0.0000876514
1883	0.0000876443
1884	0.0000875862
1885	0.0000875286
1886	0.0000874392
1887	0.0000873196
1888	0.0000872100
1889	0.0000871169
1890	0.0000870237
1891	0.0000869349
1892	0.0000869007
1893	0.0000869631
1894	0.0000871061
1895	0.0000872489
1896	0.0000873324
1897	0.0000874491
1898	0.0000876983
1899	0.0000879851
1900	0.0000881877
1901	0.0000882847
1902	0.0000882244
1903	0.0000879914
1904	0.0000876945
1905	0.0000874077
1906	0.0000871665
1907	0.0000869825
1908	0.0000867947
1909	0.0000866269
1910	0.0000864927
1911	0.0000862989
1912	0.0000861274
1913	0.0000860559
1914	0.0000858947
1915	0.0000854971
1916	0.0000849316
1917	0.0000843815
1918	0.0000839635
1919	0.0000836073
1920	0.0000832453
1921	0.0000829554
1922	0.0000828917
1923	0.0000830904
1924	0.0000834367
1925	0.0000838988
1926	0.0000843873
1927	0.0000847117
1928	0.0000848645
1929	0.0000848142
1930	0.0000845060
1931	0.0000839975
1932	0.0000831659
1933	0.0000819989
1934	0.0000807668
1935	0.0000794945
1936	0.0000780355
1937	0.0000764352
1938	0.0000748686
1939	0.0000733921
1940	0.0000719326
1941	0.0000706411
1942	0.0000696363
1943	0.0000686435
1944	0.0000675880
1945	0.0000666258
1946	0.0000655508
1947	0.0000641576
1948	0.0000626421
1949	0.0000612102
1950	0.0000598517
1951	0.0000583964
1952	0.0000565605
1953	0.0000543320
1954	0.0000521309
1955	0.0000502206
1956	0.0000484333
1957	0.0000465041
1958	0.0000443952
1959	0.0000424182
1960	0.0000408060
1961	0.0000394473
1962	0.0000383296
1963	0.0000375494
1964	0.0000370510
1965	0.0000367685
1966	0.0000366864
1967	0.0000367649
1968	0.0000368575
1969	0.0000367913
1970	0.0000365114
1971	0.0000360549
1972	0.0000356955
1973	0.0000357340
1974	0.0000361164
1975	0.0000367599
1976	0.0000375586
1977	0.0000382057
1978	0.0000385752
1979	0.0000386521
1980	0.0000384062
1981	0.0000379395
1982	0.0000373109
1983	0.0000366571
1984	0.0000362653
1985	0.0000361653
1986	0.0000361202
1987	0.0000359681
1988	0.0000357318
1989	0.0000353633
1990	0.0000347664
1991	0.0000342162
1992	0.0000339325
1993	0.0000336085
1994	0.0000330723
1995	0.0000325125
1996	0.0000319911
1997	0.0000314392
1998	0.0000308654
1999	0.0000303769
2000	0.0000300673
2001	0.0000298864
2002	0.0000297291
2003	0.0000295537
2004	0.0000293461
2005	0.0000290997
2006	0.0000288317
2007	0.0000285950
2008	0.0000284810
2009	0.0000285203
2010	0.0000285956
2011	0.0000285837
2012	0.0000284959
2013	0.0000284116
2014	0.0000283597
2015	0.0000282713
2016	0.0000281072
2017	0.0000279233
2018	0.0000277523
2019	0.0000276249
2020	0.0000275285
2021	0.0000273709
2022	0.0000271881
2023	0.0000270448
2024	0.0000268900
2025	0.0000267446
2026	0.0000266319
2027	0.0000264807
2028	0.0000262906
2029	0.0000261288
2030	0.0000260362
2031	0.0000260184
2032	0.0000260538
2033	0.0000261031
2034	0.0000261616
2035	0.0000263094
2036	0.0000266185
2037	0.0000270795
2038	0.0000275840
2039	0.0000279782
2040	0.0000282875
2041	0.0000285974
2042	0.0000288533
2043	0.0000291070
2044	0.0000294506
2045	0.0000298051
2046	0.0000301295
2047	0.0000304336
2048	0.0000306943
2049	0.0000308959
2050	0.0000309640
2051	0.0000309110
2052	0.0000309316
2053	0.0000311336
2054	0.0000314334
2055	0.0000317150
2056	0.0000319335
2057	0.0000321050
2058	0.0000322419
2059	0.0000323116
2060	0.0000322657
2061	0.0000321191
2062	0.0000319372
2063	0.0000317434
2064	0.0000315237
2065	0.0000312912
2066	0.0000310841
2067	0.0000309372
2068	0.0000308733
2069	0.0000308169
2070	0.0000306213
2071	0.0000303285
2072	0.0000300643
2073	0.0000297804
2074	0.0000295048
2075	0.0000293857
2076	0.0000293797
2077	0.0000293550
2078	0.0000293235
2079	0.0000293735
2080	0.0000295087
2081	0.0000296425
2082	0.0000297087
2083	0.0000296672
2084	0.0000295508
2085	0.0000294521
2086	0.0000293486
2087	0.0000291992
2088	0.0000290533
2089	0.0000289346
2090	0.0000288517
2091	0.0000288000
2092	0.0000287552
2093	0.0000287327
2094	0.0000287295
2095	0.0000287060
2096	0.0000286252
2097	0.0000284812
2098	0.0000283158
2099	0.0000281539
2100	0.0000280038
2101	0.0000278631
2102	0.0000277031
2103	0.0000275542
2104	0.0000274937
2105	0.0000275586
2106	0.0000276756
2107	0.0000276656
2108	0.0000274090
2109	0.0000268839
2110	0.0000262361
2111	0.0000258404
2112	0.0000258664
2113	0.0000260980
2114	0.0000263136
2115	0.0000264050
2116	0.0000263935
2117	0.0000264446
2118	0.0000266127
2119	0.0000268454
2120	0.0000271661
2121	0.0000274955
2122	0.0000276878
2123	0.0000278480
2124	0.0000280205
2125	0.0000279335
2126	0.0000275634
2127	0.0000272110
2128	0.0000269150
2129	0.0000264919
2130	0.0000259757
2131	0.0000256203
2132	0.0000255067
2133	0.0000254919
2134	0.0000255570
2135	0.0000257275
2136	0.0000259348
2137	0.0000261891
2138	0.0000264978
2139	0.0000268507
2140	0.0000272609
2141	0.0000276172
2142	0.0000278281
2143	0.0000279289
2144	0.0000280243
2145	0.0000282677
2146	0.0000286421
2147	0.0000290236
2148	0.0000294233
2149	0.0000298469
2150	0.0000302541
2151	0.0000306399
2152	0.0000310039
2153	0.0000313699
2154	0.0000317705
2155	0.0000321872
2156	0.0000324964
2157	0.0000326017
2158	0.0000325891
2159	0.0000325151
2160	0.0000323548
2161	0.0000321594
2162	0.0000319661
2163	0.0000318281
2164	0.0000318102
2165	0.0000318323
2166	0.0000318273
2167	0.0000318406
2168	0.0000319109
2169	0.0000320589
2170	0.0000322491
2171	0.0000323855
2172	0.0000324140
2173	0.0000323575
2174	0.0000322958
2175	0.0000322769
2176	0.0000322434
2177	0.0000321344
2178	0.0000319678
2179	0.0000317482
2180	0.0000314834
2181	0.0000312848
2182	0.0000312438
2183	0.0000313141
2184	0.0000314085
2185	0.0000315044
2186	0.0000316254
2187	0.0000317201
2188	0.0000316842
2189	0.0000314896
2190	0.0000311640
2191	0.0000307874
2192	0.0000304567
2193	0.0000302212
2194	0.0000301330
2195	0.0000301640
2196	0.0000302152
2197	0.0000302544
2198	0.0000302382
2199	0.0000301538
2200	0.0000300401
2201	0.0000298170
2202	0.0000294356
2203	0.0000290400
2204	0.0000288115
2205	0.0000287908
2206	0.0000288485
2207	0.0000288595
2208	0.0000288321
2209	0.0000288687
2210	0.0000290372
2211	0.0000292623
2212	0.0000294901
2213	0.0000296945
2214	0.0000297522
2215	0.0000297038
2216	0.0000297059
2217	0.0000297449
2218	0.0000298093
2219	0.0000299486
2220	0.0000301298
2221	0.0000302660
2222	0.0000303067
2223	0.0000303316
2224	0.0000304517
2225	0.0000306996
2226	0.0000310693
2227	0.0000315129
2228	0.0000320625
2229	0.0000328321
2230	0.0000337642
2231	0.0000346699
2232	0.0000354791
2233	0.0000362929
2234	0.0000372071
2235	0.0000381957
2236	0.0000392381
2237	0.0000403165
2238	0.0000413843
2239	0.0000425181
2240	0.0000437592
2241	0.0000449264
2242	0.0000458960
2243	0.0000467355
2244	0.0000475023
2245	0.0000482444
2246	0.0000490198
2247	0.0000497895
2248	0.0000505656
2249	0.0000514150
2250	0.0000522646
2251	0.0000530744
2252	0.0000538078
2253	0.0000542650
2254	0.0000543814
2255	0.0000542596
2256	0.0000540163
2257	0.0000538185
2258	0.0000536939
2259	0.0000535275
2260	0.0000532137
2261	0.0000526867
2262	0.0000521037
2263	0.0000517160
2264	0.0000515751
2265	0.0000515910
2266	0.0000516699
2267	0.0000517904
2268	0.0000518663
2269	0.0000517994
2270	0.0000517358
2271	0.0000517088
2272	0.0000515296
2273	0.0000512931
2274	0.0000512457
2275	0.0000513608
2276	0.0000514723
2277	0.0000516433
2278	0.0000520533
2279	0.0000525891
2280	0.0000530233
2281	0.0000532560
2282	0.0000532759
2283	0.0000532637
2284	0.0000533207
2285	0.0000533079
2286	0.0000531595
2287	0.0000529082
2288	0.0000527513
2289	0.0000528457
2290	0.0000529442
2291	0.0000529457
2292	0.0000530311
2293	0.0000531660
2294	0.0000533728
2295	0.0000537699
2296	0.0000542707
2297	0.0000548835
2298	0.0000556788
2299	0.0000564930
2300	0.0000572598
2301	0.0000581280
2302	0.0000590962
2303	0.0000601088
2304	0.0000611833
2305	0.0000621448
2306	0.0000628648
2307	0.0000635404
2308	0.0000642807
2309	0.0000649254
2310	0.0000652763
2311	0.0000652673
2312	0.0000650399
2313	0.0000647816
2314	0.0000646110
2315	0.0000646044
2316	0.0000647612
2317	0.0000650887
2318	0.0000655804
2319	0.0000661396
2320	0.0000667065
2321	0.0000672469
2322	0.0000676891
2323	0.0000679843
2324	0.0000681518
2325	0.0000682835
2326	0.0000684231
2327	0.0000685387
2328	0.0000686420
2329	0.0000687423
2330	0.0000688117
2331	0.0000688374
2332	0.0000688219
2333	0.0000687937
2334	0.0000687856
2335	0.0000688067
2336	0.0000688461
2337	0.0000688710
2338	0.0000688595
2339	0.0000688294
2340	0.0000688124
2341	0.0000687893
2342	0.0000687151
2343	0.0000685946
2344	0.0000684430
2345	0.0000682802
2346	0.0000681123
2347	0.0000678963
2348	0.0000676840
2349	0.0000675702
2350	0.0000675269
2351	0.0000675149
2352	0.0000674856
2353	0.0000673532
2354	0.0000671607
2355	0.0000670584
2356	0.0000671488
2357	0.0000674103
2358	0.0000677122
2359	0.0000679568
2360	0.0000681866
2361	0.0000684725
2362	0.0000687151
2363	0.0000687819
2364	0.0000687676
2365	0.0000687726
2366	0.0000687212
2367	0.0000685974
2368	0.0000684310
2369	0.0000681300
2370	0.0000676497
2371	0.0000670888
2372	0.0000665138
2373	0.0000659260
2374	0.0000653224
2375	0.0000646643
2376	0.0000639410
2377	0.0000632283
2378	0.0000626274
2379	0.0000621267
2380	0.0000615237
2381	0.0000607451
2382	0.0000599171
2383	0.0000589929
2384	0.0000579472
2385	0.0000568988
2386	0.0000558707
2387	0.0000549990
2388	0.0000543293
2389	0.0000535625
2390	0.0000526285
2391	0.0000516908
2392	0.0000507266
2393	0.0000496745
2394	0.0000486061
2395	0.0000477298
2396	0.0000472128
2397	0.0000470199
2398	0.0000469937
2399	0.0000468664
2400	0.0000464577
2401	0.0000458529
2402	0.0000452124
2403	0.0000446849
2404	0.0000443047
2405	0.0000439681
2406	0.0000436652
2407	0.0000434510
2408	0.0000433480
2409	0.0000433412
2410	0.0000433423
2411	0.0000432921
2412	0.0000431802
2413	0.0000430065
2414	0.0000427961
2415	0.0000425709
2416	0.0000423918
2417	0.0000422910
2418	0.0000422094
2419	0.0000421106
2420	0.0000419975
2421	0.0000418851
2422	0.0000417121
2423	0.0000414134
2424	0.0000411601
2425	0.0000410328
2426	0.0000408369
2427	0.0000406045
2428	0.0000405484
2429	0.0000406632
2430	0.0000408859
2431	0.0000412242
2432	0.0000415874
2433	0.0000418223
2434	0.0000418731
2435	0.0000417848
2436	0.0000416242
2437	0.0000414017
2438	0.0000411369
2439	0.0000408781
2440	0.0000404699
2441	0.0000398045
2442	0.0000391381
2443	0.0000385597
2444	0.0000379536
2445	0.0000374578
2446	0.0000371433
2447	0.0000369416
2448	0.0000369117
2449	0.0000370139
2450	0.0000370996
2451	0.0000371267
2452	0.0000371282
2453	0.0000371099
2454	0.0000370645
2455	0.0000370235
2456	0.0000369348
2457	0.0000367943
2458	0.0000367453
2459	0.0000367124
2460	0.0000365940
2461	0.0000364894
2462	0.0000363380
2463	0.0000360997
2464	0.0000359417
2465	0.0000359708
2466	0.0000361476
2467	0.0000362433
2468	0.0000360972
2469	0.0000358211
2470	0.0000355582
2471	0.0000354569
2472	0.0000355383
2473	0.0000356389
2474	0.0000357565
2475	0.0000359843
2476	0.0000363719
2477	0.0000369200
2478	0.0000374904
2479	0.0000380484
2480	0.0000386795
2481	0.0000393315
2482	0.0000398370
2483	0.0000400188
2484	0.0000399991
2485	0.0000401357
2486	0.0000404486
2487	0.0000407640
2488	0.0000410707
2489	0.0000413752
2490	0.0000417095
2491	0.0000421577
2492	0.0000427230
2493	0.0000433305
2494	0.0000438767
2495	0.0000442968
2496	0.0000445939
2497	0.0000447787
2498	0.0000448472
2499	0.0000448000
2500	0.0000446523
2501	0.0000444250
2502	0.0000441581
2503	0.0000439171
2504	0.0000437422
2505	0.0000436384
2506	0.0000435890
2507	0.0000435657
2508	0.0000435625
2509	0.0000435712
2510	0.0000435649
2511	0.0000435671
2512	0.0000436217
2513	0.0000436879
2514	0.0000437202
2515	0.0000437641
2516	0.0000438573
2517	0.0000440028
2518	0.0000442008
2519	0.0000444245
2520	0.0000446925
2521	0.0000450041
2522	0.0000452397
2523	0.0000453771
2524	0.0000455222
2525	0.0000456778
2526	0.0000457752
2527	0.0000458122
2528	0.0000458426
2529	0.0000458889
2530	0.0000459216
2531	0.0000459304
2532	0.0000459112
2533	0.0000458455
2534	0.0000457555
2535	0.0000456796
2536	0.0000456258
2537	0.0000455892
2538	0.0000455672
2539	0.0000455486
2540	0.0000455193
2541	0.0000454901
2542	0.0000454800
2543	0.0000454908
2544	0.0000455151
2545	0.0000455446
2546	0.0000455831
2547	0.0000456213
2548	0.0000456525
2549	0.0000457108
2550	0.0000458024
2551	0.0000459171
2552	0.0000460760
2553	0.0000462752
2554	0.0000464862
2555	0.0000466673
2556	0.0000467907
2557	0.0000468900
2558	0.0000470016
2559	0.0000471647
2560	0.0000474004
2561	0.0000476482
2562	0.0000478695
2563	0.0000480624
2564	0.0000481994
2565	0.0000482663
2566	0.0000482559
2567	0.0000482083
2568	0.0000482100
2569	0.0000482515
2570	0.0000482410
2571	0.0000481022
2572	0.0000478194
2573	0.0000474700
2574	0.0000471303
2575	0.0000467971
2576	0.0000464978
2577	0.0000462933
2578	0.0000461192
2579	0.0000458782
2580	0.0000456090
2581	0.0000453941
2582	0.0000452679
2583	0.0000451162
2584	0.0000447469
2585	0.0000442519
2586	0.0000438075
2587	0.0000433100
2588	0.0000427360
2589	0.0000422416
2590	0.0000417882
2591	0.0000412297
2592	0.0000405899
2593	0.0000399619
2594	0.0000393013
2595	0.0000385754
2596	0.0000378901
2597	0.0000372431
2598	0.0000365304
2599	0.0000357928
2600	0.0000351902
2601	0.0000347814
2602	0.0000344240
2603	0.0000340211
2604	0.0000335846
2605	0.0000331055
2606	0.0000327554
2607	0.0000326588
2608	0.0000325945
2609	0.0000324316
2610	0.0000321913
2611	0.0000318264
2612	0.0000313288
2613	0.0000306917
2614	0.0000299646
2615	0.0000293207
2616	0.0000289115
2617	0.0000287461
2618	0.0000286028
2619	0.0000283297
2620	0.0000280491
2621	0.0000278469
2622	0.0000276962
2623	0.0000274482
2624	0.0000269727
2625	0.0000264310
2626	0.0000258794
2627	0.0000252003
2628	0.0000245193
2629	0.0000239985
2630	0.0000237031
2631	0.0000236255
2632	0.0000235749
2633	0.0000234112
2634	0.0000231209
2635	0.0000227526
2636	0.0000224716
2637	0.0000223190
2638	0.0000221957
2639	0.0000220894
2640	0.0000219648
2641	0.0000217543
2642	0.0000215129
2643	0.0000213479
2644	0.0000212817
2645	0.0000212467
2646	0.0000211857
2647	0.0000211047
2648	0.0000210375
2649	0.0000210145
2650	0.0000210448
2651	0.0000211098
2652	0.0000211754
2653	0.0000212305
2654	0.0000212880
2655	0.0000213310
2656	0.0000213488
2657	0.0000213920
2658	0.0000214748
2659	0.0000215054
2660	0.0000214068
2661	0.0000211914
2662	0.0000208665
2663	0.0000204156
2664	0.0000198437
2665	0.0000191739
2666	0.0000184916
2667	0.0000179091
2668	0.0000174545
2669	0.0000171157
2670	0.0000169069
2671	0.0000168292
2672	0.0000168403
2673	0.0000168904
2674	0.0000169659
2675	0.0000170725
2676	0.0000172230
2677	0.0000174065
2678	0.0000175616
2679	0.0000176702
2680	0.0000178110
2681	0.0000180518
2682	0.0000183478
2683	0.0000186321
2684	0.0000189458
2685	0.0000193044
2686	0.0000196067
2687	0.0000197863
2688	0.0000198836
2689	0.0000200139
2690	0.0000202072
2691	0.0000203657
2692	0.0000204790
2693	0.0000205423
2694	0.0000204991
2695	0.0000204604
2696	0.0000206084
2697	0.0000209809
2698	0.0000213841
2699	0.0000216111
2700	0.0000217770
2701	0.0000219496
2702	0.0000219838
2703	0.0000219491
2704	0.0000219060
2705	0.0000217839
2706	0.0000217015
2707	0.0000217381
2708	0.0000218095
2709	0.0000219422
2710	0.0000222624
2711	0.0000227293
2712	0.0000230922
2713	0.0000232961
2714	0.0000235378
2715	0.0000238881
2716	0.0000243506
2717	0.0000248996
2718	0.0000253713
2719	0.0000256941
2720	0.0000258950
2721	0.0000259432
2722	0.0000258811
2723	0.0000258485
2724	0.0000259248
2725	0.0000260941
2726	0.0000262956
2727	0.0000264848
2728	0.0000267468
2729	0.0000272214
2730	0.0000278667
2731	0.0000285643
2732	0.0000292493
2733	0.0000298012
2734	0.0000301538
2735	0.0000303687
2736	0.0000305162
2737	0.0000306485
2738	0.0000307414
2739	0.0000307604
2740	0.0000307681
2741	0.0000307695
2742	0.0000306663
2743	0.0000304159
2744	0.0000301165
2745	0.0000299598
2746	0.0000300456
2747	0.0000302743
2748	0.0000305111
2749	0.0000307667
2750	0.0000310650
2751	0.0000313209
2752	0.0000314928
2753	0.0000315859
2754	0.0000315980
2755	0.0000315726
2756	0.0000315415
2757	0.0000315612
2758	0.0000316768
2759	0.0000318196
2760	0.0000319777
2761	0.0000321509
2762	0.0000322423
2763	0.0000322327
2764	0.0000321437
2765	0.0000319423
2766	0.0000315996
2767	0.0000312133
2768	0.0000309865
2769	0.0000308410
2770	0.0000305032
2771	0.0000299845
2772	0.0000294614
2773	0.0000290662
2774	0.0000288423
2775	0.0000286818
2776	0.0000284438
2777	0.0000280877
2778	0.0000278014
2779	0.0000277573
2780	0.0000278345
2781	0.0000280789
2782	0.0000286683
2783	0.0000294624
2784	0.0000303449
2785	0.0000312992
2786	0.0000322204
2787	0.0000331303
2788	0.0000340866
2789	0.0000350871
2790	0.0000361844
2791	0.0000374097
2792	0.0000386977
2793	0.0000398766
2794	0.0000408618
2795	0.0000417506
2796	0.0000425465
2797	0.0000431935
2798	0.0000437456
2799	0.0000442402
2800	0.0000446446
2801	0.0000448902
2802	0.0000449927
2803	0.0000451236
2804	0.0000453860
2805	0.0000457210
2806	0.0000460480
2807	0.0000463201
2808	0.0000465284
2809	0.0000467139
2810	0.0000469385
2811	0.0000472068
2812	0.0000474619
2813	0.0000476771
2814	0.0000478557
2815	0.0000479790
2816	0.0000480317
2817	0.0000480158
2818	0.0000479365
2819	0.0000478140
2820	0.0000476683
2821	0.0000474954
2822	0.0000473095
2823	0.0000471292
2824	0.0000469442
2825	0.0000467838
2826	0.0000466794
2827	0.0000466175
2828	0.0000466098
2829	0.0000466368
2830	0.0000466340
2831	0.0000465713
2832	0.0000464121
2833	0.0000461562
2834	0.0000458926
2835	0.0000456714
2836	0.0000454594
2837	0.0000452429
2838	0.0000450363
2839	0.0000448058
2840	0.0000445474
2841	0.0000443397
2842	0.0000442051
2843	0.0000441101
2844	0.0000440311
2845	0.0000439506
2846	0.0000438875
2847	0.0000438287
2848	0.0000437342
2849	0.0000435822
2850	0.0000432668
2851	0.0000427309
2852	0.0000420822
2853	0.0000414506
2854	0.0000409550
2855	0.0000406437
2856	0.0000404570
2857	0.0000403421
2858	0.0000402782
2859	0.0000402829
2860	0.0000403838
2861	0.0000405701
2862	0.0000407877
2863	0.0000409639
2864	0.0000411270
2865	0.0000412760
2866	0.0000413108
2867	0.0000413646
2868	0.0000416247
2869	0.0000419532
2870	0.0000421328
2871	0.0000421187
2872	0.0000420139
2873	0.0000418848
2874	0.0000417012
2875	0.0000416176
2876	0.0000418892
2877	0.0000424958
2878	0.0000431894
2879	0.0000438453
2880	0.0000445879
2881	0.0000453851
2882	0.0000459188
2883	0.0000460814
2884	0.0000460103
2885	0.0000458492
2886	0.0000458148
2887	0.0000460280
2888	0.0000463052
2889	0.0000464776
2890	0.0000466937
2891	0.0000470656
2892	0.0000474708
2893	0.0000479409
2894	0.0000485061
2895	0.0000489905
2896	0.0000494761
2897	0.0000501148
2898	0.0000506992
2899	0.0000510235
2900	0.0000510833
2901	0.0000509836
2902	0.0000509283
2903	0.0000510072
2904	0.0000511260
2905	0.0000512350
2906	0.0000513772
2907	0.0000515492
2908	0.0000516818
2909	0.0000517040
2910	0.0000516403
2911	0.0000516581
2912	0.0000518462
2913	0.0000521428
2914	0.0000525119
2915	0.0000528569
2916	0.0000530522
2917	0.0000531340
2918	0.0000532071
2919	0.0000533317
2920	0.0000534182
2921	0.0000533437
2922	0.0000531859
2923	0.0000529794
2924	0.0000526244
2925	0.0000520768
2926	0.0000513382
2927	0.0000505012
2928	0.0000496288
2929	0.0000486806
2930	0.0000477133
2931	0.0000468081
2932	0.0000459847
2933	0.0000451761
2934	0.0000443107
2935	0.0000435470
2936	0.0000429883
2937	0.0000425576
2938	0.0000422063
2939	0.0000417724
2940	0.0000412447
2941	0.0000408799
2942	0.0000407418
2943	0.0000407298
2944	0.0000406208
2945	0.0000402147
2946	0.0000396841
2947	0.0000391634
2948	0.0000385908
2949	0.0000380643
2950	0.0000377419
2951	0.0000376772
2952	0.0000377213
2953	0.0000377006
2954	0.0000376819
2955	0.0000376509
2956	0.0000375281
2957	0.0000374623
2958	0.0000375360
2959	0.0000376669
2960	0.0000378766
2961	0.0000383027
2962	0.0000389383
2963	0.0000395675
2964	0.0000400827
2965	0.0000404611
2966	0.0000406342
2967	0.0000407319
2968	0.0000408864
2969	0.0000409931
2970	0.0000410289
2971	0.0000411067
2972	0.0000412890
2973	0.0000416005
2974	0.0000420613
2975	0.0000426465
2976	0.0000432375
2977	0.0000437056
2978	0.0000440068
2979	0.0000441718
2980	0.0000442756
2981	0.0000443388
2982	0.0000443615
2983	0.0000444285
2984	0.0000445702
2985	0.0000446956
2986	0.0000447495
2987	0.0000448143
2988	0.0000449877
2989	0.0000452052
2990	0.0000453785
2991	0.0000455390
2992	0.0000456860
2993	0.0000457580
2994	0.0000457088
2995	0.0000455451
2996	0.0000453506
2997	0.0000451540
2998	0.0000449260
2999	0.0000447042
