0	0.0000000000
1	0.0000000000
2	0.0000000000
3	0.0000000000
4	0.0000000000
5	0.0000000000
6	0.0000000000
7	0.0000000000
8	0.0000000000
9	0.0000000000
10	0.0000000000
11	0.0000000000
12	0.0000000000
13	0.0000000000
14	0.0000000000
15	0.0000000000
16	0.0000000000
17	0.0000000000
18	0.0000000000
19	0.0000000000
20	0.0000000000
21	0.0000000000
22	0.0000000000
23	0.0000000000
24	0.0000000000
25	0.0000000000
26	0.0000000000
27	0.0000000000
28	0.0000000000
29	0.0000000001
30	0.0000000003
31	0.0000000009
32	0.0000000027
33	0.0000000070
34	0.0000000164
35	0.0000000342
36	0.0000000631
37	0.0000001030
38	0.0000001487
39	0.0000001915
40	0.0000002247
41	0.0000002513
42	0.0000002833
43	0.0000003306
44	0.0000003883
45	0.0000004419
46	0.0000004869
47	0.0000005370
48	0.0000006037
49	0.0000006770
50	0.0000007419
51	0.0000008055
52	0.0000008849
53	0.0000009744
54	0.0000010560
55	0.0000011368
56	0.0000012345
57	0.0000013395
58	0.0000014357
59	0.0000015370
60	0.0000016559
61	0.0000017742
62	0.0000018861
63	0.0000020126
64	0.0000021502
65	0.0000022793
66	0.0000024139
67	0.0000025658
68	0.0000027140
69	0.0000028596
70	0.0000030229
71	0.0000031889
72	0.0000033478
73	0.0000035213
74	0.0000037029
75	0.0000038755
76	0.0000040592
77	0.0000042542
78	0.0000044400
79	0.0000046336
80	0.0000048402
81	0.0000050377
82	0.0000052410
83	0.0000054575
84	0.0000056651
85	0.0000058773
86	0.0000061022
87	0.0000063180
88	0.0000065381
89	0.0000067700
90	0.0000069925
91	0.0000072205
92	0.0000074586
93	0.0000076857
94	0.0000079180
95	0.0000081562
96	0.0000083842
97	0.0000086237
98	0.0000088721
99	0.0000091132
100	0.0000093612
101	0.0000096008
102	0.0000098238
103	0.0000100573
104	0.0000102951
105	0.0000105377
106	0.0000107941
107	0.0000110381
108	0.0000112771
109	0.0000115264
110	0.0000117685
111	0.0000120109
112	0.0000122490
113	0.0000124724
114	0.0000127064
115	0.0000129425
116	0.0000131687
117	0.0000133999
118	0.0000136279
119	0.0000138602
120	0.0000141006
121	0.0000143273
122	0.0000145571
123	0.0000147943
124	0.0000150226
125	0.0000152517
126	0.0000154745
127	0.0000156947
128	0.0000159215
129	0.0000161337
130	0.0000163432
131	0.0000165590
132	0.0000167652
133	0.0000169713
134	0.0000171736
135	0.0000173743
136	0.0000175808
137	0.0000177755
138	0.0000179715
139	0.0000181746
140	0.0000183676
141	0.0000185622
142	0.0000187566
143	0.0000189490
144	0.0000191434
145	0.0000193283
146	0.0000195178
147	0.0000197085
148	0.0000198876
149	0.0000200728
150	0.0000202567
151	0.0000204347
152	0.0000206116
153	0.0000207803
154	0.0000209499
155	0.0000211164
156	0.0000212865
157	0.0000214747
158	0.0000216560
159	0.0000218188
160	0.0000219542
161	0.0000220575
162	0.0000221701
163	0.0000223323
164	0.0000225623
165	0.0000228189
166	0.0000230163
167	0.0000231129
168	0.0000231211
169	0.0000231265
170	0.0000232252
171	0.0000234175
172	0.0000236492
173	0.0000238613
174	0.0000240399
175	0.0000242108
176	0.0000243655
177	0.0000244740
178	0.0000245111
179	0.0000245094
180	0.0000245470
181	0.0000246385
182	0.0000247582
183	0.0000248897
184	0.0000250434
185	0.0000252461
186	0.0000254684
187	0.0000256578
188	0.0000257969
189	0.0000259072
190	0.0000260098
191	0.0000260708
192	0.0000260801
193	0.0000260819
194	0.0000261068
195	0.0000261567
196	0.0000262081
197	0.0000262743
198	0.0000263945
199	0.0000265589
200	0.0000267322
201	0.0000268982
202	0.0000270802
203	0.0000272766
204	0.0000274402
205	0.0000275675
206	0.0000276773
207	0.0000277685
208	0.0000278240
209	0.0000278375
210	0.0000278434
211	0.0000278514
212	0.0000278414
213	0.0000278200
214	0.0000278196
215	0.0000278528
216	0.0000278884
217	0.0000279316
218	0.0000280155
219	0.0000281278
220	0.0000282480
221	0.0000283738
222	0.0000285202
223	0.0000286828
224	0.0000288295
225	0.0000289648
226	0.0000291012
227	0.0000292233
228	0.0000293166
229	0.0000293908
230	0.0000294558
231	0.0000294906
232	0.0000294991
233	0.0000295024
234	0.0000294925
235	0.0000294625
236	0.0000294233
237	0.0000293912
238	0.0000293552
239	0.0000293072
240	0.0000292748
241	0.0000292599
242	0.0000292435
243	0.0000292318
244	0.0000292511
245	0.0000292957
246	0.0000293403
247	0.0000294059
248	0.0000294990
249	0.0000295939
250	0.0000296913
251	0.0000298004
252	0.0000299194
253	0.0000300308
254	0.0000301370
255	0.0000302530
256	0.0000303640
257	0.0000304635
258	0.0000305616
259	0.0000306551
260	0.0000307324
261	0.0000307961
262	0.0000308528
263	0.0000308905
264	0.0000309113
265	0.0000309217
266	0.0000309139
267	0.0000308931
268	0.0000308666
269	0.0000308296
270	0.0000307772
271	0.0000307234
272	0.0000306717
273	0.0000306057
274	0.0000305345
275	0.0000304697
276	0.0000304011
277	0.0000303241
278	0.0000302545
279	0.0000301906
280	0.0000301144
281	0.0000300488
282	0.0000299986
283	0.0000299426
284	0.0000298996
285	0.0000298825
286	0.0000298728
287	0.0000298551
288	0.0000298422
289	0.0000298376
290	0.0000298250
291	0.0000298316
292	0.0000298785
293	0.0000299420
294	0.0000300024
295	0.0000300482
296	0.0000300601
297	0.0000300344
298	0.0000300190
299	0.0000300411
300	0.0000300858
301	0.0000301573
302	0.0000302360
303	0.0000302916
304	0.0000303337
305	0.0000303779
306	0.0000304181
307	0.0000304398
308	0.0000304485
309	0.0000304497
310	0.0000304459
311	0.0000304573
312	0.0000304887
313	0.0000305247
314	0.0000305552
315	0.0000305810
316	0.0000305996
317	0.0000306049
318	0.0000305967
319	0.0000305606
320	0.0000304851
321	0.0000303936
322	0.0000303063
323	0.0000302147
324	0.0000301126
325	0.0000300100
326	0.0000299178
327	0.0000298397
328	0.0000297781
329	0.0000297236
330	0.0000296573
331	0.0000295867
332	0.0000295193
333	0.0000294349
334	0.0000293204
335	0.0000291829
336	0.0000290328
337	0.0000288749
338	0.0000287141
339	0.0000285384
340	0.0000283519
341	0.0000281985
342	0.0000280710
343	0.0000279436
344	0.0000278343
345	0.0000277475
346	0.0000276759
347	0.0000276185
348	0.0000275608
349	0.0000274902
350	0.0000274271
351	0.0000273639
352	0.0000272558
353	0.0000271239
354	0.0000270003
355	0.0000268765
356	0.0000267511
357	0.0000266273
358	0.0000265017
359	0.0000263685
360	0.0000262296
361	0.0000260783
362	0.0000259605
363	0.0000259426
364	0.0000259748
365	0.0000260032
366	0.0000260098
367	0.0000259606
368	0.0000258821
369	0.0000258281
370	0.0000258166
371	0.0000258484
372	0.0000258936
373	0.0000258735
374	0.0000257853
375	0.0000256977
376	0.0000255876
377	0.0000254240
378	0.0000252312
379	0.0000250396
380	0.0000248871
381	0.0000247938
382	0.0000247445
383	0.0000247051
384	0.0000246678
385	0.0000246162
386	0.0000245575
387	0.0000245336
388	0.0000245040
389	0.0000244582
390	0.0000244579
391	0.0000245214
392	0.0000246410
393	0.0000247859
394	0.0000249218
395	0.0000250692
396	0.0000252385
397	0.0000253604
398	0.0000254168
399	0.0000254399
400	0.0000254104
401	0.0000253656
402	0.0000253400
403	0.0000253007
404	0.0000252559
405	0.0000252510
406	0.0000253019
407	0.0000253700
408	0.0000254231
409	0.0000254528
410	0.0000254906
411	0.0000255437
412	0.0000255367
413	0.0000254846
414	0.0000254444
415	0.0000254049
416	0.0000253726
417	0.0000253541
418	0.0000253560
419	0.0000254066
420	0.0000254990
421	0.0000256031
422	0.0000257286
423	0.0000258648
424	0.0000259905
425	0.0000261123
426	0.0000261797
427	0.0000261932
428	0.0000262091
429	0.0000261993
430	0.0000261339
431	0.0000260435
432	0.0000259606
433	0.0000258777
434	0.0000257915
435	0.0000257155
436	0.0000256714
437	0.0000256602
438	0.0000256299
439	0.0000255984
440	0.0000255966
441	0.0000255850
442	0.0000255602
443	0.0000255166
444	0.0000254398
445	0.0000253573
446	0.0000252752
447	0.0000251696
448	0.0000250598
449	0.0000249676
450	0.0000248929
451	0.0000248523
452	0.0000248372
453	0.0000248688
454	0.0000249581
455	0.0000250616
456	0.0000252029
457	0.0000253996
458	0.0000256048
459	0.0000257982
460	0.0000260019
461	0.0000262126
462	0.0000264042
463	0.0000265674
464	0.0000267001
465	0.0000268237
466	0.0000269263
467	0.0000269911
468	0.0000270454
469	0.0000270853
470	0.0000271175
471	0.0000271544
472	0.0000271851
473	0.0000272297
474	0.0000272988
475	0.0000273616
476	0.0000274393
477	0.0000275644
478	0.0000276927
479	0.0000278272
480	0.0000279782
481	0.0000281203
482	0.0000282390
483	0.0000282855
484	0.0000283106
485	0.0000283820
486	0.0000284419
487	0.0000284727
488	0.0000284832
489	0.0000284128
490	0.0000282323
491	0.0000280147
492	0.0000278327
493	0.0000277262
494	0.0000276940
495	0.0000276586
496	0.0000275613
497	0.0000273901
498	0.0000271893
499	0.0000270465
500	0.0000269946
501	0.0000270099
502	0.0000270453
503	0.0000270607
504	0.0000270602
505	0.0000270640
506	0.0000270670
507	0.0000270744
508	0.0000270841
509	0.0000270843
510	0.0000271135
511	0.0000271810
512	0.0000272481
513	0.0000272827
514	0.0000272768
515	0.0000272553
516	0.0000272275
517	0.0000271979
518	0.0000271753
519	0.0000271560
520	0.0000271568
521	0.0000271918
522	0.0000272247
523	0.0000272293
524	0.0000272230
525	0.0000272204
526	0.0000272443
527	0.0000272897
528	0.0000273391
529	0.0000274210
530	0.0000275590
531	0.0000277580
532	0.0000279876
533	0.0000281843
534	0.0000283271
535	0.0000284512
536	0.0000285627
537	0.0000286229
538	0.0000286013
539	0.0000285223
540	0.0000284776
541	0.0000284662
542	0.0000284424
543	0.0000284355
544	0.0000284313
545	0.0000284353
546	0.0000284645
547	0.0000284638
548	0.0000283974
549	0.0000282784
550	0.0000281513
551	0.0000280160
552	0.0000278272
553	0.0000276118
554	0.0000274367
555	0.0000273029
556	0.0000272065
557	0.0000271532
558	0.0000271225
559	0.0000271458
560	0.0000272161
561	0.0000272631
562	0.0000272831
563	0.0000273049
564	0.0000273427
565	0.0000273790
566	0.0000273829
567	0.0000273758
568	0.0000274069
569	0.0000274628
570	0.0000275163
571	0.0000275893
572	0.0000276979
573	0.0000278558
574	0.0000280381
575	0.0000282158
576	0.0000283962
577	0.0000285641
578	0.0000287255
579	0.0000288590
580	0.0000289288
581	0.0000289762
582	0.0000290208
583	0.0000290357
584	0.0000290221
585	0.0000290061
586	0.0000290010
587	0.0000289972
588	0.0000289847
589	0.0000289734
590	0.0000289708
591	0.0000289717
592	0.0000289748
593	0.0000289749
594	0.0000289749
595	0.0000289773
596	0.0000289766
597	0.0000289776
598	0.0000289830
599	0.0000289902
600	0.0000290032
601	0.0000290301
602	0.0000290738
603	0.0000291287
604	0.0000291916
605	0.0000292710
606	0.0000293601
607	0.0000294443
608	0.0000295265
609	0.0000295992
610	0.0000296632
611	0.0000297153
612	0.0000297451
613	0.0000297623
614	0.0000297707
615	0.0000297689
616	0.0000297420
617	0.0000297023
618	0.0000296964
619	0.0000297130
620	0.0000297214
621	0.0000297348
622	0.0000297509
623	0.0000297478
624	0.0000297323
625	0.0000297230
626	0.0000297361
627	0.0000297593
628	0.0000297583
629	0.0000297202
630	0.0000296452
631	0.0000295474
632	0.0000294356
633	0.0000293231
634	0.0000292183
635	0.0000290902
636	0.0000289386
637	0.0000287953
638	0.0000286577
639	0.0000285098
640	0.0000283515
641	0.0000281910
642	0.0000280584
643	0.0000279665
644	0.0000279084
645	0.0000278998
646	0.0000279084
647	0.0000279027
648	0.0000278926
649	0.0000278793
650	0.0000278655
651	0.0000278168
652	0.0000277268
653	0.0000276470
654	0.0000275911
655	0.0000275324
656	0.0000274531
657	0.0000273706
658	0.0000272828
659	0.0000271590
660	0.0000270325
661	0.0000269299
662	0.0000267893
663	0.0000266282
664	0.0000265221
665	0.0000264651
666	0.0000264460
667	0.0000264414
668	0.0000264556
669	0.0000265172
670	0.0000265986
671	0.0000266812
672	0.0000267639
673	0.0000268540
674	0.0000269399
675	0.0000270104
676	0.0000270936
677	0.0000271750
678	0.0000272226
679	0.0000272701
680	0.0000273320
681	0.0000273444
682	0.0000272818
683	0.0000271620
684	0.0000270077
685	0.0000268325
686	0.0000266148
687	0.0000263903
688	0.0000261751
689	0.0000259287
690	0.0000256643
691	0.0000254040
692	0.0000251769
693	0.0000250116
694	0.0000248950
695	0.0000247965
696	0.0000246640
697	0.0000244708
698	0.0000242694
699	0.0000241024
700	0.0000239516
701	0.0000238045
702	0.0000236727
703	0.0000235525
704	0.0000234090
705	0.0000232578
706	0.0000231197
707	0.0000229648
708	0.0000228039
709	0.0000226384
710	0.0000224596
711	0.0000222744
712	0.0000220644
713	0.0000218101
714	0.0000214893
715	0.0000211161
716	0.0000207527
717	0.0000204272
718	0.0000201007
719	0.0000197634
720	0.0000194727
721	0.0000192517
722	0.0000190523
723	0.0000188432
724	0.0000186445
725	0.0000184411
726	0.0000182443
727	0.0000180915
728	0.0000179584
729	0.0000178490
730	0.0000177739
731	0.0000177357
732	0.0000177431
733	0.0000177599
734	0.0000177751
735	0.0000177943
736	0.0000178004
737	0.0000178125
738	0.0000178539
739	0.0000179084
740	0.0000179639
741	0.0000180306
742	0.0000181348
743	0.0000182491
744	0.0000183193
745	0.0000183596
746	0.0000183755
747	0.0000183589
748	0.0000183144
749	0.0000182466
750	0.0000181677
751	0.0000181036
752	0.0000181028
753	0.0000181282
754	0.0000181419
755	0.0000181988
756	0.0000182962
757	0.0000183977
758	0.0000184984
759	0.0000185894
760	0.0000186595
761	0.0000187124
762	0.0000187624
763	0.0000188315
764	0.0000189102
765	0.0000189868
766	0.0000191086
767	0.0000192780
768	0.0000194500
769	0.0000196109
770	0.0000197809
771	0.0000199614
772	0.0000201108
773	0.0000202305
774	0.0000203216
775	0.0000203818
776	0.0000204474
777	0.0000205036
778	0.0000205295
779	0.0000205529
780	0.0000205906
781	0.0000206291
782	0.0000206373
783	0.0000206199
784	0.0000206052
785	0.0000205603
786	0.0000204731
787	0.0000203648
788	0.0000202197
789	0.0000200487
790	0.0000198568
791	0.0000196517
792	0.0000194456
793	0.0000192331
794	0.0000190367
795	0.0000188467
796	0.0000186525
797	0.0000184705
798	0.0000182937
799	0.0000181060
800	0.0000179051
801	0.0000177001
802	0.0000174692
803	0.0000172146
804	0.0000169619
805	0.0000166854
806	0.0000163946
807	0.0000161537
808	0.0000159522
809	0.0000157484
810	0.0000155590
811	0.0000153935
812	0.0000152495
813	0.0000151232
814	0.0000150266
815	0.0000149893
816	0.0000149813
817	0.0000149587
818	0.0000149059
819	0.0000148275
820	0.0000147533
821	0.0000147094
822	0.0000146973
823	0.0000146956
824	0.0000146823
825	0.0000146421
826	0.0000145874
827	0.0000145653
828	0.0000145809
829	0.0000145945
830	0.0000145895
831	0.0000145477
832	0.0000144644
833	0.0000143641
834	0.0000142636
835	0.0000141783
836	0.0000140967
837	0.0000140250
838	0.0000139883
839	0.0000139812
840	0.0000139982
841	0.0000140047
842	0.0000139774
843	0.0000139457
844	0.0000139557
845	0.0000140243
846	0.0000141136
847	0.0000141972
848	0.0000142669
849	0.0000143184
850	0.0000143574
851	0.0000143678
852	0.0000143212
853	0.0000142298
854	0.0000141300
855	0.0000140382
856	0.0000139814
857	0.0000139809
858	0.0000139954
859	0.0000139793
860	0.0000139797
861	0.0000140241
862	0.0000140606
863	0.0000140872
864	0.0000141204
865	0.0000141714
866	0.0000142605
867	0.0000143753
868	0.0000144997
869	0.0000146219
870	0.0000147357
871	0.0000148456
872	0.0000149494
873	0.0000150434
874	0.0000151307
875	0.0000152355
876	0.0000153967
877	0.0000156080
878	0.0000158331
879	0.0000160751
880	0.0000163651
881	0.0000166881
882	0.0000169807
883	0.0000172421
884	0.0000174753
885	0.0000176912
886	0.0000179438
887	0.0000181872
888	0.0000183944
889	0.0000185948
890	0.0000187862
891	0.0000189682
892	0.0000191196
893	0.0000192372
894	0.0000193092
895	0.0000193375
896	0.0000193643
897	0.0000193766
898	0.0000193559
899	0.0000193514
900	0.0000194227
901	0.0000195722
902	0.0000197554
903	0.0000199478
904	0.0000201745
905	0.0000204373
906	0.0000206902
907	0.0000208810
908	0.0000210172
909	0.0000211544
910	0.0000212824
911	0.0000213921
912	0.0000215057
913	0.0000216155
914	0.0000217264
915	0.0000218848
916	0.0000220938
917	0.0000222571
918	0.0000223996
919	0.0000226146
920	0.0000228333
921	0.0000230063
922	0.0000231626
923	0.0000233094
924	0.0000234777
925	0.0000236607
926	0.0000238149
927	0.0000239880
928	0.0000242295
929	0.0000245277
930	0.0000248566
931	0.0000252003
932	0.0000255732
933	0.0000259501
934	0.0000263120
935	0.0000266440
936	0.0000269110
937	0.0000271241
938	0.0000272946
939	0.0000274260
940	0.0000275065
941	0.0000275598
942	0.0000276277
943	0.0000276924
944	0.0000277529
945	0.0000278009
946	0.0000278377
947	0.0000278927
948	0.0000279460
949	0.0000279855
950	0.0000280354
951	0.0000280922
952	0.0000281267
953	0.0000281403
954	0.0000281707
955	0.0000282333
956	0.0000283101
957	0.0000283933
958	0.0000284743
959	0.0000285513
960	0.0000286309
961	0.0000287035
962	0.0000287678
963	0.0000288237
964	0.0000288678
965	0.0000288913
966	0.0000288845
967	0.0000288565
968	0.0000288172
969	0.0000287621
970	0.0000286817
971	0.0000286049
972	0.0000285668
973	0.0000285559
974	0.0000285532
975	0.0000285687
976	0.0000286042
977	0.0000286339
978	0.0000286600
979	0.0000286945
980	0.0000287113
981	0.0000287047
982	0.0000286831
983	0.0000286211
984	0.0000285455
985	0.0000284672
986	0.0000283269
987	0.0000281471
988	0.0000279652
989	0.0000277974
990	0.0000276592
991	0.0000275241
992	0.0000273886
993	0.0000272698
994	0.0000271844
995	0.0000271008
996	0.0000269835
997	0.0000268538
998	0.0000267037
999	0.0000265245
1000	0.0000263304
1001	0.0000261450
1002	0.0000259737
1003	0.0000257888
1004	0.0000256013
1005	0.0000254377
1006	0.0000253116
1007	0.0000252146
1008	0.0000251075
1009	0.0000250118
1010	0.0000249598
1011	0.0000249026
1012	0.0000248365
1013	0.0000248038
1014	0.0000248137
1015	0.0000248798
1016	0.0000249857
1017	0.0000250863
1018	0.0000251479
1019	0.0000251709
1020	0.0000251736
1021	0.0000251728
1022	0.0000252047
1023	0.0000252564
1024	0.0000252725
1025	0.0000252369
1026	0.0000251706
1027	0.0000250953
1028	0.0000250208
1029	0.0000249708
1030	0.0000249662
1031	0.0000249882
1032	0.0000249933
1033	0.0000249768
1034	0.0000249703
1035	0.0000249766
1036	0.0000249710
1037	0.0000249555
1038	0.0000249461
1039	0.0000249465
1040	0.0000249733
1041	0.0000250217
1042	0.0000250585
1043	0.0000250594
1044	0.0000250226
1045	0.0000249644
1046	0.0000248982
1047	0.0000248652
1048	0.0000248528
1049	0.0000248194
1050	0.0000248234
1051	0.0000248833
1052	0.0000249690
1053	0.0000250769
1054	0.0000251808
1055	0.0000252783
1056	0.0000253824
1057	0.0000254846
1058	0.0000255919
1059	0.0000257368
1060	0.0000259207
1061	0.0000260980
1062	0.0000262681
1063	0.0000264650
1064	0.0000266771
1065	0.0000268755
1066	0.0000270446
1067	0.0000271822
1068	0.0000273021
1069	0.0000274121
1070	0.0000275231
1071	0.0000276448
1072	0.0000277651
1073	0.0000278836
1074	0.0000280104
1075	0.0000281575
1076	0.0000283189
1077	0.0000284491
1078	0.0000285432
1079	0.0000286212
1080	0.0000286795
1081	0.0000287273
1082	0.0000287621
1083	0.0000287779
1084	0.0000287986
1085	0.0000288417
1086	0.0000288895
1087	0.0000289289
1088	0.0000289697
1089	0.0000290035
1090	0.0000290177
1091	0.0000290275
1092	0.0000290418
1093	0.0000290435
1094	0.0000290304
1095	0.0000290213
1096	0.0000290228
1097	0.0000290261
1098	0.0000290234
1099	0.0000290193
1100	0.0000290089
1101	0.0000289844
1102	0.0000289491
1103	0.0000289061
1104	0.0000288539
1105	0.0000287852
1106	0.0000287150
1107	0.0000286533
1108	0.0000285990
1109	0.0000285579
1110	0.0000285242
1111	0.0000285091
1112	0.0000285150
1113	0.0000285206
1114	0.0000285147
1115	0.0000285119
1116	0.0000285266
1117	0.0000285263
1118	0.0000285033
1119	0.0000284880
1120	0.0000284780
1121	0.0000284744
1122	0.0000284840
1123	0.0000284959
1124	0.0000285121
1125	0.0000285366
1126	0.0000285625
1127	0.0000285819
1128	0.0000285786
1129	0.0000285494
1130	0.0000285054
1131	0.0000284359
1132	0.0000283257
1133	0.0000282020
1134	0.0000280864
1135	0.0000279618
1136	0.0000278308
1137	0.0000276913
1138	0.0000275350
1139	0.0000273614
1140	0.0000271727
1141	0.0000270034
1142	0.0000268632
1143	0.0000267304
1144	0.0000265888
1145	0.0000264250
1146	0.0000262433
1147	0.0000260560
1148	0.0000259045
1149	0.0000258225
1150	0.0000257788
1151	0.0000257320
1152	0.0000256547
1153	0.0000255364
1154	0.0000254163
1155	0.0000253280
1156	0.0000252853
1157	0.0000252931
1158	0.0000252921
1159	0.0000252341
1160	0.0000251368
1161	0.0000250259
1162	0.0000249241
1163	0.0000248688
1164	0.0000248407
1165	0.0000247753
1166	0.0000247296
1167	0.0000247631
1168	0.0000248125
1169	0.0000247919
1170	0.0000246791
1171	0.0000245216
1172	0.0000243276
1173	0.0000241245
1174	0.0000239646
1175	0.0000238609
1176	0.0000237886
1177	0.0000236730
1178	0.0000235291
1179	0.0000234116
1180	0.0000233404
1181	0.0000233180
1182	0.0000233037
1183	0.0000233277
1184	0.0000234381
1185	0.0000236318
1186	0.0000238933
1187	0.0000241430
1188	0.0000243034
1189	0.0000243821
1190	0.0000244274
1191	0.0000244468
1192	0.0000244010
1193	0.0000243220
1194	0.0000242453
1195	0.0000241522
1196	0.0000240979
1197	0.0000240842
1198	0.0000240343
1199	0.0000239377
1200	0.0000238092
1201	0.0000236782
1202	0.0000235632
1203	0.0000234506
1204	0.0000233315
1205	0.0000232178
1206	0.0000231138
1207	0.0000230357
1208	0.0000229945
1209	0.0000229060
1210	0.0000227584
1211	0.0000226297
1212	0.0000225161
1213	0.0000224050
1214	0.0000223114
1215	0.0000222542
1216	0.0000222550
1217	0.0000223040
1218	0.0000223800
1219	0.0000224607
1220	0.0000225139
1221	0.0000225342
1222	0.0000225353
1223	0.0000225281
1224	0.0000225078
1225	0.0000224640
1226	0.0000224146
1227	0.0000223746
1228	0.0000223576
1229	0.0000223453
1230	0.0000223120
1231	0.0000222886
1232	0.0000222912
1233	0.0000223031
1234	0.0000222900
1235	0.0000222556
1236	0.0000222559
1237	0.0000223125
1238	0.0000223873
1239	0.0000224587
1240	0.0000225676
1241	0.0000226956
1242	0.0000228133
1243	0.0000229410
1244	0.0000230398
1245	0.0000230830
1246	0.0000231037
1247	0.0000231291
1248	0.0000231525
1249	0.0000231711
1250	0.0000232012
1251	0.0000232452
1252	0.0000233052
1253	0.0000233714
1254	0.0000234246
1255	0.0000234548
1256	0.0000234567
1257	0.0000234396
1258	0.0000233959
1259	0.0000233137
1260	0.0000232137
1261	0.0000231123
1262	0.0000230120
1263	0.0000229007
1264	0.0000227785
1265	0.0000226660
1266	0.0000225472
1267	0.0000224074
1268	0.0000222456
1269	0.0000220691
1270	0.0000218988
1271	0.0000217360
1272	0.0000215623
1273	0.0000213477
1274	0.0000211142
1275	0.0000208938
1276	0.0000206686
1277	0.0000204556
1278	0.0000202752
1279	0.0000200983
1280	0.0000199028
1281	0.0000196863
1282	0.0000194180
1283	0.0000190907
1284	0.0000187638
1285	0.0000184833
1286	0.0000182482
1287	0.0000180158
1288	0.0000177735
1289	0.0000175813
1290	0.0000174453
1291	0.0000173268
1292	0.0000172519
1293	0.0000172301
1294	0.0000172392
1295	0.0000172765
1296	0.0000173073
1297	0.0000173238
1298	0.0000173455
1299	0.0000173604
1300	0.0000173530
1301	0.0000173203
1302	0.0000172862
1303	0.0000172660
1304	0.0000172589
1305	0.0000172630
1306	0.0000172690
1307	0.0000172769
1308	0.0000172843
1309	0.0000172958
1310	0.0000173086
1311	0.0000173107
1312	0.0000173099
1313	0.0000173150
1314	0.0000173206
1315	0.0000173187
1316	0.0000173202
1317	0.0000173300
1318	0.0000173342
1319	0.0000173243
1320	0.0000173043
1321	0.0000172936
1322	0.0000172898
1323	0.0000172785
1324	0.0000172683
1325	0.0000172597
1326	0.0000172521
1327	0.0000172546
1328	0.0000172566
1329	0.0000172473
1330	0.0000172361
1331	0.0000172289
1332	0.0000172202
1333	0.0000172097
1334	0.0000172008
1335	0.0000171877
1336	0.0000171765
1337	0.0000171790
1338	0.0000172001
1339	0.0000172517
1340	0.0000173272
1341	0.0000174094
1342	0.0000174825
1343	0.0000175345
1344	0.0000175830
1345	0.0000176427
1346	0.0000177173
1347	0.0000178072
1348	0.0000179069
1349	0.0000180080
1350	0.0000180785
1351	0.0000180962
1352	0.0000180812
1353	0.0000180673
1354	0.0000180736
1355	0.0000180933
1356	0.0000181091
1357	0.0000181126
1358	0.0000181097
1359	0.0000181064
1360	0.0000181027
1361	0.0000181045
1362	0.0000181137
1363	0.0000181198
1364	0.0000181274
1365	0.0000181450
1366	0.0000181595
1367	0.0000181646
1368	0.0000181719
1369	0.0000181860
1370	0.0000182154
1371	0.0000182739
1372	0.0000183501
1373	0.0000184332
1374	0.0000185017
1375	0.0000185316
1376	0.0000185312
1377	0.0000184958
1378	0.0000184538
1379	0.0000184154
1380	0.0000183353
1381	0.0000182295
1382	0.0000181211
1383	0.0000180116
1384	0.0000178952
1385	0.0000177309
1386	0.0000174924
1387	0.0000172219
1388	0.0000169717
1389	0.0000167242
1390	0.0000164777
1391	0.0000162610
1392	0.0000160717
1393	0.0000159006
1394	0.0000157465
1395	0.0000156209
1396	0.0000155079
1397	0.0000153756
1398	0.0000152293
1399	0.0000150927
1400	0.0000149689
1401	0.0000148387
1402	0.0000146932
1403	0.0000145257
1404	0.0000143376
1405	0.0000141493
1406	0.0000139512
1407	0.0000137339
1408	0.0000135225
1409	0.0000133241
1410	0.0000131291
1411	0.0000129310
1412	0.0000127471
1413	0.0000126004
1414	0.0000124697
1415	0.0000123461
1416	0.0000122402
1417	0.0000121447
1418	0.0000120561
1419	0.0000119789
1420	0.0000119205
1421	0.0000118853
1422	0.0000118728
1423	0.0000118714
1424	0.0000118764
1425	0.0000118924
1426	0.0000119064
1427	0.0000119096
1428	0.0000119028
1429	0.0000118834
1430	0.0000118547
1431	0.0000118240
1432	0.0000117984
1433	0.0000117810
1434	0.0000117673
1435	0.0000117530
1436	0.0000117408
1437	0.0000117331
1438	0.0000117281
1439	0.0000117255
1440	0.0000117296
1441	0.0000117419
1442	0.0000117626
1443	0.0000117913
1444	0.0000118290
1445	0.0000118756
1446	0.0000119259
1447	0.0000119727
1448	0.0000120096
1449	0.0000120380
1450	0.0000120650
1451	0.0000120979
1452	0.0000121337
1453	0.0000121635
1454	0.0000121941
1455	0.0000122356
1456	0.0000122814
1457	0.0000123188
1458	0.0000123472
1459	0.0000123662
1460	0.0000123698
1461	0.0000123644
1462	0.0000123548
1463	0.0000123347
1464	0.0000123081
1465	0.0000122806
1466	0.0000122467
1467	0.0000122009
1468	0.0000121333
1469	0.0000120434
1470	0.0000119466
1471	0.0000118498
1472	0.0000117599
1473	0.0000116870
1474	0.0000116170
1475	0.0000115234
1476	0.0000113959
1477	0.0000112379
1478	0.0000110904
1479	0.0000110031
1480	0.0000109557
1481	0.0000109149
1482	0.0000108828
1483	0.0000108400
1484	0.0000107630
1485	0.0000106637
1486	0.0000105699
1487	0.0000105080
1488	0.0000104814
1489	0.0000104649
1490	0.0000104378
1491	0.0000104063
1492	0.0000103796
1493	0.0000103508
1494	0.0000103157
1495	0.0000102701
1496	0.0000102220
1497	0.0000101836
1498	0.0000101671
1499	0.0000101826
1500	0.0000101939
1501	0.0000101870
1502	0.0000101797
1503	0.0000101740
1504	0.0000101877
1505	0.0000102366
1506	0.0000103248
1507	0.0000104343
1508	0.0000105366
1509	0.0000106245
1510	0.0000107001
1511	0.0000107714
1512	0.0000108345
1513	0.0000108756
1514	0.0000109023
1515	0.0000109415
1516	0.0000109995
1517	0.0000110564
1518	0.0000111104
1519	0.0000111526
1520	0.0000111639
1521	0.0000111653
1522	0.0000111697
1523	0.0000111557
1524	0.0000111222
1525	0.0000110816
1526	0.0000110457
1527	0.0000110151
1528	0.0000109802
1529	0.0000109440
1530	0.0000109092
1531	0.0000108742
1532	0.0000108463
1533	0.0000108397
1534	0.0000108504
1535	0.0000108630
1536	0.0000108725
1537	0.0000108788
1538	0.0000108809
1539	0.0000108739
1540	0.0000108579
1541	0.0000108383
1542	0.0000108259
1543	0.0000108226
1544	0.0000108216
1545	0.0000108220
1546	0.0000108303
1547	0.0000108557
1548	0.0000108746
1549	0.0000108697
1550	0.0000108410
1551	0.0000107939
1552	0.0000107620
1553	0.0000107557
1554	0.0000107597
1555	0.0000107644
1556	0.0000107811
1557	0.0000108131
1558	0.0000108325
1559	0.0000108554
1560	0.0000108970
1561	0.0000109131
1562	0.0000109062
1563	0.0000109227
1564	0.0000109637
1565	0.0000110106
1566	0.0000110414
1567	0.0000110507
1568	0.0000110741
1569	0.0000111106
1570	0.0000111290
1571	0.0000111311
1572	0.0000111239
1573	0.0000111217
1574	0.0000111402
1575	0.0000111756
1576	0.0000112322
1577	0.0000113043
1578	0.0000114137
1579	0.0000116001
1580	0.0000118129
1581	0.0000120205
1582	0.0000122414
1583	0.0000124534
1584	0.0000126463
1585	0.0000128168
1586	0.0000129461
1587	0.0000130322
1588	0.0000131009
1589	0.0000131654
1590	0.0000132320
1591	0.0000133138
1592	0.0000133855
1593	0.0000134454
1594	0.0000135131
1595	0.0000135757
1596	0.0000136160
1597	0.0000136185
1598	0.0000135926
1599	0.0000135528
1600	0.0000135072
1601	0.0000134680
1602	0.0000134249
1603	0.0000133740
1604	0.0000133302
1605	0.0000132838
1606	0.0000132095
1607	0.0000131025
1608	0.0000129900
1609	0.0000129027
1610	0.0000128397
1611	0.0000127739
1612	0.0000126932
1613	0.0000126307
1614	0.0000125983
1615	0.0000125685
1616	0.0000125447
1617	0.0000125472
1618	0.0000125751
1619	0.0000126042
1620	0.0000126356
1621	0.0000126764
1622	0.0000127073
1623	0.0000127435
1624	0.0000127912
1625	0.0000128312
1626	0.0000128719
1627	0.0000129287
1628	0.0000130012
1629	0.0000130906
1630	0.0000131949
1631	0.0000132998
1632	0.0000134195
1633	0.0000135560
1634	0.0000136995
1635	0.0000138429
1636	0.0000139504
1637	0.0000140258
1638	0.0000140922
1639	0.0000141472
1640	0.0000141774
1641	0.0000141786
1642	0.0000141795
1643	0.0000141919
1644	0.0000142075
1645	0.0000142219
1646	0.0000142352
1647	0.0000142546
1648	0.0000142754
1649	0.0000142901
1650	0.0000143001
1651	0.0000143112
1652	0.0000143282
1653	0.0000143472
1654	0.0000143650
1655	0.0000143846
1656	0.0000144065
1657	0.0000144269
1658	0.0000144405
1659	0.0000144496
1660	0.0000144620
1661	0.0000144740
1662	0.0000144759
1663	0.0000144740
1664	0.0000144760
1665	0.0000144762
1666	0.0000144840
1667	0.0000145113
1668	0.0000145453
1669	0.0000145825
1670	0.0000146194
1671	0.0000146210
1672	0.0000145876
1673	0.0000145507
1674	0.0000145213
1675	0.0000145110
1676	0.0000144953
1677	0.0000144599
1678	0.0000144188
1679	0.0000143532
1680	0.0000142666
1681	0.0000141936
1682	0.0000141748
1683	0.0000142108
1684	0.0000142560
1685	0.0000142852
1686	0.0000142921
1687	0.0000142920
1688	0.0000143043
1689	0.0000143167
1690	0.0000143073
1691	0.0000142897
1692	0.0000142710
1693	0.0000142267
1694	0.0000141714
1695	0.0000141060
1696	0.0000140153
1697	0.0000139205
1698	0.0000138178
1699	0.0000137528
1700	0.0000138040
1701	0.0000139266
1702	0.0000140639
1703	0.0000142110
1704	0.0000143522
1705	0.0000144865
1706	0.0000146363
1707	0.0000148231
1708	0.0000150141
1709	0.0000151893
1710	0.0000153792
1711	0.0000155905
1712	0.0000157921
1713	0.0000159542
1714	0.0000161007
1715	0.0000162324
1716	0.0000163325
1717	0.0000164222
1718	0.0000165460
1719	0.0000167230
1720	0.0000168823
1721	0.0000169983
1722	0.0000171017
1723	0.0000171941
1724	0.0000172726
1725	0.0000173361
1726	0.0000173924
1727	0.0000174643
1728	0.0000175999
1729	0.0000177920
1730	0.0000179919
1731	0.0000181915
1732	0.0000183871
1733	0.0000185439
1734	0.0000186544
1735	0.0000187634
1736	0.0000188358
1737	0.0000188435
1738	0.0000188319
1739	0.0000188082
1740	0.0000187847
1741	0.0000187573
1742	0.0000186999
1743	0.0000186221
1744	0.0000185362
1745	0.0000184547
1746	0.0000183866
1747	0.0000183243
1748	0.0000182754
1749	0.0000182581
1750	0.0000182566
1751	0.0000182417
1752	0.0000182143
1753	0.0000181847
1754	0.0000181520
1755	0.0000181178
1756	0.0000180957
1757	0.0000181073
1758	0.0000181424
1759	0.0000181824
1760	0.0000182445
1761	0.0000183295
1762	0.0000184033
1763	0.0000184468
1764	0.0000184868
1765	0.0000185566
1766	0.0000186594
1767	0.0000187846
1768	0.0000189320
1769	0.0000191114
1770	0.0000193437
1771	0.0000196188
1772	0.0000198693
1773	0.0000200953
1774	0.0000203265
1775	0.0000205369
1776	0.0000207237
1777	0.0000209084
1778	0.0000211006
1779	0.0000212633
1780	0.0000214080
1781	0.0000215812
1782	0.0000217514
1783	0.0000219005
1784	0.0000220196
1785	0.0000221115
1786	0.0000222044
1787	0.0000222880
1788	0.0000223649
1789	0.0000224602
1790	0.0000225865
1791	0.0000227419
1792	0.0000228937
1793	0.0000230135
1794	0.0000231261
1795	0.0000232549
1796	0.0000233816
1797	0.0000234865
1798	0.0000235458
1799	0.0000235456
1800	0.0000235137
1801	0.0000234844
1802	0.0000234830
1803	0.0000235140
1804	0.0000235642
1805	0.0000235602
1806	0.0000234103
1807	0.0000231699
1808	0.0000229066
1809	0.0000226682
1810	0.0000225345
1811	0.0000224981
1812	0.0000225192
1813	0.0000225345
1814	0.0000225456
1815	0.0000226672
1816	0.0000229242
1817	0.0000232244
1818	0.0000235518
1819	0.0000239397
1820	0.0000243067
1821	0.0000246220
1822	0.0000249174
1823	0.0000251931
1824	0.0000254506
1825	0.0000256774
1826	0.0000259101
1827	0.0000261738
1828	0.0000264716
1829	0.0000267885
1830	0.0000270742
1831	0.0000272913
1832	0.0000274247
1833	0.0000275212
1834	0.0000276399
1835	0.0000278184
1836	0.0000280374
1837	0.0000282421
1838	0.0000284240
1839	0.0000286301
1840	0.0000288832
1841	0.0000290915
1842	0.0000292309
1843	0.0000293560
1844	0.0000294777
1845	0.0000296273
1846	0.0000297949
1847	0.0000299325
1848	0.0000300398
1849	0.0000301554
1850	0.0000302868
1851	0.0000304187
1852	0.0000306324
1853	0.0000309521
1854	0.0000312572
1855	0.0000315662
1856	0.0000319390
1857	0.0000322932
1858	0.0000325919
1859	0.0000328238
1860	0.0000329645
1861	0.0000330575
1862	0.0000331666
1863	0.0000333487
1864	0.0000336261
1865	0.0000339220
1866	0.0000341908
1867	0.0000345156
1868	0.0000349238
1869	0.0000353491
1870	0.0000357289
1871	0.0000360496
1872	0.0000363504
1873	0.0000366444
1874	0.0000369093
1875	0.0000371489
1876	0.0000374075
1877	0.0000376832
1878	0.0000379519
1879	0.0000382059
1880	0.0000384298
1881	0.0000386302
1882	0.0000387846
1883	0.0000389047
1884	0.0000390418
1885	0.0000391938
1886	0.0000393383
1887	0.0000394501
1888	0.0000395379
1889	0.0000396075
1890	0.0000396619
1891	0.0000397272
1892	0.0000397759
1893	0.0000397984
1894	0.0000398366
1895	0.0000399066
1896	0.0000399969
1897	0.0000400847
1898	0.0000401601
1899	0.0000402238
1900	0.0000402870
1901	0.0000403697
1902	0.0000404545
1903	0.0000405276
1904	0.0000406107
1905	0.0000407047
1906	0.0000407972
1907	0.0000408891
1908	0.0000409776
1909	0.0000410621
1910	0.0000411486
1911	0.0000412280
1912	0.0000412972
1913	0.0000413675
1914	0.0000414329
1915	0.0000414864
1916	0.0000415280
1917	0.0000415524
1918	0.0000415651
1919	0.0000415677
1920	0.0000415486
1921	0.0000415160
1922	0.0000414860
1923	0.0000414613
1924	0.0000414313
1925	0.0000413934
1926	0.0000413629
1927	0.0000413267
1928	0.0000412675
1929	0.0000412115
1930	0.0000411787
1931	0.0000411304
1932	0.0000410370
1933	0.0000409275
1934	0.0000408279
1935	0.0000407526
1936	0.0000406886
1937	0.0000406281
1938	0.0000405987
1939	0.0000405882
1940	0.0000405757
1941	0.0000405463
1942	0.0000404786
1943	0.0000403859
1944	0.0000402887
1945	0.0000401751
1946	0.0000400342
1947	0.0000398768
1948	0.0000396975
1949	0.0000395069
1950	0.0000393333
1951	0.0000391693
1952	0.0000389991
1953	0.0000388167
1954	0.0000386322
1955	0.0000384557
1956	0.0000382739
1957	0.0000380785
1958	0.0000378686
1959	0.0000376450
1960	0.0000374152
1961	0.0000371879
1962	0.0000369783
1963	0.0000367929
1964	0.0000366317
1965	0.0000365105
1966	0.0000364228
1967	0.0000363472
1968	0.0000362834
1969	0.0000362309
1970	0.0000361930
1971	0.0000361702
1972	0.0000361460
1973	0.0000361161
1974	0.0000360959
1975	0.0000360938
1976	0.0000361019
1977	0.0000361118
1978	0.0000361236
1979	0.0000361420
1980	0.0000361703
1981	0.0000362094
1982	0.0000362576
1983	0.0000363071
1984	0.0000363469
1985	0.0000363790
1986	0.0000364073
1987	0.0000364316
1988	0.0000364551
1989	0.0000364746
1990	0.0000364901
1991	0.0000365043
1992	0.0000365113
1993	0.0000365004
1994	0.0000364761
1995	0.0000364526
1996	0.0000364383
1997	0.0000364370
1998	0.0000364276
1999	0.0000364023
2000	0.0000363725
2001	0.0000363402
2002	0.0000363298
2003	0.0000363489
2004	0.0000363764
2005	0.0000363896
2006	0.0000363643
2007	0.0000363013
2008	0.0000361969
2009	0.0000360542
2010	0.0000359134
2011	0.0000358016
2012	0.0000357201
2013	0.0000356482
2014	0.0000355616
2015	0.0000354600
2016	0.0000353613
2017	0.0000352884
2018	0.0000352330
2019	0.0000351812
2020	0.0000351436
2021	0.0000351208
2022	0.0000351053
2023	0.0000350974
2024	0.0000350936
2025	0.0000350862
2026	0.0000350820
2027	0.0000350829
2028	0.0000350946
2029	0.0000351343
2030	0.0000351912
2031	0.0000352271
2032	0.0000352226
2033	0.0000352123
2034	0.0000352127
2035	0.0000352184
2036	0.0000352292
2037	0.0000352327
2038	0.0000352490
2039	0.0000352716
2040	0.0000352750
2041	0.0000352724
2042	0.0000352535
2043	0.0000351956
2044	0.0000351229
2045	0.0000350602
2046	0.0000349950
2047	0.0000349263
2048	0.0000348593
2049	0.0000347945
2050	0.0000346975
2051	0.0000345689
2052	0.0000344824
2053	0.0000344317
2054	0.0000343836
2055	0.0000343550
2056	0.0000343726
2057	0.0000344302
2058	0.0000344916
2059	0.0000345384
2060	0.0000345366
2061	0.0000344968
2062	0.0000344681
2063	0.0000344404
2064	0.0000344058
2065	0.0000343845
2066	0.0000343696
2067	0.0000343505
2068	0.0000343420
2069	0.0000343591
2070	0.0000344111
2071	0.0000344698
2072	0.0000345161
2073	0.0000346005
2074	0.0000347560
2075	0.0000349669
2076	0.0000351633
2077	0.0000352728
2078	0.0000353448
2079	0.0000353875
2080	0.0000352954
2081	0.0000350716
2082	0.0000347592
2083	0.0000343803
2084	0.0000339963
2085	0.0000336379
2086	0.0000333045
2087	0.0000329833
2088	0.0000326828
2089	0.0000324147
2090	0.0000321573
2091	0.0000318859
2092	0.0000315996
2093	0.0000313321
2094	0.0000310970
2095	0.0000308802
2096	0.0000306899
2097	0.0000305307
2098	0.0000303546
2099	0.0000301496
2100	0.0000299440
2101	0.0000297526
2102	0.0000295607
2103	0.0000293364
2104	0.0000291467
2105	0.0000289950
2106	0.0000288295
2107	0.0000286657
2108	0.0000284468
2109	0.0000281375
2110	0.0000277841
2111	0.0000274274
2112	0.0000270058
2113	0.0000264943
2114	0.0000259760
2115	0.0000254434
2116	0.0000249151
2117	0.0000244402
2118	0.0000240155
2119	0.0000236391
2120	0.0000232604
2121	0.0000228061
2122	0.0000222994
2123	0.0000218237
2124	0.0000213415
2125	0.0000208801
2126	0.0000205661
2127	0.0000203528
2128	0.0000201641
2129	0.0000199493
2130	0.0000197199
2131	0.0000196309
2132	0.0000197167
2133	0.0000198958
2134	0.0000200907
2135	0.0000202275
2136	0.0000203148
2137	0.0000203789
2138	0.0000204504
2139	0.0000206131
2140	0.0000208912
2141	0.0000211934
2142	0.0000214394
2143	0.0000215982
2144	0.0000216664
2145	0.0000216929
2146	0.0000217337
2147	0.0000218222
2148	0.0000219243
2149	0.0000220190
2150	0.0000221408
2151	0.0000223100
2152	0.0000225457
2153	0.0000227907
2154	0.0000229835
2155	0.0000231242
2156	0.0000232563
2157	0.0000234225
2158	0.0000235876
2159	0.0000237265
2160	0.0000237998
2161	0.0000238008
2162	0.0000238010
2163	0.0000238083
2164	0.0000237937
2165	0.0000237862
2166	0.0000238052
2167	0.0000237851
2168	0.0000236918
2169	0.0000235698
2170	0.0000234503
2171	0.0000233105
2172	0.0000231450
2173	0.0000230012
2174	0.0000229206
2175	0.0000229199
2176	0.0000229628
2177	0.0000230331
2178	0.0000231051
2179	0.0000231361
2180	0.0000231748
2181	0.0000232326
2182	0.0000232814
2183	0.0000233332
2184	0.0000233812
2185	0.0000234312
2186	0.0000235152
2187	0.0000236221
2188	0.0000237022
2189	0.0000237470
2190	0.0000237987
2191	0.0000238745
2192	0.0000239468
2193	0.0000240066
2194	0.0000240574
2195	0.0000240845
2196	0.0000240913
2197	0.0000241017
2198	0.0000241217
2199	0.0000241481
2200	0.0000241853
2201	0.0000242280
2202	0.0000242716
2203	0.0000243252
2204	0.0000243893
2205	0.0000244514
2206	0.0000245064
2207	0.0000245447
2208	0.0000245698
2209	0.0000245965
2210	0.0000246139
2211	0.0000246341
2212	0.0000246764
2213	0.0000247349
2214	0.0000248035
2215	0.0000248627
2216	0.0000248961
2217	0.0000249069
2218	0.0000249116
2219	0.0000249330
2220	0.0000249669
2221	0.0000249901
2222	0.0000250209
2223	0.0000250741
2224	0.0000251332
2225	0.0000251862
2226	0.0000252169
2227	0.0000252297
2228	0.0000252345
2229	0.0000252310
2230	0.0000252145
2231	0.0000251857
2232	0.0000251516
2233	0.0000251070
2234	0.0000250638
2235	0.0000250299
2236	0.0000250141
2237	0.0000250112
2238	0.0000250094
2239	0.0000250473
2240	0.0000251303
2241	0.0000252201
2242	0.0000252951
2243	0.0000253632
2244	0.0000254327
2245	0.0000254796
2246	0.0000255009
2247	0.0000255122
2248	0.0000255041
2249	0.0000254730
2250	0.0000254496
2251	0.0000254419
2252	0.0000254217
2253	0.0000253928
2254	0.0000253687
2255	0.0000253460
2256	0.0000253183
2257	0.0000252733
2258	0.0000252163
2259	0.0000251682
2260	0.0000251316
2261	0.0000250933
2262	0.0000250547
2263	0.0000250272
2264	0.0000250121
2265	0.0000250101
2266	0.0000250130
2267	0.0000250120
2268	0.0000250069
2269	0.0000249837
2270	0.0000249451
2271	0.0000249101
2272	0.0000248716
2273	0.0000248366
2274	0.0000248257
2275	0.0000248222
2276	0.0000248190
2277	0.0000248154
2278	0.0000247974
2279	0.0000247773
2280	0.0000247533
2281	0.0000247151
2282	0.0000246622
2283	0.0000246058
2284	0.0000245670
2285	0.0000245357
2286	0.0000244956
2287	0.0000244503
2288	0.0000244047
2289	0.0000243539
2290	0.0000243100
2291	0.0000242890
2292	0.0000242708
2293	0.0000242427
2294	0.0000242242
2295	0.0000242445
2296	0.0000242883
2297	0.0000243104
2298	0.0000242996
2299	0.0000242845
2300	0.0000242674
2301	0.0000242055
2302	0.0000241071
2303	0.0000240066
2304	0.0000239135
2305	0.0000238196
2306	0.0000237295
2307	0.0000236606
2308	0.0000235968
2309	0.0000235651
2310	0.0000235773
2311	0.0000235803
2312	0.0000235703
2313	0.0000235569
2314	0.0000235250
2315	0.0000234592
2316	0.0000233618
2317	0.0000232536
2318	0.0000231534
2319	0.0000230881
2320	0.0000230531
2321	0.0000230078
2322	0.0000229600
2323	0.0000229446
2324	0.0000229844
2325	0.0000231074
2326	0.0000233050
2327	0.0000235439
2328	0.0000237698
2329	0.0000239268
2330	0.0000240501
2331	0.0000241807
2332	0.0000243043
2333	0.0000244595
2334	0.0000246695
2335	0.0000248576
2336	0.0000249789
2337	0.0000250503
2338	0.0000251068
2339	0.0000252057
2340	0.0000253789
2341	0.0000255971
2342	0.0000258056
2343	0.0000260046
2344	0.0000262077
2345	0.0000263863
2346	0.0000265311
2347	0.0000266683
2348	0.0000268176
2349	0.0000269629
2350	0.0000270870
2351	0.0000271914
2352	0.0000272828
2353	0.0000273518
2354	0.0000273720
2355	0.0000273321
2356	0.0000272573
2357	0.0000271815
2358	0.0000271105
2359	0.0000270487
2360	0.0000269498
2361	0.0000267950
2362	0.0000266349
2363	0.0000264528
2364	0.0000262489
2365	0.0000260274
2366	0.0000257734
2367	0.0000255088
2368	0.0000252325
2369	0.0000249383
2370	0.0000246219
2371	0.0000243027
2372	0.0000239859
2373	0.0000236601
2374	0.0000233696
2375	0.0000231536
2376	0.0000229888
2377	0.0000228328
2378	0.0000226913
2379	0.0000225326
2380	0.0000222996
2381	0.0000220318
2382	0.0000217739
2383	0.0000215106
2384	0.0000212322
2385	0.0000209793
2386	0.0000207996
2387	0.0000206819
2388	0.0000205764
2389	0.0000204776
2390	0.0000204083
2391	0.0000203433
2392	0.0000202755
2393	0.0000202252
2394	0.0000201714
2395	0.0000200950
2396	0.0000199962
2397	0.0000198714
2398	0.0000197242
2399	0.0000195648
2400	0.0000194000
2401	0.0000192163
2402	0.0000190036
2403	0.0000187862
2404	0.0000185874
2405	0.0000184137
2406	0.0000182510
2407	0.0000180730
2408	0.0000178991
2409	0.0000177613
2410	0.0000176371
2411	0.0000175123
2412	0.0000174042
2413	0.0000173278
2414	0.0000172882
2415	0.0000172644
2416	0.0000172380
2417	0.0000172038
2418	0.0000171559
2419	0.0000170726
2420	0.0000169606
2421	0.0000168589
2422	0.0000167512
2423	0.0000166338
2424	0.0000165297
2425	0.0000164330
2426	0.0000163422
2427	0.0000162314
2428	0.0000160808
2429	0.0000159227
2430	0.0000157617
2431	0.0000155914
2432	0.0000154478
2433	0.0000153133
2434	0.0000151748
2435	0.0000150712
2436	0.0000149863
2437	0.0000148760
2438	0.0000147207
2439	0.0000145605
2440	0.0000144357
2441	0.0000143363
2442	0.0000142497
2443	0.0000141684
2444	0.0000141013
2445	0.0000140598
2446	0.0000140572
2447	0.0000140806
2448	0.0000141002
2449	0.0000141130
2450	0.0000141060
2451	0.0000140705
2452	0.0000140168
2453	0.0000139788
2454	0.0000139749
2455	0.0000139649
2456	0.0000139322
2457	0.0000138940
2458	0.0000138355
2459	0.0000137527
2460	0.0000136906
2461	0.0000137013
2462	0.0000137833
2463	0.0000138710
2464	0.0000139091
2465	0.0000138954
2466	0.0000138808
2467	0.0000138976
2468	0.0000139029
2469	0.0000138765
2470	0.0000138174
2471	0.0000136918
2472	0.0000135147
2473	0.0000133434
2474	0.0000132075
2475	0.0000131163
2476	0.0000130819
2477	0.0000131063
2478	0.0000131656
2479	0.0000132538
2480	0.0000133563
2481	0.0000134370
2482	0.0000135004
2483	0.0000135384
2484	0.0000135562
2485	0.0000135942
2486	0.0000136682
2487	0.0000137686
2488	0.0000138593
2489	0.0000139168
2490	0.0000139519
2491	0.0000139866
2492	0.0000140441
2493	0.0000141514
2494	0.0000142594
2495	0.0000143346
2496	0.0000144496
2497	0.0000146066
2498	0.0000147907
2499	0.0000150042
2500	0.0000152290
2501	0.0000154635
2502	0.0000157248
2503	0.0000160337
2504	0.0000163257
2505	0.0000165822
2506	0.0000168260
2507	0.0000170354
2508	0.0000172131
2509	0.0000173505
2510	0.0000174815
2511	0.0000176267
2512	0.0000177484
2513	0.0000178326
2514	0.0000178865
2515	0.0000179294
2516	0.0000179456
2517	0.0000179161
2518	0.0000178690
2519	0.0000178246
2520	0.0000177886
2521	0.0000177885
2522	0.0000178260
2523	0.0000178716
2524	0.0000179081
2525	0.0000179234
2526	0.0000179317
2527	0.0000179479
2528	0.0000179601
2529	0.0000179642
2530	0.0000179657
2531	0.0000179672
2532	0.0000179699
2533	0.0000179738
2534	0.0000179812
2535	0.0000179928
2536	0.0000179993
2537	0.0000179989
2538	0.0000180061
2539	0.0000180257
2540	0.0000180396
2541	0.0000180531
2542	0.0000180866
2543	0.0000181197
2544	0.0000181427
2545	0.0000181883
2546	0.0000182720
2547	0.0000183798
2548	0.0000184845
2549	0.0000185608
2550	0.0000186094
2551	0.0000186272
2552	0.0000185957
2553	0.0000185230
2554	0.0000184184
2555	0.0000182938
2556	0.0000181929
2557	0.0000181287
2558	0.0000181145
2559	0.0000181630
2560	0.0000181846
2561	0.0000181291
2562	0.0000180253
2563	0.0000178747
2564	0.0000176981
2565	0.0000175154
2566	0.0000173126
2567	0.0000170664
2568	0.0000168313
2569	0.0000167047
2570	0.0000166480
2571	0.0000165696
2572	0.0000164748
2573	0.0000164173
2574	0.0000164191
2575	0.0000164614
2576	0.0000165035
2577	0.0000165529
2578	0.0000166348
2579	0.0000167195
2580	0.0000168085
2581	0.0000169225
2582	0.0000170524
2583	0.0000171775
2584	0.0000173118
2585	0.0000174630
2586	0.0000175908
2587	0.0000177065
2588	0.0000177926
2589	0.0000178306
2590	0.0000178610
2591	0.0000178629
2592	0.0000178319
2593	0.0000177872
2594	0.0000177314
2595	0.0000176894
2596	0.0000176506
2597	0.0000175955
2598	0.0000175558
2599	0.0000175189
2600	0.0000174422
2601	0.0000173813
2602	0.0000173763
2603	0.0000173706
2604	0.0000173407
2605	0.0000173174
2606	0.0000173148
2607	0.0000173179
2608	0.0000173028
2609	0.0000172623
2610	0.0000172212
2611	0.0000171948
2612	0.0000171815
2613	0.0000171799
2614	0.0000171790
2615	0.0000171867
2616	0.0000172148
2617	0.0000172492
2618	0.0000172711
2619	0.0000172658
2620	0.0000172422
2621	0.0000172127
2622	0.0000171703
2623	0.0000171142
2624	0.0000170485
2625	0.0000169850
2626	0.0000169351
2627	0.0000168956
2628	0.0000168697
2629	0.0000168574
2630	0.0000168499
2631	0.0000168403
2632	0.0000168323
2633	0.0000168356
2634	0.0000168426
2635	0.0000168519
2636	0.0000168730
2637	0.0000169032
2638	0.0000169352
2639	0.0000169662
2640	0.0000169914
2641	0.0000170045
2642	0.0000170163
2643	0.0000170264
2644	0.0000170295
2645	0.0000170265
2646	0.0000170082
2647	0.0000169759
2648	0.0000169436
2649	0.0000169332
2650	0.0000169343
2651	0.0000169357
2652	0.0000169462
2653	0.0000169457
2654	0.0000169333
2655	0.0000169097
2656	0.0000168834
2657	0.0000168995
2658	0.0000169645
2659	0.0000170418
2660	0.0000170960
2661	0.0000171331
2662	0.0000171763
2663	0.0000172311
2664	0.0000173097
2665	0.0000174248
2666	0.0000175470
2667	0.0000176436
2668	0.0000177299
2669	0.0000178178
2670	0.0000179118
2671	0.0000180441
2672	0.0000182382
2673	0.0000184616
2674	0.0000186886
2675	0.0000189202
2676	0.0000191482
2677	0.0000193904
2678	0.0000196267
2679	0.0000198223
2680	0.0000199935
2681	0.0000201546
2682	0.0000203170
2683	0.0000204730
2684	0.0000206049
2685	0.0000207089
2686	0.0000207841
2687	0.0000208309
2688	0.0000208567
2689	0.0000208865
2690	0.0000209362
2691	0.0000209861
2692	0.0000210192
2693	0.0000210430
2694	0.0000210531
2695	0.0000210473
2696	0.0000210348
2697	0.0000210155
2698	0.0000209940
2699	0.0000209767
2700	0.0000209856
2701	0.0000210355
2702	0.0000211055
2703	0.0000211945
2704	0.0000213206
2705	0.0000214894
2706	0.0000217233
2707	0.0000220202
2708	0.0000223166
2709	0.0000225825
2710	0.0000228419
2711	0.0000230916
2712	0.0000233025
2713	0.0000234745
2714	0.0000236304
2715	0.0000237787
2716	0.0000239169
2717	0.0000240581
2718	0.0000242088
2719	0.0000243600
2720	0.0000245050
2721	0.0000246300
2722	0.0000247391
2723	0.0000248588
2724	0.0000250017
2725	0.0000251694
2726	0.0000253488
2727	0.0000255155
2728	0.0000256690
2729	0.0000258224
2730	0.0000259607
2731	0.0000260606
2732	0.0000261219
2733	0.0000261723
2734	0.0000262303
2735	0.0000262956
2736	0.0000263723
2737	0.0000264479
2738	0.0000265117
2739	0.0000265628
2740	0.0000265936
2741	0.0000265931
2742	0.0000265545
2743	0.0000264835
2744	0.0000263884
2745	0.0000262901
2746	0.0000261965
2747	0.0000260953
2748	0.0000259867
2749	0.0000258743
2750	0.0000257639
2751	0.0000256702
2752	0.0000255951
2753	0.0000255202
2754	0.0000254345
2755	0.0000253444
2756	0.0000252533
2757	0.0000251460
2758	0.0000250081
2759	0.0000248465
2760	0.0000246926
2761	0.0000245646
2762	0.0000244523
2763	0.0000243728
2764	0.0000243157
2765	0.0000242593
2766	0.0000242228
2767	0.0000241829
2768	0.0000241134
2769	0.0000240300
2770	0.0000239544
2771	0.0000239009
2772	0.0000238623
2773	0.0000238262
2774	0.0000237917
2775	0.0000237642
2776	0.0000237419
2777	0.0000237390
2778	0.0000237577
2779	0.0000237719
2780	0.0000237853
2781	0.0000237933
2782	0.0000237862
2783	0.0000237901
2784	0.0000238146
2785	0.0000238489
2786	0.0000238846
2787	0.0000239183
2788	0.0000239548
2789	0.0000239904
2790	0.0000240165
2791	0.0000240393
2792	0.0000240715
2793	0.0000241116
2794	0.0000241498
2795	0.0000241781
2796	0.0000241951
2797	0.0000242070
2798	0.0000242136
2799	0.0000242116
2800	0.0000242038
2801	0.0000241895
2802	0.0000241658
2803	0.0000241342
2804	0.0000240958
2805	0.0000240509
2806	0.0000239925
2807	0.0000239222
2808	0.0000238473
2809	0.0000237611
2810	0.0000236594
2811	0.0000235392
2812	0.0000234164
2813	0.0000233185
2814	0.0000232523
2815	0.0000232047
2816	0.0000231452
2817	0.0000230741
2818	0.0000230047
2819	0.0000229214
2820	0.0000228280
2821	0.0000227443
2822	0.0000226633
2823	0.0000225717
2824	0.0000224669
2825	0.0000223494
2826	0.0000222216
2827	0.0000220863
2828	0.0000219506
2829	0.0000218109
2830	0.0000216727
2831	0.0000215503
2832	0.0000214565
2833	0.0000213947
2834	0.0000213232
2835	0.0000212349
2836	0.0000211566
2837	0.0000210780
2838	0.0000209867
2839	0.0000208822
2840	0.0000207614
2841	0.0000206117
2842	0.0000204329
2843	0.0000202317
2844	0.0000200237
2845	0.0000198272
2846	0.0000196374
2847	0.0000194611
2848	0.0000193300
2849	0.0000192670
2850	0.0000192376
2851	0.0000192022
2852	0.0000191676
2853	0.0000191334
2854	0.0000190843
2855	0.0000190415
2856	0.0000190292
2857	0.0000190257
2858	0.0000190266
2859	0.0000190235
2860	0.0000190093
2861	0.0000190257
2862	0.0000190766
2863	0.0000191356
2864	0.0000191820
2865	0.0000192086
2866	0.0000192457
2867	0.0000193044
2868	0.0000193552
2869	0.0000193837
2870	0.0000193966
2871	0.0000193881
2872	0.0000193428
2873	0.0000192487
2874	0.0000190958
2875	0.0000188922
2876	0.0000186790
2877	0.0000184786
2878	0.0000182751
2879	0.0000180767
2880	0.0000178972
2881	0.0000177288
2882	0.0000175806
2883	0.0000174546
2884	0.0000173314
2885	0.0000172098
2886	0.0000171071
2887	0.0000170474
2888	0.0000170172
2889	0.0000169868
2890	0.0000169759
2891	0.0000169800
2892	0.0000169535
2893	0.0000169127
2894	0.0000169025
2895	0.0000169012
2896	0.0000168876
2897	0.0000168839
2898	0.0000168910
2899	0.0000169050
2900	0.0000169199
2901	0.0000169267
2902	0.0000169297
2903	0.0000169222
2904	0.0000169000
2905	0.0000168728
2906	0.0000168601
2907	0.0000168641
2908	0.0000168662
2909	0.0000168692
2910	0.0000168823
2911	0.0000169038
2912	0.0000169352
2913	0.0000169709
2914	0.0000169987
2915	0.0000170221
2916	0.0000170487
2917	0.0000170751
2918	0.0000170959
2919	0.0000171056
2920	0.0000171077
2921	0.0000171066
2922	0.0000171013
2923	0.0000170959
2924	0.0000170900
2925	0.0000170831
2926	0.0000170753
2927	0.0000170671
2928	0.0000170607
2929	0.0000170545
2930	0.0000170451
2931	0.0000170277
2932	0.0000170099
2933	0.0000170016
2934	0.0000170037
2935	0.0000170152
2936	0.0000170327
2937	0.0000170528
2938	0.0000170714
2939	0.0000170889
2940	0.0000171052
2941	0.0000171203
2942	0.0000171284
2943	0.0000171265
2944	0.0000171235
2945	0.0000171204
2946	0.0000171111
2947	0.0000170843
2948	0.0000170419
2949	0.0000169943
2950	0.0000169353
2951	0.0000168517
2952	0.0000167560
2953	0.0000166860
2954	0.0000166236
2955	0.0000165495
2956	0.0000164888
2957	0.0000164215
2958	0.0000163530
2959	0.0000163122
2960	0.0000162404
2961	0.0000160993
2962	0.0000159458
2963	0.0000158268
2964	0.0000157440
2965	0.0000156756
2966	0.0000156035
2967	0.0000155450
2968	0.0000154764
2969	0.0000153670
2970	0.0000152296
2971	0.0000150281
2972	0.0000147926
2973	0.0000146012
2974	0.0000144344
2975	0.0000142798
2976	0.0000141111
2977	0.0000139277
2978	0.0000138157
2979	0.0000137908
2980	0.0000138058
2981	0.0000138225
2982	0.0000138019
2983	0.0000137222
2984	0.0000136015
2985	0.0000134859
2986	0.0000134150
2987	0.0000134319
2988	0.0000135516
2989	0.0000136999
2990	0.0000138004
2991	0.0000138487
2992	0.0000139140
2993	0.0000140630
2994	0.0000142576
2995	0.0000144777
2996	0.0000147188
2997	0.0000149203
2998	0.0000150423
2999	0.0000151161
