0	0.0000000000
1	0.0000000000
2	0.0000000000
3	0.0000000000
4	0.0000000000
5	0.0000000000
6	0.0000000000
7	0.0000000000
8	0.0000000000
9	0.0000000000
10	0.0000000000
11	0.0000000000
12	0.0000000000
13	0.0000000000
14	0.0000000000
15	0.0000000000
16	0.0000000000
17	0.0000000000
18	0.0000000000
19	0.0000000000
20	0.0000000000
21	0.0000000000
22	0.0000000000
23	0.0000000000
24	0.0000000000
25	0.0000000000
26	0.0000000000
27	0.0000000000
28	0.0000000000
29	0.0000000000
30	0.0000000001
31	0.0000000003
32	0.0000000008
33	0.0000000020
34	0.0000000042
35	0.0000000078
36	0.0000000128
37	0.0000000185
38	0.0000000236
39	0.0000000275
40	0.0000000310
41	0.0000000357
42	0.0000000424
43	0.0000000500
44	0.0000000567
45	0.0000000629
46	0.0000000708
47	0.0000000807
48	0.0000000906
49	0.0000000996
50	0.0000001099
51	0.0000001227
52	0.0000001354
53	0.0000001474
54	0.0000001613
55	0.0000001774
56	0.0000001929
57	0.0000002085
58	0.0000002269
59	0.0000002464
60	0.0000002650
61	0.0000002856
62	0.0000003087
63	0.0000003312
64	0.0000003546
65	0.0000003812
66	0.0000004079
67	0.0000004347
68	0.0000004648
69	0.0000004958
70	0.0000005264
71	0.0000005602
72	0.0000005955
73	0.0000006302
74	0.0000006679
75	0.0000007074
76	0.0000007461
77	0.0000007879
78	0.0000008314
79	0.0000008742
80	0.0000009201
81	0.0000009675
82	0.0000010142
83	0.0000010641
84	0.0000011152
85	0.0000011658
86	0.0000012196
87	0.0000012741
88	0.0000013281
89	0.0000013855
90	0.0000014426
91	0.0000015004
92	0.0000015619
93	0.0000016229
94	0.0000016847
95	0.0000017473
96	0.0000018068
97	0.0000018684
98	0.0000019348
99	0.0000020044
100	0.0000020787
101	0.0000021493
102	0.0000022125
103	0.0000022748
104	0.0000023389
105	0.0000024090
106	0.0000024832
107	0.0000025541
108	0.0000026265
109	0.0000027030
110	0.0000027806
111	0.0000028575
112	0.0000029286
113	0.0000029988
114	0.0000030734
115	0.0000031453
116	0.0000032151
117	0.0000032856
118	0.0000033592
119	0.0000034367
120	0.0000035111
121	0.0000035859
122	0.0000036666
123	0.0000037465
124	0.0000038245
125	0.0000039018
126	0.0000039805
127	0.0000040602
128	0.0000041339
129	0.0000042077
130	0.0000042844
131	0.0000043573
132	0.0000044285
133	0.0000045004
134	0.0000045740
135	0.0000046465
136	0.0000047161
137	0.0000047905
138	0.0000048654
139	0.0000049368
140	0.0000050113
141	0.0000050871
142	0.0000051621
143	0.0000052356
144	0.0000053105
145	0.0000053875
146	0.0000054596
147	0.0000055326
148	0.0000056078
149	0.0000056783
150	0.0000057479
151	0.0000058183
152	0.0000058885
153	0.0000059568
154	0.0000060248
155	0.0000060926
156	0.0000061522
157	0.0000062094
158	0.0000062724
159	0.0000063402
160	0.0000064153
161	0.0000064887
162	0.0000065448
163	0.0000065810
164	0.0000066150
165	0.0000066714
166	0.0000067541
167	0.0000068510
168	0.0000069333
169	0.0000069801
170	0.0000070092
171	0.0000070432
172	0.0000070893
173	0.0000071430
174	0.0000072007
175	0.0000072682
176	0.0000073486
177	0.0000074344
178	0.0000075021
179	0.0000075448
180	0.0000075811
181	0.0000076164
182	0.0000076472
183	0.0000076752
184	0.0000077096
185	0.0000077626
186	0.0000078302
187	0.0000078983
188	0.0000079609
189	0.0000080261
190	0.0000080894
191	0.0000081334
192	0.0000081624
193	0.0000081862
194	0.0000082072
195	0.0000082242
196	0.0000082379
197	0.0000082609
198	0.0000082981
199	0.0000083411
200	0.0000083854
201	0.0000084392
202	0.0000085007
203	0.0000085541
204	0.0000086002
205	0.0000086434
206	0.0000086784
207	0.0000087019
208	0.0000087146
209	0.0000087253
210	0.0000087346
211	0.0000087382
212	0.0000087436
213	0.0000087592
214	0.0000087802
215	0.0000088022
216	0.0000088349
217	0.0000088769
218	0.0000089191
219	0.0000089631
220	0.0000090087
221	0.0000090531
222	0.0000090904
223	0.0000091210
224	0.0000091494
225	0.0000091702
226	0.0000091803
227	0.0000091856
228	0.0000091877
229	0.0000091833
230	0.0000091803
231	0.0000091845
232	0.0000091878
233	0.0000091910
234	0.0000091984
235	0.0000092113
236	0.0000092294
237	0.0000092526
238	0.0000092834
239	0.0000093165
240	0.0000093486
241	0.0000093840
242	0.0000094206
243	0.0000094510
244	0.0000094776
245	0.0000095039
246	0.0000095239
247	0.0000095388
248	0.0000095507
249	0.0000095565
250	0.0000095580
251	0.0000095568
252	0.0000095520
253	0.0000095425
254	0.0000095324
255	0.0000095256
256	0.0000095177
257	0.0000095099
258	0.0000095076
259	0.0000095097
260	0.0000095131
261	0.0000095221
262	0.0000095349
263	0.0000095482
264	0.0000095672
265	0.0000095885
266	0.0000096090
267	0.0000096315
268	0.0000096559
269	0.0000096797
270	0.0000097013
271	0.0000097229
272	0.0000097432
273	0.0000097596
274	0.0000097736
275	0.0000097853
276	0.0000097925
277	0.0000097963
278	0.0000097974
279	0.0000097942
280	0.0000097895
281	0.0000097825
282	0.0000097724
283	0.0000097632
284	0.0000097531
285	0.0000097399
286	0.0000097269
287	0.0000097171
288	0.0000097095
289	0.0000097043
290	0.0000097028
291	0.0000097008
292	0.0000096954
293	0.0000096904
294	0.0000096897
295	0.0000096953
296	0.0000097092
297	0.0000097261
298	0.0000097389
299	0.0000097515
300	0.0000097632
301	0.0000097745
302	0.0000097919
303	0.0000098119
304	0.0000098309
305	0.0000098503
306	0.0000098706
307	0.0000098900
308	0.0000099076
309	0.0000099236
310	0.0000099374
311	0.0000099491
312	0.0000099591
313	0.0000099663
314	0.0000099705
315	0.0000099725
316	0.0000099713
317	0.0000099670
318	0.0000099609
319	0.0000099542
320	0.0000099498
321	0.0000099450
322	0.0000099379
323	0.0000099316
324	0.0000099246
325	0.0000099147
326	0.0000099018
327	0.0000098855
328	0.0000098666
329	0.0000098489
330	0.0000098318
331	0.0000098134
332	0.0000097974
333	0.0000097875
334	0.0000097820
335	0.0000097781
336	0.0000097767
337	0.0000097773
338	0.0000097810
339	0.0000097841
340	0.0000097822
341	0.0000097837
342	0.0000097867
343	0.0000097857
344	0.0000097873
345	0.0000097913
346	0.0000097976
347	0.0000098102
348	0.0000098258
349	0.0000098416
350	0.0000098614
351	0.0000098851
352	0.0000099095
353	0.0000099369
354	0.0000099678
355	0.0000099977
356	0.0000100213
357	0.0000100393
358	0.0000100559
359	0.0000100762
360	0.0000101021
361	0.0000101281
362	0.0000101522
363	0.0000101693
364	0.0000101777
365	0.0000101865
366	0.0000102000
367	0.0000102183
368	0.0000102385
369	0.0000102549
370	0.0000102672
371	0.0000102776
372	0.0000102860
373	0.0000102930
374	0.0000102987
375	0.0000103039
376	0.0000103112
377	0.0000103193
378	0.0000103255
379	0.0000103279
380	0.0000103262
381	0.0000103203
382	0.0000103106
383	0.0000102980
384	0.0000102833
385	0.0000102661
386	0.0000102450
387	0.0000102217
388	0.0000101954
389	0.0000101660
390	0.0000101379
391	0.0000101099
392	0.0000100830
393	0.0000100604
394	0.0000100412
395	0.0000100270
396	0.0000100161
397	0.0000100015
398	0.0000099881
399	0.0000099786
400	0.0000099645
401	0.0000099474
402	0.0000099325
403	0.0000099204
404	0.0000099086
405	0.0000098974
406	0.0000098876
407	0.0000098781
408	0.0000098694
409	0.0000098562
410	0.0000098382
411	0.0000098159
412	0.0000097902
413	0.0000097664
414	0.0000097385
415	0.0000097110
416	0.0000096946
417	0.0000096856
418	0.0000096834
419	0.0000096882
420	0.0000096987
421	0.0000097185
422	0.0000097392
423	0.0000097573
424	0.0000097837
425	0.0000098092
426	0.0000098250
427	0.0000098374
428	0.0000098479
429	0.0000098608
430	0.0000098785
431	0.0000099002
432	0.0000099232
433	0.0000099486
434	0.0000099754
435	0.0000100004
436	0.0000100287
437	0.0000100577
438	0.0000100836
439	0.0000101028
440	0.0000101169
441	0.0000101338
442	0.0000101458
443	0.0000101484
444	0.0000101508
445	0.0000101559
446	0.0000101649
447	0.0000101787
448	0.0000101971
449	0.0000102251
450	0.0000102584
451	0.0000102937
452	0.0000103374
453	0.0000103802
454	0.0000104190
455	0.0000104588
456	0.0000104967
457	0.0000105322
458	0.0000105632
459	0.0000105891
460	0.0000106125
461	0.0000106356
462	0.0000106544
463	0.0000106677
464	0.0000106820
465	0.0000106965
466	0.0000107094
467	0.0000107210
468	0.0000107335
469	0.0000107481
470	0.0000107606
471	0.0000107725
472	0.0000107853
473	0.0000107927
474	0.0000107950
475	0.0000107949
476	0.0000107886
477	0.0000107768
478	0.0000107609
479	0.0000107433
480	0.0000107261
481	0.0000107016
482	0.0000106719
483	0.0000106425
484	0.0000106122
485	0.0000105868
486	0.0000105682
487	0.0000105524
488	0.0000105365
489	0.0000105180
490	0.0000104971
491	0.0000104811
492	0.0000104748
493	0.0000104745
494	0.0000104755
495	0.0000104726
496	0.0000104632
497	0.0000104527
498	0.0000104464
499	0.0000104451
500	0.0000104453
501	0.0000104441
502	0.0000104411
503	0.0000104349
504	0.0000104252
505	0.0000104119
506	0.0000103904
507	0.0000103637
508	0.0000103401
509	0.0000103222
510	0.0000103074
511	0.0000102876
512	0.0000102629
513	0.0000102358
514	0.0000102041
515	0.0000101706
516	0.0000101310
517	0.0000100879
518	0.0000100521
519	0.0000100245
520	0.0000100029
521	0.0000099819
522	0.0000099529
523	0.0000099192
524	0.0000098870
525	0.0000098470
526	0.0000097955
527	0.0000097406
528	0.0000096868
529	0.0000096416
530	0.0000096062
531	0.0000095713
532	0.0000095362
533	0.0000095078
534	0.0000094830
535	0.0000094526
536	0.0000094133
537	0.0000093737
538	0.0000093379
539	0.0000093039
540	0.0000092758
541	0.0000092533
542	0.0000092406
543	0.0000092382
544	0.0000092391
545	0.0000092414
546	0.0000092430
547	0.0000092482
548	0.0000092517
549	0.0000092468
550	0.0000092434
551	0.0000092476
552	0.0000092614
553	0.0000092798
554	0.0000092965
555	0.0000093178
556	0.0000093411
557	0.0000093545
558	0.0000093596
559	0.0000093577
560	0.0000093468
561	0.0000093244
562	0.0000092821
563	0.0000092294
564	0.0000091865
565	0.0000091483
566	0.0000091067
567	0.0000090727
568	0.0000090476
569	0.0000090265
570	0.0000090049
571	0.0000089769
572	0.0000089446
573	0.0000089056
574	0.0000088641
575	0.0000088167
576	0.0000087678
577	0.0000087308
578	0.0000086935
579	0.0000086577
580	0.0000086349
581	0.0000086295
582	0.0000086348
583	0.0000086356
584	0.0000086437
585	0.0000086643
586	0.0000086814
587	0.0000086868
588	0.0000086803
589	0.0000086704
590	0.0000086568
591	0.0000086283
592	0.0000085958
593	0.0000085690
594	0.0000085451
595	0.0000085269
596	0.0000085141
597	0.0000085106
598	0.0000085143
599	0.0000085159
600	0.0000085192
601	0.0000085257
602	0.0000085233
603	0.0000085150
604	0.0000085086
605	0.0000084997
606	0.0000084922
607	0.0000084839
608	0.0000084792
609	0.0000084854
610	0.0000084980
611	0.0000085186
612	0.0000085523
613	0.0000086035
614	0.0000086539
615	0.0000086960
616	0.0000087454
617	0.0000087993
618	0.0000088515
619	0.0000088983
620	0.0000089356
621	0.0000089551
622	0.0000089492
623	0.0000089373
624	0.0000089356
625	0.0000089401
626	0.0000089458
627	0.0000089453
628	0.0000089394
629	0.0000089295
630	0.0000089194
631	0.0000089233
632	0.0000089290
633	0.0000089254
634	0.0000089177
635	0.0000089081
636	0.0000088900
637	0.0000088479
638	0.0000087854
639	0.0000087208
640	0.0000086565
641	0.0000085936
642	0.0000085466
643	0.0000085058
644	0.0000084663
645	0.0000084372
646	0.0000084145
647	0.0000084094
648	0.0000084104
649	0.0000084114
650	0.0000084368
651	0.0000084862
652	0.0000085422
653	0.0000085948
654	0.0000086522
655	0.0000087071
656	0.0000087494
657	0.0000087899
658	0.0000088222
659	0.0000088442
660	0.0000088722
661	0.0000089102
662	0.0000089510
663	0.0000089865
664	0.0000090277
665	0.0000090802
666	0.0000091291
667	0.0000091779
668	0.0000092316
669	0.0000092933
670	0.0000093626
671	0.0000094363
672	0.0000095167
673	0.0000095897
674	0.0000096532
675	0.0000097144
676	0.0000097676
677	0.0000098069
678	0.0000098361
679	0.0000098603
680	0.0000098755
681	0.0000098827
682	0.0000098992
683	0.0000099384
684	0.0000099843
685	0.0000100295
686	0.0000100701
687	0.0000101100
688	0.0000101685
689	0.0000102449
690	0.0000103446
691	0.0000104546
692	0.0000105521
693	0.0000106470
694	0.0000107434
695	0.0000108458
696	0.0000109650
697	0.0000110906
698	0.0000111991
699	0.0000112903
700	0.0000113836
701	0.0000114672
702	0.0000115318
703	0.0000115959
704	0.0000116651
705	0.0000117532
706	0.0000118661
707	0.0000119910
708	0.0000121074
709	0.0000122080
710	0.0000123146
711	0.0000124193
712	0.0000125169
713	0.0000126204
714	0.0000127324
715	0.0000128491
716	0.0000129642
717	0.0000130856
718	0.0000131966
719	0.0000132746
720	0.0000133326
721	0.0000133895
722	0.0000134344
723	0.0000134564
724	0.0000134622
725	0.0000134583
726	0.0000134449
727	0.0000134090
728	0.0000133544
729	0.0000132838
730	0.0000132107
731	0.0000131559
732	0.0000131057
733	0.0000130691
734	0.0000130574
735	0.0000130660
736	0.0000130917
737	0.0000131124
738	0.0000131323
739	0.0000131591
740	0.0000131793
741	0.0000132073
742	0.0000132445
743	0.0000132819
744	0.0000133308
745	0.0000133953
746	0.0000134625
747	0.0000135261
748	0.0000135952
749	0.0000136547
750	0.0000137020
751	0.0000137438
752	0.0000137718
753	0.0000138038
754	0.0000138536
755	0.0000139128
756	0.0000139609
757	0.0000140080
758	0.0000140718
759	0.0000141361
760	0.0000141965
761	0.0000142643
762	0.0000143431
763	0.0000144250
764	0.0000145108
765	0.0000146079
766	0.0000147160
767	0.0000148305
768	0.0000149483
769	0.0000150631
770	0.0000151707
771	0.0000152767
772	0.0000153696
773	0.0000154423
774	0.0000155018
775	0.0000155540
776	0.0000156037
777	0.0000156476
778	0.0000156889
779	0.0000157275
780	0.0000157621
781	0.0000157950
782	0.0000158148
783	0.0000158230
784	0.0000158256
785	0.0000158216
786	0.0000158149
787	0.0000158048
788	0.0000158026
789	0.0000158082
790	0.0000158169
791	0.0000158393
792	0.0000158709
793	0.0000159082
794	0.0000159503
795	0.0000159948
796	0.0000160396
797	0.0000160850
798	0.0000161232
799	0.0000161570
800	0.0000162011
801	0.0000162367
802	0.0000162584
803	0.0000162850
804	0.0000163202
805	0.0000163573
806	0.0000163969
807	0.0000164360
808	0.0000164567
809	0.0000164600
810	0.0000164607
811	0.0000164688
812	0.0000164976
813	0.0000165502
814	0.0000165979
815	0.0000166217
816	0.0000166427
817	0.0000166924
818	0.0000167909
819	0.0000169295
820	0.0000170803
821	0.0000172001
822	0.0000172768
823	0.0000173444
824	0.0000174278
825	0.0000175459
826	0.0000176903
827	0.0000178309
828	0.0000179682
829	0.0000181079
830	0.0000182532
831	0.0000183955
832	0.0000185331
833	0.0000186826
834	0.0000188312
835	0.0000189939
836	0.0000191653
837	0.0000192990
838	0.0000193760
839	0.0000194001
840	0.0000194176
841	0.0000194356
842	0.0000194350
843	0.0000194247
844	0.0000194110
845	0.0000194039
846	0.0000193927
847	0.0000193598
848	0.0000193084
849	0.0000192558
850	0.0000192114
851	0.0000191970
852	0.0000192100
853	0.0000192083
854	0.0000192002
855	0.0000191957
856	0.0000191726
857	0.0000191308
858	0.0000190767
859	0.0000190133
860	0.0000189724
861	0.0000189729
862	0.0000189898
863	0.0000190104
864	0.0000190460
865	0.0000190930
866	0.0000191336
867	0.0000191647
868	0.0000191829
869	0.0000191968
870	0.0000192342
871	0.0000192907
872	0.0000193444
873	0.0000193905
874	0.0000194376
875	0.0000194889
876	0.0000195285
877	0.0000195528
878	0.0000195726
879	0.0000196034
880	0.0000196485
881	0.0000196856
882	0.0000197331
883	0.0000198026
884	0.0000198726
885	0.0000199282
886	0.0000199546
887	0.0000199619
888	0.0000199514
889	0.0000199477
890	0.0000199614
891	0.0000199734
892	0.0000200047
893	0.0000200655
894	0.0000201540
895	0.0000202528
896	0.0000203540
897	0.0000204738
898	0.0000206080
899	0.0000207461
900	0.0000208898
901	0.0000210499
902	0.0000212313
903	0.0000214257
904	0.0000216221
905	0.0000218271
906	0.0000220396
907	0.0000222477
908	0.0000224430
909	0.0000226085
910	0.0000227569
911	0.0000229084
912	0.0000230449
913	0.0000231670
914	0.0000233005
915	0.0000234467
916	0.0000236062
917	0.0000237738
918	0.0000239321
919	0.0000240895
920	0.0000242492
921	0.0000243880
922	0.0000245031
923	0.0000246113
924	0.0000247113
925	0.0000247959
926	0.0000248729
927	0.0000249465
928	0.0000250140
929	0.0000250784
930	0.0000251336
931	0.0000251799
932	0.0000252188
933	0.0000252468
934	0.0000252705
935	0.0000252911
936	0.0000253162
937	0.0000253449
938	0.0000253753
939	0.0000254054
940	0.0000254351
941	0.0000254838
942	0.0000255404
943	0.0000255927
944	0.0000256443
945	0.0000256920
946	0.0000257291
947	0.0000257504
948	0.0000257690
949	0.0000257906
950	0.0000258104
951	0.0000258266
952	0.0000258395
953	0.0000258547
954	0.0000258739
955	0.0000258949
956	0.0000259168
957	0.0000259382
958	0.0000259571
959	0.0000259715
960	0.0000259823
961	0.0000259918
962	0.0000259989
963	0.0000260039
964	0.0000260097
965	0.0000260161
966	0.0000260207
967	0.0000260210
968	0.0000260195
969	0.0000260186
970	0.0000260155
971	0.0000260102
972	0.0000260018
973	0.0000259910
974	0.0000259808
975	0.0000259702
976	0.0000259639
977	0.0000259644
978	0.0000259662
979	0.0000259767
980	0.0000260019
981	0.0000260266
982	0.0000260473
983	0.0000260665
984	0.0000260809
985	0.0000260940
986	0.0000261045
987	0.0000261078
988	0.0000261077
989	0.0000261180
990	0.0000261325
991	0.0000261447
992	0.0000261652
993	0.0000261929
994	0.0000262300
995	0.0000262714
996	0.0000263216
997	0.0000263878
998	0.0000264601
999	0.0000265392
1000	0.0000266270
1001	0.0000267204
1002	0.0000268013
1003	0.0000268713
1004	0.0000269489
1005	0.0000270311
1006	0.0000271163
1007	0.0000272029
1008	0.0000272864
1009	0.0000273647
1010	0.0000274366
1011	0.0000275072
1012	0.0000275816
1013	0.0000276582
1014	0.0000277225
1015	0.0000277620
1016	0.0000277834
1017	0.0000277938
1018	0.0000278021
1019	0.0000278176
1020	0.0000278312
1021	0.0000278328
1022	0.0000278242
1023	0.0000278170
1024	0.0000278189
1025	0.0000278243
1026	0.0000278359
1027	0.0000278628
1028	0.0000279013
1029	0.0000279439
1030	0.0000279842
1031	0.0000280186
1032	0.0000280426
1033	0.0000280500
1034	0.0000280499
1035	0.0000280501
1036	0.0000280472
1037	0.0000280362
1038	0.0000280159
1039	0.0000279940
1040	0.0000279756
1041	0.0000279592
1042	0.0000279500
1043	0.0000279491
1044	0.0000279492
1045	0.0000279609
1046	0.0000279765
1047	0.0000279853
1048	0.0000279903
1049	0.0000279846
1050	0.0000279846
1051	0.0000279997
1052	0.0000280145
1053	0.0000280217
1054	0.0000280404
1055	0.0000280701
1056	0.0000280873
1057	0.0000280996
1058	0.0000281085
1059	0.0000281174
1060	0.0000281321
1061	0.0000281523
1062	0.0000281866
1063	0.0000282272
1064	0.0000282701
1065	0.0000283186
1066	0.0000283654
1067	0.0000283997
1068	0.0000284202
1069	0.0000284328
1070	0.0000284363
1071	0.0000284348
1072	0.0000284314
1073	0.0000284204
1074	0.0000284055
1075	0.0000283901
1076	0.0000283748
1077	0.0000283589
1078	0.0000283386
1079	0.0000283180
1080	0.0000283012
1081	0.0000282825
1082	0.0000282573
1083	0.0000282328
1084	0.0000282089
1085	0.0000281703
1086	0.0000281160
1087	0.0000280521
1088	0.0000279779
1089	0.0000278974
1090	0.0000278095
1091	0.0000277114
1092	0.0000276058
1093	0.0000274941
1094	0.0000273804
1095	0.0000272567
1096	0.0000271211
1097	0.0000269871
1098	0.0000268613
1099	0.0000267428
1100	0.0000266277
1101	0.0000265239
1102	0.0000264362
1103	0.0000263547
1104	0.0000262713
1105	0.0000261919
1106	0.0000261120
1107	0.0000260214
1108	0.0000259213
1109	0.0000258173
1110	0.0000257176
1111	0.0000256122
1112	0.0000255145
1113	0.0000254326
1114	0.0000253610
1115	0.0000253086
1116	0.0000252654
1117	0.0000252375
1118	0.0000252133
1119	0.0000251780
1120	0.0000251504
1121	0.0000251297
1122	0.0000250999
1123	0.0000250686
1124	0.0000250478
1125	0.0000250194
1126	0.0000249859
1127	0.0000249521
1128	0.0000249046
1129	0.0000248615
1130	0.0000248234
1131	0.0000247692
1132	0.0000246964
1133	0.0000246183
1134	0.0000245599
1135	0.0000245239
1136	0.0000245024
1137	0.0000244978
1138	0.0000244957
1139	0.0000244793
1140	0.0000244607
1141	0.0000244705
1142	0.0000245154
1143	0.0000245830
1144	0.0000246536
1145	0.0000247066
1146	0.0000247511
1147	0.0000248061
1148	0.0000248843
1149	0.0000249881
1150	0.0000250933
1151	0.0000251780
1152	0.0000252402
1153	0.0000252804
1154	0.0000253125
1155	0.0000253470
1156	0.0000253743
1157	0.0000253884
1158	0.0000254057
1159	0.0000254351
1160	0.0000254579
1161	0.0000254727
1162	0.0000254841
1163	0.0000254997
1164	0.0000255302
1165	0.0000255726
1166	0.0000256139
1167	0.0000256342
1168	0.0000256319
1169	0.0000256173
1170	0.0000255960
1171	0.0000255682
1172	0.0000255440
1173	0.0000255277
1174	0.0000255166
1175	0.0000255130
1176	0.0000255117
1177	0.0000255003
1178	0.0000254576
1179	0.0000254071
1180	0.0000253745
1181	0.0000253529
1182	0.0000253313
1183	0.0000253005
1184	0.0000252832
1185	0.0000252749
1186	0.0000252662
1187	0.0000252594
1188	0.0000252486
1189	0.0000252527
1190	0.0000252783
1191	0.0000253222
1192	0.0000253714
1193	0.0000254063
1194	0.0000254294
1195	0.0000254388
1196	0.0000254283
1197	0.0000254025
1198	0.0000253611
1199	0.0000253140
1200	0.0000252973
1201	0.0000253051
1202	0.0000252965
1203	0.0000252871
1204	0.0000252860
1205	0.0000252796
1206	0.0000252826
1207	0.0000252924
1208	0.0000253104
1209	0.0000253495
1210	0.0000254113
1211	0.0000254971
1212	0.0000255980
1213	0.0000257103
1214	0.0000258366
1215	0.0000259649
1216	0.0000260876
1217	0.0000262100
1218	0.0000263335
1219	0.0000264685
1220	0.0000266273
1221	0.0000267906
1222	0.0000269324
1223	0.0000270632
1224	0.0000271868
1225	0.0000272946
1226	0.0000273741
1227	0.0000274236
1228	0.0000274827
1229	0.0000275611
1230	0.0000276532
1231	0.0000277554
1232	0.0000278581
1233	0.0000279678
1234	0.0000280874
1235	0.0000281971
1236	0.0000282737
1237	0.0000283442
1238	0.0000284197
1239	0.0000284824
1240	0.0000285386
1241	0.0000286006
1242	0.0000286680
1243	0.0000287347
1244	0.0000288032
1245	0.0000288686
1246	0.0000289294
1247	0.0000289833
1248	0.0000290359
1249	0.0000290812
1250	0.0000291115
1251	0.0000291487
1252	0.0000291909
1253	0.0000292261
1254	0.0000292449
1255	0.0000292567
1256	0.0000292660
1257	0.0000292563
1258	0.0000292358
1259	0.0000292136
1260	0.0000292039
1261	0.0000292092
1262	0.0000292212
1263	0.0000292506
1264	0.0000293035
1265	0.0000293825
1266	0.0000294678
1267	0.0000295314
1268	0.0000295684
1269	0.0000295769
1270	0.0000295661
1271	0.0000295448
1272	0.0000295109
1273	0.0000294621
1274	0.0000294001
1275	0.0000293219
1276	0.0000292180
1277	0.0000291046
1278	0.0000290027
1279	0.0000288923
1280	0.0000287360
1281	0.0000285466
1282	0.0000283424
1283	0.0000281213
1284	0.0000279087
1285	0.0000276993
1286	0.0000274864
1287	0.0000272994
1288	0.0000271151
1289	0.0000269182
1290	0.0000267313
1291	0.0000265383
1292	0.0000263313
1293	0.0000261241
1294	0.0000259416
1295	0.0000257944
1296	0.0000256577
1297	0.0000255225
1298	0.0000253992
1299	0.0000253032
1300	0.0000252313
1301	0.0000251748
1302	0.0000251158
1303	0.0000250610
1304	0.0000250179
1305	0.0000249499
1306	0.0000248600
1307	0.0000247506
1308	0.0000246238
1309	0.0000244933
1310	0.0000243686
1311	0.0000242637
1312	0.0000241752
1313	0.0000240959
1314	0.0000240172
1315	0.0000239325
1316	0.0000238425
1317	0.0000237604
1318	0.0000236591
1319	0.0000235267
1320	0.0000234101
1321	0.0000233127
1322	0.0000232087
1323	0.0000231026
1324	0.0000230207
1325	0.0000229526
1326	0.0000228898
1327	0.0000228321
1328	0.0000227747
1329	0.0000227346
1330	0.0000227064
1331	0.0000226816
1332	0.0000226367
1333	0.0000225612
1334	0.0000224800
1335	0.0000223988
1336	0.0000223317
1337	0.0000222834
1338	0.0000222376
1339	0.0000221769
1340	0.0000220981
1341	0.0000220228
1342	0.0000219486
1343	0.0000218715
1344	0.0000217910
1345	0.0000217022
1346	0.0000216110
1347	0.0000215163
1348	0.0000214464
1349	0.0000214329
1350	0.0000214655
1351	0.0000215158
1352	0.0000215760
1353	0.0000216616
1354	0.0000217600
1355	0.0000218453
1356	0.0000219218
1357	0.0000219998
1358	0.0000220747
1359	0.0000221493
1360	0.0000222246
1361	0.0000222846
1362	0.0000223181
1363	0.0000223307
1364	0.0000223414
1365	0.0000223708
1366	0.0000224154
1367	0.0000224606
1368	0.0000225074
1369	0.0000225682
1370	0.0000226280
1371	0.0000226575
1372	0.0000226750
1373	0.0000226787
1374	0.0000226632
1375	0.0000226464
1376	0.0000226152
1377	0.0000225772
1378	0.0000225378
1379	0.0000224850
1380	0.0000224272
1381	0.0000223804
1382	0.0000223379
1383	0.0000222922
1384	0.0000222467
1385	0.0000222038
1386	0.0000221680
1387	0.0000221243
1388	0.0000220762
1389	0.0000220342
1390	0.0000220074
1391	0.0000219995
1392	0.0000219990
1393	0.0000220114
1394	0.0000220353
1395	0.0000220569
1396	0.0000220745
1397	0.0000220869
1398	0.0000220788
1399	0.0000220656
1400	0.0000220614
1401	0.0000220487
1402	0.0000220094
1403	0.0000219420
1404	0.0000218673
1405	0.0000217750
1406	0.0000216662
1407	0.0000215558
1408	0.0000214410
1409	0.0000213404
1410	0.0000212644
1411	0.0000211989
1412	0.0000211371
1413	0.0000210931
1414	0.0000210445
1415	0.0000209620
1416	0.0000208670
1417	0.0000207535
1418	0.0000206194
1419	0.0000204869
1420	0.0000203635
1421	0.0000202548
1422	0.0000201490
1423	0.0000200622
1424	0.0000200041
1425	0.0000199480
1426	0.0000198921
1427	0.0000198492
1428	0.0000198274
1429	0.0000198157
1430	0.0000198080
1431	0.0000198088
1432	0.0000198069
1433	0.0000197931
1434	0.0000197697
1435	0.0000197487
1436	0.0000197192
1437	0.0000196669
1438	0.0000196240
1439	0.0000196075
1440	0.0000195928
1441	0.0000195676
1442	0.0000195446
1443	0.0000195345
1444	0.0000195244
1445	0.0000195069
1446	0.0000194892
1447	0.0000194835
1448	0.0000194867
1449	0.0000194868
1450	0.0000194930
1451	0.0000195241
1452	0.0000195844
1453	0.0000196531
1454	0.0000197344
1455	0.0000198177
1456	0.0000198992
1457	0.0000200022
1458	0.0000201289
1459	0.0000202939
1460	0.0000204878
1461	0.0000206947
1462	0.0000208892
1463	0.0000210717
1464	0.0000212743
1465	0.0000214944
1466	0.0000217289
1467	0.0000219387
1468	0.0000220770
1469	0.0000221734
1470	0.0000222759
1471	0.0000223906
1472	0.0000225420
1473	0.0000227272
1474	0.0000229043
1475	0.0000230697
1476	0.0000232176
1477	0.0000233671
1478	0.0000235350
1479	0.0000236996
1480	0.0000238482
1481	0.0000239753
1482	0.0000240754
1483	0.0000241572
1484	0.0000242307
1485	0.0000242829
1486	0.0000243082
1487	0.0000243194
1488	0.0000243381
1489	0.0000243451
1490	0.0000243119
1491	0.0000242499
1492	0.0000241646
1493	0.0000240903
1494	0.0000240537
1495	0.0000240404
1496	0.0000240462
1497	0.0000240634
1498	0.0000240867
1499	0.0000241138
1500	0.0000241448
1501	0.0000241756
1502	0.0000241977
1503	0.0000242304
1504	0.0000242806
1505	0.0000243351
1506	0.0000243870
1507	0.0000244287
1508	0.0000244507
1509	0.0000244719
1510	0.0000245255
1511	0.0000245848
1512	0.0000246330
1513	0.0000246926
1514	0.0000247591
1515	0.0000248181
1516	0.0000248584
1517	0.0000248873
1518	0.0000249141
1519	0.0000249340
1520	0.0000249599
1521	0.0000249990
1522	0.0000250372
1523	0.0000250622
1524	0.0000250799
1525	0.0000251001
1526	0.0000251137
1527	0.0000251198
1528	0.0000251327
1529	0.0000251705
1530	0.0000252354
1531	0.0000253157
1532	0.0000253959
1533	0.0000254620
1534	0.0000255266
1535	0.0000255950
1536	0.0000256553
1537	0.0000256983
1538	0.0000257302
1539	0.0000257595
1540	0.0000257843
1541	0.0000258000
1542	0.0000258017
1543	0.0000258028
1544	0.0000258040
1545	0.0000258065
1546	0.0000258125
1547	0.0000258245
1548	0.0000258476
1549	0.0000258763
1550	0.0000259092
1551	0.0000259310
1552	0.0000259425
1553	0.0000259524
1554	0.0000259596
1555	0.0000259659
1556	0.0000259727
1557	0.0000259855
1558	0.0000260080
1559	0.0000260312
1560	0.0000260373
1561	0.0000260210
1562	0.0000259791
1563	0.0000259184
1564	0.0000258488
1565	0.0000257725
1566	0.0000256862
1567	0.0000256095
1568	0.0000255642
1569	0.0000255209
1570	0.0000254729
1571	0.0000254270
1572	0.0000253775
1573	0.0000253357
1574	0.0000252932
1575	0.0000252429
1576	0.0000252003
1577	0.0000251619
1578	0.0000251218
1579	0.0000250866
1580	0.0000250383
1581	0.0000249840
1582	0.0000249400
1583	0.0000248846
1584	0.0000248268
1585	0.0000247767
1586	0.0000247371
1587	0.0000247288
1588	0.0000247495
1589	0.0000247874
1590	0.0000248214
1591	0.0000248560
1592	0.0000249043
1593	0.0000249431
1594	0.0000249806
1595	0.0000250282
1596	0.0000250835
1597	0.0000251371
1598	0.0000251719
1599	0.0000252144
1600	0.0000252983
1601	0.0000254014
1602	0.0000254814
1603	0.0000255443
1604	0.0000255999
1605	0.0000256297
1606	0.0000256462
1607	0.0000256675
1608	0.0000256914
1609	0.0000257183
1610	0.0000257609
1611	0.0000258112
1612	0.0000258495
1613	0.0000259009
1614	0.0000259607
1615	0.0000259993
1616	0.0000260249
1617	0.0000260408
1618	0.0000260529
1619	0.0000260539
1620	0.0000260319
1621	0.0000259931
1622	0.0000259459
1623	0.0000258961
1624	0.0000258420
1625	0.0000257703
1626	0.0000256649
1627	0.0000255411
1628	0.0000254093
1629	0.0000252673
1630	0.0000251179
1631	0.0000249721
1632	0.0000248450
1633	0.0000247312
1634	0.0000246309
1635	0.0000245383
1636	0.0000244477
1637	0.0000243565
1638	0.0000242667
1639	0.0000241860
1640	0.0000241190
1641	0.0000240711
1642	0.0000240312
1643	0.0000240018
1644	0.0000239870
1645	0.0000239841
1646	0.0000239875
1647	0.0000239822
1648	0.0000239692
1649	0.0000239532
1650	0.0000239277
1651	0.0000238871
1652	0.0000238391
1653	0.0000237879
1654	0.0000237333
1655	0.0000236747
1656	0.0000236184
1657	0.0000235727
1658	0.0000235455
1659	0.0000235425
1660	0.0000235514
1661	0.0000235630
1662	0.0000235685
1663	0.0000235676
1664	0.0000235668
1665	0.0000235685
1666	0.0000235813
1667	0.0000235968
1668	0.0000236007
1669	0.0000235987
1670	0.0000236068
1671	0.0000236269
1672	0.0000236484
1673	0.0000236701
1674	0.0000236920
1675	0.0000237125
1676	0.0000237311
1677	0.0000237432
1678	0.0000237608
1679	0.0000237944
1680	0.0000238259
1681	0.0000238505
1682	0.0000238821
1683	0.0000239144
1684	0.0000239403
1685	0.0000239538
1686	0.0000239552
1687	0.0000239652
1688	0.0000239744
1689	0.0000239790
1690	0.0000239851
1691	0.0000239694
1692	0.0000239455
1693	0.0000239326
1694	0.0000239292
1695	0.0000239367
1696	0.0000239524
1697	0.0000239783
1698	0.0000240043
1699	0.0000240250
1700	0.0000240371
1701	0.0000240289
1702	0.0000240003
1703	0.0000239622
1704	0.0000239413
1705	0.0000239416
1706	0.0000239451
1707	0.0000239568
1708	0.0000239903
1709	0.0000240386
1710	0.0000240924
1711	0.0000241613
1712	0.0000242296
1713	0.0000242969
1714	0.0000243811
1715	0.0000244624
1716	0.0000245346
1717	0.0000246050
1718	0.0000246697
1719	0.0000247142
1720	0.0000247486
1721	0.0000247879
1722	0.0000248170
1723	0.0000248371
1724	0.0000248566
1725	0.0000248704
1726	0.0000248704
1727	0.0000248549
1728	0.0000248202
1729	0.0000247771
1730	0.0000247315
1731	0.0000246810
1732	0.0000246328
1733	0.0000245773
1734	0.0000245183
1735	0.0000244602
1736	0.0000244052
1737	0.0000243601
1738	0.0000243173
1739	0.0000242712
1740	0.0000242307
1741	0.0000242058
1742	0.0000241804
1743	0.0000241439
1744	0.0000241015
1745	0.0000240617
1746	0.0000240222
1747	0.0000239749
1748	0.0000239252
1749	0.0000238858
1750	0.0000238666
1751	0.0000238564
1752	0.0000238415
1753	0.0000238242
1754	0.0000238101
1755	0.0000237833
1756	0.0000237306
1757	0.0000236587
1758	0.0000235798
1759	0.0000235040
1760	0.0000234225
1761	0.0000233478
1762	0.0000232898
1763	0.0000232355
1764	0.0000231888
1765	0.0000231561
1766	0.0000231331
1767	0.0000231079
1768	0.0000230879
1769	0.0000230894
1770	0.0000231054
1771	0.0000231240
1772	0.0000231390
1773	0.0000231505
1774	0.0000231569
1775	0.0000231523
1776	0.0000231440
1777	0.0000231369
1778	0.0000231307
1779	0.0000231277
1780	0.0000231278
1781	0.0000231368
1782	0.0000231607
1783	0.0000232011
1784	0.0000232554
1785	0.0000233145
1786	0.0000233591
1787	0.0000233875
1788	0.0000234165
1789	0.0000234556
1790	0.0000235095
1791	0.0000235706
1792	0.0000236215
1793	0.0000236524
1794	0.0000236844
1795	0.0000237292
1796	0.0000237830
1797	0.0000238596
1798	0.0000239427
1799	0.0000240139
1800	0.0000240723
1801	0.0000241225
1802	0.0000241860
1803	0.0000242563
1804	0.0000243225
1805	0.0000243847
1806	0.0000244343
1807	0.0000244748
1808	0.0000245099
1809	0.0000245370
1810	0.0000245580
1811	0.0000245781
1812	0.0000245971
1813	0.0000246140
1814	0.0000246239
1815	0.0000246226
1816	0.0000246114
1817	0.0000245930
1818	0.0000245749
1819	0.0000245600
1820	0.0000245507
1821	0.0000245430
1822	0.0000245315
1823	0.0000245215
1824	0.0000245247
1825	0.0000245442
1826	0.0000245640
1827	0.0000245844
1828	0.0000246136
1829	0.0000246437
1830	0.0000246687
1831	0.0000246887
1832	0.0000246987
1833	0.0000247010
1834	0.0000247049
1835	0.0000247080
1836	0.0000247080
1837	0.0000247005
1838	0.0000246832
1839	0.0000246603
1840	0.0000246370
1841	0.0000246126
1842	0.0000245860
1843	0.0000245635
1844	0.0000245463
1845	0.0000245324
1846	0.0000245195
1847	0.0000245050
1848	0.0000244887
1849	0.0000244709
1850	0.0000244526
1851	0.0000244355
1852	0.0000244180
1853	0.0000244008
1854	0.0000243859
1855	0.0000243700
1856	0.0000243514
1857	0.0000243306
1858	0.0000243133
1859	0.0000243019
1860	0.0000242900
1861	0.0000242697
1862	0.0000242392
1863	0.0000241954
1864	0.0000241407
1865	0.0000240844
1866	0.0000240226
1867	0.0000239506
1868	0.0000238743
1869	0.0000238042
1870	0.0000237355
1871	0.0000236536
1872	0.0000235616
1873	0.0000234623
1874	0.0000233537
1875	0.0000232382
1876	0.0000231192
1877	0.0000230014
1878	0.0000228781
1879	0.0000227539
1880	0.0000226369
1881	0.0000225108
1882	0.0000223711
1883	0.0000222214
1884	0.0000220680
1885	0.0000219173
1886	0.0000217678
1887	0.0000216209
1888	0.0000214861
1889	0.0000213784
1890	0.0000212856
1891	0.0000211892
1892	0.0000210871
1893	0.0000209917
1894	0.0000209094
1895	0.0000208253
1896	0.0000207357
1897	0.0000206505
1898	0.0000205821
1899	0.0000205213
1900	0.0000204559
1901	0.0000203790
1902	0.0000202927
1903	0.0000202148
1904	0.0000201463
1905	0.0000200952
1906	0.0000200583
1907	0.0000200391
1908	0.0000200453
1909	0.0000200553
1910	0.0000200725
1911	0.0000200964
1912	0.0000201179
1913	0.0000201361
1914	0.0000201629
1915	0.0000202019
1916	0.0000202256
1917	0.0000202585
1918	0.0000203195
1919	0.0000203828
1920	0.0000204345
1921	0.0000204580
1922	0.0000204586
1923	0.0000204552
1924	0.0000204482
1925	0.0000204475
1926	0.0000204625
1927	0.0000204848
1928	0.0000205201
1929	0.0000205646
1930	0.0000206196
1931	0.0000206901
1932	0.0000207546
1933	0.0000208129
1934	0.0000208509
1935	0.0000208523
1936	0.0000208401
1937	0.0000208275
1938	0.0000208006
1939	0.0000207565
1940	0.0000207140
1941	0.0000206794
1942	0.0000206433
1943	0.0000205980
1944	0.0000205523
1945	0.0000205081
1946	0.0000204696
1947	0.0000204458
1948	0.0000204337
1949	0.0000204295
1950	0.0000204307
1951	0.0000204355
1952	0.0000204344
1953	0.0000204330
1954	0.0000204304
1955	0.0000204234
1956	0.0000204199
1957	0.0000204078
1958	0.0000203901
1959	0.0000203849
1960	0.0000203772
1961	0.0000203526
1962	0.0000203236
1963	0.0000202885
1964	0.0000202418
1965	0.0000201775
1966	0.0000200863
1967	0.0000199740
1968	0.0000198620
1969	0.0000197588
1970	0.0000196527
1971	0.0000195445
1972	0.0000194346
1973	0.0000193250
1974	0.0000192061
1975	0.0000190602
1976	0.0000189031
1977	0.0000187458
1978	0.0000185779
1979	0.0000184047
1980	0.0000182467
1981	0.0000181117
1982	0.0000179925
1983	0.0000178847
1984	0.0000177888
1985	0.0000176911
1986	0.0000175775
1987	0.0000174663
1988	0.0000173768
1989	0.0000173016
1990	0.0000172433
1991	0.0000171866
1992	0.0000171104
1993	0.0000170289
1994	0.0000169569
1995	0.0000169077
1996	0.0000168727
1997	0.0000168399
1998	0.0000168010
1999	0.0000167583
2000	0.0000167320
2001	0.0000167172
2002	0.0000167111
2003	0.0000167170
2004	0.0000167409
2005	0.0000167732
2006	0.0000167992
2007	0.0000168220
2008	0.0000168386
2009	0.0000168388
2010	0.0000168197
2011	0.0000167943
2012	0.0000167618
2013	0.0000167239
2014	0.0000166746
2015	0.0000166118
2016	0.0000165545
2017	0.0000165022
2018	0.0000164545
2019	0.0000164088
2020	0.0000163651
2021	0.0000163158
2022	0.0000162561
2023	0.0000162015
2024	0.0000161591
2025	0.0000161339
2026	0.0000161214
2027	0.0000161269
2028	0.0000161520
2029	0.0000161837
2030	0.0000162135
2031	0.0000162242
2032	0.0000162198
2033	0.0000162148
2034	0.0000162080
2035	0.0000161820
2036	0.0000161327
2037	0.0000160827
2038	0.0000160342
2039	0.0000159750
2040	0.0000159149
2041	0.0000158658
2042	0.0000158279
2043	0.0000158018
2044	0.0000157828
2045	0.0000157587
2046	0.0000157195
2047	0.0000156720
2048	0.0000156096
2049	0.0000155394
2050	0.0000154852
2051	0.0000154403
2052	0.0000154226
2053	0.0000154267
2054	0.0000154376
2055	0.0000154668
2056	0.0000154809
2057	0.0000154690
2058	0.0000154684
2059	0.0000154832
2060	0.0000154905
2061	0.0000154828
2062	0.0000154756
2063	0.0000154859
2064	0.0000154889
2065	0.0000154905
2066	0.0000155071
2067	0.0000155152
2068	0.0000155223
2069	0.0000155272
2070	0.0000155234
2071	0.0000155167
2072	0.0000154963
2073	0.0000154540
2074	0.0000154048
2075	0.0000153610
2076	0.0000153139
2077	0.0000152561
2078	0.0000151937
2079	0.0000151359
2080	0.0000150736
2081	0.0000149956
2082	0.0000148981
2083	0.0000147946
2084	0.0000146932
2085	0.0000145953
2086	0.0000145114
2087	0.0000144520
2088	0.0000144201
2089	0.0000144038
2090	0.0000144155
2091	0.0000144355
2092	0.0000144362
2093	0.0000144491
2094	0.0000144616
2095	0.0000144433
2096	0.0000144189
2097	0.0000143986
2098	0.0000143756
2099	0.0000143496
2100	0.0000143101
2101	0.0000142512
2102	0.0000141889
2103	0.0000141483
2104	0.0000141477
2105	0.0000141910
2106	0.0000142473
2107	0.0000143209
2108	0.0000144232
2109	0.0000145167
2110	0.0000145987
2111	0.0000146904
2112	0.0000147894
2113	0.0000148662
2114	0.0000149066
2115	0.0000149118
2116	0.0000149230
2117	0.0000149737
2118	0.0000150352
2119	0.0000150848
2120	0.0000150959
2121	0.0000150648
2122	0.0000149968
2123	0.0000149228
2124	0.0000148793
2125	0.0000148381
2126	0.0000147732
2127	0.0000146874
2128	0.0000145928
2129	0.0000145010
2130	0.0000144306
2131	0.0000143741
2132	0.0000143255
2133	0.0000142849
2134	0.0000142394
2135	0.0000141949
2136	0.0000141562
2137	0.0000141283
2138	0.0000140966
2139	0.0000140669
2140	0.0000140592
2141	0.0000140649
2142	0.0000140656
2143	0.0000140354
2144	0.0000139873
2145	0.0000139436
2146	0.0000139164
2147	0.0000139105
2148	0.0000139095
2149	0.0000139070
2150	0.0000138867
2151	0.0000138445
2152	0.0000138021
2153	0.0000137599
2154	0.0000137087
2155	0.0000136622
2156	0.0000136415
2157	0.0000136427
2158	0.0000136549
2159	0.0000136767
2160	0.0000137006
2161	0.0000137285
2162	0.0000137710
2163	0.0000138313
2164	0.0000139036
2165	0.0000139668
2166	0.0000140123
2167	0.0000140440
2168	0.0000140723
2169	0.0000141097
2170	0.0000141312
2171	0.0000141332
2172	0.0000141462
2173	0.0000141782
2174	0.0000142061
2175	0.0000142128
2176	0.0000142202
2177	0.0000142335
2178	0.0000142488
2179	0.0000142725
2180	0.0000142977
2181	0.0000143164
2182	0.0000143276
2183	0.0000143295
2184	0.0000143102
2185	0.0000142589
2186	0.0000141853
2187	0.0000141117
2188	0.0000140538
2189	0.0000140214
2190	0.0000140124
2191	0.0000140243
2192	0.0000140423
2193	0.0000140564
2194	0.0000140822
2195	0.0000141084
2196	0.0000141293
2197	0.0000141506
2198	0.0000141673
2199	0.0000141936
2200	0.0000142310
2201	0.0000142625
2202	0.0000142875
2203	0.0000143149
2204	0.0000143494
2205	0.0000143877
2206	0.0000144247
2207	0.0000144669
2208	0.0000145124
2209	0.0000145621
2210	0.0000146178
2211	0.0000146697
2212	0.0000147221
2213	0.0000147789
2214	0.0000148353
2215	0.0000148919
2216	0.0000149483
2217	0.0000150024
2218	0.0000150527
2219	0.0000150986
2220	0.0000151395
2221	0.0000151729
2222	0.0000151985
2223	0.0000152218
2224	0.0000152494
2225	0.0000152756
2226	0.0000152985
2227	0.0000153245
2228	0.0000153522
2229	0.0000153795
2230	0.0000154064
2231	0.0000154351
2232	0.0000154643
2233	0.0000154969
2234	0.0000155357
2235	0.0000155744
2236	0.0000156120
2237	0.0000156481
2238	0.0000156797
2239	0.0000157044
2240	0.0000157182
2241	0.0000157196
2242	0.0000157159
2243	0.0000157067
2244	0.0000156914
2245	0.0000156740
2246	0.0000156553
2247	0.0000156353
2248	0.0000156076
2249	0.0000155731
2250	0.0000155406
2251	0.0000155174
2252	0.0000154992
2253	0.0000154810
2254	0.0000154544
2255	0.0000154138
2256	0.0000153710
2257	0.0000153252
2258	0.0000152739
2259	0.0000152235
2260	0.0000151772
2261	0.0000151342
2262	0.0000150952
2263	0.0000150574
2264	0.0000150214
2265	0.0000149920
2266	0.0000149599
2267	0.0000149240
2268	0.0000148896
2269	0.0000148588
2270	0.0000148265
2271	0.0000147886
2272	0.0000147558
2273	0.0000147232
2274	0.0000146851
2275	0.0000146511
2276	0.0000146180
2277	0.0000145768
2278	0.0000145242
2279	0.0000144667
2280	0.0000144180
2281	0.0000143814
2282	0.0000143545
2283	0.0000143411
2284	0.0000143496
2285	0.0000143776
2286	0.0000144131
2287	0.0000144535
2288	0.0000144957
2289	0.0000145383
2290	0.0000145812
2291	0.0000146217
2292	0.0000146623
2293	0.0000147031
2294	0.0000147450
2295	0.0000147850
2296	0.0000148216
2297	0.0000148602
2298	0.0000148990
2299	0.0000149343
2300	0.0000149614
2301	0.0000149795
2302	0.0000149947
2303	0.0000150112
2304	0.0000150267
2305	0.0000150390
2306	0.0000150516
2307	0.0000150624
2308	0.0000150684
2309	0.0000150723
2310	0.0000150756
2311	0.0000150780
2312	0.0000150791
2313	0.0000150773
2314	0.0000150722
2315	0.0000150676
2316	0.0000150684
2317	0.0000150703
2318	0.0000150671
2319	0.0000150598
2320	0.0000150512
2321	0.0000150442
2322	0.0000150408
2323	0.0000150415
2324	0.0000150444
2325	0.0000150472
2326	0.0000150498
2327	0.0000150497
2328	0.0000150514
2329	0.0000150561
2330	0.0000150605
2331	0.0000150655
2332	0.0000150731
2333	0.0000150870
2334	0.0000151059
2335	0.0000151259
2336	0.0000151455
2337	0.0000151651
2338	0.0000151864
2339	0.0000152079
2340	0.0000152253
2341	0.0000152366
2342	0.0000152414
2343	0.0000152415
2344	0.0000152397
2345	0.0000152387
2346	0.0000152397
2347	0.0000152401
2348	0.0000152401
2349	0.0000152391
2350	0.0000152382
2351	0.0000152375
2352	0.0000152307
2353	0.0000152220
2354	0.0000152169
2355	0.0000152104
2356	0.0000152008
2357	0.0000151901
2358	0.0000151828
2359	0.0000151767
2360	0.0000151757
2361	0.0000151831
2362	0.0000151902
2363	0.0000151948
2364	0.0000152010
2365	0.0000152132
2366	0.0000152283
2367	0.0000152475
2368	0.0000152715
2369	0.0000152992
2370	0.0000153309
2371	0.0000153638
2372	0.0000153975
2373	0.0000154235
2374	0.0000154404
2375	0.0000154547
2376	0.0000154659
2377	0.0000154735
2378	0.0000154798
2379	0.0000154842
2380	0.0000154854
2381	0.0000154859
2382	0.0000154818
2383	0.0000154741
2384	0.0000154665
2385	0.0000154647
2386	0.0000154698
2387	0.0000154782
2388	0.0000154875
2389	0.0000154986
2390	0.0000155199
2391	0.0000155448
2392	0.0000155673
2393	0.0000155954
2394	0.0000156294
2395	0.0000156609
2396	0.0000156906
2397	0.0000157190
2398	0.0000157431
2399	0.0000157622
2400	0.0000157740
2401	0.0000157878
2402	0.0000158101
2403	0.0000158357
2404	0.0000158648
2405	0.0000158989
2406	0.0000159362
2407	0.0000159753
2408	0.0000160099
2409	0.0000160352
2410	0.0000160541
2411	0.0000160680
2412	0.0000160796
2413	0.0000160910
2414	0.0000160995
2415	0.0000161105
2416	0.0000161317
2417	0.0000161539
2418	0.0000161778
2419	0.0000162110
2420	0.0000162449
2421	0.0000162787
2422	0.0000163123
2423	0.0000163450
2424	0.0000163786
2425	0.0000164106
2426	0.0000164409
2427	0.0000164663
2428	0.0000164865
2429	0.0000165029
2430	0.0000165165
2431	0.0000165342
2432	0.0000165590
2433	0.0000165890
2434	0.0000166206
2435	0.0000166489
2436	0.0000166743
2437	0.0000167012
2438	0.0000167303
2439	0.0000167583
2440	0.0000167860
2441	0.0000168168
2442	0.0000168470
2443	0.0000168740
2444	0.0000169005
2445	0.0000169327
2446	0.0000169745
2447	0.0000170199
2448	0.0000170610
2449	0.0000170947
2450	0.0000171224
2451	0.0000171505
2452	0.0000171863
2453	0.0000172321
2454	0.0000172827
2455	0.0000173312
2456	0.0000173780
2457	0.0000174217
2458	0.0000174599
2459	0.0000174954
2460	0.0000175276
2461	0.0000175528
2462	0.0000175743
2463	0.0000176015
2464	0.0000176280
2465	0.0000176446
2466	0.0000176592
2467	0.0000176687
2468	0.0000176693
2469	0.0000176681
2470	0.0000176729
2471	0.0000176889
2472	0.0000177080
2473	0.0000177238
2474	0.0000177374
2475	0.0000177577
2476	0.0000177931
2477	0.0000178380
2478	0.0000178864
2479	0.0000179377
2480	0.0000179868
2481	0.0000180273
2482	0.0000180610
2483	0.0000180869
2484	0.0000181009
2485	0.0000181094
2486	0.0000181250
2487	0.0000181491
2488	0.0000181766
2489	0.0000182037
2490	0.0000182212
2491	0.0000182300
2492	0.0000182360
2493	0.0000182427
2494	0.0000182498
2495	0.0000182484
2496	0.0000182460
2497	0.0000182458
2498	0.0000182464
2499	0.0000182461
2500	0.0000182427
2501	0.0000182461
2502	0.0000182506
2503	0.0000182591
2504	0.0000182775
2505	0.0000183002
2506	0.0000183217
2507	0.0000183363
2508	0.0000183511
2509	0.0000183658
2510	0.0000183735
2511	0.0000183758
2512	0.0000183735
2513	0.0000183681
2514	0.0000183649
2515	0.0000183499
2516	0.0000183179
2517	0.0000182896
2518	0.0000182698
2519	0.0000182568
2520	0.0000182520
2521	0.0000182534
2522	0.0000182525
2523	0.0000182479
2524	0.0000182444
2525	0.0000182357
2526	0.0000182168
2527	0.0000181919
2528	0.0000181717
2529	0.0000181545
2530	0.0000181334
2531	0.0000181051
2532	0.0000180713
2533	0.0000180331
2534	0.0000179895
2535	0.0000179454
2536	0.0000179024
2537	0.0000178630
2538	0.0000178282
2539	0.0000177980
2540	0.0000177746
2541	0.0000177547
2542	0.0000177339
2543	0.0000177156
2544	0.0000177010
2545	0.0000176932
2546	0.0000176938
2547	0.0000176963
2548	0.0000177037
2549	0.0000177198
2550	0.0000177365
2551	0.0000177475
2552	0.0000177587
2553	0.0000177727
2554	0.0000177852
2555	0.0000177976
2556	0.0000178137
2557	0.0000178347
2558	0.0000178621
2559	0.0000178895
2560	0.0000179091
2561	0.0000179250
2562	0.0000179333
2563	0.0000179384
2564	0.0000179385
2565	0.0000179172
2566	0.0000178745
2567	0.0000178108
2568	0.0000177284
2569	0.0000176340
2570	0.0000175305
2571	0.0000174202
2572	0.0000173155
2573	0.0000172183
2574	0.0000171218
2575	0.0000170323
2576	0.0000169491
2577	0.0000168725
2578	0.0000167928
2579	0.0000166902
2580	0.0000165740
2581	0.0000164487
2582	0.0000163297
2583	0.0000162499
2584	0.0000161918
2585	0.0000161379
2586	0.0000160946
2587	0.0000160608
2588	0.0000160408
2589	0.0000160253
2590	0.0000160026
2591	0.0000159827
2592	0.0000159758
2593	0.0000159739
2594	0.0000159671
2595	0.0000159505
2596	0.0000159162
2597	0.0000158660
2598	0.0000158033
2599	0.0000157260
2600	0.0000156382
2601	0.0000155451
2602	0.0000154480
2603	0.0000153512
2604	0.0000152601
2605	0.0000151727
2606	0.0000150955
2607	0.0000150429
2608	0.0000149934
2609	0.0000149355
2610	0.0000148857
2611	0.0000148492
2612	0.0000148161
2613	0.0000147666
2614	0.0000147136
2615	0.0000146694
2616	0.0000146231
2617	0.0000145646
2618	0.0000144933
2619	0.0000144101
2620	0.0000143221
2621	0.0000142512
2622	0.0000141914
2623	0.0000141392
2624	0.0000140980
2625	0.0000140528
2626	0.0000139955
2627	0.0000139353
2628	0.0000138791
2629	0.0000138147
2630	0.0000137435
2631	0.0000136761
2632	0.0000136149
2633	0.0000135642
2634	0.0000135364
2635	0.0000135285
2636	0.0000135319
2637	0.0000135302
2638	0.0000135033
2639	0.0000134739
2640	0.0000134440
2641	0.0000134084
2642	0.0000133808
2643	0.0000133588
2644	0.0000133268
2645	0.0000132742
2646	0.0000132277
2647	0.0000131910
2648	0.0000131627
2649	0.0000131390
2650	0.0000130890
2651	0.0000130041
2652	0.0000128980
2653	0.0000128074
2654	0.0000127308
2655	0.0000126529
2656	0.0000125833
2657	0.0000125319
2658	0.0000125038
2659	0.0000124684
2660	0.0000124056
2661	0.0000123369
2662	0.0000122750
2663	0.0000122191
2664	0.0000121738
2665	0.0000121462
2666	0.0000121426
2667	0.0000121406
2668	0.0000121312
2669	0.0000121305
2670	0.0000121351
2671	0.0000121354
2672	0.0000121167
2673	0.0000120894
2674	0.0000120472
2675	0.0000119846
2676	0.0000119315
2677	0.0000118797
2678	0.0000118186
2679	0.0000117616
2680	0.0000117217
2681	0.0000116896
2682	0.0000116521
2683	0.0000116220
2684	0.0000116070
2685	0.0000116080
2686	0.0000116420
2687	0.0000116934
2688	0.0000117407
2689	0.0000118004
2690	0.0000118494
2691	0.0000118681
2692	0.0000118876
2693	0.0000119163
2694	0.0000119394
2695	0.0000119621
2696	0.0000119921
2697	0.0000120419
2698	0.0000121118
2699	0.0000121845
2700	0.0000122559
2701	0.0000123246
2702	0.0000124047
2703	0.0000125003
2704	0.0000125997
2705	0.0000126861
2706	0.0000127614
2707	0.0000128434
2708	0.0000129154
2709	0.0000129662
2710	0.0000130094
2711	0.0000130567
2712	0.0000130993
2713	0.0000131276
2714	0.0000131340
2715	0.0000131107
2716	0.0000130566
2717	0.0000129872
2718	0.0000129228
2719	0.0000128568
2720	0.0000128024
2721	0.0000127598
2722	0.0000127212
2723	0.0000126954
2724	0.0000126614
2725	0.0000126053
2726	0.0000125357
2727	0.0000124611
2728	0.0000123863
2729	0.0000123107
2730	0.0000122299
2731	0.0000121462
2732	0.0000120830
2733	0.0000120436
2734	0.0000120048
2735	0.0000119778
2736	0.0000119745
2737	0.0000119961
2738	0.0000120356
2739	0.0000120739
2740	0.0000121193
2741	0.0000121670
2742	0.0000121957
2743	0.0000122190
2744	0.0000122581
2745	0.0000122959
2746	0.0000123336
2747	0.0000123858
2748	0.0000124363
2749	0.0000124990
2750	0.0000125823
2751	0.0000126778
2752	0.0000127915
2753	0.0000129013
2754	0.0000130127
2755	0.0000131501
2756	0.0000133079
2757	0.0000134962
2758	0.0000137059
2759	0.0000139286
2760	0.0000141447
2761	0.0000143197
2762	0.0000144861
2763	0.0000146886
2764	0.0000149217
2765	0.0000151630
2766	0.0000154040
2767	0.0000156337
2768	0.0000158629
2769	0.0000160920
2770	0.0000163161
2771	0.0000165493
2772	0.0000167659
2773	0.0000169447
2774	0.0000170785
2775	0.0000171781
2776	0.0000172713
2777	0.0000173654
2778	0.0000174442
2779	0.0000174997
2780	0.0000175421
2781	0.0000175711
2782	0.0000176024
2783	0.0000176529
2784	0.0000177155
2785	0.0000177752
2786	0.0000178328
2787	0.0000178882
2788	0.0000179399
2789	0.0000179897
2790	0.0000180309
2791	0.0000180714
2792	0.0000181210
2793	0.0000181783
2794	0.0000182251
2795	0.0000182511
2796	0.0000182603
2797	0.0000182519
2798	0.0000182254
2799	0.0000181882
2800	0.0000181442
2801	0.0000180863
2802	0.0000180248
2803	0.0000179640
2804	0.0000179090
2805	0.0000178666
2806	0.0000178292
2807	0.0000177942
2808	0.0000177540
2809	0.0000177099
2810	0.0000176632
2811	0.0000176009
2812	0.0000175175
2813	0.0000174284
2814	0.0000173540
2815	0.0000172814
2816	0.0000171925
2817	0.0000170966
2818	0.0000169914
2819	0.0000168787
2820	0.0000167809
2821	0.0000167002
2822	0.0000166253
2823	0.0000165485
2824	0.0000164716
2825	0.0000163982
2826	0.0000163245
2827	0.0000162365
2828	0.0000161342
2829	0.0000160451
2830	0.0000159671
2831	0.0000158966
2832	0.0000158430
2833	0.0000157920
2834	0.0000157337
2835	0.0000156638
2836	0.0000155901
2837	0.0000155115
2838	0.0000154282
2839	0.0000153601
2840	0.0000153076
2841	0.0000152770
2842	0.0000152675
2843	0.0000152545
2844	0.0000152373
2845	0.0000152295
2846	0.0000152485
2847	0.0000152863
2848	0.0000153183
2849	0.0000153500
2850	0.0000153827
2851	0.0000154158
2852	0.0000154530
2853	0.0000154914
2854	0.0000155302
2855	0.0000155726
2856	0.0000156296
2857	0.0000156920
2858	0.0000157477
2859	0.0000157873
2860	0.0000157984
2861	0.0000158040
2862	0.0000158404
2863	0.0000158917
2864	0.0000159416
2865	0.0000160152
2866	0.0000161128
2867	0.0000162230
2868	0.0000163333
2869	0.0000164378
2870	0.0000165340
2871	0.0000166347
2872	0.0000167575
2873	0.0000168742
2874	0.0000169861
2875	0.0000171090
2876	0.0000172210
2877	0.0000173143
2878	0.0000173999
2879	0.0000174764
2880	0.0000175497
2881	0.0000176271
2882	0.0000177107
2883	0.0000178157
2884	0.0000179362
2885	0.0000180662
2886	0.0000182050
2887	0.0000183350
2888	0.0000184513
2889	0.0000185558
2890	0.0000186471
2891	0.0000187363
2892	0.0000188441
2893	0.0000189729
2894	0.0000191034
2895	0.0000192351
2896	0.0000193782
2897	0.0000195297
2898	0.0000196912
2899	0.0000198507
2900	0.0000200067
2901	0.0000201623
2902	0.0000203063
2903	0.0000204449
2904	0.0000205728
2905	0.0000206829
2906	0.0000207739
2907	0.0000208494
2908	0.0000209170
2909	0.0000209593
2910	0.0000209864
2911	0.0000210309
2912	0.0000210838
2913	0.0000211212
2914	0.0000211459
2915	0.0000211727
2916	0.0000212025
2917	0.0000212331
2918	0.0000212610
2919	0.0000212940
2920	0.0000213430
2921	0.0000213987
2922	0.0000214600
2923	0.0000215221
2924	0.0000215786
2925	0.0000216321
2926	0.0000216929
2927	0.0000217710
2928	0.0000218643
2929	0.0000219700
2930	0.0000220779
2931	0.0000221957
2932	0.0000223187
2933	0.0000224252
2934	0.0000225187
2935	0.0000226002
2936	0.0000226739
2937	0.0000227471
2938	0.0000228148
2939	0.0000228788
2940	0.0000229504
2941	0.0000230217
2942	0.0000230903
2943	0.0000231589
2944	0.0000232209
2945	0.0000232778
2946	0.0000233245
2947	0.0000233599
2948	0.0000233849
2949	0.0000234052
2950	0.0000234285
2951	0.0000234519
2952	0.0000234689
2953	0.0000234766
2954	0.0000234747
2955	0.0000234663
2956	0.0000234559
2957	0.0000234368
2958	0.0000234127
2959	0.0000233858
2960	0.0000233540
2961	0.0000233207
2962	0.0000232853
2963	0.0000232546
2964	0.0000232304
2965	0.0000232102
2966	0.0000231927
2967	0.0000231784
2968	0.0000231736
2969	0.0000231835
2970	0.0000232043
2971	0.0000232278
2972	0.0000232537
2973	0.0000232762
2974	0.0000232888
2975	0.0000233003
2976	0.0000233155
2977	0.0000233282
2978	0.0000233394
2979	0.0000233514
2980	0.0000233598
2981	0.0000233635
2982	0.0000233695
2983	0.0000233805
2984	0.0000233899
2985	0.0000233962
2986	0.0000234037
2987	0.0000234167
2988	0.0000234323
2989	0.0000234442
2990	0.0000234540
2991	0.0000234617
2992	0.0000234683
2993	0.0000234781
2994	0.0000234906
2995	0.0000235045
2996	0.0000235160
2997	0.0000235218
2998	0.0000235242
2999	0.0000235249
