0	0.0000000000
1	0.0000000000
2	0.0000000000
3	0.0000000000
4	0.0000000000
5	0.0000000000
6	0.0000000000
7	0.0000000000
8	0.0000000000
9	0.0000000000
10	0.0000000000
11	0.0000000000
12	0.0000000000
13	0.0000000000
14	0.0000000000
15	0.0000000000
16	0.0000000000
17	0.0000000000
18	0.0000000000
19	0.0000000000
20	0.0000000000
21	0.0000000000
22	0.0000000000
23	0.0000000000
24	0.0000000000
25	0.0000000000
26	0.0000000000
27	0.0000000000
28	0.0000000000
29	0.0000000000
30	0.0000000002
31	0.0000000005
32	0.0000000013
33	0.0000000031
34	0.0000000066
35	0.0000000125
36	0.0000000209
37	0.0000000306
38	0.0000000399
39	0.0000000471
40	0.0000000531
41	0.0000000605
42	0.0000000715
43	0.0000000846
44	0.0000000966
45	0.0000001072
46	0.0000001197
47	0.0000001361
48	0.0000001534
49	0.0000001688
50	0.0000001854
51	0.0000002062
52	0.0000002282
53	0.0000002484
54	0.0000002705
55	0.0000002970
56	0.0000003235
57	0.0000003489
58	0.0000003782
59	0.0000004108
60	0.0000004418
61	0.0000004743
62	0.0000005118
63	0.0000005494
64	0.0000005865
65	0.0000006286
66	0.0000006727
67	0.0000007154
68	0.0000007624
69	0.0000008128
70	0.0000008617
71	0.0000009138
72	0.0000009704
73	0.0000010256
74	0.0000010833
75	0.0000011459
76	0.0000012072
77	0.0000012706
78	0.0000013391
79	0.0000014062
80	0.0000014754
81	0.0000015495
82	0.0000016221
83	0.0000016970
84	0.0000017763
85	0.0000018539
86	0.0000019344
87	0.0000020186
88	0.0000021007
89	0.0000021863
90	0.0000022743
91	0.0000023602
92	0.0000024509
93	0.0000025438
94	0.0000026357
95	0.0000027316
96	0.0000028245
97	0.0000029142
98	0.0000030086
99	0.0000031057
100	0.0000032101
101	0.0000033202
102	0.0000034227
103	0.0000035196
104	0.0000036142
105	0.0000037094
106	0.0000038133
107	0.0000039173
108	0.0000040181
109	0.0000041238
110	0.0000042324
111	0.0000043447
112	0.0000044554
113	0.0000045584
114	0.0000046646
115	0.0000047725
116	0.0000048758
117	0.0000049773
118	0.0000050769
119	0.0000051810
120	0.0000052873
121	0.0000053877
122	0.0000054921
123	0.0000056010
124	0.0000057088
125	0.0000058163
126	0.0000059221
127	0.0000060323
128	0.0000061420
129	0.0000062446
130	0.0000063502
131	0.0000064563
132	0.0000065579
133	0.0000066578
134	0.0000067564
135	0.0000068574
136	0.0000069541
137	0.0000070476
138	0.0000071464
139	0.0000072422
140	0.0000073354
141	0.0000074310
142	0.0000075269
143	0.0000076226
144	0.0000077154
145	0.0000078113
146	0.0000079086
147	0.0000080004
148	0.0000080956
149	0.0000081917
150	0.0000082836
151	0.0000083748
152	0.0000084654
153	0.0000085569
154	0.0000086467
155	0.0000087391
156	0.0000088331
157	0.0000089150
158	0.0000089888
159	0.0000090604
160	0.0000091366
161	0.0000092316
162	0.0000093406
163	0.0000094408
164	0.0000095065
165	0.0000095398
166	0.0000095714
167	0.0000096314
168	0.0000097372
169	0.0000098624
170	0.0000099642
171	0.0000100344
172	0.0000100864
173	0.0000101358
174	0.0000101823
175	0.0000102215
176	0.0000102629
177	0.0000103259
178	0.0000104231
179	0.0000105299
180	0.0000106210
181	0.0000107021
182	0.0000107771
183	0.0000108415
184	0.0000108839
185	0.0000109062
186	0.0000109305
187	0.0000109707
188	0.0000110215
189	0.0000110729
190	0.0000111394
191	0.0000112302
192	0.0000113247
193	0.0000114112
194	0.0000114898
195	0.0000115639
196	0.0000116282
197	0.0000116698
198	0.0000116953
199	0.0000117195
200	0.0000117436
201	0.0000117589
202	0.0000117763
203	0.0000118134
204	0.0000118607
205	0.0000119124
206	0.0000119743
207	0.0000120486
208	0.0000121298
209	0.0000122043
210	0.0000122739
211	0.0000123436
212	0.0000124029
213	0.0000124444
214	0.0000124766
215	0.0000125052
216	0.0000125192
217	0.0000125232
218	0.0000125301
219	0.0000125376
220	0.0000125444
221	0.0000125553
222	0.0000125789
223	0.0000126121
224	0.0000126463
225	0.0000126897
226	0.0000127464
227	0.0000128071
228	0.0000128673
229	0.0000129339
230	0.0000130001
231	0.0000130543
232	0.0000131051
233	0.0000131543
234	0.0000131947
235	0.0000132248
236	0.0000132465
237	0.0000132608
238	0.0000132642
239	0.0000132631
240	0.0000132627
241	0.0000132568
242	0.0000132473
243	0.0000132456
244	0.0000132511
245	0.0000132551
246	0.0000132658
247	0.0000132858
248	0.0000133078
249	0.0000133377
250	0.0000133767
251	0.0000134203
252	0.0000134659
253	0.0000135172
254	0.0000135757
255	0.0000136317
256	0.0000136851
257	0.0000137408
258	0.0000137932
259	0.0000138379
260	0.0000138799
261	0.0000139175
262	0.0000139456
263	0.0000139702
264	0.0000139892
265	0.0000139992
266	0.0000140064
267	0.0000140093
268	0.0000140050
269	0.0000139964
270	0.0000139883
271	0.0000139770
272	0.0000139610
273	0.0000139478
274	0.0000139370
275	0.0000139250
276	0.0000139163
277	0.0000139134
278	0.0000139109
279	0.0000139144
280	0.0000139268
281	0.0000139387
282	0.0000139569
283	0.0000139836
284	0.0000140092
285	0.0000140363
286	0.0000140698
287	0.0000141091
288	0.0000141500
289	0.0000141943
290	0.0000142404
291	0.0000142813
292	0.0000143195
293	0.0000143589
294	0.0000143984
295	0.0000144374
296	0.0000144761
297	0.0000145090
298	0.0000145369
299	0.0000145647
300	0.0000145875
301	0.0000146050
302	0.0000146171
303	0.0000146215
304	0.0000146221
305	0.0000146194
306	0.0000146108
307	0.0000145983
308	0.0000145869
309	0.0000145771
310	0.0000145682
311	0.0000145574
312	0.0000145394
313	0.0000145151
314	0.0000144896
315	0.0000144622
316	0.0000144305
317	0.0000143984
318	0.0000143668
319	0.0000143422
320	0.0000143307
321	0.0000143200
322	0.0000143093
323	0.0000143055
324	0.0000143035
325	0.0000142993
326	0.0000142932
327	0.0000142839
328	0.0000142733
329	0.0000142687
330	0.0000142676
331	0.0000142655
332	0.0000142690
333	0.0000142825
334	0.0000143025
335	0.0000143257
336	0.0000143521
337	0.0000143803
338	0.0000144123
339	0.0000144441
340	0.0000144677
341	0.0000144922
342	0.0000145176
343	0.0000145358
344	0.0000145523
345	0.0000145677
346	0.0000145810
347	0.0000145957
348	0.0000146107
349	0.0000146222
350	0.0000146331
351	0.0000146469
352	0.0000146622
353	0.0000146787
354	0.0000146956
355	0.0000147106
356	0.0000147213
357	0.0000147279
358	0.0000147326
359	0.0000147386
360	0.0000147467
361	0.0000147509
362	0.0000147471
363	0.0000147370
364	0.0000147210
365	0.0000146996
366	0.0000146761
367	0.0000146522
368	0.0000146277
369	0.0000146038
370	0.0000145792
371	0.0000145524
372	0.0000145278
373	0.0000145076
374	0.0000144872
375	0.0000144675
376	0.0000144507
377	0.0000144331
378	0.0000144147
379	0.0000143994
380	0.0000143870
381	0.0000143720
382	0.0000143514
383	0.0000143267
384	0.0000143011
385	0.0000142711
386	0.0000142274
387	0.0000141780
388	0.0000141279
389	0.0000140767
390	0.0000140329
391	0.0000139930
392	0.0000139564
393	0.0000139306
394	0.0000139116
395	0.0000138962
396	0.0000138849
397	0.0000138673
398	0.0000138475
399	0.0000138372
400	0.0000138258
401	0.0000138106
402	0.0000138030
403	0.0000138058
404	0.0000138125
405	0.0000138180
406	0.0000138238
407	0.0000138289
408	0.0000138311
409	0.0000138220
410	0.0000138009
411	0.0000137729
412	0.0000137353
413	0.0000136971
414	0.0000136569
415	0.0000136126
416	0.0000135802
417	0.0000135598
418	0.0000135447
419	0.0000135368
420	0.0000135339
421	0.0000135385
422	0.0000135494
423	0.0000135533
424	0.0000135599
425	0.0000135758
426	0.0000135834
427	0.0000135848
428	0.0000135894
429	0.0000135996
430	0.0000136176
431	0.0000136435
432	0.0000136757
433	0.0000137116
434	0.0000137505
435	0.0000137864
436	0.0000138217
437	0.0000138570
438	0.0000138862
439	0.0000139069
440	0.0000139125
441	0.0000139125
442	0.0000139115
443	0.0000138948
444	0.0000138659
445	0.0000138374
446	0.0000138097
447	0.0000137844
448	0.0000137623
449	0.0000137467
450	0.0000137448
451	0.0000137447
452	0.0000137491
453	0.0000137673
454	0.0000137823
455	0.0000137936
456	0.0000138087
457	0.0000138232
458	0.0000138355
459	0.0000138443
460	0.0000138492
461	0.0000138532
462	0.0000138594
463	0.0000138614
464	0.0000138603
465	0.0000138626
466	0.0000138665
467	0.0000138706
468	0.0000138740
469	0.0000138820
470	0.0000138933
471	0.0000139014
472	0.0000139128
473	0.0000139267
474	0.0000139310
475	0.0000139293
476	0.0000139232
477	0.0000139053
478	0.0000138783
479	0.0000138429
480	0.0000138074
481	0.0000137670
482	0.0000137043
483	0.0000136315
484	0.0000135542
485	0.0000134759
486	0.0000134140
487	0.0000133664
488	0.0000133214
489	0.0000132691
490	0.0000132015
491	0.0000131290
492	0.0000130804
493	0.0000130637
494	0.0000130657
495	0.0000130707
496	0.0000130580
497	0.0000130267
498	0.0000129962
499	0.0000129824
500	0.0000129851
501	0.0000129927
502	0.0000130000
503	0.0000130063
504	0.0000130067
505	0.0000130032
506	0.0000129918
507	0.0000129626
508	0.0000129329
509	0.0000129198
510	0.0000129248
511	0.0000129346
512	0.0000129342
513	0.0000129325
514	0.0000129279
515	0.0000129199
516	0.0000129107
517	0.0000128909
518	0.0000128769
519	0.0000128868
520	0.0000129161
521	0.0000129533
522	0.0000129798
523	0.0000129848
524	0.0000129840
525	0.0000129753
526	0.0000129353
527	0.0000128714
528	0.0000127992
529	0.0000127319
530	0.0000126831
531	0.0000126415
532	0.0000125915
533	0.0000125429
534	0.0000125058
535	0.0000124651
536	0.0000124005
537	0.0000123175
538	0.0000122406
539	0.0000121676
540	0.0000121000
541	0.0000120465
542	0.0000120053
543	0.0000119917
544	0.0000120000
545	0.0000120156
546	0.0000120321
547	0.0000120496
548	0.0000120773
549	0.0000120968
550	0.0000120999
551	0.0000121051
552	0.0000121220
553	0.0000121530
554	0.0000121908
555	0.0000122292
556	0.0000122789
557	0.0000123340
558	0.0000123769
559	0.0000124096
560	0.0000124325
561	0.0000124448
562	0.0000124408
563	0.0000124099
564	0.0000123702
565	0.0000123426
566	0.0000123170
567	0.0000122903
568	0.0000122769
569	0.0000122757
570	0.0000122815
571	0.0000122852
572	0.0000122842
573	0.0000122776
574	0.0000122629
575	0.0000122428
576	0.0000122063
577	0.0000121719
578	0.0000121487
579	0.0000121157
580	0.0000120840
581	0.0000120693
582	0.0000120764
583	0.0000120879
584	0.0000120905
585	0.0000121043
586	0.0000121274
587	0.0000121375
588	0.0000121247
589	0.0000120903
590	0.0000120463
591	0.0000119877
592	0.0000118996
593	0.0000118026
594	0.0000117080
595	0.0000116128
596	0.0000115228
597	0.0000114393
598	0.0000113729
599	0.0000113203
600	0.0000112687
601	0.0000112275
602	0.0000111990
603	0.0000111633
604	0.0000111238
605	0.0000110885
606	0.0000110535
607	0.0000110227
608	0.0000109900
609	0.0000109618
610	0.0000109463
611	0.0000109392
612	0.0000109409
613	0.0000109624
614	0.0000110173
615	0.0000110816
616	0.0000111432
617	0.0000112158
618	0.0000112935
619	0.0000113732
620	0.0000114568
621	0.0000115420
622	0.0000116154
623	0.0000116616
624	0.0000116925
625	0.0000117252
626	0.0000117623
627	0.0000118043
628	0.0000118452
629	0.0000118843
630	0.0000119177
631	0.0000119472
632	0.0000119903
633	0.0000120388
634	0.0000120811
635	0.0000121216
636	0.0000121657
637	0.0000122070
638	0.0000122271
639	0.0000122250
640	0.0000122155
641	0.0000121977
642	0.0000121756
643	0.0000121694
644	0.0000121668
645	0.0000121656
646	0.0000121729
647	0.0000121878
648	0.0000122256
649	0.0000122659
650	0.0000123026
651	0.0000123665
652	0.0000124655
653	0.0000125809
654	0.0000126992
655	0.0000128329
656	0.0000129667
657	0.0000130833
658	0.0000131976
659	0.0000132935
660	0.0000133571
661	0.0000134112
662	0.0000134679
663	0.0000135230
664	0.0000135614
665	0.0000135918
666	0.0000136344
667	0.0000136704
668	0.0000136941
669	0.0000137106
670	0.0000137280
671	0.0000137518
672	0.0000137790
673	0.0000138250
674	0.0000138764
675	0.0000139180
676	0.0000139655
677	0.0000140242
678	0.0000140767
679	0.0000141122
680	0.0000141350
681	0.0000141429
682	0.0000141219
683	0.0000140702
684	0.0000140231
685	0.0000139902
686	0.0000139599
687	0.0000139274
688	0.0000138773
689	0.0000138219
690	0.0000137735
691	0.0000137380
692	0.0000137228
693	0.0000137091
694	0.0000136889
695	0.0000136706
696	0.0000136546
697	0.0000136484
698	0.0000136660
699	0.0000137041
700	0.0000137450
701	0.0000137906
702	0.0000138458
703	0.0000138953
704	0.0000139353
705	0.0000139666
706	0.0000139913
707	0.0000140220
708	0.0000140625
709	0.0000141084
710	0.0000141458
711	0.0000141767
712	0.0000142110
713	0.0000142450
714	0.0000142773
715	0.0000143118
716	0.0000143550
717	0.0000144049
718	0.0000144607
719	0.0000145237
720	0.0000145837
721	0.0000146310
722	0.0000146722
723	0.0000147131
724	0.0000147493
725	0.0000147799
726	0.0000148058
727	0.0000148290
728	0.0000148474
729	0.0000148577
730	0.0000148560
731	0.0000148417
732	0.0000148227
733	0.0000147977
734	0.0000147679
735	0.0000147406
736	0.0000147183
737	0.0000147027
738	0.0000146867
739	0.0000146696
740	0.0000146573
741	0.0000146433
742	0.0000146302
743	0.0000146222
744	0.0000146148
745	0.0000146125
746	0.0000146215
747	0.0000146372
748	0.0000146519
749	0.0000146753
750	0.0000147012
751	0.0000147200
752	0.0000147387
753	0.0000147496
754	0.0000147553
755	0.0000147694
756	0.0000147953
757	0.0000148172
758	0.0000148257
759	0.0000148376
760	0.0000148518
761	0.0000148509
762	0.0000148358
763	0.0000148215
764	0.0000148072
765	0.0000147860
766	0.0000147650
767	0.0000147568
768	0.0000147644
769	0.0000147882
770	0.0000148306
771	0.0000148803
772	0.0000149459
773	0.0000150300
774	0.0000151090
775	0.0000151759
776	0.0000152317
777	0.0000152846
778	0.0000153322
779	0.0000153708
780	0.0000154132
781	0.0000154550
782	0.0000155016
783	0.0000155629
784	0.0000156200
785	0.0000156710
786	0.0000157166
787	0.0000157531
788	0.0000157796
789	0.0000157813
790	0.0000157708
791	0.0000157504
792	0.0000157085
793	0.0000156541
794	0.0000155902
795	0.0000155182
796	0.0000154405
797	0.0000153576
798	0.0000152664
799	0.0000151792
800	0.0000150935
801	0.0000149886
802	0.0000148870
803	0.0000148042
804	0.0000147233
805	0.0000146387
806	0.0000145583
807	0.0000144822
808	0.0000144078
809	0.0000143449
810	0.0000143038
811	0.0000142788
812	0.0000142568
813	0.0000142282
814	0.0000141853
815	0.0000141370
816	0.0000140998
817	0.0000140756
818	0.0000140557
819	0.0000140281
820	0.0000139883
821	0.0000139402
822	0.0000138990
823	0.0000138763
824	0.0000138661
825	0.0000138617
826	0.0000138553
827	0.0000138445
828	0.0000138352
829	0.0000138280
830	0.0000138214
831	0.0000138126
832	0.0000138039
833	0.0000137978
834	0.0000137886
835	0.0000137781
836	0.0000137589
837	0.0000137297
838	0.0000137066
839	0.0000136989
840	0.0000137071
841	0.0000137161
842	0.0000137206
843	0.0000137268
844	0.0000137345
845	0.0000137414
846	0.0000137433
847	0.0000137432
848	0.0000137480
849	0.0000137601
850	0.0000137781
851	0.0000138043
852	0.0000138332
853	0.0000138557
854	0.0000138816
855	0.0000139152
856	0.0000139472
857	0.0000139794
858	0.0000140166
859	0.0000140567
860	0.0000141011
861	0.0000141455
862	0.0000141797
863	0.0000142032
864	0.0000142195
865	0.0000142302
866	0.0000142341
867	0.0000142314
868	0.0000142254
869	0.0000142186
870	0.0000142148
871	0.0000142140
872	0.0000142134
873	0.0000142131
874	0.0000142140
875	0.0000142157
876	0.0000142164
877	0.0000142160
878	0.0000142153
879	0.0000142141
880	0.0000142129
881	0.0000142093
882	0.0000142016
883	0.0000141940
884	0.0000141866
885	0.0000141767
886	0.0000141614
887	0.0000141378
888	0.0000141074
889	0.0000140690
890	0.0000140276
891	0.0000139869
892	0.0000139398
893	0.0000138895
894	0.0000138430
895	0.0000138023
896	0.0000137657
897	0.0000137271
898	0.0000136894
899	0.0000136569
900	0.0000136255
901	0.0000135906
902	0.0000135544
903	0.0000135220
904	0.0000134973
905	0.0000134777
906	0.0000134630
907	0.0000134596
908	0.0000134689
909	0.0000134935
910	0.0000135277
911	0.0000135544
912	0.0000135774
913	0.0000136072
914	0.0000136280
915	0.0000136338
916	0.0000136363
917	0.0000136381
918	0.0000136510
919	0.0000136775
920	0.0000137060
921	0.0000137476
922	0.0000138135
923	0.0000138894
924	0.0000139636
925	0.0000140430
926	0.0000141300
927	0.0000142144
928	0.0000142953
929	0.0000143754
930	0.0000144527
931	0.0000145338
932	0.0000146154
933	0.0000146965
934	0.0000147783
935	0.0000148563
936	0.0000149300
937	0.0000149929
938	0.0000150472
939	0.0000150929
940	0.0000151321
941	0.0000151584
942	0.0000151644
943	0.0000151725
944	0.0000151880
945	0.0000152070
946	0.0000152353
947	0.0000152801
948	0.0000153302
949	0.0000153622
950	0.0000153856
951	0.0000154125
952	0.0000154441
953	0.0000154727
954	0.0000154758
955	0.0000154505
956	0.0000154109
957	0.0000153615
958	0.0000153091
959	0.0000152617
960	0.0000152275
961	0.0000152104
962	0.0000151998
963	0.0000151958
964	0.0000152037
965	0.0000152136
966	0.0000152123
967	0.0000152021
968	0.0000151993
969	0.0000152083
970	0.0000152166
971	0.0000152235
972	0.0000152346
973	0.0000152456
974	0.0000152639
975	0.0000152904
976	0.0000153216
977	0.0000153660
978	0.0000154120
979	0.0000154533
980	0.0000155056
981	0.0000155499
982	0.0000155657
983	0.0000155694
984	0.0000155652
985	0.0000155564
986	0.0000155473
987	0.0000155345
988	0.0000155220
989	0.0000155234
990	0.0000155406
991	0.0000155544
992	0.0000155732
993	0.0000156027
994	0.0000156362
995	0.0000156715
996	0.0000157036
997	0.0000157399
998	0.0000157711
999	0.0000157891
1000	0.0000157956
1001	0.0000157880
1002	0.0000157579
1003	0.0000157044
1004	0.0000156523
1005	0.0000156039
1006	0.0000155484
1007	0.0000154880
1008	0.0000154216
1009	0.0000153496
1010	0.0000152699
1011	0.0000151773
1012	0.0000150706
1013	0.0000149497
1014	0.0000148113
1015	0.0000146514
1016	0.0000144873
1017	0.0000143361
1018	0.0000141938
1019	0.0000140631
1020	0.0000139352
1021	0.0000137942
1022	0.0000136492
1023	0.0000135201
1024	0.0000134168
1025	0.0000133245
1026	0.0000132302
1027	0.0000131466
1028	0.0000130785
1029	0.0000130102
1030	0.0000129337
1031	0.0000128493
1032	0.0000127610
1033	0.0000126701
1034	0.0000125772
1035	0.0000124869
1036	0.0000123969
1037	0.0000123047
1038	0.0000122138
1039	0.0000121369
1040	0.0000120856
1041	0.0000120560
1042	0.0000120410
1043	0.0000120491
1044	0.0000120673
1045	0.0000120840
1046	0.0000121069
1047	0.0000121162
1048	0.0000121152
1049	0.0000121116
1050	0.0000121078
1051	0.0000121224
1052	0.0000121426
1053	0.0000121471
1054	0.0000121441
1055	0.0000121535
1056	0.0000121554
1057	0.0000121380
1058	0.0000121208
1059	0.0000121086
1060	0.0000121074
1061	0.0000121153
1062	0.0000121298
1063	0.0000121491
1064	0.0000121655
1065	0.0000121824
1066	0.0000121969
1067	0.0000122026
1068	0.0000122042
1069	0.0000122126
1070	0.0000122273
1071	0.0000122416
1072	0.0000122613
1073	0.0000122835
1074	0.0000123061
1075	0.0000123397
1076	0.0000123814
1077	0.0000124305
1078	0.0000124847
1079	0.0000125399
1080	0.0000126037
1081	0.0000126720
1082	0.0000127253
1083	0.0000127572
1084	0.0000127816
1085	0.0000127868
1086	0.0000127516
1087	0.0000126931
1088	0.0000126306
1089	0.0000125652
1090	0.0000125004
1091	0.0000124322
1092	0.0000123595
1093	0.0000122856
1094	0.0000122108
1095	0.0000121372
1096	0.0000120506
1097	0.0000119575
1098	0.0000118846
1099	0.0000118380
1100	0.0000118060
1101	0.0000117842
1102	0.0000117847
1103	0.0000118083
1104	0.0000118387
1105	0.0000118589
1106	0.0000118801
1107	0.0000119011
1108	0.0000119083
1109	0.0000119034
1110	0.0000118966
1111	0.0000119036
1112	0.0000119072
1113	0.0000119216
1114	0.0000119575
1115	0.0000120005
1116	0.0000120631
1117	0.0000121318
1118	0.0000122065
1119	0.0000122813
1120	0.0000123407
1121	0.0000124072
1122	0.0000124856
1123	0.0000125562
1124	0.0000126276
1125	0.0000127157
1126	0.0000127959
1127	0.0000128649
1128	0.0000129332
1129	0.0000129850
1130	0.0000130350
1131	0.0000130896
1132	0.0000131242
1133	0.0000131363
1134	0.0000131458
1135	0.0000131849
1136	0.0000132574
1137	0.0000133469
1138	0.0000134533
1139	0.0000135607
1140	0.0000136465
1141	0.0000137178
1142	0.0000138142
1143	0.0000139527
1144	0.0000141141
1145	0.0000142728
1146	0.0000144019
1147	0.0000145082
1148	0.0000146176
1149	0.0000147450
1150	0.0000148981
1151	0.0000150558
1152	0.0000151854
1153	0.0000152801
1154	0.0000153420
1155	0.0000153802
1156	0.0000154119
1157	0.0000154363
1158	0.0000154417
1159	0.0000154376
1160	0.0000154425
1161	0.0000154443
1162	0.0000154348
1163	0.0000154188
1164	0.0000154017
1165	0.0000153946
1166	0.0000153982
1167	0.0000154038
1168	0.0000153921
1169	0.0000153555
1170	0.0000153037
1171	0.0000152462
1172	0.0000151810
1173	0.0000151149
1174	0.0000150556
1175	0.0000150011
1176	0.0000149538
1177	0.0000149067
1178	0.0000148520
1179	0.0000147673
1180	0.0000146612
1181	0.0000145695
1182	0.0000144924
1183	0.0000144189
1184	0.0000143355
1185	0.0000142570
1186	0.0000141913
1187	0.0000141238
1188	0.0000140557
1189	0.0000139783
1190	0.0000139023
1191	0.0000138468
1192	0.0000138103
1193	0.0000137894
1194	0.0000137657
1195	0.0000137288
1196	0.0000136831
1197	0.0000136224
1198	0.0000135460
1199	0.0000134554
1200	0.0000133475
1201	0.0000132450
1202	0.0000131758
1203	0.0000131110
1204	0.0000130302
1205	0.0000129534
1206	0.0000128731
1207	0.0000127870
1208	0.0000127024
1209	0.0000126146
1210	0.0000125315
1211	0.0000124607
1212	0.0000124087
1213	0.0000123767
1214	0.0000123586
1215	0.0000123539
1216	0.0000123619
1217	0.0000123760
1218	0.0000123911
1219	0.0000124059
1220	0.0000124218
1221	0.0000124461
1222	0.0000124830
1223	0.0000125193
1224	0.0000125469
1225	0.0000125704
1226	0.0000125893
1227	0.0000126001
1228	0.0000125936
1229	0.0000125745
1230	0.0000125566
1231	0.0000125412
1232	0.0000125290
1233	0.0000125189
1234	0.0000125092
1235	0.0000125018
1236	0.0000124992
1237	0.0000124928
1238	0.0000124782
1239	0.0000124638
1240	0.0000124504
1241	0.0000124355
1242	0.0000124211
1243	0.0000124101
1244	0.0000124021
1245	0.0000123969
1246	0.0000123942
1247	0.0000123935
1248	0.0000123945
1249	0.0000123963
1250	0.0000123983
1251	0.0000124003
1252	0.0000124045
1253	0.0000124094
1254	0.0000124125
1255	0.0000124127
1256	0.0000124133
1257	0.0000124145
1258	0.0000124116
1259	0.0000124090
1260	0.0000124115
1261	0.0000124217
1262	0.0000124385
1263	0.0000124567
1264	0.0000124776
1265	0.0000125023
1266	0.0000125297
1267	0.0000125528
1268	0.0000125636
1269	0.0000125635
1270	0.0000125536
1271	0.0000125399
1272	0.0000125277
1273	0.0000125151
1274	0.0000125026
1275	0.0000124896
1276	0.0000124693
1277	0.0000124366
1278	0.0000124026
1279	0.0000123789
1280	0.0000123531
1281	0.0000123015
1282	0.0000122339
1283	0.0000121657
1284	0.0000120891
1285	0.0000120200
1286	0.0000119650
1287	0.0000119161
1288	0.0000118910
1289	0.0000118801
1290	0.0000118682
1291	0.0000118743
1292	0.0000118883
1293	0.0000118921
1294	0.0000118915
1295	0.0000119039
1296	0.0000119417
1297	0.0000119900
1298	0.0000120363
1299	0.0000120784
1300	0.0000121255
1301	0.0000121794
1302	0.0000122360
1303	0.0000122852
1304	0.0000123183
1305	0.0000123549
1306	0.0000123831
1307	0.0000123906
1308	0.0000123837
1309	0.0000123642
1310	0.0000123397
1311	0.0000123133
1312	0.0000122993
1313	0.0000123066
1314	0.0000123317
1315	0.0000123639
1316	0.0000123981
1317	0.0000124266
1318	0.0000124531
1319	0.0000124790
1320	0.0000124676
1321	0.0000124279
1322	0.0000123975
1323	0.0000123734
1324	0.0000123391
1325	0.0000123073
1326	0.0000122914
1327	0.0000122786
1328	0.0000122712
1329	0.0000122685
1330	0.0000122757
1331	0.0000123042
1332	0.0000123493
1333	0.0000124065
1334	0.0000124572
1335	0.0000124989
1336	0.0000125467
1337	0.0000126057
1338	0.0000126849
1339	0.0000127771
1340	0.0000128652
1341	0.0000129358
1342	0.0000129964
1343	0.0000130721
1344	0.0000131614
1345	0.0000132537
1346	0.0000133361
1347	0.0000134026
1348	0.0000134533
1349	0.0000134853
1350	0.0000135244
1351	0.0000136000
1352	0.0000137091
1353	0.0000138266
1354	0.0000139514
1355	0.0000141039
1356	0.0000142718
1357	0.0000144304
1358	0.0000145855
1359	0.0000147453
1360	0.0000149048
1361	0.0000150707
1362	0.0000152431
1363	0.0000154045
1364	0.0000155395
1365	0.0000156435
1366	0.0000157306
1367	0.0000158250
1368	0.0000159315
1369	0.0000160402
1370	0.0000161446
1371	0.0000162646
1372	0.0000164067
1373	0.0000165366
1374	0.0000166599
1375	0.0000167770
1376	0.0000168791
1377	0.0000169854
1378	0.0000170841
1379	0.0000171661
1380	0.0000172383
1381	0.0000172928
1382	0.0000173199
1383	0.0000173345
1384	0.0000173467
1385	0.0000173517
1386	0.0000173510
1387	0.0000173446
1388	0.0000173421
1389	0.0000173376
1390	0.0000173214
1391	0.0000172929
1392	0.0000172542
1393	0.0000172149
1394	0.0000171760
1395	0.0000171387
1396	0.0000171096
1397	0.0000170898
1398	0.0000170739
1399	0.0000170651
1400	0.0000170597
1401	0.0000170485
1402	0.0000170384
1403	0.0000170380
1404	0.0000170478
1405	0.0000170580
1406	0.0000170659
1407	0.0000170755
1408	0.0000170840
1409	0.0000170907
1410	0.0000170948
1411	0.0000170975
1412	0.0000171037
1413	0.0000171138
1414	0.0000171254
1415	0.0000171441
1416	0.0000171691
1417	0.0000171886
1418	0.0000172040
1419	0.0000172117
1420	0.0000172056
1421	0.0000171894
1422	0.0000171652
1423	0.0000171384
1424	0.0000171018
1425	0.0000170586
1426	0.0000170219
1427	0.0000169844
1428	0.0000169402
1429	0.0000168939
1430	0.0000168576
1431	0.0000168335
1432	0.0000168168
1433	0.0000168126
1434	0.0000168225
1435	0.0000168384
1436	0.0000168518
1437	0.0000168679
1438	0.0000168862
1439	0.0000168870
1440	0.0000168723
1441	0.0000168648
1442	0.0000168659
1443	0.0000168617
1444	0.0000168484
1445	0.0000168366
1446	0.0000168274
1447	0.0000168129
1448	0.0000167841
1449	0.0000167460
1450	0.0000167129
1451	0.0000166781
1452	0.0000166281
1453	0.0000165659
1454	0.0000165150
1455	0.0000164727
1456	0.0000164384
1457	0.0000164126
1458	0.0000163730
1459	0.0000163187
1460	0.0000162454
1461	0.0000161682
1462	0.0000161035
1463	0.0000160638
1464	0.0000160494
1465	0.0000160264
1466	0.0000159971
1467	0.0000159782
1468	0.0000159983
1469	0.0000160911
1470	0.0000162210
1471	0.0000163189
1472	0.0000163812
1473	0.0000164058
1474	0.0000163833
1475	0.0000163690
1476	0.0000163824
1477	0.0000164144
1478	0.0000164469
1479	0.0000164452
1480	0.0000164262
1481	0.0000164221
1482	0.0000164376
1483	0.0000164704
1484	0.0000165212
1485	0.0000165785
1486	0.0000166474
1487	0.0000167436
1488	0.0000168607
1489	0.0000169750
1490	0.0000170750
1491	0.0000171960
1492	0.0000173517
1493	0.0000175231
1494	0.0000176979
1495	0.0000178407
1496	0.0000179383
1497	0.0000180056
1498	0.0000180511
1499	0.0000180861
1500	0.0000181140
1501	0.0000181382
1502	0.0000181564
1503	0.0000181755
1504	0.0000181984
1505	0.0000181999
1506	0.0000181772
1507	0.0000181454
1508	0.0000181133
1509	0.0000180892
1510	0.0000180858
1511	0.0000180787
1512	0.0000180367
1513	0.0000179934
1514	0.0000179566
1515	0.0000179016
1516	0.0000178324
1517	0.0000177627
1518	0.0000177078
1519	0.0000176601
1520	0.0000176104
1521	0.0000175663
1522	0.0000175154
1523	0.0000174470
1524	0.0000173747
1525	0.0000173156
1526	0.0000172701
1527	0.0000172300
1528	0.0000172021
1529	0.0000171923
1530	0.0000171929
1531	0.0000171842
1532	0.0000171576
1533	0.0000171183
1534	0.0000170801
1535	0.0000170534
1536	0.0000170294
1537	0.0000170077
1538	0.0000169986
1539	0.0000170113
1540	0.0000170380
1541	0.0000170728
1542	0.0000171135
1543	0.0000171661
1544	0.0000172389
1545	0.0000173153
1546	0.0000173960
1547	0.0000174814
1548	0.0000175685
1549	0.0000176496
1550	0.0000177193
1551	0.0000177785
1552	0.0000178156
1553	0.0000178513
1554	0.0000178986
1555	0.0000179493
1556	0.0000180006
1557	0.0000180490
1558	0.0000180963
1559	0.0000181388
1560	0.0000181577
1561	0.0000181423
1562	0.0000181076
1563	0.0000180674
1564	0.0000180413
1565	0.0000180392
1566	0.0000180583
1567	0.0000180957
1568	0.0000181647
1569	0.0000182803
1570	0.0000183948
1571	0.0000184909
1572	0.0000185938
1573	0.0000186930
1574	0.0000187936
1575	0.0000188965
1576	0.0000189864
1577	0.0000190799
1578	0.0000191818
1579	0.0000192760
1580	0.0000193682
1581	0.0000194492
1582	0.0000195121
1583	0.0000195819
1584	0.0000196463
1585	0.0000196907
1586	0.0000197356
1587	0.0000197831
1588	0.0000198433
1589	0.0000199221
1590	0.0000200079
1591	0.0000200905
1592	0.0000201622
1593	0.0000202388
1594	0.0000203142
1595	0.0000203799
1596	0.0000204535
1597	0.0000205389
1598	0.0000206311
1599	0.0000207143
1600	0.0000207895
1601	0.0000208800
1602	0.0000209858
1603	0.0000210762
1604	0.0000211384
1605	0.0000211911
1606	0.0000212324
1607	0.0000212568
1608	0.0000212815
1609	0.0000213156
1610	0.0000213551
1611	0.0000214013
1612	0.0000214591
1613	0.0000215134
1614	0.0000215620
1615	0.0000216186
1616	0.0000216647
1617	0.0000216940
1618	0.0000217154
1619	0.0000217303
1620	0.0000217425
1621	0.0000217455
1622	0.0000217371
1623	0.0000217233
1624	0.0000217109
1625	0.0000217021
1626	0.0000216946
1627	0.0000216786
1628	0.0000216577
1629	0.0000216432
1630	0.0000216319
1631	0.0000216232
1632	0.0000216193
1633	0.0000216287
1634	0.0000216499
1635	0.0000216777
1636	0.0000217128
1637	0.0000217518
1638	0.0000217937
1639	0.0000218313
1640	0.0000218670
1641	0.0000219052
1642	0.0000219489
1643	0.0000219978
1644	0.0000220462
1645	0.0000220989
1646	0.0000221570
1647	0.0000222205
1648	0.0000222868
1649	0.0000223478
1650	0.0000224004
1651	0.0000224461
1652	0.0000224850
1653	0.0000225170
1654	0.0000225460
1655	0.0000225730
1656	0.0000225946
1657	0.0000226083
1658	0.0000226157
1659	0.0000226188
1660	0.0000226214
1661	0.0000226262
1662	0.0000226283
1663	0.0000226256
1664	0.0000226189
1665	0.0000226072
1666	0.0000225929
1667	0.0000225756
1668	0.0000225550
1669	0.0000225327
1670	0.0000225070
1671	0.0000224741
1672	0.0000224311
1673	0.0000223804
1674	0.0000223310
1675	0.0000222841
1676	0.0000222360
1677	0.0000221849
1678	0.0000221300
1679	0.0000220771
1680	0.0000220251
1681	0.0000219631
1682	0.0000218923
1683	0.0000218228
1684	0.0000217516
1685	0.0000216751
1686	0.0000215946
1687	0.0000215106
1688	0.0000214300
1689	0.0000213436
1690	0.0000212492
1691	0.0000211565
1692	0.0000210570
1693	0.0000209634
1694	0.0000208876
1695	0.0000208182
1696	0.0000207508
1697	0.0000206837
1698	0.0000206151
1699	0.0000205397
1700	0.0000204569
1701	0.0000203713
1702	0.0000202821
1703	0.0000201947
1704	0.0000201185
1705	0.0000200617
1706	0.0000200169
1707	0.0000199708
1708	0.0000199277
1709	0.0000198932
1710	0.0000198587
1711	0.0000198154
1712	0.0000197693
1713	0.0000197176
1714	0.0000196598
1715	0.0000196025
1716	0.0000195370
1717	0.0000194663
1718	0.0000193990
1719	0.0000193321
1720	0.0000192604
1721	0.0000191925
1722	0.0000191258
1723	0.0000190450
1724	0.0000189583
1725	0.0000188703
1726	0.0000187704
1727	0.0000186621
1728	0.0000185615
1729	0.0000184689
1730	0.0000183915
1731	0.0000183244
1732	0.0000182528
1733	0.0000181879
1734	0.0000181271
1735	0.0000180755
1736	0.0000180389
1737	0.0000180144
1738	0.0000180053
1739	0.0000180033
1740	0.0000180026
1741	0.0000180066
1742	0.0000180170
1743	0.0000180141
1744	0.0000179886
1745	0.0000179535
1746	0.0000179194
1747	0.0000178850
1748	0.0000178421
1749	0.0000177974
1750	0.0000177618
1751	0.0000177362
1752	0.0000177091
1753	0.0000176706
1754	0.0000176236
1755	0.0000175756
1756	0.0000175247
1757	0.0000174680
1758	0.0000174152
1759	0.0000173765
1760	0.0000173557
1761	0.0000173448
1762	0.0000173441
1763	0.0000173569
1764	0.0000173757
1765	0.0000174008
1766	0.0000174332
1767	0.0000174667
1768	0.0000174977
1769	0.0000175314
1770	0.0000175690
1771	0.0000175984
1772	0.0000176145
1773	0.0000176219
1774	0.0000176258
1775	0.0000176290
1776	0.0000176312
1777	0.0000176395
1778	0.0000176536
1779	0.0000176685
1780	0.0000176835
1781	0.0000176963
1782	0.0000177092
1783	0.0000177195
1784	0.0000177193
1785	0.0000177022
1786	0.0000176667
1787	0.0000176130
1788	0.0000175551
1789	0.0000175092
1790	0.0000174709
1791	0.0000174308
1792	0.0000173792
1793	0.0000173145
1794	0.0000172478
1795	0.0000171999
1796	0.0000171688
1797	0.0000171363
1798	0.0000171012
1799	0.0000170474
1800	0.0000169740
1801	0.0000169005
1802	0.0000168349
1803	0.0000167772
1804	0.0000167028
1805	0.0000166093
1806	0.0000165091
1807	0.0000164005
1808	0.0000163018
1809	0.0000162187
1810	0.0000161372
1811	0.0000160570
1812	0.0000159847
1813	0.0000159094
1814	0.0000158216
1815	0.0000157160
1816	0.0000155956
1817	0.0000154807
1818	0.0000153807
1819	0.0000153074
1820	0.0000152612
1821	0.0000152294
1822	0.0000151983
1823	0.0000151579
1824	0.0000151217
1825	0.0000151054
1826	0.0000151063
1827	0.0000150900
1828	0.0000150510
1829	0.0000150190
1830	0.0000149886
1831	0.0000149392
1832	0.0000148795
1833	0.0000148203
1834	0.0000147646
1835	0.0000147288
1836	0.0000146998
1837	0.0000146636
1838	0.0000146220
1839	0.0000145703
1840	0.0000145153
1841	0.0000144757
1842	0.0000144620
1843	0.0000144572
1844	0.0000144687
1845	0.0000145074
1846	0.0000145533
1847	0.0000145981
1848	0.0000146363
1849	0.0000146591
1850	0.0000146721
1851	0.0000146845
1852	0.0000147027
1853	0.0000147304
1854	0.0000147580
1855	0.0000147887
1856	0.0000148304
1857	0.0000148762
1858	0.0000149192
1859	0.0000149586
1860	0.0000150078
1861	0.0000150725
1862	0.0000151381
1863	0.0000151898
1864	0.0000152277
1865	0.0000152485
1866	0.0000152539
1867	0.0000152570
1868	0.0000152530
1869	0.0000152317
1870	0.0000151997
1871	0.0000151738
1872	0.0000151498
1873	0.0000151063
1874	0.0000150460
1875	0.0000149795
1876	0.0000149059
1877	0.0000148289
1878	0.0000147547
1879	0.0000146899
1880	0.0000146256
1881	0.0000145658
1882	0.0000145185
1883	0.0000144598
1884	0.0000143814
1885	0.0000142854
1886	0.0000141814
1887	0.0000140802
1888	0.0000139799
1889	0.0000138816
1890	0.0000137966
1891	0.0000137468
1892	0.0000137188
1893	0.0000136867
1894	0.0000136446
1895	0.0000136046
1896	0.0000135788
1897	0.0000135527
1898	0.0000135143
1899	0.0000134717
1900	0.0000134432
1901	0.0000134236
1902	0.0000133991
1903	0.0000133591
1904	0.0000132986
1905	0.0000132368
1906	0.0000131774
1907	0.0000131286
1908	0.0000130893
1909	0.0000130562
1910	0.0000130476
1911	0.0000130436
1912	0.0000130352
1913	0.0000130301
1914	0.0000130204
1915	0.0000129987
1916	0.0000129716
1917	0.0000129621
1918	0.0000129415
1919	0.0000129019
1920	0.0000128861
1921	0.0000128932
1922	0.0000129041
1923	0.0000129001
1924	0.0000128675
1925	0.0000128171
1926	0.0000127546
1927	0.0000126798
1928	0.0000126096
1929	0.0000125466
1930	0.0000124906
1931	0.0000124448
1932	0.0000124036
1933	0.0000123812
1934	0.0000123733
1935	0.0000123696
1936	0.0000123666
1937	0.0000123436
1938	0.0000122947
1939	0.0000122356
1940	0.0000121674
1941	0.0000120776
1942	0.0000119717
1943	0.0000118626
1944	0.0000117547
1945	0.0000116355
1946	0.0000115013
1947	0.0000113561
1948	0.0000111967
1949	0.0000110341
1950	0.0000108777
1951	0.0000107314
1952	0.0000105955
1953	0.0000104740
1954	0.0000103610
1955	0.0000102462
1956	0.0000101385
1957	0.0000100363
1958	0.0000099423
1959	0.0000098606
1960	0.0000097751
1961	0.0000096911
1962	0.0000096329
1963	0.0000095873
1964	0.0000095384
1965	0.0000094944
1966	0.0000094581
1967	0.0000094299
1968	0.0000094073
1969	0.0000093782
1970	0.0000093295
1971	0.0000092727
1972	0.0000092192
1973	0.0000091642
1974	0.0000091091
1975	0.0000090527
1976	0.0000090027
1977	0.0000089639
1978	0.0000089211
1979	0.0000088715
1980	0.0000088216
1981	0.0000087624
1982	0.0000086872
1983	0.0000086020
1984	0.0000085180
1985	0.0000084391
1986	0.0000083634
1987	0.0000082933
1988	0.0000082278
1989	0.0000081537
1990	0.0000080708
1991	0.0000079905
1992	0.0000079106
1993	0.0000078385
1994	0.0000077735
1995	0.0000077033
1996	0.0000076241
1997	0.0000075400
1998	0.0000074675
1999	0.0000074082
2000	0.0000073584
2001	0.0000073056
2002	0.0000072415
2003	0.0000071786
2004	0.0000071201
2005	0.0000070601
2006	0.0000069923
2007	0.0000069264
2008	0.0000068664
2009	0.0000068048
2010	0.0000067441
2011	0.0000066907
2012	0.0000066455
2013	0.0000066029
2014	0.0000065684
2015	0.0000065466
2016	0.0000065418
2017	0.0000065485
2018	0.0000065478
2019	0.0000065399
2020	0.0000065309
2021	0.0000065237
2022	0.0000065163
2023	0.0000065124
2024	0.0000065174
2025	0.0000065215
2026	0.0000065168
2027	0.0000064979
2028	0.0000064675
2029	0.0000064245
2030	0.0000063635
2031	0.0000062927
2032	0.0000062146
2033	0.0000061384
2034	0.0000060739
2035	0.0000060140
2036	0.0000059506
2037	0.0000058876
2038	0.0000058415
2039	0.0000058112
2040	0.0000057787
2041	0.0000057450
2042	0.0000057198
2043	0.0000056975
2044	0.0000056729
2045	0.0000056437
2046	0.0000056063
2047	0.0000055597
2048	0.0000055081
2049	0.0000054578
2050	0.0000054065
2051	0.0000053604
2052	0.0000053239
2053	0.0000052913
2054	0.0000052668
2055	0.0000052473
2056	0.0000052279
2057	0.0000052128
2058	0.0000051977
2059	0.0000051778
2060	0.0000051585
2061	0.0000051431
2062	0.0000051287
2063	0.0000051147
2064	0.0000051028
2065	0.0000050969
2066	0.0000050982
2067	0.0000051018
2068	0.0000051086
2069	0.0000051204
2070	0.0000051332
2071	0.0000051463
2072	0.0000051604
2073	0.0000051754
2074	0.0000051929
2075	0.0000052133
2076	0.0000052333
2077	0.0000052505
2078	0.0000052667
2079	0.0000052826
2080	0.0000052974
2081	0.0000053088
2082	0.0000053176
2083	0.0000053257
2084	0.0000053347
2085	0.0000053444
2086	0.0000053534
2087	0.0000053621
2088	0.0000053700
2089	0.0000053759
2090	0.0000053778
2091	0.0000053766
2092	0.0000053722
2093	0.0000053649
2094	0.0000053600
2095	0.0000053555
2096	0.0000053482
2097	0.0000053457
2098	0.0000053487
2099	0.0000053510
2100	0.0000053527
2101	0.0000053549
2102	0.0000053591
2103	0.0000053676
2104	0.0000053849
2105	0.0000054090
2106	0.0000054347
2107	0.0000054561
2108	0.0000054687
2109	0.0000054788
2110	0.0000054850
2111	0.0000054827
2112	0.0000054774
2113	0.0000054718
2114	0.0000054605
2115	0.0000054416
2116	0.0000054211
2117	0.0000054041
2118	0.0000053965
2119	0.0000053920
2120	0.0000053815
2121	0.0000053632
2122	0.0000053373
2123	0.0000053099
2124	0.0000052839
2125	0.0000052649
2126	0.0000052534
2127	0.0000052389
2128	0.0000052174
2129	0.0000051932
2130	0.0000051712
2131	0.0000051539
2132	0.0000051445
2133	0.0000051411
2134	0.0000051406
2135	0.0000051420
2136	0.0000051449
2137	0.0000051496
2138	0.0000051552
2139	0.0000051609
2140	0.0000051642
2141	0.0000051664
2142	0.0000051706
2143	0.0000051753
2144	0.0000051785
2145	0.0000051780
2146	0.0000051757
2147	0.0000051750
2148	0.0000051772
2149	0.0000051812
2150	0.0000051849
2151	0.0000051883
2152	0.0000051906
2153	0.0000051912
2154	0.0000051925
2155	0.0000051952
2156	0.0000051991
2157	0.0000052054
2158	0.0000052154
2159	0.0000052282
2160	0.0000052418
2161	0.0000052555
2162	0.0000052686
2163	0.0000052803
2164	0.0000052908
2165	0.0000052997
2166	0.0000053063
2167	0.0000053090
2168	0.0000053067
2169	0.0000053020
2170	0.0000052977
2171	0.0000052952
2172	0.0000052905
2173	0.0000052831
2174	0.0000052794
2175	0.0000052819
2176	0.0000052863
2177	0.0000052856
2178	0.0000052831
2179	0.0000052837
2180	0.0000052854
2181	0.0000052890
2182	0.0000052957
2183	0.0000053039
2184	0.0000053117
2185	0.0000053191
2186	0.0000053254
2187	0.0000053264
2188	0.0000053177
2189	0.0000052988
2190	0.0000052728
2191	0.0000052448
2192	0.0000052190
2193	0.0000051964
2194	0.0000051798
2195	0.0000051664
2196	0.0000051510
2197	0.0000051395
2198	0.0000051313
2199	0.0000051220
2200	0.0000051121
2201	0.0000050972
2202	0.0000050799
2203	0.0000050693
2204	0.0000050618
2205	0.0000050501
2206	0.0000050327
2207	0.0000050134
2208	0.0000049955
2209	0.0000049710
2210	0.0000049404
2211	0.0000049066
2212	0.0000048670
2213	0.0000048312
2214	0.0000048000
2215	0.0000047666
2216	0.0000047358
2217	0.0000047080
2218	0.0000046809
2219	0.0000046571
2220	0.0000046391
2221	0.0000046285
2222	0.0000046237
2223	0.0000046283
2224	0.0000046460
2225	0.0000046731
2226	0.0000046970
2227	0.0000047151
2228	0.0000047398
2229	0.0000047604
2230	0.0000047694
2231	0.0000047753
2232	0.0000047890
2233	0.0000048083
2234	0.0000048258
2235	0.0000048499
2236	0.0000048613
2237	0.0000048470
2238	0.0000048221
2239	0.0000047912
2240	0.0000047480
2241	0.0000046964
2242	0.0000046434
2243	0.0000045960
2244	0.0000045674
2245	0.0000045345
2246	0.0000044972
2247	0.0000044807
2248	0.0000044827
2249	0.0000044943
2250	0.0000044998
2251	0.0000044990
2252	0.0000045098
2253	0.0000045542
2254	0.0000046226
2255	0.0000047030
2256	0.0000047878
2257	0.0000048572
2258	0.0000049344
2259	0.0000050249
2260	0.0000051083
2261	0.0000052000
2262	0.0000053147
2263	0.0000054367
2264	0.0000055665
2265	0.0000057041
2266	0.0000058370
2267	0.0000059833
2268	0.0000061360
2269	0.0000062791
2270	0.0000064242
2271	0.0000065822
2272	0.0000067537
2273	0.0000069172
2274	0.0000070824
2275	0.0000072593
2276	0.0000074180
2277	0.0000075618
2278	0.0000077049
2279	0.0000078321
2280	0.0000079241
2281	0.0000079797
2282	0.0000080314
2283	0.0000081089
2284	0.0000082093
2285	0.0000083283
2286	0.0000084904
2287	0.0000087186
2288	0.0000089875
2289	0.0000092716
2290	0.0000095678
2291	0.0000098656
2292	0.0000101629
2293	0.0000104514
2294	0.0000107255
2295	0.0000109907
2296	0.0000112485
2297	0.0000115041
2298	0.0000117439
2299	0.0000119716
2300	0.0000122034
2301	0.0000124304
2302	0.0000126425
2303	0.0000128215
2304	0.0000129640
2305	0.0000130896
2306	0.0000132162
2307	0.0000133386
2308	0.0000134471
2309	0.0000135545
2310	0.0000136571
2311	0.0000137433
2312	0.0000138201
2313	0.0000138960
2314	0.0000139710
2315	0.0000140393
2316	0.0000140970
2317	0.0000141375
2318	0.0000141584
2319	0.0000141790
2320	0.0000142145
2321	0.0000142529
2322	0.0000142821
2323	0.0000142987
2324	0.0000143036
2325	0.0000143003
2326	0.0000142941
2327	0.0000142880
2328	0.0000142805
2329	0.0000142706
2330	0.0000142538
2331	0.0000142316
2332	0.0000142057
2333	0.0000141728
2334	0.0000141337
2335	0.0000140920
2336	0.0000140557
2337	0.0000140294
2338	0.0000140114
2339	0.0000139999
2340	0.0000139955
2341	0.0000140062
2342	0.0000140400
2343	0.0000140905
2344	0.0000141460
2345	0.0000141938
2346	0.0000142317
2347	0.0000142651
2348	0.0000142854
2349	0.0000142948
2350	0.0000143048
2351	0.0000143124
2352	0.0000143200
2353	0.0000143250
2354	0.0000143255
2355	0.0000143337
2356	0.0000143441
2357	0.0000143505
2358	0.0000143581
2359	0.0000143702
2360	0.0000143854
2361	0.0000143984
2362	0.0000144098
2363	0.0000144184
2364	0.0000144226
2365	0.0000144247
2366	0.0000144257
2367	0.0000144247
2368	0.0000144212
2369	0.0000144150
2370	0.0000144064
2371	0.0000143962
2372	0.0000143850
2373	0.0000143745
2374	0.0000143651
2375	0.0000143606
2376	0.0000143616
2377	0.0000143627
2378	0.0000143623
2379	0.0000143626
2380	0.0000143627
2381	0.0000143622
2382	0.0000143648
2383	0.0000143676
2384	0.0000143721
2385	0.0000143819
2386	0.0000143950
2387	0.0000144071
2388	0.0000144130
2389	0.0000144142
2390	0.0000144120
2391	0.0000144088
2392	0.0000144039
2393	0.0000143927
2394	0.0000143806
2395	0.0000143710
2396	0.0000143577
2397	0.0000143401
2398	0.0000143243
2399	0.0000143106
2400	0.0000142978
2401	0.0000142864
2402	0.0000142784
2403	0.0000142770
2404	0.0000142793
2405	0.0000142815
2406	0.0000142835
2407	0.0000142847
2408	0.0000142836
2409	0.0000142803
2410	0.0000142737
2411	0.0000142646
2412	0.0000142557
2413	0.0000142480
2414	0.0000142423
2415	0.0000142393
2416	0.0000142378
2417	0.0000142382
2418	0.0000142425
2419	0.0000142477
2420	0.0000142517
2421	0.0000142563
2422	0.0000142614
2423	0.0000142658
2424	0.0000142698
2425	0.0000142730
2426	0.0000142750
2427	0.0000142760
2428	0.0000142755
2429	0.0000142735
2430	0.0000142692
2431	0.0000142626
2432	0.0000142558
2433	0.0000142484
2434	0.0000142391
2435	0.0000142298
2436	0.0000142237
2437	0.0000142213
2438	0.0000142219
2439	0.0000142250
2440	0.0000142295
2441	0.0000142336
2442	0.0000142382
2443	0.0000142451
2444	0.0000142527
2445	0.0000142596
2446	0.0000142661
2447	0.0000142735
2448	0.0000142822
2449	0.0000142894
2450	0.0000142937
2451	0.0000142970
2452	0.0000143017
2453	0.0000143102
2454	0.0000143224
2455	0.0000143364
2456	0.0000143492
2457	0.0000143582
2458	0.0000143645
2459	0.0000143691
2460	0.0000143709
2461	0.0000143711
2462	0.0000143708
2463	0.0000143699
2464	0.0000143685
2465	0.0000143678
2466	0.0000143671
2467	0.0000143644
2468	0.0000143618
2469	0.0000143591
2470	0.0000143554
2471	0.0000143529
2472	0.0000143525
2473	0.0000143545
2474	0.0000143582
2475	0.0000143623
2476	0.0000143656
2477	0.0000143674
2478	0.0000143685
2479	0.0000143687
2480	0.0000143672
2481	0.0000143644
2482	0.0000143617
2483	0.0000143602
2484	0.0000143606
2485	0.0000143621
2486	0.0000143647
2487	0.0000143691
2488	0.0000143744
2489	0.0000143779
2490	0.0000143795
2491	0.0000143804
2492	0.0000143811
2493	0.0000143828
2494	0.0000143856
2495	0.0000143895
2496	0.0000143938
2497	0.0000143969
2498	0.0000143994
2499	0.0000144015
2500	0.0000144024
2501	0.0000144015
2502	0.0000143987
2503	0.0000143939
2504	0.0000143882
2505	0.0000143818
2506	0.0000143750
2507	0.0000143689
2508	0.0000143640
2509	0.0000143613
2510	0.0000143600
2511	0.0000143593
2512	0.0000143610
2513	0.0000143647
2514	0.0000143689
2515	0.0000143740
2516	0.0000143787
2517	0.0000143846
2518	0.0000143952
2519	0.0000144025
2520	0.0000144010
2521	0.0000143937
2522	0.0000143825
2523	0.0000143686
2524	0.0000143559
2525	0.0000143473
2526	0.0000143389
2527	0.0000143314
2528	0.0000143294
2529	0.0000143325
2530	0.0000143325
2531	0.0000143264
2532	0.0000143204
2533	0.0000143190
2534	0.0000143235
2535	0.0000143302
2536	0.0000143403
2537	0.0000143535
2538	0.0000143652
2539	0.0000143739
2540	0.0000143775
2541	0.0000143753
2542	0.0000143674
2543	0.0000143515
2544	0.0000143321
2545	0.0000143127
2546	0.0000142878
2547	0.0000142559
2548	0.0000142115
2549	0.0000141530
2550	0.0000140896
2551	0.0000140172
2552	0.0000139240
2553	0.0000138177
2554	0.0000137202
2555	0.0000136300
2556	0.0000135350
2557	0.0000134405
2558	0.0000133547
2559	0.0000132717
2560	0.0000131841
2561	0.0000130830
2562	0.0000129663
2563	0.0000128479
2564	0.0000127269
2565	0.0000126059
2566	0.0000124832
2567	0.0000123411
2568	0.0000121859
2569	0.0000120293
2570	0.0000118731
2571	0.0000117241
2572	0.0000115925
2573	0.0000114782
2574	0.0000113837
2575	0.0000113105
2576	0.0000112351
2577	0.0000111539
2578	0.0000110777
2579	0.0000110008
2580	0.0000109244
2581	0.0000108309
2582	0.0000107166
2583	0.0000106013
2584	0.0000104798
2585	0.0000103834
2586	0.0000103332
2587	0.0000102884
2588	0.0000102359
2589	0.0000101879
2590	0.0000101466
2591	0.0000101110
2592	0.0000100721
2593	0.0000100222
2594	0.0000099767
2595	0.0000099474
2596	0.0000099249
2597	0.0000099026
2598	0.0000098766
2599	0.0000098431
2600	0.0000098024
2601	0.0000097532
2602	0.0000096944
2603	0.0000096331
2604	0.0000095742
2605	0.0000095178
2606	0.0000094621
2607	0.0000094118
2608	0.0000093680
2609	0.0000093307
2610	0.0000093128
2611	0.0000093031
2612	0.0000092888
2613	0.0000092725
2614	0.0000092603
2615	0.0000092542
2616	0.0000092359
2617	0.0000092052
2618	0.0000091766
2619	0.0000091528
2620	0.0000091232
2621	0.0000090831
2622	0.0000090328
2623	0.0000089640
2624	0.0000088903
2625	0.0000088211
2626	0.0000087508
2627	0.0000086846
2628	0.0000086255
2629	0.0000085659
2630	0.0000085045
2631	0.0000084529
2632	0.0000084069
2633	0.0000083540
2634	0.0000082913
2635	0.0000082208
2636	0.0000081429
2637	0.0000080662
2638	0.0000080027
2639	0.0000079516
2640	0.0000079130
2641	0.0000078680
2642	0.0000078085
2643	0.0000077533
2644	0.0000077025
2645	0.0000076545
2646	0.0000076136
2647	0.0000075863
2648	0.0000075663
2649	0.0000075475
2650	0.0000075409
2651	0.0000075466
2652	0.0000075682
2653	0.0000076057
2654	0.0000076452
2655	0.0000076691
2656	0.0000076756
2657	0.0000076801
2658	0.0000076832
2659	0.0000076792
2660	0.0000076655
2661	0.0000076516
2662	0.0000076529
2663	0.0000076620
2664	0.0000076639
2665	0.0000076593
2666	0.0000076504
2667	0.0000076368
2668	0.0000076162
2669	0.0000075878
2670	0.0000075625
2671	0.0000075342
2672	0.0000074958
2673	0.0000074571
2674	0.0000074303
2675	0.0000074202
2676	0.0000074179
2677	0.0000074270
2678	0.0000074430
2679	0.0000074554
2680	0.0000074698
2681	0.0000074868
2682	0.0000074984
2683	0.0000075013
2684	0.0000075026
2685	0.0000075084
2686	0.0000075098
2687	0.0000074989
2688	0.0000074776
2689	0.0000074390
2690	0.0000073953
2691	0.0000073621
2692	0.0000073274
2693	0.0000072971
2694	0.0000072850
2695	0.0000072801
2696	0.0000072739
2697	0.0000072735
2698	0.0000072789
2699	0.0000072877
2700	0.0000072958
2701	0.0000073022
2702	0.0000073142
2703	0.0000073331
2704	0.0000073566
2705	0.0000073735
2706	0.0000073812
2707	0.0000073828
2708	0.0000073874
2709	0.0000073986
2710	0.0000074057
2711	0.0000074141
2712	0.0000074344
2713	0.0000074578
2714	0.0000074689
2715	0.0000074709
2716	0.0000074740
2717	0.0000074860
2718	0.0000075110
2719	0.0000075571
2720	0.0000076269
2721	0.0000076946
2722	0.0000077582
2723	0.0000078204
2724	0.0000078695
2725	0.0000079088
2726	0.0000079290
2727	0.0000079277
2728	0.0000079239
2729	0.0000079255
2730	0.0000079298
2731	0.0000079317
2732	0.0000079330
2733	0.0000079376
2734	0.0000079569
2735	0.0000079978
2736	0.0000080379
2737	0.0000080727
2738	0.0000081129
2739	0.0000081549
2740	0.0000081904
2741	0.0000082056
2742	0.0000082023
2743	0.0000081917
2744	0.0000081725
2745	0.0000081448
2746	0.0000081234
2747	0.0000081071
2748	0.0000080845
2749	0.0000080658
2750	0.0000080482
2751	0.0000080253
2752	0.0000080097
2753	0.0000079977
2754	0.0000079871
2755	0.0000079790
2756	0.0000079688
2757	0.0000079697
2758	0.0000079820
2759	0.0000080003
2760	0.0000080209
2761	0.0000080319
2762	0.0000080323
2763	0.0000080149
2764	0.0000079889
2765	0.0000079813
2766	0.0000079915
2767	0.0000079919
2768	0.0000079765
2769	0.0000079484
2770	0.0000079103
2771	0.0000078745
2772	0.0000078380
2773	0.0000078066
2774	0.0000077727
2775	0.0000077202
2776	0.0000076550
2777	0.0000075907
2778	0.0000075422
2779	0.0000075103
2780	0.0000074835
2781	0.0000074522
2782	0.0000074283
2783	0.0000074214
2784	0.0000074356
2785	0.0000074762
2786	0.0000075366
2787	0.0000076012
2788	0.0000076621
2789	0.0000077264
2790	0.0000077923
2791	0.0000078622
2792	0.0000079357
2793	0.0000080150
2794	0.0000081105
2795	0.0000082219
2796	0.0000083354
2797	0.0000084273
2798	0.0000084989
2799	0.0000085629
2800	0.0000086196
2801	0.0000086688
2802	0.0000087253
2803	0.0000087944
2804	0.0000088599
2805	0.0000089310
2806	0.0000090144
2807	0.0000091085
2808	0.0000092193
2809	0.0000093388
2810	0.0000094605
2811	0.0000095750
2812	0.0000096812
2813	0.0000097880
2814	0.0000098856
2815	0.0000099569
2816	0.0000100042
2817	0.0000100586
2818	0.0000101303
2819	0.0000101911
2820	0.0000102391
2821	0.0000102842
2822	0.0000103191
2823	0.0000103585
2824	0.0000104165
2825	0.0000104871
2826	0.0000105607
2827	0.0000106341
2828	0.0000107104
2829	0.0000107892
2830	0.0000108650
2831	0.0000109216
2832	0.0000109649
2833	0.0000110131
2834	0.0000110623
2835	0.0000111146
2836	0.0000111740
2837	0.0000112371
2838	0.0000112958
2839	0.0000113455
2840	0.0000113891
2841	0.0000114234
2842	0.0000114524
2843	0.0000114799
2844	0.0000115035
2845	0.0000115305
2846	0.0000115608
2847	0.0000115844
2848	0.0000115974
2849	0.0000116027
2850	0.0000116100
2851	0.0000116200
2852	0.0000116282
2853	0.0000116375
2854	0.0000116496
2855	0.0000116659
2856	0.0000116881
2857	0.0000117153
2858	0.0000117442
2859	0.0000117761
2860	0.0000118111
2861	0.0000118445
2862	0.0000118726
2863	0.0000118910
2864	0.0000118998
2865	0.0000119109
2866	0.0000119288
2867	0.0000119438
2868	0.0000119588
2869	0.0000119797
2870	0.0000120058
2871	0.0000120325
2872	0.0000120560
2873	0.0000120763
2874	0.0000120916
2875	0.0000121106
2876	0.0000121346
2877	0.0000121551
2878	0.0000121773
2879	0.0000122039
2880	0.0000122262
2881	0.0000122428
2882	0.0000122546
2883	0.0000122588
2884	0.0000122583
2885	0.0000122529
2886	0.0000122467
2887	0.0000122474
2888	0.0000122537
2889	0.0000122658
2890	0.0000122840
2891	0.0000123046
2892	0.0000123241
2893	0.0000123396
2894	0.0000123486
2895	0.0000123523
2896	0.0000123591
2897	0.0000123715
2898	0.0000123827
2899	0.0000123936
2900	0.0000124061
2901	0.0000124209
2902	0.0000124391
2903	0.0000124560
2904	0.0000124747
2905	0.0000124961
2906	0.0000125182
2907	0.0000125434
2908	0.0000125692
2909	0.0000125935
2910	0.0000126137
2911	0.0000126305
2912	0.0000126493
2913	0.0000126623
2914	0.0000126626
2915	0.0000126593
2916	0.0000126614
2917	0.0000126648
2918	0.0000126637
2919	0.0000126602
2920	0.0000126568
2921	0.0000126544
2922	0.0000126516
2923	0.0000126468
2924	0.0000126424
2925	0.0000126381
2926	0.0000126346
2927	0.0000126324
2928	0.0000126311
2929	0.0000126273
2930	0.0000126204
2931	0.0000126126
2932	0.0000126056
2933	0.0000126022
2934	0.0000126013
2935	0.0000126076
2936	0.0000126228
2937	0.0000126422
2938	0.0000126645
2939	0.0000126858
2940	0.0000127021
2941	0.0000127176
2942	0.0000127314
2943	0.0000127320
2944	0.0000127266
2945	0.0000127187
2946	0.0000127046
2947	0.0000126897
2948	0.0000126709
2949	0.0000126518
2950	0.0000126378
2951	0.0000126300
2952	0.0000126243
2953	0.0000126105
2954	0.0000125864
2955	0.0000125643
2956	0.0000125513
2957	0.0000125430
2958	0.0000125404
2959	0.0000125337
2960	0.0000125284
2961	0.0000125370
2962	0.0000125539
2963	0.0000125862
2964	0.0000126315
2965	0.0000126823
2966	0.0000127345
2967	0.0000127777
2968	0.0000128107
2969	0.0000128411
2970	0.0000128754
2971	0.0000129132
2972	0.0000129449
2973	0.0000129557
2974	0.0000129451
2975	0.0000129207
2976	0.0000128817
2977	0.0000128361
2978	0.0000127975
2979	0.0000127591
2980	0.0000127132
2981	0.0000126689
2982	0.0000126285
2983	0.0000125869
2984	0.0000125498
2985	0.0000125250
2986	0.0000125048
2987	0.0000124837
2988	0.0000124671
2989	0.0000124577
2990	0.0000124530
2991	0.0000124474
2992	0.0000124416
2993	0.0000124369
2994	0.0000124320
2995	0.0000124243
2996	0.0000124110
2997	0.0000123951
2998	0.0000123798
2999	0.0000123673
