0	0.0000000000
1	0.0000000000
2	0.0000000000
3	0.0000000000
4	0.0000000000
5	0.0000000000
6	0.0000000000
7	0.0000000000
8	0.0000000000
9	0.0000000000
10	0.0000000000
11	0.0000000000
12	0.0000000000
13	0.0000000000
14	0.0000000000
15	0.0000000000
16	0.0000000000
17	0.0000000000
18	0.0000000000
19	0.0000000000
20	0.0000000000
21	0.0000000000
22	0.0000000000
23	0.0000000000
24	0.0000000000
25	0.0000000000
26	0.0000000000
27	0.0000000000
28	0.0000000000
29	0.0000000000
30	0.0000000000
31	0.0000000000
32	0.0000000001
33	0.0000000003
34	0.0000000008
35	0.0000000026
36	0.0000000075
37	0.0000000200
38	0.0000000487
39	0.0000001092
40	0.0000002245
41	0.0000004229
42	0.0000007280
43	0.0000011433
44	0.0000016366
45	0.0000021384
46	0.0000025675
47	0.0000028801
48	0.0000031106
49	0.0000033610
50	0.0000037258
51	0.0000042059
52	0.0000046992
53	0.0000051008
54	0.0000054201
55	0.0000057752
56	0.0000062508
57	0.0000067872
58	0.0000072566
59	0.0000076404
60	0.0000080580
61	0.0000085890
62	0.0000091496
63	0.0000096239
64	0.0000100526
65	0.0000105643
66	0.0000111556
67	0.0000116967
68	0.0000121623
69	0.0000126766
70	0.0000132819
71	0.0000138591
72	0.0000143563
73	0.0000148877
74	0.0000155063
75	0.0000160983
76	0.0000166145
77	0.0000171695
78	0.0000178007
79	0.0000183905
80	0.0000189174
81	0.0000194993
82	0.0000201353
83	0.0000207091
84	0.0000212468
85	0.0000218551
86	0.0000224796
87	0.0000230306
88	0.0000235874
89	0.0000242116
90	0.0000248046
91	0.0000253400
92	0.0000259233
93	0.0000265388
94	0.0000270894
95	0.0000276302
96	0.0000282317
97	0.0000288087
98	0.0000293312
99	0.0000298960
100	0.0000304843
101	0.0000310098
102	0.0000315323
103	0.0000321024
104	0.0000326340
105	0.0000331270
106	0.0000336697
107	0.0000342180
108	0.0000347159
109	0.0000352391
110	0.0000357900
111	0.0000362821
112	0.0000367558
113	0.0000372661
114	0.0000377445
115	0.0000381929
116	0.0000386839
117	0.0000391660
118	0.0000395965
119	0.0000400493
120	0.0000405180
121	0.0000409464
122	0.0000413897
123	0.0000418613
124	0.0000422850
125	0.0000426906
126	0.0000431267
127	0.0000435357
128	0.0000439230
129	0.0000443436
130	0.0000447483
131	0.0000451236
132	0.0000455342
133	0.0000459465
134	0.0000463191
135	0.0000467071
136	0.0000470990
137	0.0000474508
138	0.0000478105
139	0.0000481775
140	0.0000485000
141	0.0000488219
142	0.0000491644
143	0.0000494752
144	0.0000497809
145	0.0000501082
146	0.0000504127
147	0.0000507164
148	0.0000510475
149	0.0000513549
150	0.0000516514
151	0.0000519769
152	0.0000522851
153	0.0000525728
154	0.0000528774
155	0.0000531636
156	0.0000534290
157	0.0000537108
158	0.0000539752
159	0.0000542197
160	0.0000544894
161	0.0000547524
162	0.0000549874
163	0.0000552210
164	0.0000554166
165	0.0000555519
166	0.0000556631
167	0.0000557528
168	0.0000558631
169	0.0000560840
170	0.0000564184
171	0.0000568345
172	0.0000572913
173	0.0000576400
174	0.0000577364
175	0.0000575506
176	0.0000571175
177	0.0000565846
178	0.0000561665
179	0.0000559703
180	0.0000560144
181	0.0000562463
182	0.0000565012
183	0.0000566796
184	0.0000568300
185	0.0000570004
186	0.0000572238
187	0.0000575123
188	0.0000577800
189	0.0000579512
190	0.0000580413
191	0.0000580790
192	0.0000580867
193	0.0000580446
194	0.0000578746
195	0.0000575680
196	0.0000572067
197	0.0000568773
198	0.0000566296
199	0.0000563957
200	0.0000560451
201	0.0000555806
202	0.0000551132
203	0.0000547525
204	0.0000545538
205	0.0000544056
206	0.0000541435
207	0.0000538004
208	0.0000535120
209	0.0000533533
210	0.0000533285
211	0.0000533107
212	0.0000531700
213	0.0000529837
214	0.0000528852
215	0.0000528913
216	0.0000529448
217	0.0000529335
218	0.0000528129
219	0.0000527015
220	0.0000526780
221	0.0000526818
222	0.0000526455
223	0.0000525316
224	0.0000523602
225	0.0000522204
226	0.0000521279
227	0.0000520035
228	0.0000518051
229	0.0000515502
230	0.0000512835
231	0.0000510489
232	0.0000508187
233	0.0000505221
234	0.0000501579
235	0.0000497887
236	0.0000494522
237	0.0000491307
238	0.0000487654
239	0.0000483211
240	0.0000478596
241	0.0000474555
242	0.0000470634
243	0.0000466000
244	0.0000460749
245	0.0000455650
246	0.0000451290
247	0.0000447155
248	0.0000442145
249	0.0000436691
250	0.0000432143
251	0.0000428348
252	0.0000424222
253	0.0000419333
254	0.0000414210
255	0.0000409779
256	0.0000405583
257	0.0000400362
258	0.0000394878
259	0.0000390770
260	0.0000387948
261	0.0000385237
262	0.0000381860
263	0.0000378532
264	0.0000376336
265	0.0000374061
266	0.0000370300
267	0.0000366306
268	0.0000363228
269	0.0000360262
270	0.0000356330
271	0.0000351529
272	0.0000347503
273	0.0000344929
274	0.0000342182
275	0.0000338995
276	0.0000336956
277	0.0000336180
278	0.0000335543
279	0.0000334477
280	0.0000333828
281	0.0000334709
282	0.0000335609
283	0.0000334691
284	0.0000333441
285	0.0000333206
286	0.0000332759
287	0.0000331097
288	0.0000328709
289	0.0000326766
290	0.0000325229
291	0.0000322704
292	0.0000319668
293	0.0000317512
294	0.0000315304
295	0.0000312022
296	0.0000308617
297	0.0000306433
298	0.0000305696
299	0.0000305461
300	0.0000306059
301	0.0000308950
302	0.0000312808
303	0.0000315306
304	0.0000316691
305	0.0000317393
306	0.0000316616
307	0.0000314055
308	0.0000310973
309	0.0000309718
310	0.0000310527
311	0.0000311321
312	0.0000311829
313	0.0000312761
314	0.0000313176
315	0.0000312481
316	0.0000311577
317	0.0000311332
318	0.0000311256
319	0.0000310159
320	0.0000308255
321	0.0000305996
322	0.0000302635
323	0.0000298866
324	0.0000296407
325	0.0000294845
326	0.0000292623
327	0.0000289291
328	0.0000285820
329	0.0000283011
330	0.0000280294
331	0.0000278065
332	0.0000277630
333	0.0000277872
334	0.0000277086
335	0.0000275949
336	0.0000275700
337	0.0000276429
338	0.0000277445
339	0.0000278482
340	0.0000279851
341	0.0000281027
342	0.0000281721
343	0.0000282884
344	0.0000284388
345	0.0000285240
346	0.0000285633
347	0.0000286107
348	0.0000286545
349	0.0000286596
350	0.0000286355
351	0.0000285938
352	0.0000284610
353	0.0000282503
354	0.0000281058
355	0.0000280030
356	0.0000278006
357	0.0000275065
358	0.0000272079
359	0.0000269363
360	0.0000266654
361	0.0000263912
362	0.0000261311
363	0.0000258058
364	0.0000254027
365	0.0000250843
366	0.0000248632
367	0.0000245906
368	0.0000242573
369	0.0000239436
370	0.0000236740
371	0.0000234455
372	0.0000232778
373	0.0000231767
374	0.0000230547
375	0.0000228837
376	0.0000227756
377	0.0000227147
378	0.0000225736
379	0.0000223756
380	0.0000222352
381	0.0000222240
382	0.0000223709
383	0.0000226746
384	0.0000230886
385	0.0000234842
386	0.0000237568
387	0.0000239133
388	0.0000239501
389	0.0000238855
390	0.0000238563
391	0.0000239835
392	0.0000242908
393	0.0000247405
394	0.0000252380
395	0.0000256684
396	0.0000259652
397	0.0000261617
398	0.0000263254
399	0.0000264592
400	0.0000265635
401	0.0000266509
402	0.0000266900
403	0.0000266837
404	0.0000266950
405	0.0000267606
406	0.0000268726
407	0.0000270054
408	0.0000271344
409	0.0000272315
410	0.0000273047
411	0.0000274124
412	0.0000275432
413	0.0000276372
414	0.0000276954
415	0.0000276835
416	0.0000275417
417	0.0000273273
418	0.0000271333
419	0.0000269596
420	0.0000267603
421	0.0000265528
422	0.0000264052
423	0.0000263687
424	0.0000265074
425	0.0000267870
426	0.0000270163
427	0.0000271718
428	0.0000274214
429	0.0000277843
430	0.0000281843
431	0.0000286073
432	0.0000290208
433	0.0000293491
434	0.0000295682
435	0.0000297838
436	0.0000300554
437	0.0000302601
438	0.0000303164
439	0.0000302054
440	0.0000299090
441	0.0000295929
442	0.0000293947
443	0.0000291633
444	0.0000287805
445	0.0000283784
446	0.0000281254
447	0.0000280201
448	0.0000279895
449	0.0000280415
450	0.0000281675
451	0.0000284283
452	0.0000290153
453	0.0000298583
454	0.0000307273
455	0.0000316463
456	0.0000326624
457	0.0000337473
458	0.0000349932
459	0.0000364202
460	0.0000378272
461	0.0000390324
462	0.0000401702
463	0.0000414834
464	0.0000428625
465	0.0000440906
466	0.0000451480
467	0.0000460020
468	0.0000467251
469	0.0000474732
470	0.0000481060
471	0.0000484630
472	0.0000486957
473	0.0000489739
474	0.0000492616
475	0.0000494645
476	0.0000496001
477	0.0000496709
478	0.0000496409
479	0.0000496389
480	0.0000497095
481	0.0000496978
482	0.0000496463
483	0.0000496880
484	0.0000498171
485	0.0000500519
486	0.0000503724
487	0.0000507091
488	0.0000511463
489	0.0000518166
490	0.0000526312
491	0.0000533587
492	0.0000540477
493	0.0000549369
494	0.0000559535
495	0.0000569293
496	0.0000578805
497	0.0000588023
498	0.0000597721
499	0.0000609116
500	0.0000621019
501	0.0000632403
502	0.0000644499
503	0.0000658293
504	0.0000672827
505	0.0000686587
506	0.0000699301
507	0.0000710569
508	0.0000720288
509	0.0000730483
510	0.0000741264
511	0.0000750851
512	0.0000761064
513	0.0000773790
514	0.0000786729
515	0.0000796994
516	0.0000802997
517	0.0000804370
518	0.0000802397
519	0.0000798699
520	0.0000794357
521	0.0000790921
522	0.0000791026
523	0.0000795475
524	0.0000801236
525	0.0000805721
526	0.0000808720
527	0.0000809862
528	0.0000809486
529	0.0000808852
530	0.0000808034
531	0.0000806607
532	0.0000804290
533	0.0000800404
534	0.0000794653
535	0.0000788068
536	0.0000782399
537	0.0000778490
538	0.0000776253
539	0.0000775341
540	0.0000774808
541	0.0000774136
542	0.0000773689
543	0.0000773474
544	0.0000773611
545	0.0000774173
546	0.0000774099
547	0.0000772692
548	0.0000770769
549	0.0000769455
550	0.0000769057
551	0.0000769179
552	0.0000769293
553	0.0000768958
554	0.0000768291
555	0.0000767691
556	0.0000767003
557	0.0000766678
558	0.0000767612
559	0.0000769070
560	0.0000769915
561	0.0000770272
562	0.0000770541
563	0.0000770803
564	0.0000770745
565	0.0000769815
566	0.0000768093
567	0.0000766393
568	0.0000765218
569	0.0000764237
570	0.0000763235
571	0.0000761999
572	0.0000759804
573	0.0000757168
574	0.0000755540
575	0.0000755156
576	0.0000755722
577	0.0000756330
578	0.0000755610
579	0.0000754466
580	0.0000754779
581	0.0000756137
582	0.0000757283
583	0.0000758165
584	0.0000758956
585	0.0000759286
586	0.0000759293
587	0.0000759400
588	0.0000758953
589	0.0000757213
590	0.0000754356
591	0.0000751057
592	0.0000748105
593	0.0000744770
594	0.0000739431
595	0.0000732395
596	0.0000724473
597	0.0000715570
598	0.0000706143
599	0.0000696335
600	0.0000685160
601	0.0000672838
602	0.0000661930
603	0.0000654074
604	0.0000647794
605	0.0000641449
606	0.0000633820
607	0.0000623396
608	0.0000611905
609	0.0000602211
610	0.0000593323
611	0.0000583710
612	0.0000573792
613	0.0000564465
614	0.0000557172
615	0.0000552078
616	0.0000547626
617	0.0000543707
618	0.0000541419
619	0.0000540623
620	0.0000540608
621	0.0000541412
622	0.0000541941
623	0.0000540097
624	0.0000536940
625	0.0000534823
626	0.0000532859
627	0.0000529551
628	0.0000525053
629	0.0000520315
630	0.0000516657
631	0.0000513808
632	0.0000510552
633	0.0000507189
634	0.0000504066
635	0.0000500755
636	0.0000497152
637	0.0000492866
638	0.0000486761
639	0.0000478929
640	0.0000471501
641	0.0000464617
642	0.0000455964
643	0.0000445480
644	0.0000434036
645	0.0000421914
646	0.0000410601
647	0.0000399000
648	0.0000384159
649	0.0000368007
650	0.0000354642
651	0.0000344974
652	0.0000337841
653	0.0000331857
654	0.0000326355
655	0.0000321685
656	0.0000318294
657	0.0000315677
658	0.0000312942
659	0.0000310099
660	0.0000307040
661	0.0000304289
662	0.0000303515
663	0.0000302672
664	0.0000298423
665	0.0000293187
666	0.0000289876
667	0.0000286843
668	0.0000282745
669	0.0000278268
670	0.0000274177
671	0.0000270765
672	0.0000267435
673	0.0000263553
674	0.0000259583
675	0.0000256601
676	0.0000255061
677	0.0000254538
678	0.0000254433
679	0.0000254093
680	0.0000253627
681	0.0000254190
682	0.0000255677
683	0.0000256910
684	0.0000257841
685	0.0000258822
686	0.0000259879
687	0.0000261123
688	0.0000262359
689	0.0000263326
690	0.0000264138
691	0.0000264846
692	0.0000265386
693	0.0000265916
694	0.0000266687
695	0.0000267889
696	0.0000269566
697	0.0000271415
698	0.0000273303
699	0.0000275458
700	0.0000277699
701	0.0000280007
702	0.0000282783
703	0.0000285923
704	0.0000289327
705	0.0000292576
706	0.0000294831
707	0.0000297004
708	0.0000300245
709	0.0000303268
710	0.0000305001
711	0.0000306555
712	0.0000308971
713	0.0000311772
714	0.0000314168
715	0.0000315958
716	0.0000317043
717	0.0000317508
718	0.0000317350
719	0.0000316163
720	0.0000314579
721	0.0000313791
722	0.0000314331
723	0.0000316790
724	0.0000320687
725	0.0000324757
726	0.0000329124
727	0.0000333165
728	0.0000334835
729	0.0000334021
730	0.0000332620
731	0.0000332594
732	0.0000335361
733	0.0000341524
734	0.0000350929
735	0.0000362626
736	0.0000374423
737	0.0000383468
738	0.0000388969
739	0.0000392631
740	0.0000395290
741	0.0000397086
742	0.0000399193
743	0.0000401904
744	0.0000404705
745	0.0000407396
746	0.0000409453
747	0.0000411370
748	0.0000414657
749	0.0000419799
750	0.0000426179
751	0.0000432103
752	0.0000435982
753	0.0000438153
754	0.0000439157
755	0.0000438335
756	0.0000435886
757	0.0000433417
758	0.0000431372
759	0.0000428766
760	0.0000425666
761	0.0000422851
762	0.0000420498
763	0.0000418940
764	0.0000418308
765	0.0000418254
766	0.0000418563
767	0.0000418724
768	0.0000418501
769	0.0000418347
770	0.0000418386
771	0.0000418303
772	0.0000417494
773	0.0000415632
774	0.0000413678
775	0.0000412826
776	0.0000413068
777	0.0000413961
778	0.0000415498
779	0.0000417221
780	0.0000418368
781	0.0000419537
782	0.0000421882
783	0.0000425844
784	0.0000430825
785	0.0000434581
786	0.0000436380
787	0.0000438223
788	0.0000439954
789	0.0000440197
790	0.0000439868
791	0.0000439251
792	0.0000437248
793	0.0000433508
794	0.0000428373
795	0.0000423060
796	0.0000418751
797	0.0000414801
798	0.0000409424
799	0.0000401998
800	0.0000394226
801	0.0000388399
802	0.0000385061
803	0.0000382831
804	0.0000380577
805	0.0000378978
806	0.0000377988
807	0.0000376769
808	0.0000376903
809	0.0000378920
810	0.0000380038
811	0.0000379339
812	0.0000378276
813	0.0000377657
814	0.0000377640
815	0.0000377751
816	0.0000377566
817	0.0000377340
818	0.0000377035
819	0.0000376367
820	0.0000375416
821	0.0000374357
822	0.0000373087
823	0.0000371718
824	0.0000370941
825	0.0000371435
826	0.0000373644
827	0.0000376909
828	0.0000379834
829	0.0000383122
830	0.0000388149
831	0.0000394262
832	0.0000400702
833	0.0000407127
834	0.0000412945
835	0.0000418009
836	0.0000422387
837	0.0000426912
838	0.0000432150
839	0.0000436516
840	0.0000439439
841	0.0000442979
842	0.0000447951
843	0.0000452989
844	0.0000457317
845	0.0000461123
846	0.0000464270
847	0.0000466886
848	0.0000469253
849	0.0000470759
850	0.0000471256
851	0.0000471335
852	0.0000471475
853	0.0000472678
854	0.0000475203
855	0.0000477947
856	0.0000479761
857	0.0000479766
858	0.0000479051
859	0.0000479353
860	0.0000479685
861	0.0000480019
862	0.0000482920
863	0.0000488656
864	0.0000495546
865	0.0000502966
866	0.0000509713
867	0.0000513049
868	0.0000511806
869	0.0000508017
870	0.0000504273
871	0.0000501461
872	0.0000498769
873	0.0000495515
874	0.0000492906
875	0.0000491190
876	0.0000488489
877	0.0000484638
878	0.0000480960
879	0.0000478492
880	0.0000477886
881	0.0000477767
882	0.0000476206
883	0.0000472523
884	0.0000466184
885	0.0000458411
886	0.0000451586
887	0.0000445600
888	0.0000439210
889	0.0000432449
890	0.0000425953
891	0.0000419961
892	0.0000413746
893	0.0000406699
894	0.0000400352
895	0.0000396969
896	0.0000395942
897	0.0000395181
898	0.0000394622
899	0.0000394430
900	0.0000394310
901	0.0000395609
902	0.0000398945
903	0.0000402948
904	0.0000406612
905	0.0000409576
906	0.0000412308
907	0.0000415656
908	0.0000419347
909	0.0000423115
910	0.0000427121
911	0.0000431082
912	0.0000434796
913	0.0000437955
914	0.0000440087
915	0.0000441448
916	0.0000442532
917	0.0000443290
918	0.0000443461
919	0.0000442982
920	0.0000442151
921	0.0000441494
922	0.0000440805
923	0.0000439225
924	0.0000436998
925	0.0000435117
926	0.0000433702
927	0.0000432538
928	0.0000431494
929	0.0000430476
930	0.0000429511
931	0.0000428076
932	0.0000425924
933	0.0000423926
934	0.0000422669
935	0.0000421927
936	0.0000421058
937	0.0000419363
938	0.0000416903
939	0.0000414253
940	0.0000411861
941	0.0000409877
942	0.0000407925
943	0.0000406011
944	0.0000405623
945	0.0000408037
946	0.0000412029
947	0.0000415624
948	0.0000418291
949	0.0000419633
950	0.0000419296
951	0.0000417843
952	0.0000416046
953	0.0000414974
954	0.0000414757
955	0.0000414108
956	0.0000413329
957	0.0000413262
958	0.0000413088
959	0.0000412838
960	0.0000413200
961	0.0000413297
962	0.0000412207
963	0.0000410376
964	0.0000408546
965	0.0000406573
966	0.0000403926
967	0.0000400838
968	0.0000398162
969	0.0000396606
970	0.0000396203
971	0.0000396340
972	0.0000396361
973	0.0000396370
974	0.0000397259
975	0.0000399136
976	0.0000401541
977	0.0000404175
978	0.0000405390
979	0.0000404184
980	0.0000401487
981	0.0000397176
982	0.0000392471
983	0.0000390013
984	0.0000387880
985	0.0000383450
986	0.0000379203
987	0.0000378095
988	0.0000379673
989	0.0000381882
990	0.0000383845
991	0.0000386253
992	0.0000389018
993	0.0000391153
994	0.0000392291
995	0.0000392183
996	0.0000390687
997	0.0000388872
998	0.0000387756
999	0.0000386340
1000	0.0000383616
1001	0.0000380339
1002	0.0000377318
1003	0.0000375322
1004	0.0000374805
1005	0.0000375337
1006	0.0000377049
1007	0.0000378863
1008	0.0000379353
1009	0.0000381081
1010	0.0000386163
1011	0.0000392613
1012	0.0000398423
1013	0.0000402789
1014	0.0000406538
1015	0.0000411695
1016	0.0000418060
1017	0.0000424312
1018	0.0000429726
1019	0.0000433142
1020	0.0000435003
1021	0.0000437553
1022	0.0000440576
1023	0.0000441639
1024	0.0000440944
1025	0.0000440665
1026	0.0000440749
1027	0.0000440468
1028	0.0000440565
1029	0.0000441405
1030	0.0000442683
1031	0.0000444119
1032	0.0000445552
1033	0.0000447010
1034	0.0000448120
1035	0.0000448795
1036	0.0000449396
1037	0.0000449742
1038	0.0000449747
1039	0.0000449160
1040	0.0000447528
1041	0.0000445429
1042	0.0000443173
1043	0.0000440170
1044	0.0000436149
1045	0.0000431167
1046	0.0000426275
1047	0.0000422924
1048	0.0000420280
1049	0.0000416572
1050	0.0000412507
1051	0.0000409739
1052	0.0000408019
1053	0.0000406806
1054	0.0000406687
1055	0.0000407690
1056	0.0000409172
1057	0.0000410954
1058	0.0000413203
1059	0.0000415667
1060	0.0000417391
1061	0.0000418048
1062	0.0000418195
1063	0.0000418056
1064	0.0000418129
1065	0.0000418924
1066	0.0000420033
1067	0.0000421476
1068	0.0000423558
1069	0.0000425702
1070	0.0000427016
1071	0.0000426928
1072	0.0000425908
1073	0.0000425190
1074	0.0000425248
1075	0.0000426033
1076	0.0000427695
1077	0.0000430010
1078	0.0000432069
1079	0.0000432936
1080	0.0000432544
1081	0.0000431748
1082	0.0000431332
1083	0.0000431304
1084	0.0000431498
1085	0.0000432028
1086	0.0000432883
1087	0.0000433923
1088	0.0000434476
1089	0.0000433806
1090	0.0000433021
1091	0.0000433229
1092	0.0000433359
1093	0.0000432658
1094	0.0000431146
1095	0.0000428119
1096	0.0000423557
1097	0.0000418932
1098	0.0000415927
1099	0.0000414727
1100	0.0000414227
1101	0.0000414368
1102	0.0000415657
1103	0.0000417577
1104	0.0000419684
1105	0.0000421917
1106	0.0000424276
1107	0.0000427210
1108	0.0000430502
1109	0.0000432810
1110	0.0000433509
1111	0.0000433281
1112	0.0000432821
1113	0.0000432489
1114	0.0000432415
1115	0.0000432436
1116	0.0000432599
1117	0.0000432535
1118	0.0000431574
1119	0.0000430350
1120	0.0000429404
1121	0.0000428143
1122	0.0000426413
1123	0.0000423884
1124	0.0000419940
1125	0.0000415156
1126	0.0000410727
1127	0.0000407308
1128	0.0000404111
1129	0.0000400030
1130	0.0000395636
1131	0.0000391412
1132	0.0000386962
1133	0.0000382822
1134	0.0000379622
1135	0.0000377360
1136	0.0000376100
1137	0.0000375385
1138	0.0000374307
1139	0.0000372992
1140	0.0000372592
1141	0.0000373276
1142	0.0000373482
1143	0.0000371960
1144	0.0000369675
1145	0.0000368203
1146	0.0000366785
1147	0.0000364251
1148	0.0000361443
1149	0.0000358314
1150	0.0000353882
1151	0.0000347861
1152	0.0000339243
1153	0.0000329045
1154	0.0000320643
1155	0.0000314452
1156	0.0000308918
1157	0.0000303094
1158	0.0000296771
1159	0.0000291770
1160	0.0000288954
1161	0.0000286425
1162	0.0000283044
1163	0.0000278378
1164	0.0000272061
1165	0.0000265896
1166	0.0000262329
1167	0.0000261084
1168	0.0000260212
1169	0.0000259624
1170	0.0000260149
1171	0.0000260679
1172	0.0000260565
1173	0.0000261947
1174	0.0000266052
1175	0.0000270562
1176	0.0000273320
1177	0.0000274898
1178	0.0000276254
1179	0.0000278301
1180	0.0000281749
1181	0.0000285434
1182	0.0000289048
1183	0.0000293721
1184	0.0000298865
1185	0.0000304143
1186	0.0000310232
1187	0.0000316536
1188	0.0000322017
1189	0.0000325744
1190	0.0000328051
1191	0.0000330928
1192	0.0000334477
1193	0.0000337212
1194	0.0000338936
1195	0.0000340239
1196	0.0000342140
1197	0.0000345739
1198	0.0000350999
1199	0.0000356530
1200	0.0000360672
1201	0.0000363855
1202	0.0000368195
1203	0.0000374197
1204	0.0000380929
1205	0.0000388413
1206	0.0000396750
1207	0.0000404388
1208	0.0000409823
1209	0.0000413000
1210	0.0000413918
1211	0.0000412901
1212	0.0000411011
1213	0.0000408581
1214	0.0000405971
1215	0.0000404320
1216	0.0000404015
1217	0.0000404101
1218	0.0000403390
1219	0.0000402138
1220	0.0000401395
1221	0.0000400887
1222	0.0000400172
1223	0.0000399591
1224	0.0000398920
1225	0.0000397687
1226	0.0000395735
1227	0.0000393072
1228	0.0000390277
1229	0.0000387921
1230	0.0000386025
1231	0.0000384720
1232	0.0000384240
1233	0.0000384336
1234	0.0000384435
1235	0.0000384221
1236	0.0000383844
1237	0.0000383730
1238	0.0000384040
1239	0.0000384389
1240	0.0000384262
1241	0.0000383294
1242	0.0000381664
1243	0.0000380324
1244	0.0000379813
1245	0.0000379669
1246	0.0000379331
1247	0.0000378518
1248	0.0000377030
1249	0.0000374798
1250	0.0000372444
1251	0.0000370933
1252	0.0000370095
1253	0.0000369319
1254	0.0000368781
1255	0.0000368315
1256	0.0000367322
1257	0.0000365715
1258	0.0000363713
1259	0.0000361930
1260	0.0000360896
1261	0.0000360063
1262	0.0000358683
1263	0.0000356868
1264	0.0000355225
1265	0.0000354214
1266	0.0000353796
1267	0.0000353813
1268	0.0000354495
1269	0.0000355969
1270	0.0000357779
1271	0.0000359510
1272	0.0000361421
1273	0.0000363898
1274	0.0000366687
1275	0.0000369250
1276	0.0000371249
1277	0.0000372477
1278	0.0000373002
1279	0.0000373051
1280	0.0000372807
1281	0.0000372496
1282	0.0000372537
1283	0.0000374290
1284	0.0000378973
1285	0.0000385005
1286	0.0000389980
1287	0.0000393625
1288	0.0000396080
1289	0.0000397382
1290	0.0000398230
1291	0.0000398652
1292	0.0000398769
1293	0.0000399833
1294	0.0000402564
1295	0.0000406572
1296	0.0000411206
1297	0.0000416287
1298	0.0000421695
1299	0.0000426062
1300	0.0000428341
1301	0.0000429774
1302	0.0000431364
1303	0.0000432003
1304	0.0000431055
1305	0.0000429426
1306	0.0000427337
1307	0.0000424263
1308	0.0000420344
1309	0.0000416128
1310	0.0000412589
1311	0.0000410544
1312	0.0000409418
1313	0.0000408135
1314	0.0000405918
1315	0.0000402699
1316	0.0000399560
1317	0.0000397213
1318	0.0000395548
1319	0.0000394102
1320	0.0000391973
1321	0.0000389352
1322	0.0000387106
1323	0.0000385254
1324	0.0000384067
1325	0.0000383763
1326	0.0000384292
1327	0.0000386151
1328	0.0000389203
1329	0.0000393003
1330	0.0000396935
1331	0.0000399735
1332	0.0000402092
1333	0.0000404687
1334	0.0000404609
1335	0.0000400685
1336	0.0000395898
1337	0.0000390720
1338	0.0000382445
1339	0.0000371092
1340	0.0000359350
1341	0.0000349103
1342	0.0000341394
1343	0.0000336001
1344	0.0000331176
1345	0.0000326215
1346	0.0000321611
1347	0.0000318103
1348	0.0000317197
1349	0.0000319271
1350	0.0000322519
1351	0.0000324844
1352	0.0000325503
1353	0.0000326001
1354	0.0000327720
1355	0.0000329776
1356	0.0000331529
1357	0.0000333168
1358	0.0000334666
1359	0.0000336472
1360	0.0000338441
1361	0.0000340002
1362	0.0000341697
1363	0.0000343967
1364	0.0000346792
1365	0.0000349877
1366	0.0000352152
1367	0.0000353593
1368	0.0000355330
1369	0.0000357247
1370	0.0000358759
1371	0.0000360286
1372	0.0000362173
1373	0.0000364177
1374	0.0000366246
1375	0.0000368483
1376	0.0000370673
1377	0.0000372541
1378	0.0000374054
1379	0.0000375230
1380	0.0000375982
1381	0.0000376156
1382	0.0000375796
1383	0.0000375210
1384	0.0000374687
1385	0.0000374094
1386	0.0000372845
1387	0.0000371013
1388	0.0000369559
1389	0.0000368661
1390	0.0000367852
1391	0.0000367224
1392	0.0000366769
1393	0.0000366240
1394	0.0000365780
1395	0.0000365644
1396	0.0000365878
1397	0.0000366269
1398	0.0000366700
1399	0.0000367317
1400	0.0000368100
1401	0.0000369126
1402	0.0000370548
1403	0.0000372097
1404	0.0000373348
1405	0.0000373617
1406	0.0000372453
1407	0.0000370539
1408	0.0000368571
1409	0.0000366472
1410	0.0000364275
1411	0.0000362367
1412	0.0000361426
1413	0.0000362070
1414	0.0000363845
1415	0.0000365442
1416	0.0000366058
1417	0.0000365679
1418	0.0000364556
1419	0.0000362996
1420	0.0000361039
1421	0.0000359067
1422	0.0000358269
1423	0.0000358489
1424	0.0000358309
1425	0.0000357617
1426	0.0000356001
1427	0.0000352068
1428	0.0000346489
1429	0.0000340950
1430	0.0000335595
1431	0.0000329857
1432	0.0000323779
1433	0.0000318283
1434	0.0000313612
1435	0.0000308712
1436	0.0000303256
1437	0.0000297823
1438	0.0000293282
1439	0.0000290753
1440	0.0000290088
1441	0.0000290464
1442	0.0000291851
1443	0.0000293473
1444	0.0000293854
1445	0.0000292893
1446	0.0000291640
1447	0.0000290933
1448	0.0000290744
1449	0.0000290519
1450	0.0000290058
1451	0.0000289575
1452	0.0000289207
1453	0.0000288986
1454	0.0000288870
1455	0.0000288729
1456	0.0000288639
1457	0.0000288665
1458	0.0000288316
1459	0.0000286953
1460	0.0000284310
1461	0.0000280727
1462	0.0000277115
1463	0.0000273560
1464	0.0000269212
1465	0.0000264257
1466	0.0000259655
1467	0.0000255778
1468	0.0000252481
1469	0.0000249226
1470	0.0000245865
1471	0.0000243052
1472	0.0000241012
1473	0.0000239464
1474	0.0000238159
1475	0.0000236722
1476	0.0000235291
1477	0.0000234427
1478	0.0000234096
1479	0.0000234034
1480	0.0000234108
1481	0.0000233808
1482	0.0000232774
1483	0.0000231552
1484	0.0000230720
1485	0.0000229833
1486	0.0000228322
1487	0.0000226431
1488	0.0000224237
1489	0.0000221335
1490	0.0000217833
1491	0.0000214157
1492	0.0000210477
1493	0.0000207112
1494	0.0000204463
1495	0.0000202424
1496	0.0000200501
1497	0.0000198150
1498	0.0000195040
1499	0.0000191591
1500	0.0000188517
1501	0.0000185732
1502	0.0000182871
1503	0.0000179868
1504	0.0000176583
1505	0.0000173204
1506	0.0000169785
1507	0.0000165687
1508	0.0000161001
1509	0.0000156213
1510	0.0000151271
1511	0.0000146745
1512	0.0000142998
1513	0.0000139429
1514	0.0000136219
1515	0.0000133845
1516	0.0000132176
1517	0.0000131400
1518	0.0000131377
1519	0.0000131129
1520	0.0000130347
1521	0.0000129755
1522	0.0000129850
1523	0.0000130355
1524	0.0000130900
1525	0.0000131512
1526	0.0000132419
1527	0.0000133789
1528	0.0000135371
1529	0.0000136608
1530	0.0000137472
1531	0.0000138481
1532	0.0000139882
1533	0.0000141465
1534	0.0000142899
1535	0.0000144019
1536	0.0000145014
1537	0.0000145870
1538	0.0000145995
1539	0.0000145406
1540	0.0000144928
1541	0.0000144821
1542	0.0000144744
1543	0.0000144394
1544	0.0000143876
1545	0.0000143693
1546	0.0000143908
1547	0.0000144369
1548	0.0000144895
1549	0.0000144861
1550	0.0000144469
1551	0.0000144367
1552	0.0000144212
1553	0.0000144018
1554	0.0000144249
1555	0.0000144813
1556	0.0000145714
1557	0.0000147069
1558	0.0000149283
1559	0.0000152971
1560	0.0000157812
1561	0.0000162865
1562	0.0000167233
1563	0.0000170898
1564	0.0000175114
1565	0.0000180030
1566	0.0000184295
1567	0.0000187418
1568	0.0000189422
1569	0.0000190030
1570	0.0000189704
1571	0.0000189333
1572	0.0000188906
1573	0.0000187817
1574	0.0000185971
1575	0.0000183996
1576	0.0000183054
1577	0.0000183748
1578	0.0000185134
1579	0.0000186402
1580	0.0000187855
1581	0.0000189426
1582	0.0000190734
1583	0.0000192229
1584	0.0000194596
1585	0.0000197602
1586	0.0000200795
1587	0.0000204181
1588	0.0000206966
1589	0.0000208675
1590	0.0000210820
1591	0.0000213828
1592	0.0000216128
1593	0.0000217254
1594	0.0000217957
1595	0.0000218836
1596	0.0000219881
1597	0.0000220540
1598	0.0000220755
1599	0.0000220805
1600	0.0000220670
1601	0.0000220483
1602	0.0000220465
1603	0.0000220784
1604	0.0000221534
1605	0.0000222528
1606	0.0000223569
1607	0.0000224449
1608	0.0000224953
1609	0.0000225200
1610	0.0000225461
1611	0.0000225981
1612	0.0000226984
1613	0.0000228364
1614	0.0000229616
1615	0.0000230465
1616	0.0000231157
1617	0.0000231861
1618	0.0000232446
1619	0.0000232582
1620	0.0000231899
1621	0.0000230701
1622	0.0000229965
1623	0.0000230417
1624	0.0000232242
1625	0.0000235362
1626	0.0000238771
1627	0.0000240350
1628	0.0000239600
1629	0.0000237635
1630	0.0000233757
1631	0.0000227682
1632	0.0000221888
1633	0.0000217930
1634	0.0000215633
1635	0.0000214753
1636	0.0000214852
1637	0.0000215273
1638	0.0000214674
1639	0.0000212741
1640	0.0000211657
1641	0.0000212917
1642	0.0000216002
1643	0.0000219772
1644	0.0000223684
1645	0.0000228860
1646	0.0000235802
1647	0.0000243309
1648	0.0000250706
1649	0.0000257691
1650	0.0000264680
1651	0.0000273003
1652	0.0000282027
1653	0.0000289677
1654	0.0000295412
1655	0.0000299849
1656	0.0000303130
1657	0.0000305314
1658	0.0000307890
1659	0.0000312767
1660	0.0000319960
1661	0.0000328331
1662	0.0000337352
1663	0.0000346735
1664	0.0000355785
1665	0.0000364234
1666	0.0000372412
1667	0.0000380317
1668	0.0000388114
1669	0.0000395831
1670	0.0000402181
1671	0.0000406261
1672	0.0000408482
1673	0.0000409380
1674	0.0000409853
1675	0.0000410794
1676	0.0000412048
1677	0.0000413005
1678	0.0000413664
1679	0.0000414735
1680	0.0000416458
1681	0.0000418266
1682	0.0000419738
1683	0.0000420844
1684	0.0000422117
1685	0.0000423857
1686	0.0000425329
1687	0.0000426427
1688	0.0000427739
1689	0.0000429211
1690	0.0000431025
1691	0.0000433347
1692	0.0000435316
1693	0.0000436331
1694	0.0000436608
1695	0.0000436330
1696	0.0000435623
1697	0.0000434721
1698	0.0000433666
1699	0.0000432342
1700	0.0000430794
1701	0.0000429268
1702	0.0000428078
1703	0.0000427509
1704	0.0000427605
1705	0.0000428116
1706	0.0000428770
1707	0.0000429329
1708	0.0000429621
1709	0.0000430009
1710	0.0000430913
1711	0.0000431841
1712	0.0000432110
1713	0.0000431877
1714	0.0000432033
1715	0.0000433443
1716	0.0000435815
1717	0.0000437981
1718	0.0000439037
1719	0.0000438569
1720	0.0000436864
1721	0.0000434543
1722	0.0000432133
1723	0.0000429881
1724	0.0000427013
1725	0.0000423270
1726	0.0000419681
1727	0.0000416505
1728	0.0000413921
1729	0.0000412113
1730	0.0000410044
1731	0.0000407726
1732	0.0000405806
1733	0.0000403819
1734	0.0000402198
1735	0.0000401401
1736	0.0000400571
1737	0.0000399624
1738	0.0000398795
1739	0.0000397420
1740	0.0000395528
1741	0.0000394436
1742	0.0000394597
1743	0.0000394633
1744	0.0000393991
1745	0.0000393797
1746	0.0000394209
1747	0.0000394305
1748	0.0000393797
1749	0.0000392840
1750	0.0000391446
1751	0.0000389726
1752	0.0000388162
1753	0.0000387474
1754	0.0000388159
1755	0.0000390159
1756	0.0000393126
1757	0.0000396385
1758	0.0000398521
1759	0.0000398579
1760	0.0000396971
1761	0.0000394911
1762	0.0000394282
1763	0.0000395885
1764	0.0000398157
1765	0.0000399595
1766	0.0000400503
1767	0.0000402259
1768	0.0000405056
1769	0.0000407288
1770	0.0000408626
1771	0.0000409947
1772	0.0000411589
1773	0.0000414615
1774	0.0000419364
1775	0.0000424349
1776	0.0000428724
1777	0.0000432430
1778	0.0000435338
1779	0.0000437280
1780	0.0000438471
1781	0.0000439812
1782	0.0000441110
1783	0.0000441121
1784	0.0000439276
1785	0.0000435874
1786	0.0000432405
1787	0.0000429560
1788	0.0000426334
1789	0.0000423294
1790	0.0000421341
1791	0.0000419463
1792	0.0000417129
1793	0.0000414030
1794	0.0000409222
1795	0.0000403008
1796	0.0000396405
1797	0.0000390098
1798	0.0000384519
1799	0.0000378242
1800	0.0000369126
1801	0.0000358157
1802	0.0000347907
1803	0.0000339436
1804	0.0000333196
1805	0.0000328589
1806	0.0000324288
1807	0.0000320907
1808	0.0000319155
1809	0.0000317816
1810	0.0000316499
1811	0.0000316861
1812	0.0000319615
1813	0.0000322786
1814	0.0000325151
1815	0.0000327489
1816	0.0000329116
1817	0.0000329288
1818	0.0000329299
1819	0.0000329665
1820	0.0000329845
1821	0.0000329666
1822	0.0000329201
1823	0.0000328299
1824	0.0000326668
1825	0.0000325626
1826	0.0000326774
1827	0.0000329852
1828	0.0000334730
1829	0.0000340728
1830	0.0000346015
1831	0.0000350189
1832	0.0000353236
1833	0.0000355283
1834	0.0000357404
1835	0.0000359656
1836	0.0000362203
1837	0.0000365767
1838	0.0000369230
1839	0.0000371603
1840	0.0000373744
1841	0.0000376203
1842	0.0000378551
1843	0.0000379964
1844	0.0000379446
1845	0.0000376832
1846	0.0000373357
1847	0.0000370335
1848	0.0000368043
1849	0.0000366346
1850	0.0000365088
1851	0.0000363994
1852	0.0000363009
1853	0.0000362282
1854	0.0000361914
1855	0.0000361892
1856	0.0000362010
1857	0.0000362177
1858	0.0000362621
1859	0.0000363202
1860	0.0000363656
1861	0.0000364793
1862	0.0000366962
1863	0.0000368710
1864	0.0000369346
1865	0.0000369754
1866	0.0000370498
1867	0.0000371450
1868	0.0000372327
1869	0.0000373551
1870	0.0000375722
1871	0.0000378229
1872	0.0000380492
1873	0.0000382730
1874	0.0000385131
1875	0.0000387651
1876	0.0000389570
1877	0.0000390278
1878	0.0000390122
1879	0.0000389642
1880	0.0000389212
1881	0.0000388541
1882	0.0000387280
1883	0.0000386146
1884	0.0000385575
1885	0.0000385669
1886	0.0000387166
1887	0.0000390470
1888	0.0000395396
1889	0.0000401358
1890	0.0000407436
1891	0.0000412903
1892	0.0000417407
1893	0.0000421305
1894	0.0000424612
1895	0.0000426089
1896	0.0000425490
1897	0.0000423902
1898	0.0000421856
1899	0.0000419989
1900	0.0000419096
1901	0.0000418775
1902	0.0000418468
1903	0.0000418083
1904	0.0000417181
1905	0.0000415870
1906	0.0000414457
1907	0.0000412627
1908	0.0000410919
1909	0.0000409021
1910	0.0000404987
1911	0.0000399737
1912	0.0000395929
1913	0.0000393670
1914	0.0000391754
1915	0.0000389399
1916	0.0000387165
1917	0.0000386584
1918	0.0000387713
1919	0.0000389327
1920	0.0000390641
1921	0.0000391709
1922	0.0000392437
1923	0.0000392267
1924	0.0000391823
1925	0.0000391451
1926	0.0000390348
1927	0.0000389065
1928	0.0000388158
1929	0.0000388107
1930	0.0000390382
1931	0.0000394007
1932	0.0000397171
1933	0.0000400509
1934	0.0000404448
1935	0.0000408816
1936	0.0000414140
1937	0.0000420784
1938	0.0000428106
1939	0.0000435094
1940	0.0000442113
1941	0.0000448930
1942	0.0000453644
1943	0.0000456960
1944	0.0000460821
1945	0.0000463971
1946	0.0000464416
1947	0.0000462335
1948	0.0000459471
1949	0.0000457773
1950	0.0000457177
1951	0.0000455263
1952	0.0000450816
1953	0.0000445960
1954	0.0000443526
1955	0.0000444367
1956	0.0000447278
1957	0.0000450897
1958	0.0000455312
1959	0.0000460095
1960	0.0000463877
1961	0.0000466794
1962	0.0000469288
1963	0.0000470892
1964	0.0000471688
1965	0.0000472649
1966	0.0000475202
1967	0.0000480253
1968	0.0000487375
1969	0.0000494077
1970	0.0000497165
1971	0.0000496341
1972	0.0000492161
1973	0.0000484442
1974	0.0000475512
1975	0.0000467422
1976	0.0000460562
1977	0.0000456582
1978	0.0000455868
1979	0.0000457408
1980	0.0000459755
1981	0.0000459663
1982	0.0000456470
1983	0.0000453061
1984	0.0000450671
1985	0.0000448800
1986	0.0000447977
1987	0.0000449178
1988	0.0000450467
1989	0.0000449371
1990	0.0000448197
1991	0.0000448974
1992	0.0000449787
1993	0.0000450291
1994	0.0000451882
1995	0.0000454630
1996	0.0000457562
1997	0.0000459617
1998	0.0000461084
1999	0.0000462754
2000	0.0000464704
2001	0.0000467565
2002	0.0000471993
2003	0.0000477503
2004	0.0000482696
2005	0.0000485628
2006	0.0000485686
2007	0.0000484717
2008	0.0000484475
2009	0.0000484476
2010	0.0000483442
2011	0.0000481337
2012	0.0000479490
2013	0.0000478832
2014	0.0000478661
2015	0.0000478239
2016	0.0000477540
2017	0.0000477112
2018	0.0000479018
2019	0.0000483775
2020	0.0000488846
2021	0.0000493146
2022	0.0000496711
2023	0.0000498696
2024	0.0000499489
2025	0.0000499767
2026	0.0000499421
2027	0.0000498712
2028	0.0000497472
2029	0.0000495153
2030	0.0000492183
2031	0.0000490105
2032	0.0000490003
2033	0.0000490938
2034	0.0000491417
2035	0.0000491042
2036	0.0000490290
2037	0.0000489859
2038	0.0000489741
2039	0.0000489803
2040	0.0000490151
2041	0.0000490254
2042	0.0000489967
2043	0.0000489803
2044	0.0000489916
2045	0.0000490516
2046	0.0000491870
2047	0.0000493815
2048	0.0000495709
2049	0.0000496974
2050	0.0000498034
2051	0.0000499507
2052	0.0000501179
2053	0.0000502423
2054	0.0000502645
2055	0.0000501832
2056	0.0000500661
2057	0.0000499733
2058	0.0000499044
2059	0.0000498177
2060	0.0000497133
2061	0.0000496324
2062	0.0000495723
2063	0.0000495000
2064	0.0000493972
2065	0.0000492654
2066	0.0000491545
2067	0.0000491138
2068	0.0000490978
2069	0.0000490828
2070	0.0000491096
2071	0.0000490742
2072	0.0000488909
2073	0.0000487259
2074	0.0000486653
2075	0.0000485869
2076	0.0000484330
2077	0.0000482574
2078	0.0000481458
2079	0.0000481639
2080	0.0000483232
2081	0.0000485678
2082	0.0000488768
2083	0.0000493690
2084	0.0000500478
2085	0.0000507740
2086	0.0000515578
2087	0.0000524285
2088	0.0000533496
2089	0.0000542649
2090	0.0000550832
2091	0.0000558560
2092	0.0000565789
2093	0.0000571726
2094	0.0000578539
2095	0.0000587330
2096	0.0000596711
2097	0.0000606743
2098	0.0000617015
2099	0.0000627137
2100	0.0000638012
2101	0.0000648529
2102	0.0000656109
2103	0.0000659055
2104	0.0000658027
2105	0.0000656119
2106	0.0000656304
2107	0.0000659995
2108	0.0000664954
2109	0.0000667198
2110	0.0000667410
2111	0.0000668702
2112	0.0000672433
2113	0.0000679141
2114	0.0000687619
2115	0.0000696454
2116	0.0000705615
2117	0.0000713686
2118	0.0000719650
2119	0.0000724320
2120	0.0000726410
2121	0.0000724862
2122	0.0000722988
2123	0.0000722581
2124	0.0000720654
2125	0.0000716468
2126	0.0000713051
2127	0.0000711244
2128	0.0000708985
2129	0.0000705498
2130	0.0000702498
2131	0.0000700839
2132	0.0000699788
2133	0.0000699573
2134	0.0000700012
2135	0.0000699850
2136	0.0000698342
2137	0.0000694753
2138	0.0000689812
2139	0.0000685645
2140	0.0000682863
2141	0.0000681061
2142	0.0000679181
2143	0.0000676379
2144	0.0000673552
2145	0.0000671096
2146	0.0000668762
2147	0.0000667003
2148	0.0000665600
2149	0.0000663902
2150	0.0000661460
2151	0.0000657826
2152	0.0000653281
2153	0.0000649042
2154	0.0000645943
2155	0.0000643287
2156	0.0000640891
2157	0.0000639696
2158	0.0000639410
2159	0.0000639805
2160	0.0000640607
2161	0.0000640558
2162	0.0000640954
2163	0.0000643590
2164	0.0000647187
2165	0.0000650439
2166	0.0000652624
2167	0.0000653511
2168	0.0000654867
2169	0.0000658175
2170	0.0000663175
2171	0.0000668318
2172	0.0000671394
2173	0.0000672009
2174	0.0000671296
2175	0.0000669158
2176	0.0000665476
2177	0.0000662286
2178	0.0000661440
2179	0.0000662205
2180	0.0000663276
2181	0.0000664620
2182	0.0000666537
2183	0.0000668755
2184	0.0000670546
2185	0.0000671503
2186	0.0000671843
2187	0.0000671933
2188	0.0000672223
2189	0.0000673061
2190	0.0000674265
2191	0.0000675239
2192	0.0000675507
2193	0.0000674997
2194	0.0000673744
2195	0.0000672018
2196	0.0000670224
2197	0.0000668634
2198	0.0000667928
2199	0.0000668480
2200	0.0000669555
2201	0.0000670490
2202	0.0000671464
2203	0.0000673304
2204	0.0000676539
2205	0.0000680622
2206	0.0000684725
2207	0.0000688442
2208	0.0000691719
2209	0.0000694368
2210	0.0000696414
2211	0.0000698887
2212	0.0000701825
2213	0.0000703823
2214	0.0000704604
2215	0.0000704439
2216	0.0000703148
2217	0.0000701014
2218	0.0000698446
2219	0.0000695351
2220	0.0000691180
2221	0.0000686069
2222	0.0000681039
2223	0.0000676566
2224	0.0000672689
2225	0.0000668605
2226	0.0000663054
2227	0.0000656938
2228	0.0000652054
2229	0.0000648516
2230	0.0000644905
2231	0.0000639345
2232	0.0000631470
2233	0.0000622135
2234	0.0000611967
2235	0.0000601166
2236	0.0000588738
2237	0.0000575203
2238	0.0000564126
2239	0.0000556573
2240	0.0000550577
2241	0.0000545841
2242	0.0000542634
2243	0.0000540418
2244	0.0000539363
2245	0.0000538623
2246	0.0000536146
2247	0.0000531347
2248	0.0000523306
2249	0.0000510928
2250	0.0000496598
2251	0.0000482971
2252	0.0000470254
2253	0.0000458031
2254	0.0000444610
2255	0.0000429458
2256	0.0000415437
2257	0.0000405595
2258	0.0000401538
2259	0.0000401684
2260	0.0000402232
2261	0.0000402279
2262	0.0000402740
2263	0.0000403416
2264	0.0000403736
2265	0.0000404085
2266	0.0000405355
2267	0.0000405471
2268	0.0000402741
2269	0.0000400867
2270	0.0000401643
2271	0.0000402282
2272	0.0000402627
2273	0.0000404817
2274	0.0000408580
2275	0.0000411281
2276	0.0000411643
2277	0.0000410944
2278	0.0000410251
2279	0.0000410071
2280	0.0000410056
2281	0.0000408936
2282	0.0000407452
2283	0.0000407030
2284	0.0000407569
2285	0.0000408315
2286	0.0000408069
2287	0.0000407115
2288	0.0000406821
2289	0.0000406910
2290	0.0000407102
2291	0.0000407520
2292	0.0000407711
2293	0.0000407803
2294	0.0000407891
2295	0.0000407994
2296	0.0000408624
2297	0.0000409414
2298	0.0000409781
2299	0.0000409952
2300	0.0000409532
2301	0.0000407876
2302	0.0000405506
2303	0.0000402493
2304	0.0000397711
2305	0.0000391303
2306	0.0000385026
2307	0.0000380414
2308	0.0000377938
2309	0.0000376838
2310	0.0000375933
2311	0.0000374191
2312	0.0000370839
2313	0.0000365895
2314	0.0000359737
2315	0.0000352946
2316	0.0000346144
2317	0.0000339455
2318	0.0000333643
2319	0.0000329755
2320	0.0000327454
2321	0.0000325489
2322	0.0000322768
2323	0.0000318797
2324	0.0000312956
2325	0.0000305629
2326	0.0000299856
2327	0.0000296999
2328	0.0000295021
2329	0.0000292909
2330	0.0000290976
2331	0.0000289402
2332	0.0000288218
2333	0.0000287209
2334	0.0000287077
2335	0.0000288577
2336	0.0000291255
2337	0.0000294282
2338	0.0000296985
2339	0.0000299684
2340	0.0000302839
2341	0.0000305872
2342	0.0000308240
2343	0.0000309550
2344	0.0000310229
2345	0.0000311059
2346	0.0000311067
2347	0.0000309566
2348	0.0000306749
2349	0.0000302359
2350	0.0000297692
2351	0.0000294526
2352	0.0000292615
2353	0.0000290944
2354	0.0000288868
2355	0.0000286800
2356	0.0000285775
2357	0.0000285444
2358	0.0000284511
2359	0.0000283067
2360	0.0000282551
2361	0.0000282978
2362	0.0000282995
2363	0.0000282659
2364	0.0000282252
2365	0.0000281100
2366	0.0000279795
2367	0.0000279625
2368	0.0000280515
2369	0.0000281738
2370	0.0000282829
2371	0.0000283561
2372	0.0000284076
2373	0.0000284677
2374	0.0000285145
2375	0.0000284763
2376	0.0000283358
2377	0.0000281732
2378	0.0000280163
2379	0.0000277938
2380	0.0000275472
2381	0.0000273752
2382	0.0000272571
2383	0.0000271981
2384	0.0000271750
2385	0.0000270705
2386	0.0000269339
2387	0.0000268532
2388	0.0000267680
2389	0.0000266903
2390	0.0000266972
2391	0.0000267860
2392	0.0000269025
2393	0.0000269760
2394	0.0000269678
2395	0.0000268950
2396	0.0000268078
2397	0.0000267259
2398	0.0000265982
2399	0.0000263725
2400	0.0000260563
2401	0.0000257493
2402	0.0000255310
2403	0.0000253309
2404	0.0000250727
2405	0.0000247290
2406	0.0000242874
2407	0.0000238187
2408	0.0000233731
2409	0.0000229666
2410	0.0000226446
2411	0.0000223900
2412	0.0000221477
2413	0.0000218331
2414	0.0000213791
2415	0.0000208622
2416	0.0000203487
2417	0.0000198060
2418	0.0000192159
2419	0.0000186515
2420	0.0000182514
2421	0.0000179685
2422	0.0000176629
2423	0.0000174314
2424	0.0000173398
2425	0.0000172827
2426	0.0000172694
2427	0.0000173340
2428	0.0000174121
2429	0.0000174805
2430	0.0000175665
2431	0.0000176703
2432	0.0000177587
2433	0.0000178098
2434	0.0000178299
2435	0.0000178108
2436	0.0000177531
2437	0.0000177215
2438	0.0000177567
2439	0.0000178318
2440	0.0000179820
2441	0.0000182464
2442	0.0000185759
2443	0.0000189661
2444	0.0000193917
2445	0.0000197687
2446	0.0000201540
2447	0.0000206388
2448	0.0000212138
2449	0.0000218961
2450	0.0000227410
2451	0.0000237867
2452	0.0000250440
2453	0.0000264577
2454	0.0000278954
2455	0.0000292962
2456	0.0000307264
2457	0.0000321109
2458	0.0000333214
2459	0.0000344263
2460	0.0000353626
2461	0.0000359307
2462	0.0000361809
2463	0.0000363349
2464	0.0000365816
2465	0.0000369342
2466	0.0000372725
2467	0.0000375440
2468	0.0000377322
2469	0.0000379155
2470	0.0000381914
2471	0.0000384452
2472	0.0000385975
2473	0.0000387013
2474	0.0000387686
2475	0.0000387758
2476	0.0000386124
2477	0.0000382407
2478	0.0000378266
2479	0.0000375088
2480	0.0000372654
2481	0.0000369493
2482	0.0000365960
2483	0.0000364750
2484	0.0000366281
2485	0.0000369645
2486	0.0000374426
2487	0.0000378676
2488	0.0000381316
2489	0.0000383405
2490	0.0000385921
2491	0.0000389368
2492	0.0000393069
2493	0.0000395864
2494	0.0000397682
2495	0.0000398879
2496	0.0000400001
2497	0.0000401722
2498	0.0000404247
2499	0.0000407039
2500	0.0000409269
2501	0.0000410954
2502	0.0000412459
2503	0.0000413963
2504	0.0000415706
2505	0.0000417342
2506	0.0000419022
2507	0.0000421617
2508	0.0000424393
2509	0.0000426517
2510	0.0000429320
2511	0.0000433645
2512	0.0000438413
2513	0.0000442835
2514	0.0000446788
2515	0.0000449917
2516	0.0000451755
2517	0.0000451798
2518	0.0000451281
2519	0.0000452670
2520	0.0000455121
2521	0.0000456698
2522	0.0000458955
2523	0.0000463035
2524	0.0000466838
2525	0.0000468029
2526	0.0000466168
2527	0.0000462304
2528	0.0000457506
2529	0.0000452980
2530	0.0000449701
2531	0.0000446995
2532	0.0000444600
2533	0.0000443424
2534	0.0000443173
2535	0.0000443035
2536	0.0000443062
2537	0.0000443364
2538	0.0000443710
2539	0.0000444262
2540	0.0000445539
2541	0.0000447443
2542	0.0000449726
2543	0.0000452141
2544	0.0000454217
2545	0.0000456366
2546	0.0000458947
2547	0.0000461683
2548	0.0000465043
2549	0.0000469049
2550	0.0000472811
2551	0.0000475745
2552	0.0000477508
2553	0.0000478597
2554	0.0000479974
2555	0.0000481918
2556	0.0000484206
2557	0.0000486193
2558	0.0000487623
2559	0.0000488764
2560	0.0000489480
2561	0.0000489815
2562	0.0000490114
2563	0.0000490757
2564	0.0000492057
2565	0.0000493432
2566	0.0000494231
2567	0.0000494655
2568	0.0000495011
2569	0.0000495496
2570	0.0000495951
2571	0.0000495999
2572	0.0000495870
2573	0.0000495872
2574	0.0000495801
2575	0.0000495535
2576	0.0000495262
2577	0.0000495018
2578	0.0000494557
2579	0.0000493765
2580	0.0000493135
2581	0.0000493280
2582	0.0000493823
2583	0.0000494006
2584	0.0000493672
2585	0.0000492455
2586	0.0000490025
2587	0.0000486548
2588	0.0000481473
2589	0.0000474144
2590	0.0000465241
2591	0.0000455792
2592	0.0000445827
2593	0.0000435384
2594	0.0000425874
2595	0.0000418252
2596	0.0000411488
2597	0.0000404585
2598	0.0000398015
2599	0.0000392788
2600	0.0000389278
2601	0.0000387533
2602	0.0000386809
2603	0.0000384531
2604	0.0000380125
2605	0.0000375624
2606	0.0000370324
2607	0.0000363203
2608	0.0000355794
2609	0.0000349121
2610	0.0000344822
2611	0.0000344514
2612	0.0000346704
2613	0.0000349093
2614	0.0000351038
2615	0.0000354063
2616	0.0000359439
2617	0.0000365476
2618	0.0000370390
2619	0.0000373843
2620	0.0000375947
2621	0.0000376950
2622	0.0000376448
2623	0.0000375379
2624	0.0000375411
2625	0.0000375568
2626	0.0000374482
2627	0.0000371960
2628	0.0000368208
2629	0.0000364334
2630	0.0000361246
2631	0.0000359177
2632	0.0000357368
2633	0.0000354568
2634	0.0000351305
2635	0.0000348235
2636	0.0000345432
2637	0.0000343870
2638	0.0000343090
2639	0.0000341542
2640	0.0000339491
2641	0.0000337938
2642	0.0000337047
2643	0.0000335976
2644	0.0000333692
2645	0.0000330160
2646	0.0000326198
2647	0.0000322551
2648	0.0000319242
2649	0.0000316364
2650	0.0000314281
2651	0.0000312813
2652	0.0000312359
2653	0.0000313157
2654	0.0000313271
2655	0.0000311175
2656	0.0000307484
2657	0.0000302568
2658	0.0000296267
2659	0.0000289585
2660	0.0000284030
2661	0.0000280210
2662	0.0000277888
2663	0.0000276148
2664	0.0000274216
2665	0.0000272096
2666	0.0000269506
2667	0.0000266569
2668	0.0000264258
2669	0.0000262498
2670	0.0000260886
2671	0.0000259665
2672	0.0000258724
2673	0.0000257973
2674	0.0000257278
2675	0.0000256387
2676	0.0000255735
2677	0.0000255496
2678	0.0000255197
2679	0.0000254982
2680	0.0000255354
2681	0.0000255612
2682	0.0000254400
2683	0.0000251824
2684	0.0000249028
2685	0.0000246737
2686	0.0000244958
2687	0.0000243035
2688	0.0000240674
2689	0.0000237751
2690	0.0000233916
2691	0.0000230141
2692	0.0000227582
2693	0.0000225902
2694	0.0000224653
2695	0.0000224243
2696	0.0000225270
2697	0.0000226748
2698	0.0000227274
2699	0.0000227418
2700	0.0000227010
2701	0.0000225299
2702	0.0000223470
2703	0.0000221523
2704	0.0000218750
2705	0.0000216617
2706	0.0000215692
2707	0.0000214408
2708	0.0000211892
2709	0.0000209522
2710	0.0000209169
2711	0.0000210584
2712	0.0000212958
2713	0.0000215910
2714	0.0000218290
2715	0.0000219840
2716	0.0000220829
2717	0.0000220510
2718	0.0000219089
2719	0.0000217542
2720	0.0000215897
2721	0.0000213837
2722	0.0000211089
2723	0.0000207853
2724	0.0000205165
2725	0.0000203688
2726	0.0000203001
2727	0.0000202648
2728	0.0000202739
2729	0.0000202813
2730	0.0000201888
2731	0.0000199980
2732	0.0000197734
2733	0.0000195615
2734	0.0000193930
2735	0.0000192681
2736	0.0000192374
2737	0.0000193910
2738	0.0000196755
2739	0.0000199429
2740	0.0000201143
2741	0.0000201946
2742	0.0000202484
2743	0.0000203119
2744	0.0000203232
2745	0.0000202503
2746	0.0000201763
2747	0.0000201647
2748	0.0000201806
2749	0.0000202034
2750	0.0000202564
2751	0.0000203282
2752	0.0000204072
2753	0.0000204757
2754	0.0000204871
2755	0.0000204606
2756	0.0000204207
2757	0.0000203386
2758	0.0000202455
2759	0.0000201791
2760	0.0000201372
2761	0.0000201606
2762	0.0000202905
2763	0.0000205125
2764	0.0000207678
2765	0.0000210538
2766	0.0000214496
2767	0.0000219150
2768	0.0000223356
2769	0.0000226910
2770	0.0000229804
2771	0.0000232691
2772	0.0000236993
2773	0.0000242971
2774	0.0000249464
2775	0.0000255546
2776	0.0000261947
2777	0.0000268961
2778	0.0000275070
2779	0.0000280373
2780	0.0000286126
2781	0.0000292260
2782	0.0000299034
2783	0.0000306436
2784	0.0000313619
2785	0.0000320408
2786	0.0000326125
2787	0.0000329914
2788	0.0000332189
2789	0.0000333665
2790	0.0000334707
2791	0.0000335162
2792	0.0000335200
2793	0.0000335566
2794	0.0000335856
2795	0.0000335368
2796	0.0000334606
2797	0.0000334320
2798	0.0000334637
2799	0.0000334839
2800	0.0000334462
2801	0.0000334109
2802	0.0000334204
2803	0.0000334713
2804	0.0000335545
2805	0.0000336473
2806	0.0000337455
2807	0.0000338672
2808	0.0000340331
2809	0.0000342335
2810	0.0000344241
2811	0.0000345835
2812	0.0000346846
2813	0.0000347092
2814	0.0000347228
2815	0.0000347733
2816	0.0000348092
2817	0.0000347954
2818	0.0000347705
2819	0.0000347680
2820	0.0000348266
2821	0.0000350060
2822	0.0000352873
2823	0.0000356372
2824	0.0000360828
2825	0.0000365915
2826	0.0000371134
2827	0.0000376300
2828	0.0000380664
2829	0.0000383986
2830	0.0000386791
2831	0.0000388973
2832	0.0000390197
2833	0.0000390491
2834	0.0000390168
2835	0.0000389956
2836	0.0000390380
2837	0.0000391152
2838	0.0000391774
2839	0.0000392276
2840	0.0000392674
2841	0.0000392682
2842	0.0000392210
2843	0.0000391374
2844	0.0000390540
2845	0.0000389354
2846	0.0000386691
2847	0.0000383461
2848	0.0000381433
2849	0.0000380269
2850	0.0000379351
2851	0.0000378524
2852	0.0000377686
2853	0.0000377383
2854	0.0000377353
2855	0.0000377245
2856	0.0000377786
2857	0.0000378976
2858	0.0000380324
2859	0.0000381230
2860	0.0000381192
2861	0.0000380857
2862	0.0000380712
2863	0.0000382156
2864	0.0000387813
2865	0.0000396891
2866	0.0000406575
2867	0.0000416235
2868	0.0000425835
2869	0.0000434501
2870	0.0000440694
2871	0.0000444000
2872	0.0000446709
2873	0.0000450093
2874	0.0000452711
2875	0.0000454042
2876	0.0000455861
2877	0.0000459847
2878	0.0000464827
2879	0.0000468395
2880	0.0000469981
2881	0.0000469660
2882	0.0000468139
2883	0.0000467274
2884	0.0000466907
2885	0.0000465259
2886	0.0000462534
2887	0.0000460072
2888	0.0000457779
2889	0.0000455202
2890	0.0000452877
2891	0.0000450278
2892	0.0000446511
2893	0.0000443201
2894	0.0000441528
2895	0.0000440209
2896	0.0000438325
2897	0.0000435609
2898	0.0000432324
2899	0.0000429571
2900	0.0000427509
2901	0.0000425745
2902	0.0000424602
2903	0.0000424378
2904	0.0000424812
2905	0.0000424888
2906	0.0000423547
2907	0.0000421188
2908	0.0000418980
2909	0.0000417543
2910	0.0000417786
2911	0.0000420318
2912	0.0000423173
2913	0.0000423746
2914	0.0000421713
2915	0.0000418211
2916	0.0000414519
2917	0.0000410097
2918	0.0000403103
2919	0.0000394667
2920	0.0000387104
2921	0.0000380174
2922	0.0000373357
2923	0.0000366940
2924	0.0000361255
2925	0.0000356703
2926	0.0000353038
2927	0.0000350124
2928	0.0000348373
2929	0.0000347808
2930	0.0000347964
2931	0.0000347971
2932	0.0000347529
2933	0.0000347221
2934	0.0000347470
2935	0.0000348436
2936	0.0000349457
2937	0.0000349753
2938	0.0000349880
2939	0.0000350553
2940	0.0000351927
2941	0.0000353520
2942	0.0000354606
2943	0.0000355693
2944	0.0000356852
2945	0.0000356806
2946	0.0000355406
2947	0.0000353474
2948	0.0000351587
2949	0.0000349972
2950	0.0000348505
2951	0.0000347517
2952	0.0000347266
2953	0.0000347374
2954	0.0000347670
2955	0.0000347720
2956	0.0000346850
2957	0.0000345221
2958	0.0000343382
2959	0.0000341459
2960	0.0000339227
2961	0.0000336610
2962	0.0000333531
2963	0.0000329946
2964	0.0000326719
2965	0.0000324559
2966	0.0000322828
2967	0.0000321063
2968	0.0000319323
2969	0.0000317316
2970	0.0000314988
2971	0.0000312665
2972	0.0000310569
2973	0.0000308800
2974	0.0000307317
2975	0.0000306076
2976	0.0000305040
2977	0.0000304101
2978	0.0000303120
2979	0.0000301697
2980	0.0000299798
2981	0.0000298285
2982	0.0000297653
2983	0.0000297445
2984	0.0000297232
2985	0.0000297130
2986	0.0000297270
2987	0.0000297228
2988	0.0000296750
2989	0.0000296411
2990	0.0000296774
2991	0.0000298057
2992	0.0000300225
2993	0.0000302812
2994	0.0000305145
2995	0.0000306480
2996	0.0000306734
2997	0.0000306564
2998	0.0000305718
2999	0.0000303534
