0	0.0000000000
1	0.0000000000
2	0.0000000000
3	0.0000000000
4	0.0000000000
5	0.0000000000
6	0.0000000000
7	0.0000000000
8	0.0000000000
9	0.0000000000
10	0.0000000000
11	0.0000000000
12	0.0000000000
13	0.0000000000
14	0.0000000000
15	0.0000000000
16	0.0000000000
17	0.0000000000
18	0.0000000000
19	0.0000000000
20	0.0000000000
21	0.0000000000
22	0.0000000000
23	0.0000000000
24	0.0000000000
25	0.0000000000
26	0.0000000000
27	0.0000000000
28	0.0000000000
29	0.0000000001
30	0.0000000003
31	0.0000000009
32	0.0000000028
33	0.0000000073
34	0.0000000174
35	0.0000000369
36	0.0000000693
37	0.0000001156
38	0.0000001706
39	0.0000002241
40	0.0000002668
41	0.0000002995
42	0.0000003352
43	0.0000003878
44	0.0000004558
45	0.0000005225
46	0.0000005779
47	0.0000006341
48	0.0000007089
49	0.0000007964
50	0.0000008764
51	0.0000009498
52	0.0000010380
53	0.0000011430
54	0.0000012426
55	0.0000013352
56	0.0000014438
57	0.0000015675
58	0.0000016830
59	0.0000017965
60	0.0000019301
61	0.0000020710
62	0.0000022012
63	0.0000023407
64	0.0000024993
65	0.0000026522
66	0.0000028020
67	0.0000029721
68	0.0000031467
69	0.0000033116
70	0.0000034913
71	0.0000036841
72	0.0000038662
73	0.0000040560
74	0.0000042634
75	0.0000044625
76	0.0000046631
77	0.0000048828
78	0.0000050972
79	0.0000053087
80	0.0000055391
81	0.0000057666
82	0.0000059884
83	0.0000062284
84	0.0000064665
85	0.0000066978
86	0.0000069461
87	0.0000071926
88	0.0000074317
89	0.0000076871
90	0.0000079399
91	0.0000081862
92	0.0000084486
93	0.0000087067
94	0.0000089582
95	0.0000092226
96	0.0000094782
97	0.0000097304
98	0.0000100002
99	0.0000102666
100	0.0000105359
101	0.0000108135
102	0.0000110699
103	0.0000113197
104	0.0000115766
105	0.0000118291
106	0.0000120974
107	0.0000123717
108	0.0000126305
109	0.0000128971
110	0.0000131660
111	0.0000134295
112	0.0000136998
113	0.0000139547
114	0.0000142012
115	0.0000144600
116	0.0000147097
117	0.0000149561
118	0.0000152038
119	0.0000154434
120	0.0000156953
121	0.0000159465
122	0.0000161848
123	0.0000164336
124	0.0000166817
125	0.0000169260
126	0.0000171727
127	0.0000174080
128	0.0000176495
129	0.0000178928
130	0.0000181195
131	0.0000183509
132	0.0000185815
133	0.0000188046
134	0.0000190289
135	0.0000192433
136	0.0000194613
137	0.0000196806
138	0.0000198852
139	0.0000200961
140	0.0000203071
141	0.0000205093
142	0.0000207143
143	0.0000209139
144	0.0000211159
145	0.0000213164
146	0.0000215066
147	0.0000217055
148	0.0000218998
149	0.0000220856
150	0.0000222787
151	0.0000224680
152	0.0000226575
153	0.0000228444
154	0.0000230228
155	0.0000232005
156	0.0000233654
157	0.0000235354
158	0.0000237300
159	0.0000239335
160	0.0000241405
161	0.0000243181
162	0.0000244369
163	0.0000245167
164	0.0000246070
165	0.0000247815
166	0.0000250505
167	0.0000253484
168	0.0000255897
169	0.0000256987
170	0.0000257060
171	0.0000257148
172	0.0000257900
173	0.0000259390
174	0.0000261131
175	0.0000262894
176	0.0000264904
177	0.0000267220
178	0.0000269574
179	0.0000271250
180	0.0000272003
181	0.0000272403
182	0.0000272827
183	0.0000273297
184	0.0000273621
185	0.0000273926
186	0.0000274795
187	0.0000276376
188	0.0000278333
189	0.0000280220
190	0.0000282048
191	0.0000284130
192	0.0000286120
193	0.0000287571
194	0.0000288507
195	0.0000289178
196	0.0000289754
197	0.0000289967
198	0.0000289796
199	0.0000289703
200	0.0000289961
201	0.0000290433
202	0.0000290867
203	0.0000291596
204	0.0000292938
205	0.0000294543
206	0.0000296178
207	0.0000297885
208	0.0000299803
209	0.0000301799
210	0.0000303472
211	0.0000304889
212	0.0000306223
213	0.0000307314
214	0.0000307957
215	0.0000308275
216	0.0000308547
217	0.0000308580
218	0.0000308269
219	0.0000307937
220	0.0000307719
221	0.0000307513
222	0.0000307215
223	0.0000307107
224	0.0000307407
225	0.0000307811
226	0.0000308250
227	0.0000308968
228	0.0000310019
229	0.0000311127
230	0.0000312209
231	0.0000313584
232	0.0000315133
233	0.0000316569
234	0.0000317958
235	0.0000319324
236	0.0000320572
237	0.0000321574
238	0.0000322424
239	0.0000323208
240	0.0000323764
241	0.0000324108
242	0.0000324334
243	0.0000324358
244	0.0000324094
245	0.0000323718
246	0.0000323342
247	0.0000322772
248	0.0000322119
249	0.0000321572
250	0.0000321012
251	0.0000320377
252	0.0000319808
253	0.0000319439
254	0.0000319042
255	0.0000318571
256	0.0000318359
257	0.0000318339
258	0.0000318304
259	0.0000318389
260	0.0000318790
261	0.0000319327
262	0.0000319837
263	0.0000320625
264	0.0000321597
265	0.0000322471
266	0.0000323422
267	0.0000324511
268	0.0000325589
269	0.0000326559
270	0.0000327548
271	0.0000328611
272	0.0000329554
273	0.0000330442
274	0.0000331374
275	0.0000332238
276	0.0000333004
277	0.0000333744
278	0.0000334443
279	0.0000334989
280	0.0000335422
281	0.0000335771
282	0.0000335959
283	0.0000336008
284	0.0000335927
285	0.0000335736
286	0.0000335484
287	0.0000335124
288	0.0000334574
289	0.0000333859
290	0.0000332974
291	0.0000331862
292	0.0000330739
293	0.0000329861
294	0.0000329200
295	0.0000328598
296	0.0000327857
297	0.0000326658
298	0.0000324841
299	0.0000322887
300	0.0000321222
301	0.0000319883
302	0.0000319017
303	0.0000318416
304	0.0000317622
305	0.0000316637
306	0.0000315729
307	0.0000314821
308	0.0000313627
309	0.0000312249
310	0.0000310727
311	0.0000309149
312	0.0000308038
313	0.0000307501
314	0.0000307159
315	0.0000306842
316	0.0000306711
317	0.0000306689
318	0.0000306640
319	0.0000306595
320	0.0000306066
321	0.0000305030
322	0.0000304148
323	0.0000303358
324	0.0000302381
325	0.0000301356
326	0.0000300475
327	0.0000299782
328	0.0000299420
329	0.0000299407
330	0.0000299339
331	0.0000299264
332	0.0000299439
333	0.0000299615
334	0.0000299559
335	0.0000299287
336	0.0000298864
337	0.0000298324
338	0.0000297799
339	0.0000297120
340	0.0000296110
341	0.0000295315
342	0.0000294852
343	0.0000294370
344	0.0000294006
345	0.0000293858
346	0.0000293893
347	0.0000294166
348	0.0000294577
349	0.0000294882
350	0.0000295168
351	0.0000295552
352	0.0000295622
353	0.0000295303
354	0.0000294901
355	0.0000294420
356	0.0000293762
357	0.0000292839
358	0.0000291582
359	0.0000290008
360	0.0000288311
361	0.0000286533
362	0.0000284699
363	0.0000283344
364	0.0000282511
365	0.0000281664
366	0.0000280683
367	0.0000279601
368	0.0000278534
369	0.0000277765
370	0.0000277352
371	0.0000277142
372	0.0000277049
373	0.0000276787
374	0.0000275997
375	0.0000274963
376	0.0000273924
377	0.0000272589
378	0.0000270877
379	0.0000268968
380	0.0000267107
381	0.0000265445
382	0.0000263926
383	0.0000262315
384	0.0000260562
385	0.0000258774
386	0.0000256741
387	0.0000254670
388	0.0000252898
389	0.0000251094
390	0.0000249266
391	0.0000247787
392	0.0000246779
393	0.0000246211
394	0.0000245859
395	0.0000245527
396	0.0000245428
397	0.0000245611
398	0.0000245539
399	0.0000245149
400	0.0000244596
401	0.0000243683
402	0.0000242612
403	0.0000241527
404	0.0000240233
405	0.0000238767
406	0.0000237430
407	0.0000236341
408	0.0000235296
409	0.0000234085
410	0.0000232575
411	0.0000231187
412	0.0000229992
413	0.0000228228
414	0.0000226032
415	0.0000223849
416	0.0000221566
417	0.0000219236
418	0.0000216927
419	0.0000214667
420	0.0000212700
421	0.0000211078
422	0.0000209625
423	0.0000208521
424	0.0000207745
425	0.0000207126
426	0.0000206840
427	0.0000206555
428	0.0000206035
429	0.0000205595
430	0.0000205186
431	0.0000204553
432	0.0000203761
433	0.0000203003
434	0.0000202243
435	0.0000201442
436	0.0000200643
437	0.0000200079
438	0.0000199743
439	0.0000199198
440	0.0000198684
441	0.0000198422
442	0.0000198100
443	0.0000197713
444	0.0000197156
445	0.0000196246
446	0.0000195206
447	0.0000194066
448	0.0000192477
449	0.0000190587
450	0.0000188552
451	0.0000186352
452	0.0000184243
453	0.0000182027
454	0.0000179963
455	0.0000178501
456	0.0000177141
457	0.0000175949
458	0.0000175461
459	0.0000175450
460	0.0000175471
461	0.0000175698
462	0.0000176306
463	0.0000177086
464	0.0000177882
465	0.0000178514
466	0.0000179181
467	0.0000179920
468	0.0000180407
469	0.0000180777
470	0.0000181060
471	0.0000181179
472	0.0000181247
473	0.0000181225
474	0.0000181146
475	0.0000181175
476	0.0000181172
477	0.0000181167
478	0.0000181452
479	0.0000181865
480	0.0000182447
481	0.0000183304
482	0.0000184358
483	0.0000185515
484	0.0000186199
485	0.0000186606
486	0.0000187365
487	0.0000188209
488	0.0000189017
489	0.0000189937
490	0.0000190331
491	0.0000189424
492	0.0000187472
493	0.0000185118
494	0.0000183147
495	0.0000182153
496	0.0000181662
497	0.0000180862
498	0.0000178951
499	0.0000175765
500	0.0000172248
501	0.0000169332
502	0.0000167426
503	0.0000166346
504	0.0000165414
505	0.0000164286
506	0.0000163180
507	0.0000161998
508	0.0000160756
509	0.0000159469
510	0.0000157580
511	0.0000155520
512	0.0000154231
513	0.0000153929
514	0.0000154293
515	0.0000154546
516	0.0000154479
517	0.0000154252
518	0.0000153756
519	0.0000153105
520	0.0000152340
521	0.0000151195
522	0.0000149873
523	0.0000148914
524	0.0000148323
525	0.0000147930
526	0.0000147668
527	0.0000147453
528	0.0000147336
529	0.0000147335
530	0.0000147421
531	0.0000147623
532	0.0000148113
533	0.0000149043
534	0.0000150255
535	0.0000151531
536	0.0000152972
537	0.0000154667
538	0.0000156424
539	0.0000157936
540	0.0000159042
541	0.0000160180
542	0.0000161490
543	0.0000162714
544	0.0000164035
545	0.0000165366
546	0.0000166752
547	0.0000168498
548	0.0000170365
549	0.0000171910
550	0.0000172928
551	0.0000173704
552	0.0000174401
553	0.0000174531
554	0.0000173930
555	0.0000173160
556	0.0000172432
557	0.0000171809
558	0.0000171501
559	0.0000171308
560	0.0000171631
561	0.0000172844
562	0.0000174324
563	0.0000175656
564	0.0000176954
565	0.0000178529
566	0.0000180339
567	0.0000181801
568	0.0000182729
569	0.0000183763
570	0.0000185000
571	0.0000186016
572	0.0000186942
573	0.0000188052
574	0.0000189984
575	0.0000192756
576	0.0000195879
577	0.0000199510
578	0.0000203425
579	0.0000207863
580	0.0000212702
581	0.0000216659
582	0.0000219886
583	0.0000223178
584	0.0000226100
585	0.0000228046
586	0.0000229263
587	0.0000230320
588	0.0000231330
589	0.0000231863
590	0.0000231939
591	0.0000232040
592	0.0000232225
593	0.0000232668
594	0.0000233054
595	0.0000233177
596	0.0000233839
597	0.0000234825
598	0.0000235416
599	0.0000235765
600	0.0000236062
601	0.0000236112
602	0.0000235621
603	0.0000234444
604	0.0000232873
605	0.0000231132
606	0.0000228831
607	0.0000226125
608	0.0000223473
609	0.0000221000
610	0.0000218823
611	0.0000216730
612	0.0000214912
613	0.0000213601
614	0.0000212516
615	0.0000211526
616	0.0000210667
617	0.0000210377
618	0.0000210711
619	0.0000211033
620	0.0000211322
621	0.0000211770
622	0.0000211983
623	0.0000211936
624	0.0000212084
625	0.0000212546
626	0.0000213172
627	0.0000213524
628	0.0000213399
629	0.0000213003
630	0.0000212481
631	0.0000212072
632	0.0000211850
633	0.0000211995
634	0.0000212602
635	0.0000213165
636	0.0000213673
637	0.0000214599
638	0.0000215848
639	0.0000217070
640	0.0000218311
641	0.0000219656
642	0.0000221113
643	0.0000222691
644	0.0000224228
645	0.0000225786
646	0.0000227296
647	0.0000228511
648	0.0000229580
649	0.0000230560
650	0.0000231482
651	0.0000232311
652	0.0000232859
653	0.0000233384
654	0.0000234165
655	0.0000235037
656	0.0000235759
657	0.0000236377
658	0.0000237103
659	0.0000237808
660	0.0000238307
661	0.0000238973
662	0.0000239881
663	0.0000240507
664	0.0000241107
665	0.0000242118
666	0.0000243414
667	0.0000244939
668	0.0000246482
669	0.0000248118
670	0.0000250072
671	0.0000252181
672	0.0000254347
673	0.0000256582
674	0.0000258986
675	0.0000261407
676	0.0000263669
677	0.0000266010
678	0.0000268397
679	0.0000270479
680	0.0000272438
681	0.0000274561
682	0.0000276388
683	0.0000277586
684	0.0000278208
685	0.0000278407
686	0.0000278379
687	0.0000278014
688	0.0000277566
689	0.0000277155
690	0.0000276382
691	0.0000275232
692	0.0000273898
693	0.0000272734
694	0.0000272129
695	0.0000272130
696	0.0000272581
697	0.0000272950
698	0.0000272674
699	0.0000272104
700	0.0000271891
701	0.0000272090
702	0.0000272510
703	0.0000273093
704	0.0000273815
705	0.0000274280
706	0.0000274566
707	0.0000275036
708	0.0000275359
709	0.0000275588
710	0.0000275957
711	0.0000276545
712	0.0000277500
713	0.0000278618
714	0.0000279533
715	0.0000279775
716	0.0000279165
717	0.0000278264
718	0.0000277684
719	0.0000277118
720	0.0000276149
721	0.0000275339
722	0.0000275388
723	0.0000275990
724	0.0000276484
725	0.0000277001
726	0.0000277217
727	0.0000277031
728	0.0000277355
729	0.0000278137
730	0.0000279263
731	0.0000280941
732	0.0000283342
733	0.0000286901
734	0.0000291171
735	0.0000295596
736	0.0000300143
737	0.0000304358
738	0.0000308171
739	0.0000312176
740	0.0000316435
741	0.0000320666
742	0.0000324730
743	0.0000329299
744	0.0000334948
745	0.0000340720
746	0.0000346175
747	0.0000351450
748	0.0000356335
749	0.0000360752
750	0.0000364559
751	0.0000367694
752	0.0000370069
753	0.0000372648
754	0.0000376069
755	0.0000379385
756	0.0000382751
757	0.0000386868
758	0.0000391504
759	0.0000396370
760	0.0000401282
761	0.0000405914
762	0.0000410148
763	0.0000413950
764	0.0000417524
765	0.0000421143
766	0.0000424438
767	0.0000427761
768	0.0000431834
769	0.0000436449
770	0.0000441083
771	0.0000445742
772	0.0000450910
773	0.0000456130
774	0.0000460964
775	0.0000465492
776	0.0000469253
777	0.0000472553
778	0.0000475914
779	0.0000478895
780	0.0000481377
781	0.0000483829
782	0.0000486569
783	0.0000489475
784	0.0000492165
785	0.0000494835
786	0.0000497564
787	0.0000499930
788	0.0000501911
789	0.0000503319
790	0.0000504131
791	0.0000504404
792	0.0000504104
793	0.0000503446
794	0.0000502358
795	0.0000501168
796	0.0000500036
797	0.0000498689
798	0.0000497317
799	0.0000496103
800	0.0000494875
801	0.0000493386
802	0.0000491819
803	0.0000490056
804	0.0000487779
805	0.0000485338
806	0.0000482569
807	0.0000479040
808	0.0000475669
809	0.0000473095
810	0.0000470625
811	0.0000468210
812	0.0000466094
813	0.0000464316
814	0.0000462804
815	0.0000461529
816	0.0000461472
817	0.0000462838
818	0.0000464608
819	0.0000465810
820	0.0000465720
821	0.0000464505
822	0.0000463097
823	0.0000462462
824	0.0000462811
825	0.0000463771
826	0.0000464766
827	0.0000464669
828	0.0000463336
829	0.0000462379
830	0.0000462556
831	0.0000463545
832	0.0000465129
833	0.0000466486
834	0.0000467169
835	0.0000467140
836	0.0000466579
837	0.0000465783
838	0.0000464330
839	0.0000462485
840	0.0000460687
841	0.0000459196
842	0.0000458491
843	0.0000458072
844	0.0000457054
845	0.0000455137
846	0.0000453022
847	0.0000451522
848	0.0000450677
849	0.0000450343
850	0.0000450291
851	0.0000450427
852	0.0000450985
853	0.0000451767
854	0.0000451954
855	0.0000451209
856	0.0000449591
857	0.0000447152
858	0.0000444524
859	0.0000442645
860	0.0000441101
861	0.0000438853
862	0.0000436755
863	0.0000435376
864	0.0000433945
865	0.0000432223
866	0.0000429949
867	0.0000427273
868	0.0000424841
869	0.0000423000
870	0.0000421936
871	0.0000421397
872	0.0000421086
873	0.0000421178
874	0.0000421821
875	0.0000422841
876	0.0000423653
877	0.0000423543
878	0.0000422795
879	0.0000422145
880	0.0000421637
881	0.0000420893
882	0.0000420151
883	0.0000420135
884	0.0000420671
885	0.0000421662
886	0.0000423108
887	0.0000424580
888	0.0000426350
889	0.0000428515
890	0.0000430881
891	0.0000433365
892	0.0000435768
893	0.0000438101
894	0.0000440424
895	0.0000442849
896	0.0000445285
897	0.0000447482
898	0.0000449522
899	0.0000451503
900	0.0000453203
901	0.0000454373
902	0.0000455071
903	0.0000455545
904	0.0000455920
905	0.0000456168
906	0.0000456319
907	0.0000456426
908	0.0000456525
909	0.0000456585
910	0.0000456551
911	0.0000456436
912	0.0000456228
913	0.0000455937
914	0.0000455587
915	0.0000455172
916	0.0000454731
917	0.0000454490
918	0.0000454381
919	0.0000454067
920	0.0000453799
921	0.0000453803
922	0.0000453802
923	0.0000453686
924	0.0000453439
925	0.0000453080
926	0.0000452787
927	0.0000452398
928	0.0000451752
929	0.0000451122
930	0.0000450750
931	0.0000450731
932	0.0000450934
933	0.0000451387
934	0.0000452207
935	0.0000453279
936	0.0000454641
937	0.0000456129
938	0.0000457494
939	0.0000458678
940	0.0000459704
941	0.0000460640
942	0.0000461330
943	0.0000461778
944	0.0000462130
945	0.0000462385
946	0.0000462548
947	0.0000462627
948	0.0000462650
949	0.0000462630
950	0.0000462593
951	0.0000462598
952	0.0000462546
953	0.0000462221
954	0.0000461577
955	0.0000460925
956	0.0000460561
957	0.0000460406
958	0.0000460379
959	0.0000460369
960	0.0000460261
961	0.0000460164
962	0.0000460055
963	0.0000459943
964	0.0000459886
965	0.0000459868
966	0.0000459766
967	0.0000459289
968	0.0000458359
969	0.0000457098
970	0.0000455575
971	0.0000453448
972	0.0000450554
973	0.0000447573
974	0.0000445052
975	0.0000442833
976	0.0000440789
977	0.0000439151
978	0.0000437813
979	0.0000436427
980	0.0000435166
981	0.0000434119
982	0.0000432898
983	0.0000431565
984	0.0000429986
985	0.0000427859
986	0.0000425751
987	0.0000423361
988	0.0000420034
989	0.0000415906
990	0.0000411180
991	0.0000406381
992	0.0000401516
993	0.0000396323
994	0.0000390902
995	0.0000385770
996	0.0000381227
997	0.0000376611
998	0.0000371890
999	0.0000367208
1000	0.0000362176
1001	0.0000356651
1002	0.0000350891
1003	0.0000345424
1004	0.0000339966
1005	0.0000334070
1006	0.0000328062
1007	0.0000322380
1008	0.0000317573
1009	0.0000313303
1010	0.0000308772
1011	0.0000304828
1012	0.0000301644
1013	0.0000298189
1014	0.0000294831
1015	0.0000292107
1016	0.0000290435
1017	0.0000290285
1018	0.0000291278
1019	0.0000292508
1020	0.0000293170
1021	0.0000293229
1022	0.0000292735
1023	0.0000292201
1024	0.0000292446
1025	0.0000292924
1026	0.0000292463
1027	0.0000290687
1028	0.0000288060
1029	0.0000284940
1030	0.0000281549
1031	0.0000278536
1032	0.0000276468
1033	0.0000274997
1034	0.0000273312
1035	0.0000271422
1036	0.0000269867
1037	0.0000268517
1038	0.0000266959
1039	0.0000265405
1040	0.0000263940
1041	0.0000262744
1042	0.0000262107
1043	0.0000261629
1044	0.0000260737
1045	0.0000259150
1046	0.0000257122
1047	0.0000254781
1048	0.0000252682
1049	0.0000251070
1050	0.0000248952
1051	0.0000246870
1052	0.0000245573
1053	0.0000244545
1054	0.0000243510
1055	0.0000242191
1056	0.0000240731
1057	0.0000239506
1058	0.0000238445
1059	0.0000237561
1060	0.0000237185
1061	0.0000237130
1062	0.0000236699
1063	0.0000235979
1064	0.0000235283
1065	0.0000234291
1066	0.0000232827
1067	0.0000231042
1068	0.0000229245
1069	0.0000227722
1070	0.0000226418
1071	0.0000225307
1072	0.0000224182
1073	0.0000222910
1074	0.0000221681
1075	0.0000220567
1076	0.0000219639
1077	0.0000218558
1078	0.0000217644
1079	0.0000217729
1080	0.0000218563
1081	0.0000219854
1082	0.0000221545
1083	0.0000223600
1084	0.0000226162
1085	0.0000228836
1086	0.0000230996
1087	0.0000232853
1088	0.0000234814
1089	0.0000236699
1090	0.0000238649
1091	0.0000240928
1092	0.0000243085
1093	0.0000244906
1094	0.0000247008
1095	0.0000249341
1096	0.0000251176
1097	0.0000252323
1098	0.0000253181
1099	0.0000254130
1100	0.0000255006
1101	0.0000255965
1102	0.0000257211
1103	0.0000258646
1104	0.0000260227
1105	0.0000261993
1106	0.0000263936
1107	0.0000265159
1108	0.0000265503
1109	0.0000265317
1110	0.0000264448
1111	0.0000262986
1112	0.0000260563
1113	0.0000257567
1114	0.0000254901
1115	0.0000252674
1116	0.0000250283
1117	0.0000247589
1118	0.0000245884
1119	0.0000244858
1120	0.0000243297
1121	0.0000241699
1122	0.0000240115
1123	0.0000238402
1124	0.0000237133
1125	0.0000236079
1126	0.0000235057
1127	0.0000234398
1128	0.0000234308
1129	0.0000235181
1130	0.0000236794
1131	0.0000238399
1132	0.0000240141
1133	0.0000242489
1134	0.0000244566
1135	0.0000245628
1136	0.0000246238
1137	0.0000246534
1138	0.0000246660
1139	0.0000246776
1140	0.0000246759
1141	0.0000246531
1142	0.0000245770
1143	0.0000244845
1144	0.0000244252
1145	0.0000244081
1146	0.0000244214
1147	0.0000244176
1148	0.0000243491
1149	0.0000241499
1150	0.0000238322
1151	0.0000235290
1152	0.0000233196
1153	0.0000232011
1154	0.0000231341
1155	0.0000230362
1156	0.0000228897
1157	0.0000227217
1158	0.0000225694
1159	0.0000225231
1160	0.0000225895
1161	0.0000226817
1162	0.0000227468
1163	0.0000227774
1164	0.0000227656
1165	0.0000227665
1166	0.0000228277
1167	0.0000228758
1168	0.0000229175
1169	0.0000230421
1170	0.0000232757
1171	0.0000235511
1172	0.0000237993
1173	0.0000240255
1174	0.0000242095
1175	0.0000243615
1176	0.0000245234
1177	0.0000247425
1178	0.0000250242
1179	0.0000252834
1180	0.0000255021
1181	0.0000257059
1182	0.0000259349
1183	0.0000262068
1184	0.0000264645
1185	0.0000267219
1186	0.0000270409
1187	0.0000274628
1188	0.0000280151
1189	0.0000286396
1190	0.0000292373
1191	0.0000297689
1192	0.0000302669
1193	0.0000307331
1194	0.0000310970
1195	0.0000313865
1196	0.0000316356
1197	0.0000318109
1198	0.0000319858
1199	0.0000321982
1200	0.0000323921
1201	0.0000325325
1202	0.0000326136
1203	0.0000326655
1204	0.0000327131
1205	0.0000327486
1206	0.0000327530
1207	0.0000327369
1208	0.0000326980
1209	0.0000326683
1210	0.0000326949
1211	0.0000326954
1212	0.0000326249
1213	0.0000325372
1214	0.0000324423
1215	0.0000323326
1216	0.0000322110
1217	0.0000320927
1218	0.0000320078
1219	0.0000319627
1220	0.0000319536
1221	0.0000319746
1222	0.0000320010
1223	0.0000320180
1224	0.0000320264
1225	0.0000320350
1226	0.0000320460
1227	0.0000320497
1228	0.0000320473
1229	0.0000320440
1230	0.0000320434
1231	0.0000320441
1232	0.0000320517
1233	0.0000320737
1234	0.0000321058
1235	0.0000321284
1236	0.0000321278
1237	0.0000321271
1238	0.0000321552
1239	0.0000322053
1240	0.0000322419
1241	0.0000322796
1242	0.0000323376
1243	0.0000323818
1244	0.0000324154
1245	0.0000324394
1246	0.0000324257
1247	0.0000323808
1248	0.0000323352
1249	0.0000323003
1250	0.0000322694
1251	0.0000322503
1252	0.0000322505
1253	0.0000322728
1254	0.0000323086
1255	0.0000323359
1256	0.0000323517
1257	0.0000323624
1258	0.0000323747
1259	0.0000323794
1260	0.0000323529
1261	0.0000323208
1262	0.0000323108
1263	0.0000323210
1264	0.0000323384
1265	0.0000323518
1266	0.0000324089
1267	0.0000325136
1268	0.0000326269
1269	0.0000327468
1270	0.0000328689
1271	0.0000330015
1272	0.0000331486
1273	0.0000333221
1274	0.0000334837
1275	0.0000335985
1276	0.0000337359
1277	0.0000338921
1278	0.0000340319
1279	0.0000342085
1280	0.0000344339
1281	0.0000346626
1282	0.0000349054
1283	0.0000351446
1284	0.0000353056
1285	0.0000354345
1286	0.0000356347
1287	0.0000359378
1288	0.0000362997
1289	0.0000366763
1290	0.0000371561
1291	0.0000377959
1292	0.0000384742
1293	0.0000391623
1294	0.0000399047
1295	0.0000406470
1296	0.0000413765
1297	0.0000420349
1298	0.0000425763
1299	0.0000430672
1300	0.0000435152
1301	0.0000438961
1302	0.0000442053
1303	0.0000444964
1304	0.0000448077
1305	0.0000451245
1306	0.0000454376
1307	0.0000457249
1308	0.0000459999
1309	0.0000462646
1310	0.0000465323
1311	0.0000468072
1312	0.0000470508
1313	0.0000472888
1314	0.0000475634
1315	0.0000478579
1316	0.0000481262
1317	0.0000483991
1318	0.0000487101
1319	0.0000490160
1320	0.0000492917
1321	0.0000495529
1322	0.0000498493
1323	0.0000501558
1324	0.0000504139
1325	0.0000506534
1326	0.0000508721
1327	0.0000510599
1328	0.0000512339
1329	0.0000513401
1330	0.0000513803
1331	0.0000514457
1332	0.0000515437
1333	0.0000516171
1334	0.0000516731
1335	0.0000517396
1336	0.0000517918
1337	0.0000518394
1338	0.0000518952
1339	0.0000519522
1340	0.0000520142
1341	0.0000520339
1342	0.0000519915
1343	0.0000518801
1344	0.0000517049
1345	0.0000515086
1346	0.0000512909
1347	0.0000510508
1348	0.0000507862
1349	0.0000504934
1350	0.0000501741
1351	0.0000498620
1352	0.0000496446
1353	0.0000495480
1354	0.0000494994
1355	0.0000494078
1356	0.0000492488
1357	0.0000490700
1358	0.0000489229
1359	0.0000488031
1360	0.0000486829
1361	0.0000485833
1362	0.0000485108
1363	0.0000483836
1364	0.0000482025
1365	0.0000480869
1366	0.0000480130
1367	0.0000478911
1368	0.0000477729
1369	0.0000477238
1370	0.0000477087
1371	0.0000477123
1372	0.0000477151
1373	0.0000476492
1374	0.0000475255
1375	0.0000473494
1376	0.0000471691
1377	0.0000470512
1378	0.0000469843
1379	0.0000470014
1380	0.0000470388
1381	0.0000470499
1382	0.0000471050
1383	0.0000471919
1384	0.0000472760
1385	0.0000473412
1386	0.0000473879
1387	0.0000474648
1388	0.0000476107
1389	0.0000477708
1390	0.0000478892
1391	0.0000479747
1392	0.0000480104
1393	0.0000479846
1394	0.0000479152
1395	0.0000478215
1396	0.0000477003
1397	0.0000475593
1398	0.0000474497
1399	0.0000473823
1400	0.0000473026
1401	0.0000471748
1402	0.0000470325
1403	0.0000469137
1404	0.0000468248
1405	0.0000467689
1406	0.0000467159
1407	0.0000466667
1408	0.0000466579
1409	0.0000466415
1410	0.0000465831
1411	0.0000464807
1412	0.0000463110
1413	0.0000460475
1414	0.0000456638
1415	0.0000452565
1416	0.0000448712
1417	0.0000444487
1418	0.0000440330
1419	0.0000436641
1420	0.0000433243
1421	0.0000429909
1422	0.0000426382
1423	0.0000422118
1424	0.0000417789
1425	0.0000414524
1426	0.0000411353
1427	0.0000408124
1428	0.0000405690
1429	0.0000403934
1430	0.0000402823
1431	0.0000402133
1432	0.0000401530
1433	0.0000400764
1434	0.0000399597
1435	0.0000398739
1436	0.0000398998
1437	0.0000399931
1438	0.0000401000
1439	0.0000402800
1440	0.0000406385
1441	0.0000411422
1442	0.0000416545
1443	0.0000421269
1444	0.0000425855
1445	0.0000430350
1446	0.0000433931
1447	0.0000436215
1448	0.0000437669
1449	0.0000438442
1450	0.0000438514
1451	0.0000438181
1452	0.0000437980
1453	0.0000437564
1454	0.0000436902
1455	0.0000436430
1456	0.0000435724
1457	0.0000434595
1458	0.0000433289
1459	0.0000432070
1460	0.0000430877
1461	0.0000430247
1462	0.0000430189
1463	0.0000429848
1464	0.0000430005
1465	0.0000430968
1466	0.0000432227
1467	0.0000433824
1468	0.0000435576
1469	0.0000437349
1470	0.0000438576
1471	0.0000438805
1472	0.0000438602
1473	0.0000438612
1474	0.0000439244
1475	0.0000440758
1476	0.0000442568
1477	0.0000443797
1478	0.0000444007
1479	0.0000443303
1480	0.0000443102
1481	0.0000444171
1482	0.0000445391
1483	0.0000446318
1484	0.0000447067
1485	0.0000447045
1486	0.0000446210
1487	0.0000445320
1488	0.0000445241
1489	0.0000446406
1490	0.0000448441
1491	0.0000450703
1492	0.0000452851
1493	0.0000455101
1494	0.0000457507
1495	0.0000459806
1496	0.0000461791
1497	0.0000463415
1498	0.0000464958
1499	0.0000466481
1500	0.0000468063
1501	0.0000469617
1502	0.0000470811
1503	0.0000471787
1504	0.0000472700
1505	0.0000473580
1506	0.0000474418
1507	0.0000475106
1508	0.0000475503
1509	0.0000475534
1510	0.0000475268
1511	0.0000474752
1512	0.0000474041
1513	0.0000473169
1514	0.0000472228
1515	0.0000471466
1516	0.0000470957
1517	0.0000470247
1518	0.0000468942
1519	0.0000467325
1520	0.0000465414
1521	0.0000463190
1522	0.0000461490
1523	0.0000460364
1524	0.0000459210
1525	0.0000458386
1526	0.0000458188
1527	0.0000458527
1528	0.0000459026
1529	0.0000459317
1530	0.0000459633
1531	0.0000460051
1532	0.0000460424
1533	0.0000460858
1534	0.0000461543
1535	0.0000461834
1536	0.0000460997
1537	0.0000459145
1538	0.0000456586
1539	0.0000453415
1540	0.0000449163
1541	0.0000443915
1542	0.0000438287
1543	0.0000432951
1544	0.0000428480
1545	0.0000424471
1546	0.0000420458
1547	0.0000416236
1548	0.0000412113
1549	0.0000408031
1550	0.0000403149
1551	0.0000397475
1552	0.0000391253
1553	0.0000385069
1554	0.0000379636
1555	0.0000374747
1556	0.0000369912
1557	0.0000365142
1558	0.0000360827
1559	0.0000356599
1560	0.0000352191
1561	0.0000348157
1562	0.0000343993
1563	0.0000339112
1564	0.0000334421
1565	0.0000330370
1566	0.0000326529
1567	0.0000322601
1568	0.0000318536
1569	0.0000314955
1570	0.0000312174
1571	0.0000309595
1572	0.0000307018
1573	0.0000304645
1574	0.0000302564
1575	0.0000300981
1576	0.0000299799
1577	0.0000298903
1578	0.0000298309
1579	0.0000297901
1580	0.0000297855
1581	0.0000297845
1582	0.0000297412
1583	0.0000296700
1584	0.0000295744
1585	0.0000294635
1586	0.0000293541
1587	0.0000292542
1588	0.0000291727
1589	0.0000291264
1590	0.0000291096
1591	0.0000291016
1592	0.0000290875
1593	0.0000290372
1594	0.0000289696
1595	0.0000289044
1596	0.0000288087
1597	0.0000286725
1598	0.0000285214
1599	0.0000283943
1600	0.0000282911
1601	0.0000281952
1602	0.0000281210
1603	0.0000280666
1604	0.0000280240
1605	0.0000279941
1606	0.0000279544
1607	0.0000278963
1608	0.0000278455
1609	0.0000278251
1610	0.0000278217
1611	0.0000278009
1612	0.0000277497
1613	0.0000276887
1614	0.0000276388
1615	0.0000275758
1616	0.0000274886
1617	0.0000273918
1618	0.0000272709
1619	0.0000270962
1620	0.0000268724
1621	0.0000266463
1622	0.0000264090
1623	0.0000261627
1624	0.0000259544
1625	0.0000257597
1626	0.0000255646
1627	0.0000254043
1628	0.0000252846
1629	0.0000251777
1630	0.0000250723
1631	0.0000249557
1632	0.0000248341
1633	0.0000247427
1634	0.0000246777
1635	0.0000246384
1636	0.0000246217
1637	0.0000246297
1638	0.0000246777
1639	0.0000247472
1640	0.0000248258
1641	0.0000249178
1642	0.0000250205
1643	0.0000251038
1644	0.0000251512
1645	0.0000251803
1646	0.0000251979
1647	0.0000251963
1648	0.0000251643
1649	0.0000251243
1650	0.0000251056
1651	0.0000250987
1652	0.0000250845
1653	0.0000250574
1654	0.0000250313
1655	0.0000250065
1656	0.0000249680
1657	0.0000249382
1658	0.0000249193
1659	0.0000248954
1660	0.0000249149
1661	0.0000250042
1662	0.0000250936
1663	0.0000251218
1664	0.0000251324
1665	0.0000251584
1666	0.0000251603
1667	0.0000251425
1668	0.0000251127
1669	0.0000250219
1670	0.0000248750
1671	0.0000247020
1672	0.0000245061
1673	0.0000243825
1674	0.0000243667
1675	0.0000243806
1676	0.0000243817
1677	0.0000243236
1678	0.0000242699
1679	0.0000242881
1680	0.0000243520
1681	0.0000244937
1682	0.0000247116
1683	0.0000249273
1684	0.0000250275
1685	0.0000249987
1686	0.0000249554
1687	0.0000249720
1688	0.0000250652
1689	0.0000251996
1690	0.0000253142
1691	0.0000254052
1692	0.0000255241
1693	0.0000256756
1694	0.0000258494
1695	0.0000260793
1696	0.0000263459
1697	0.0000266439
1698	0.0000269979
1699	0.0000273647
1700	0.0000277352
1701	0.0000280353
1702	0.0000281397
1703	0.0000281360
1704	0.0000281418
1705	0.0000281825
1706	0.0000282730
1707	0.0000284116
1708	0.0000285591
1709	0.0000286723
1710	0.0000288256
1711	0.0000290456
1712	0.0000292586
1713	0.0000294375
1714	0.0000296605
1715	0.0000299857
1716	0.0000303241
1717	0.0000306722
1718	0.0000310546
1719	0.0000314385
1720	0.0000317167
1721	0.0000318096
1722	0.0000319199
1723	0.0000321632
1724	0.0000324544
1725	0.0000327465
1726	0.0000330529
1727	0.0000333892
1728	0.0000337355
1729	0.0000340605
1730	0.0000342500
1731	0.0000342816
1732	0.0000342745
1733	0.0000343016
1734	0.0000343616
1735	0.0000345070
1736	0.0000347900
1737	0.0000350819
1738	0.0000354059
1739	0.0000358776
1740	0.0000364073
1741	0.0000369483
1742	0.0000374810
1743	0.0000379929
1744	0.0000385528
1745	0.0000391653
1746	0.0000397921
1747	0.0000403904
1748	0.0000408983
1749	0.0000413205
1750	0.0000416830
1751	0.0000419312
1752	0.0000420226
1753	0.0000420289
1754	0.0000420264
1755	0.0000420135
1756	0.0000419900
1757	0.0000419679
1758	0.0000419625
1759	0.0000419483
1760	0.0000418766
1761	0.0000417760
1762	0.0000416716
1763	0.0000415329
1764	0.0000413514
1765	0.0000411781
1766	0.0000410535
1767	0.0000409593
1768	0.0000408624
1769	0.0000407530
1770	0.0000406379
1771	0.0000405244
1772	0.0000404202
1773	0.0000402922
1774	0.0000401453
1775	0.0000400287
1776	0.0000399403
1777	0.0000398770
1778	0.0000398450
1779	0.0000398343
1780	0.0000398187
1781	0.0000398191
1782	0.0000398435
1783	0.0000398345
1784	0.0000398099
1785	0.0000397877
1786	0.0000397739
1787	0.0000398090
1788	0.0000398613
1789	0.0000399127
1790	0.0000399914
1791	0.0000400838
1792	0.0000401641
1793	0.0000402062
1794	0.0000402102
1795	0.0000402393
1796	0.0000403320
1797	0.0000404477
1798	0.0000405497
1799	0.0000406406
1800	0.0000407244
1801	0.0000408245
1802	0.0000409537
1803	0.0000411017
1804	0.0000412588
1805	0.0000414015
1806	0.0000415051
1807	0.0000415366
1808	0.0000415471
1809	0.0000416213
1810	0.0000417666
1811	0.0000419857
1812	0.0000422341
1813	0.0000424500
1814	0.0000426097
1815	0.0000427185
1816	0.0000428235
1817	0.0000429320
1818	0.0000429899
1819	0.0000429792
1820	0.0000429373
1821	0.0000428547
1822	0.0000427381
1823	0.0000426371
1824	0.0000425607
1825	0.0000425049
1826	0.0000424632
1827	0.0000424496
1828	0.0000424679
1829	0.0000425002
1830	0.0000425294
1831	0.0000425343
1832	0.0000425227
1833	0.0000425205
1834	0.0000425557
1835	0.0000426354
1836	0.0000427427
1837	0.0000428487
1838	0.0000429357
1839	0.0000430184
1840	0.0000431138
1841	0.0000432204
1842	0.0000432956
1843	0.0000433387
1844	0.0000434015
1845	0.0000434861
1846	0.0000435828
1847	0.0000436837
1848	0.0000437664
1849	0.0000438355
1850	0.0000439106
1851	0.0000439937
1852	0.0000440677
1853	0.0000441370
1854	0.0000442131
1855	0.0000442613
1856	0.0000442754
1857	0.0000442877
1858	0.0000442928
1859	0.0000442882
1860	0.0000442883
1861	0.0000442995
1862	0.0000443263
1863	0.0000443638
1864	0.0000443987
1865	0.0000444200
1866	0.0000444218
1867	0.0000444190
1868	0.0000444250
1869	0.0000444210
1870	0.0000444033
1871	0.0000443938
1872	0.0000444112
1873	0.0000444523
1874	0.0000444978
1875	0.0000445405
1876	0.0000445889
1877	0.0000446401
1878	0.0000446721
1879	0.0000446966
1880	0.0000447325
1881	0.0000447851
1882	0.0000448590
1883	0.0000449398
1884	0.0000450367
1885	0.0000451410
1886	0.0000452211
1887	0.0000452803
1888	0.0000453352
1889	0.0000453989
1890	0.0000454615
1891	0.0000455150
1892	0.0000455563
1893	0.0000455707
1894	0.0000455617
1895	0.0000455289
1896	0.0000454636
1897	0.0000453744
1898	0.0000452823
1899	0.0000452038
1900	0.0000451396
1901	0.0000450889
1902	0.0000450397
1903	0.0000449960
1904	0.0000449843
1905	0.0000449885
1906	0.0000449860
1907	0.0000449870
1908	0.0000449987
1909	0.0000450239
1910	0.0000450641
1911	0.0000451107
1912	0.0000451766
1913	0.0000452781
1914	0.0000453905
1915	0.0000455110
1916	0.0000456300
1917	0.0000457255
1918	0.0000457992
1919	0.0000458317
1920	0.0000458296
1921	0.0000457921
1922	0.0000457096
1923	0.0000456138
1924	0.0000455205
1925	0.0000454153
1926	0.0000452861
1927	0.0000451576
1928	0.0000450348
1929	0.0000449038
1930	0.0000447886
1931	0.0000447015
1932	0.0000445989
1933	0.0000444763
1934	0.0000443933
1935	0.0000443415
1936	0.0000442731
1937	0.0000441508
1938	0.0000439766
1939	0.0000437682
1940	0.0000434885
1941	0.0000431520
1942	0.0000428069
1943	0.0000424874
1944	0.0000422343
1945	0.0000420253
1946	0.0000417961
1947	0.0000415532
1948	0.0000413243
1949	0.0000410744
1950	0.0000407993
1951	0.0000404917
1952	0.0000401094
1953	0.0000396705
1954	0.0000392167
1955	0.0000387637
1956	0.0000382958
1957	0.0000378014
1958	0.0000373064
1959	0.0000368212
1960	0.0000363427
1961	0.0000358552
1962	0.0000353332
1963	0.0000347710
1964	0.0000341476
1965	0.0000334690
1966	0.0000327269
1967	0.0000318985
1968	0.0000310744
1969	0.0000303084
1970	0.0000295901
1971	0.0000289010
1972	0.0000282101
1973	0.0000276195
1974	0.0000272227
1975	0.0000268903
1976	0.0000264865
1977	0.0000261021
1978	0.0000258111
1979	0.0000255031
1980	0.0000251203
1981	0.0000247385
1982	0.0000243533
1983	0.0000239194
1984	0.0000235178
1985	0.0000231225
1986	0.0000227065
1987	0.0000223638
1988	0.0000220808
1989	0.0000218606
1990	0.0000216882
1991	0.0000215013
1992	0.0000213162
1993	0.0000211581
1994	0.0000210119
1995	0.0000208983
1996	0.0000209146
1997	0.0000210595
1998	0.0000212713
1999	0.0000214740
2000	0.0000215941
2001	0.0000216988
2002	0.0000218248
2003	0.0000219754
2004	0.0000221623
2005	0.0000223023
2006	0.0000223484
2007	0.0000223211
2008	0.0000222826
2009	0.0000222970
2010	0.0000223755
2011	0.0000225366
2012	0.0000227468
2013	0.0000229229
2014	0.0000230196
2015	0.0000230540
2016	0.0000230910
2017	0.0000231590
2018	0.0000232329
2019	0.0000232517
2020	0.0000232090
2021	0.0000231627
2022	0.0000231058
2023	0.0000230108
2024	0.0000229029
2025	0.0000228056
2026	0.0000227095
2027	0.0000226433
2028	0.0000226115
2029	0.0000225837
2030	0.0000225630
2031	0.0000225120
2032	0.0000223982
2033	0.0000222692
2034	0.0000222514
2035	0.0000223521
2036	0.0000224625
2037	0.0000225674
2038	0.0000226487
2039	0.0000227284
2040	0.0000228216
2041	0.0000228813
2042	0.0000229509
2043	0.0000230641
2044	0.0000231957
2045	0.0000233960
2046	0.0000237189
2047	0.0000240791
2048	0.0000244106
2049	0.0000247147
2050	0.0000249933
2051	0.0000252450
2052	0.0000254585
2053	0.0000257013
2054	0.0000259641
2055	0.0000261537
2056	0.0000262788
2057	0.0000263774
2058	0.0000264367
2059	0.0000264144
2060	0.0000263269
2061	0.0000262078
2062	0.0000260879
2063	0.0000260199
2064	0.0000259747
2065	0.0000259019
2066	0.0000258251
2067	0.0000257533
2068	0.0000256675
2069	0.0000255879
2070	0.0000255261
2071	0.0000254688
2072	0.0000253941
2073	0.0000252827
2074	0.0000251733
2075	0.0000250952
2076	0.0000250018
2077	0.0000248491
2078	0.0000246242
2079	0.0000243842
2080	0.0000242131
2081	0.0000240675
2082	0.0000239306
2083	0.0000238817
2084	0.0000239303
2085	0.0000240518
2086	0.0000242201
2087	0.0000243991
2088	0.0000245597
2089	0.0000246907
2090	0.0000248003
2091	0.0000248869
2092	0.0000249502
2093	0.0000249978
2094	0.0000250406
2095	0.0000250813
2096	0.0000251094
2097	0.0000251163
2098	0.0000251032
2099	0.0000250608
2100	0.0000249884
2101	0.0000249096
2102	0.0000248282
2103	0.0000247410
2104	0.0000246357
2105	0.0000245282
2106	0.0000244318
2107	0.0000243066
2108	0.0000241612
2109	0.0000240118
2110	0.0000238508
2111	0.0000237004
2112	0.0000235845
2113	0.0000234938
2114	0.0000233979
2115	0.0000233182
2116	0.0000232769
2117	0.0000232551
2118	0.0000232511
2119	0.0000232624
2120	0.0000232767
2121	0.0000232892
2122	0.0000232979
2123	0.0000233041
2124	0.0000233143
2125	0.0000233267
2126	0.0000233343
2127	0.0000233331
2128	0.0000233147
2129	0.0000232871
2130	0.0000232652
2131	0.0000232568
2132	0.0000232624
2133	0.0000232554
2134	0.0000232278
2135	0.0000231972
2136	0.0000231759
2137	0.0000231820
2138	0.0000232136
2139	0.0000232542
2140	0.0000232951
2141	0.0000233192
2142	0.0000233102
2143	0.0000232866
2144	0.0000232813
2145	0.0000233067
2146	0.0000233593
2147	0.0000234190
2148	0.0000234659
2149	0.0000234882
2150	0.0000234911
2151	0.0000234837
2152	0.0000234567
2153	0.0000234071
2154	0.0000233333
2155	0.0000232529
2156	0.0000231849
2157	0.0000231269
2158	0.0000230613
2159	0.0000229667
2160	0.0000228600
2161	0.0000227596
2162	0.0000226794
2163	0.0000226320
2164	0.0000225911
2165	0.0000225351
2166	0.0000224733
2167	0.0000224044
2168	0.0000223066
2169	0.0000222022
2170	0.0000221350
2171	0.0000221024
2172	0.0000220716
2173	0.0000220346
2174	0.0000220195
2175	0.0000220282
2176	0.0000220380
2177	0.0000220301
2178	0.0000219950
2179	0.0000219496
2180	0.0000218999
2181	0.0000218514
2182	0.0000218269
2183	0.0000218221
2184	0.0000218220
2185	0.0000218239
2186	0.0000218212
2187	0.0000218125
2188	0.0000218072
2189	0.0000218059
2190	0.0000217910
2191	0.0000217521
2192	0.0000217133
2193	0.0000217020
2194	0.0000217054
2195	0.0000217001
2196	0.0000216867
2197	0.0000216639
2198	0.0000216250
2199	0.0000215891
2200	0.0000215835
2201	0.0000216064
2202	0.0000216574
2203	0.0000217425
2204	0.0000218527
2205	0.0000219880
2206	0.0000221807
2207	0.0000224370
2208	0.0000227163
2209	0.0000230036
2210	0.0000232530
2211	0.0000234435
2212	0.0000236242
2213	0.0000237655
2214	0.0000238555
2215	0.0000239533
2216	0.0000240899
2217	0.0000242735
2218	0.0000244842
2219	0.0000246720
2220	0.0000247872
2221	0.0000247947
2222	0.0000247443
2223	0.0000247326
2224	0.0000246837
2225	0.0000245540
2226	0.0000244571
2227	0.0000244303
2228	0.0000244955
2229	0.0000246174
2230	0.0000247319
2231	0.0000248344
2232	0.0000249390
2233	0.0000250667
2234	0.0000251773
2235	0.0000252735
2236	0.0000253572
2237	0.0000254033
2238	0.0000254198
2239	0.0000254050
2240	0.0000254164
2241	0.0000254529
2242	0.0000254622
2243	0.0000254917
2244	0.0000256075
2245	0.0000257967
2246	0.0000259949
2247	0.0000262055
2248	0.0000264467
2249	0.0000266876
2250	0.0000269410
2251	0.0000272364
2252	0.0000275143
2253	0.0000277155
2254	0.0000279106
2255	0.0000281266
2256	0.0000282867
2257	0.0000283801
2258	0.0000284363
2259	0.0000285083
2260	0.0000286428
2261	0.0000287819
2262	0.0000288601
2263	0.0000289201
2264	0.0000290177
2265	0.0000290797
2266	0.0000290474
2267	0.0000289415
2268	0.0000287599
2269	0.0000285736
2270	0.0000284308
2271	0.0000282857
2272	0.0000281905
2273	0.0000281911
2274	0.0000282119
2275	0.0000282589
2276	0.0000283322
2277	0.0000283491
2278	0.0000283402
2279	0.0000283196
2280	0.0000282964
2281	0.0000283181
2282	0.0000283503
2283	0.0000283874
2284	0.0000284444
2285	0.0000285444
2286	0.0000286774
2287	0.0000287752
2288	0.0000288273
2289	0.0000288725
2290	0.0000289291
2291	0.0000289790
2292	0.0000290390
2293	0.0000290981
2294	0.0000291103
2295	0.0000290905
2296	0.0000290777
2297	0.0000290625
2298	0.0000289728
2299	0.0000287994
2300	0.0000286233
2301	0.0000285109
2302	0.0000284122
2303	0.0000282891
2304	0.0000282314
2305	0.0000282685
2306	0.0000283412
2307	0.0000283894
2308	0.0000284262
2309	0.0000284651
2310	0.0000284676
2311	0.0000284623
2312	0.0000284314
2313	0.0000283322
2314	0.0000282124
2315	0.0000281018
2316	0.0000279974
2317	0.0000279108
2318	0.0000278615
2319	0.0000278516
2320	0.0000278629
2321	0.0000278790
2322	0.0000278630
2323	0.0000278109
2324	0.0000277793
2325	0.0000277613
2326	0.0000277128
2327	0.0000275946
2328	0.0000273627
2329	0.0000270360
2330	0.0000266563
2331	0.0000262897
2332	0.0000260278
2333	0.0000258496
2334	0.0000256950
2335	0.0000255881
2336	0.0000255092
2337	0.0000254398
2338	0.0000254472
2339	0.0000255482
2340	0.0000257118
2341	0.0000258901
2342	0.0000260186
2343	0.0000260729
2344	0.0000261126
2345	0.0000262097
2346	0.0000263405
2347	0.0000264791
2348	0.0000266545
2349	0.0000268731
2350	0.0000270741
2351	0.0000272203
2352	0.0000273449
2353	0.0000274709
2354	0.0000275919
2355	0.0000276789
2356	0.0000277487
2357	0.0000278529
2358	0.0000280244
2359	0.0000282374
2360	0.0000284282
2361	0.0000285946
2362	0.0000287161
2363	0.0000288153
2364	0.0000289598
2365	0.0000291202
2366	0.0000292811
2367	0.0000294416
2368	0.0000295880
2369	0.0000297245
2370	0.0000298425
2371	0.0000299485
2372	0.0000300521
2373	0.0000301483
2374	0.0000302344
2375	0.0000303129
2376	0.0000303927
2377	0.0000304816
2378	0.0000305802
2379	0.0000306776
2380	0.0000307642
2381	0.0000308443
2382	0.0000309149
2383	0.0000309661
2384	0.0000310104
2385	0.0000310693
2386	0.0000311386
2387	0.0000312008
2388	0.0000312582
2389	0.0000313397
2390	0.0000314686
2391	0.0000316212
2392	0.0000317610
2393	0.0000318879
2394	0.0000319998
2395	0.0000320904
2396	0.0000321830
2397	0.0000322851
2398	0.0000323805
2399	0.0000324734
2400	0.0000325688
2401	0.0000326550
2402	0.0000327293
2403	0.0000328035
2404	0.0000328719
2405	0.0000329099
2406	0.0000329137
2407	0.0000328980
2408	0.0000328782
2409	0.0000328741
2410	0.0000328835
2411	0.0000328784
2412	0.0000328760
2413	0.0000329043
2414	0.0000329515
2415	0.0000330146
2416	0.0000330986
2417	0.0000332215
2418	0.0000333978
2419	0.0000336236
2420	0.0000338797
2421	0.0000341409
2422	0.0000344070
2423	0.0000346441
2424	0.0000348361
2425	0.0000350221
2426	0.0000351948
2427	0.0000353400
2428	0.0000354730
2429	0.0000356077
2430	0.0000357616
2431	0.0000359292
2432	0.0000360811
2433	0.0000362203
2434	0.0000363474
2435	0.0000364501
2436	0.0000365493
2437	0.0000366486
2438	0.0000367348
2439	0.0000368121
2440	0.0000368929
2441	0.0000369829
2442	0.0000370711
2443	0.0000371517
2444	0.0000372265
2445	0.0000373038
2446	0.0000373837
2447	0.0000374598
2448	0.0000375343
2449	0.0000376054
2450	0.0000376806
2451	0.0000377697
2452	0.0000378711
2453	0.0000379764
2454	0.0000380730
2455	0.0000381606
2456	0.0000382402
2457	0.0000383020
2458	0.0000383445
2459	0.0000383672
2460	0.0000383613
2461	0.0000383244
2462	0.0000382658
2463	0.0000382022
2464	0.0000381509
2465	0.0000381208
2466	0.0000381087
2467	0.0000381010
2468	0.0000380792
2469	0.0000380402
2470	0.0000379956
2471	0.0000379484
2472	0.0000379019
2473	0.0000378569
2474	0.0000377895
2475	0.0000376826
2476	0.0000375513
2477	0.0000374210
2478	0.0000373000
2479	0.0000371841
2480	0.0000370818
2481	0.0000369887
2482	0.0000369013
2483	0.0000368295
2484	0.0000367560
2485	0.0000366707
2486	0.0000365633
2487	0.0000364229
2488	0.0000362690
2489	0.0000361219
2490	0.0000359918
2491	0.0000358731
2492	0.0000357399
2493	0.0000355669
2494	0.0000353566
2495	0.0000351164
2496	0.0000348905
2497	0.0000347147
2498	0.0000345309
2499	0.0000343341
2500	0.0000341547
2501	0.0000339901
2502	0.0000338368
2503	0.0000336800
2504	0.0000335140
2505	0.0000333375
2506	0.0000331817
2507	0.0000330471
2508	0.0000329099
2509	0.0000327805
2510	0.0000326444
2511	0.0000324823
2512	0.0000322731
2513	0.0000320396
2514	0.0000318385
2515	0.0000316739
2516	0.0000315224
2517	0.0000313659
2518	0.0000312183
2519	0.0000310884
2520	0.0000309390
2521	0.0000307576
2522	0.0000305587
2523	0.0000303304
2524	0.0000301137
2525	0.0000299626
2526	0.0000298558
2527	0.0000297664
2528	0.0000296503
2529	0.0000295106
2530	0.0000294246
2531	0.0000293838
2532	0.0000293082
2533	0.0000291722
2534	0.0000289891
2535	0.0000287788
2536	0.0000286009
2537	0.0000284811
2538	0.0000283752
2539	0.0000282770
2540	0.0000282276
2541	0.0000282064
2542	0.0000281434
2543	0.0000280627
2544	0.0000280236
2545	0.0000279901
2546	0.0000279417
2547	0.0000279168
2548	0.0000279130
2549	0.0000279045
2550	0.0000278834
2551	0.0000278589
2552	0.0000278592
2553	0.0000279015
2554	0.0000279837
2555	0.0000281050
2556	0.0000282508
2557	0.0000283970
2558	0.0000285296
2559	0.0000286134
2560	0.0000286358
2561	0.0000286014
2562	0.0000285064
2563	0.0000284047
2564	0.0000283265
2565	0.0000282549
2566	0.0000281790
2567	0.0000280828
2568	0.0000279538
2569	0.0000277913
2570	0.0000275988
2571	0.0000273232
2572	0.0000269253
2573	0.0000264740
2574	0.0000260349
2575	0.0000255722
2576	0.0000250335
2577	0.0000244312
2578	0.0000238180
2579	0.0000232460
2580	0.0000226854
2581	0.0000221179
2582	0.0000215767
2583	0.0000210457
2584	0.0000205075
2585	0.0000199828
2586	0.0000195316
2587	0.0000191361
2588	0.0000187734
2589	0.0000184972
2590	0.0000182869
2591	0.0000181527
2592	0.0000180951
2593	0.0000180372
2594	0.0000179809
2595	0.0000179375
2596	0.0000178898
2597	0.0000178407
2598	0.0000177697
2599	0.0000176799
2600	0.0000176097
2601	0.0000175396
2602	0.0000174628
2603	0.0000174158
2604	0.0000173586
2605	0.0000172539
2606	0.0000171483
2607	0.0000170663
2608	0.0000169799
2609	0.0000168814
2610	0.0000167921
2611	0.0000167345
2612	0.0000167024
2613	0.0000166664
2614	0.0000166215
2615	0.0000165715
2616	0.0000165254
2617	0.0000164962
2618	0.0000164630
2619	0.0000164173
2620	0.0000163821
2621	0.0000163759
2622	0.0000164059
2623	0.0000164509
2624	0.0000164900
2625	0.0000165265
2626	0.0000165610
2627	0.0000165947
2628	0.0000166271
2629	0.0000166521
2630	0.0000166691
2631	0.0000166814
2632	0.0000166923
2633	0.0000167038
2634	0.0000167151
2635	0.0000167277
2636	0.0000167391
2637	0.0000167447
2638	0.0000167515
2639	0.0000167637
2640	0.0000167733
2641	0.0000167700
2642	0.0000167539
2643	0.0000167178
2644	0.0000166620
2645	0.0000166068
2646	0.0000165434
2647	0.0000164680
2648	0.0000163799
2649	0.0000162768
2650	0.0000161705
2651	0.0000160835
2652	0.0000160442
2653	0.0000160111
2654	0.0000159640
2655	0.0000159122
2656	0.0000158265
2657	0.0000157226
2658	0.0000156094
2659	0.0000155117
2660	0.0000154878
2661	0.0000155253
2662	0.0000155492
2663	0.0000155037
2664	0.0000154125
2665	0.0000153245
2666	0.0000152382
2667	0.0000151481
2668	0.0000150726
2669	0.0000149683
2670	0.0000147896
2671	0.0000145707
2672	0.0000143396
2673	0.0000140953
2674	0.0000138706
2675	0.0000137106
2676	0.0000135770
2677	0.0000134361
2678	0.0000132849
2679	0.0000131109
2680	0.0000129596
2681	0.0000128238
2682	0.0000126523
2683	0.0000124479
2684	0.0000122316
2685	0.0000120274
2686	0.0000118224
2687	0.0000115808
2688	0.0000113002
2689	0.0000110149
2690	0.0000107549
2691	0.0000105349
2692	0.0000103892
2693	0.0000103525
2694	0.0000103815
2695	0.0000103990
2696	0.0000104082
2697	0.0000104126
2698	0.0000103877
2699	0.0000103436
2700	0.0000102831
2701	0.0000102124
2702	0.0000101324
2703	0.0000100464
2704	0.0000100185
2705	0.0000100622
2706	0.0000101106
2707	0.0000101527
2708	0.0000102046
2709	0.0000102704
2710	0.0000103929
2711	0.0000105767
2712	0.0000107417
2713	0.0000108586
2714	0.0000109710
2715	0.0000110679
2716	0.0000111049
2717	0.0000110809
2718	0.0000110343
2719	0.0000109882
2720	0.0000109419
2721	0.0000109048
2722	0.0000108705
2723	0.0000108339
2724	0.0000107908
2725	0.0000107209
2726	0.0000106290
2727	0.0000105317
2728	0.0000104402
2729	0.0000103689
2730	0.0000103128
2731	0.0000102476
2732	0.0000101813
2733	0.0000101368
2734	0.0000101135
2735	0.0000100873
2736	0.0000100343
2737	0.0000099708
2738	0.0000098994
2739	0.0000098074
2740	0.0000097105
2741	0.0000096178
2742	0.0000095275
2743	0.0000094329
2744	0.0000093408
2745	0.0000092601
2746	0.0000091873
2747	0.0000091214
2748	0.0000090507
2749	0.0000089754
2750	0.0000089080
2751	0.0000088437
2752	0.0000087767
2753	0.0000087103
2754	0.0000086392
2755	0.0000085523
2756	0.0000084503
2757	0.0000083434
2758	0.0000082431
2759	0.0000081419
2760	0.0000080298
2761	0.0000079190
2762	0.0000078348
2763	0.0000077986
2764	0.0000077799
2765	0.0000077517
2766	0.0000077290
2767	0.0000076871
2768	0.0000076187
2769	0.0000075498
2770	0.0000074622
2771	0.0000073477
2772	0.0000072372
2773	0.0000071602
2774	0.0000071218
2775	0.0000071065
2776	0.0000070959
2777	0.0000070864
2778	0.0000070863
2779	0.0000070891
2780	0.0000070985
2781	0.0000071253
2782	0.0000071511
2783	0.0000071679
2784	0.0000071817
2785	0.0000071884
2786	0.0000071887
2787	0.0000071848
2788	0.0000071725
2789	0.0000071467
2790	0.0000071066
2791	0.0000070550
2792	0.0000069989
2793	0.0000069502
2794	0.0000069210
2795	0.0000069125
2796	0.0000069097
2797	0.0000069009
2798	0.0000068900
2799	0.0000068890
2800	0.0000068969
2801	0.0000069099
2802	0.0000069272
2803	0.0000069441
2804	0.0000069633
2805	0.0000069888
2806	0.0000070284
2807	0.0000070706
2808	0.0000071061
2809	0.0000071422
2810	0.0000071695
2811	0.0000071913
2812	0.0000072075
2813	0.0000072176
2814	0.0000072221
2815	0.0000072155
2816	0.0000072233
2817	0.0000072704
2818	0.0000073719
2819	0.0000075092
2820	0.0000076360
2821	0.0000077566
2822	0.0000078751
2823	0.0000079438
2824	0.0000079751
2825	0.0000080320
2826	0.0000081166
2827	0.0000082087
2828	0.0000082914
2829	0.0000083672
2830	0.0000084381
2831	0.0000085061
2832	0.0000085812
2833	0.0000086215
2834	0.0000086179
2835	0.0000085785
2836	0.0000085545
2837	0.0000086359
2838	0.0000087653
2839	0.0000088799
2840	0.0000090254
2841	0.0000092265
2842	0.0000094397
2843	0.0000096401
2844	0.0000098396
2845	0.0000100217
2846	0.0000101803
2847	0.0000103054
2848	0.0000103825
2849	0.0000104250
2850	0.0000104409
2851	0.0000104188
2852	0.0000103653
2853	0.0000103431
2854	0.0000103887
2855	0.0000104595
2856	0.0000105202
2857	0.0000105889
2858	0.0000106536
2859	0.0000106947
2860	0.0000107494
2861	0.0000108261
2862	0.0000109211
2863	0.0000110301
2864	0.0000111142
2865	0.0000111774
2866	0.0000112567
2867	0.0000113712
2868	0.0000115178
2869	0.0000116616
2870	0.0000117857
2871	0.0000119170
2872	0.0000120636
2873	0.0000122080
2874	0.0000123415
2875	0.0000124676
2876	0.0000125868
2877	0.0000126944
2878	0.0000127866
2879	0.0000128483
2880	0.0000128695
2881	0.0000128639
2882	0.0000128405
2883	0.0000127994
2884	0.0000127503
2885	0.0000126971
2886	0.0000126442
2887	0.0000125993
2888	0.0000125608
2889	0.0000125248
2890	0.0000124926
2891	0.0000124844
2892	0.0000125048
2893	0.0000125327
2894	0.0000125730
2895	0.0000126367
2896	0.0000126958
2897	0.0000127382
2898	0.0000127963
2899	0.0000128675
2900	0.0000129370
2901	0.0000130112
2902	0.0000130898
2903	0.0000131771
2904	0.0000132622
2905	0.0000133356
2906	0.0000133974
2907	0.0000134400
2908	0.0000134599
2909	0.0000134614
2910	0.0000134580
2911	0.0000134528
2912	0.0000134451
2913	0.0000134436
2914	0.0000134489
2915	0.0000134558
2916	0.0000134584
2917	0.0000134397
2918	0.0000133950
2919	0.0000133338
2920	0.0000132635
2921	0.0000131912
2922	0.0000131156
2923	0.0000130452
2924	0.0000129829
2925	0.0000129270
2926	0.0000128790
2927	0.0000128304
2928	0.0000127791
2929	0.0000127207
2930	0.0000126604
2931	0.0000125986
2932	0.0000125311
2933	0.0000124556
2934	0.0000123703
2935	0.0000123128
2936	0.0000122987
2937	0.0000123198
2938	0.0000123840
2939	0.0000124849
2940	0.0000126054
2941	0.0000127292
2942	0.0000128557
2943	0.0000129874
2944	0.0000131230
2945	0.0000132542
2946	0.0000133735
2947	0.0000134968
2948	0.0000136316
2949	0.0000137745
2950	0.0000139127
2951	0.0000140379
2952	0.0000141654
2953	0.0000143030
2954	0.0000144308
2955	0.0000145390
2956	0.0000146773
2957	0.0000148557
2958	0.0000150293
2959	0.0000152218
2960	0.0000154370
2961	0.0000156462
2962	0.0000158830
2963	0.0000161320
2964	0.0000163236
2965	0.0000164752
2966	0.0000166512
2967	0.0000168684
2968	0.0000171060
2969	0.0000173250
2970	0.0000175312
2971	0.0000177411
2972	0.0000179107
2973	0.0000180498
2974	0.0000181789
2975	0.0000182972
2976	0.0000184609
2977	0.0000186726
2978	0.0000189009
2979	0.0000191318
2980	0.0000193383
2981	0.0000195484
2982	0.0000198031
2983	0.0000200805
2984	0.0000203365
2985	0.0000205429
2986	0.0000206927
2987	0.0000207990
2988	0.0000208856
2989	0.0000209769
2990	0.0000210794
2991	0.0000211967
2992	0.0000213172
2993	0.0000214057
2994	0.0000214476
2995	0.0000214647
2996	0.0000214980
2997	0.0000215495
2998	0.0000216084
2999	0.0000216777
