0	0.0000000000
1	0.0000000000
2	0.0000000000
3	0.0000000000
4	0.0000000000
5	0.0000000000
6	0.0000000000
7	0.0000000000
8	0.0000000000
9	0.0000000000
10	0.0000000000
11	0.0000000000
12	0.0000000000
13	0.0000000000
14	0.0000000000
15	0.0000000000
16	0.0000000000
17	0.0000000000
18	0.0000000000
19	0.0000000000
20	0.0000000000
21	0.0000000000
22	0.0000000000
23	0.0000000000
24	0.0000000000
25	0.0000000000
26	0.0000000000
27	0.0000000000
28	0.0000000000
29	0.0000000000
30	0.0000000001
31	0.0000000005
32	0.0000000017
33	0.0000000050
34	0.0000000135
35	0.0000000330
36	0.0000000728
37	0.0000001445
38	0.0000002571
39	0.0000004091
40	0.0000005823
41	0.0000007454
42	0.0000008725
43	0.0000009672
44	0.0000010668
45	0.0000012122
46	0.0000014037
47	0.0000015967
48	0.0000017540
49	0.0000018971
50	0.0000020797
51	0.0000023087
52	0.0000025314
53	0.0000027191
54	0.0000029169
55	0.0000031665
56	0.0000034304
57	0.0000036602
58	0.0000038892
59	0.0000041678
60	0.0000044625
61	0.0000047236
62	0.0000049892
63	0.0000053040
64	0.0000056218
65	0.0000059072
66	0.0000062149
67	0.0000065644
68	0.0000068947
69	0.0000072071
70	0.0000075612
71	0.0000079310
72	0.0000082680
73	0.0000086200
74	0.0000090109
75	0.0000093804
76	0.0000097368
77	0.0000101342
78	0.0000105322
79	0.0000109011
80	0.0000112986
81	0.0000117157
82	0.0000121009
83	0.0000124976
84	0.0000129251
85	0.0000133259
86	0.0000137230
87	0.0000141545
88	0.0000145677
89	0.0000149658
90	0.0000153971
91	0.0000158184
92	0.0000162179
93	0.0000166477
94	0.0000170742
95	0.0000174747
96	0.0000178998
97	0.0000183230
98	0.0000187169
99	0.0000191331
100	0.0000195554
101	0.0000199566
102	0.0000203835
103	0.0000208135
104	0.0000212080
105	0.0000216094
106	0.0000220056
107	0.0000223769
108	0.0000227744
109	0.0000231786
110	0.0000235582
111	0.0000239531
112	0.0000243454
113	0.0000247211
114	0.0000251214
115	0.0000255128
116	0.0000258759
117	0.0000262528
118	0.0000266208
119	0.0000269755
120	0.0000273455
121	0.0000276938
122	0.0000280298
123	0.0000283877
124	0.0000287295
125	0.0000290622
126	0.0000294046
127	0.0000297276
128	0.0000300564
129	0.0000303924
130	0.0000307006
131	0.0000310157
132	0.0000313381
133	0.0000316408
134	0.0000319510
135	0.0000322559
136	0.0000325499
137	0.0000328606
138	0.0000331570
139	0.0000334424
140	0.0000337454
141	0.0000340345
142	0.0000343174
143	0.0000346066
144	0.0000348799
145	0.0000351587
146	0.0000354343
147	0.0000356889
148	0.0000359545
149	0.0000362131
150	0.0000364530
151	0.0000367015
152	0.0000369412
153	0.0000371772
154	0.0000374192
155	0.0000376445
156	0.0000378691
157	0.0000380822
158	0.0000382658
159	0.0000384602
160	0.0000386743
161	0.0000389191
162	0.0000392140
163	0.0000395057
164	0.0000397373
165	0.0000398603
166	0.0000398627
167	0.0000398473
168	0.0000399288
169	0.0000401848
170	0.0000406223
171	0.0000410939
172	0.0000414410
173	0.0000416078
174	0.0000416293
175	0.0000416235
176	0.0000416541
177	0.0000416945
178	0.0000417160
179	0.0000417140
180	0.0000417733
181	0.0000419807
182	0.0000422906
183	0.0000426188
184	0.0000429043
185	0.0000431415
186	0.0000433806
187	0.0000436012
188	0.0000437376
189	0.0000437673
190	0.0000437273
191	0.0000436981
192	0.0000436794
193	0.0000436117
194	0.0000435086
195	0.0000434316
196	0.0000434460
197	0.0000435441
198	0.0000436446
199	0.0000437474
200	0.0000439092
201	0.0000441493
202	0.0000444315
203	0.0000446825
204	0.0000449110
205	0.0000451646
206	0.0000454120
207	0.0000456136
208	0.0000457627
209	0.0000458803
210	0.0000459797
211	0.0000460199
212	0.0000459949
213	0.0000459494
214	0.0000458984
215	0.0000458139
216	0.0000456679
217	0.0000455131
218	0.0000454007
219	0.0000452840
220	0.0000451326
221	0.0000449795
222	0.0000448756
223	0.0000448217
224	0.0000447463
225	0.0000446560
226	0.0000446243
227	0.0000446460
228	0.0000446711
229	0.0000446793
230	0.0000447178
231	0.0000448163
232	0.0000449054
233	0.0000449593
234	0.0000450215
235	0.0000451022
236	0.0000451856
237	0.0000452512
238	0.0000453128
239	0.0000453945
240	0.0000454647
241	0.0000454960
242	0.0000454952
243	0.0000454727
244	0.0000454371
245	0.0000453889
246	0.0000453252
247	0.0000452423
248	0.0000451443
249	0.0000450337
250	0.0000448955
251	0.0000447273
252	0.0000445486
253	0.0000443689
254	0.0000441616
255	0.0000439201
256	0.0000436952
257	0.0000434904
258	0.0000432554
259	0.0000429909
260	0.0000427401
261	0.0000425113
262	0.0000422503
263	0.0000419595
264	0.0000417055
265	0.0000414550
266	0.0000411689
267	0.0000409012
268	0.0000406778
269	0.0000404592
270	0.0000402093
271	0.0000399881
272	0.0000398339
273	0.0000396528
274	0.0000394353
275	0.0000392597
276	0.0000391079
277	0.0000389205
278	0.0000387059
279	0.0000385289
280	0.0000383538
281	0.0000381177
282	0.0000379074
283	0.0000377422
284	0.0000375461
285	0.0000373560
286	0.0000372353
287	0.0000371587
288	0.0000370490
289	0.0000369232
290	0.0000368377
291	0.0000367160
292	0.0000365562
293	0.0000364818
294	0.0000365132
295	0.0000365922
296	0.0000366784
297	0.0000367342
298	0.0000366413
299	0.0000363368
300	0.0000359846
301	0.0000356971
302	0.0000354698
303	0.0000353681
304	0.0000353815
305	0.0000353808
306	0.0000352951
307	0.0000351834
308	0.0000350941
309	0.0000349623
310	0.0000347842
311	0.0000345751
312	0.0000342719
313	0.0000339251
314	0.0000336689
315	0.0000335390
316	0.0000334720
317	0.0000334351
318	0.0000334501
319	0.0000334791
320	0.0000335398
321	0.0000336758
322	0.0000337615
323	0.0000337235
324	0.0000336448
325	0.0000335628
326	0.0000334369
327	0.0000332455
328	0.0000330177
329	0.0000327306
330	0.0000323954
331	0.0000321341
332	0.0000319433
333	0.0000317317
334	0.0000315175
335	0.0000313516
336	0.0000312383
337	0.0000311554
338	0.0000310882
339	0.0000310002
340	0.0000308887
341	0.0000308146
342	0.0000307242
343	0.0000305439
344	0.0000303317
345	0.0000301193
346	0.0000298822
347	0.0000296199
348	0.0000293375
349	0.0000290155
350	0.0000286809
351	0.0000284169
352	0.0000281830
353	0.0000279073
354	0.0000276602
355	0.0000274904
356	0.0000273717
357	0.0000272860
358	0.0000272235
359	0.0000271760
360	0.0000271492
361	0.0000271569
362	0.0000271613
363	0.0000271752
364	0.0000272743
365	0.0000273984
366	0.0000274604
367	0.0000274568
368	0.0000273615
369	0.0000271726
370	0.0000269613
371	0.0000267971
372	0.0000267038
373	0.0000267181
374	0.0000268037
375	0.0000267587
376	0.0000265082
377	0.0000261682
378	0.0000257891
379	0.0000253912
380	0.0000250222
381	0.0000246972
382	0.0000244046
383	0.0000241437
384	0.0000239246
385	0.0000237361
386	0.0000236089
387	0.0000235583
388	0.0000234944
389	0.0000233891
390	0.0000233003
391	0.0000232417
392	0.0000232014
393	0.0000231806
394	0.0000231898
395	0.0000232408
396	0.0000233183
397	0.0000233745
398	0.0000233995
399	0.0000234059
400	0.0000233748
401	0.0000233306
402	0.0000232985
403	0.0000232429
404	0.0000231639
405	0.0000231163
406	0.0000231438
407	0.0000232338
408	0.0000233452
409	0.0000234370
410	0.0000235249
411	0.0000237034
412	0.0000239233
413	0.0000240545
414	0.0000241286
415	0.0000241578
416	0.0000241042
417	0.0000240178
418	0.0000239126
419	0.0000237273
420	0.0000234574
421	0.0000231731
422	0.0000229023
423	0.0000226626
424	0.0000224683
425	0.0000222647
426	0.0000221154
427	0.0000221108
428	0.0000221413
429	0.0000221338
430	0.0000221541
431	0.0000222454
432	0.0000223895
433	0.0000225524
434	0.0000227090
435	0.0000228340
436	0.0000229542
437	0.0000230871
438	0.0000231844
439	0.0000232487
440	0.0000232919
441	0.0000232986
442	0.0000233032
443	0.0000233182
444	0.0000233093
445	0.0000232789
446	0.0000232585
447	0.0000232533
448	0.0000232492
449	0.0000232443
450	0.0000232413
451	0.0000232414
452	0.0000232451
453	0.0000232488
454	0.0000232515
455	0.0000232607
456	0.0000232835
457	0.0000233133
458	0.0000233404
459	0.0000233735
460	0.0000234295
461	0.0000235071
462	0.0000235980
463	0.0000236911
464	0.0000237834
465	0.0000239156
466	0.0000240888
467	0.0000242640
468	0.0000244517
469	0.0000246462
470	0.0000248528
471	0.0000251121
472	0.0000253792
473	0.0000255924
474	0.0000258005
475	0.0000260505
476	0.0000262646
477	0.0000264071
478	0.0000265390
479	0.0000266502
480	0.0000267258
481	0.0000267488
482	0.0000266920
483	0.0000266220
484	0.0000265197
485	0.0000263155
486	0.0000260834
487	0.0000258826
488	0.0000256825
489	0.0000254799
490	0.0000252865
491	0.0000250566
492	0.0000247855
493	0.0000245190
494	0.0000242636
495	0.0000241192
496	0.0000241824
497	0.0000243889
498	0.0000246412
499	0.0000248261
500	0.0000248800
501	0.0000248496
502	0.0000248208
503	0.0000249566
504	0.0000254287
505	0.0000261690
506	0.0000268968
507	0.0000274902
508	0.0000279436
509	0.0000281909
510	0.0000283496
511	0.0000285754
512	0.0000288608
513	0.0000291663
514	0.0000293958
515	0.0000295841
516	0.0000299193
517	0.0000304129
518	0.0000309402
519	0.0000313994
520	0.0000316957
521	0.0000317874
522	0.0000317690
523	0.0000317263
524	0.0000316553
525	0.0000315787
526	0.0000314511
527	0.0000312551
528	0.0000311424
529	0.0000311670
530	0.0000312383
531	0.0000312802
532	0.0000312588
533	0.0000311851
534	0.0000310841
535	0.0000309617
536	0.0000307931
537	0.0000305378
538	0.0000301872
539	0.0000298761
540	0.0000297381
541	0.0000296634
542	0.0000295827
543	0.0000295695
544	0.0000296261
545	0.0000297726
546	0.0000300071
547	0.0000302499
548	0.0000304553
549	0.0000306067
550	0.0000307423
551	0.0000309192
552	0.0000310860
553	0.0000311490
554	0.0000311575
555	0.0000312211
556	0.0000313542
557	0.0000315522
558	0.0000317653
559	0.0000319638
560	0.0000322401
561	0.0000326024
562	0.0000329927
563	0.0000334010
564	0.0000337915
565	0.0000341637
566	0.0000345735
567	0.0000350025
568	0.0000353513
569	0.0000356014
570	0.0000358174
571	0.0000360241
572	0.0000361976
573	0.0000363035
574	0.0000364060
575	0.0000365801
576	0.0000367734
577	0.0000369690
578	0.0000371511
579	0.0000372661
580	0.0000373749
581	0.0000375361
582	0.0000377118
583	0.0000378646
584	0.0000379943
585	0.0000381208
586	0.0000382431
587	0.0000383027
588	0.0000382620
589	0.0000381760
590	0.0000380630
591	0.0000378829
592	0.0000376244
593	0.0000372984
594	0.0000369858
595	0.0000367258
596	0.0000364485
597	0.0000361475
598	0.0000358464
599	0.0000355627
600	0.0000353506
601	0.0000351843
602	0.0000349730
603	0.0000347512
604	0.0000346240
605	0.0000345544
606	0.0000344799
607	0.0000344330
608	0.0000344272
609	0.0000344603
610	0.0000345046
611	0.0000345296
612	0.0000345499
613	0.0000345575
614	0.0000345533
615	0.0000345273
616	0.0000344487
617	0.0000343638
618	0.0000343016
619	0.0000342008
620	0.0000340502
621	0.0000339165
622	0.0000338259
623	0.0000337686
624	0.0000337354
625	0.0000337195
626	0.0000337490
627	0.0000337982
628	0.0000337984
629	0.0000337433
630	0.0000336420
631	0.0000335374
632	0.0000334846
633	0.0000334791
634	0.0000335240
635	0.0000336346
636	0.0000337878
637	0.0000339394
638	0.0000340693
639	0.0000341834
640	0.0000342799
641	0.0000343505
642	0.0000344091
643	0.0000344768
644	0.0000345199
645	0.0000345168
646	0.0000345048
647	0.0000344944
648	0.0000344935
649	0.0000345110
650	0.0000345379
651	0.0000345896
652	0.0000346644
653	0.0000347421
654	0.0000348129
655	0.0000348918
656	0.0000350276
657	0.0000352163
658	0.0000353884
659	0.0000355475
660	0.0000357604
661	0.0000359987
662	0.0000362079
663	0.0000363988
664	0.0000365678
665	0.0000367042
666	0.0000367953
667	0.0000368432
668	0.0000368675
669	0.0000368387
670	0.0000367568
671	0.0000366708
672	0.0000366087
673	0.0000365711
674	0.0000365253
675	0.0000364552
676	0.0000363864
677	0.0000363270
678	0.0000362412
679	0.0000361113
680	0.0000359443
681	0.0000357189
682	0.0000354012
683	0.0000349884
684	0.0000345887
685	0.0000342317
686	0.0000337526
687	0.0000331717
688	0.0000326348
689	0.0000321361
690	0.0000316825
691	0.0000312934
692	0.0000309542
693	0.0000307033
694	0.0000305413
695	0.0000303863
696	0.0000302008
697	0.0000300108
698	0.0000298310
699	0.0000297020
700	0.0000296993
701	0.0000298667
702	0.0000300916
703	0.0000301747
704	0.0000301276
705	0.0000300219
706	0.0000298439
707	0.0000296822
708	0.0000296287
709	0.0000296979
710	0.0000298389
711	0.0000299367
712	0.0000299560
713	0.0000299189
714	0.0000298357
715	0.0000297448
716	0.0000296744
717	0.0000295983
718	0.0000295027
719	0.0000294309
720	0.0000294333
721	0.0000294885
722	0.0000294632
723	0.0000293021
724	0.0000290838
725	0.0000288311
726	0.0000285562
727	0.0000282955
728	0.0000280994
729	0.0000279836
730	0.0000278420
731	0.0000276916
732	0.0000276391
733	0.0000276034
734	0.0000275068
735	0.0000273583
736	0.0000270903
737	0.0000266834
738	0.0000262433
739	0.0000258260
740	0.0000254509
741	0.0000250959
742	0.0000247058
743	0.0000244064
744	0.0000243141
745	0.0000243357
746	0.0000243297
747	0.0000242387
748	0.0000241497
749	0.0000240548
750	0.0000238961
751	0.0000237847
752	0.0000236750
753	0.0000234623
754	0.0000232842
755	0.0000232526
756	0.0000233235
757	0.0000234345
758	0.0000235758
759	0.0000237812
760	0.0000240669
761	0.0000243883
762	0.0000247325
763	0.0000250955
764	0.0000253447
765	0.0000254192
766	0.0000254074
767	0.0000253728
768	0.0000253205
769	0.0000251845
770	0.0000249859
771	0.0000248385
772	0.0000247388
773	0.0000246568
774	0.0000245957
775	0.0000245509
776	0.0000245342
777	0.0000245545
778	0.0000246078
779	0.0000246465
780	0.0000246086
781	0.0000245368
782	0.0000245063
783	0.0000244698
784	0.0000243871
785	0.0000243091
786	0.0000242503
787	0.0000242180
788	0.0000242147
789	0.0000242247
790	0.0000242661
791	0.0000243347
792	0.0000244312
793	0.0000245577
794	0.0000246745
795	0.0000247645
796	0.0000248434
797	0.0000249255
798	0.0000249755
799	0.0000249626
800	0.0000249170
801	0.0000248369
802	0.0000247159
803	0.0000245985
804	0.0000244798
805	0.0000243322
806	0.0000242257
807	0.0000241997
808	0.0000241922
809	0.0000241868
810	0.0000242190
811	0.0000243257
812	0.0000244611
813	0.0000245270
814	0.0000245501
815	0.0000245736
816	0.0000245812
817	0.0000245681
818	0.0000245277
819	0.0000244816
820	0.0000244409
821	0.0000243957
822	0.0000243473
823	0.0000242831
824	0.0000242602
825	0.0000244115
826	0.0000247481
827	0.0000251638
828	0.0000256236
829	0.0000260935
830	0.0000265011
831	0.0000268326
832	0.0000271859
833	0.0000277542
834	0.0000285478
835	0.0000294921
836	0.0000305404
837	0.0000313819
838	0.0000318480
839	0.0000321150
840	0.0000322918
841	0.0000324722
842	0.0000327305
843	0.0000330605
844	0.0000334492
845	0.0000337983
846	0.0000340188
847	0.0000341797
848	0.0000343965
849	0.0000346486
850	0.0000348269
851	0.0000348670
852	0.0000347995
853	0.0000347704
854	0.0000349448
855	0.0000353222
856	0.0000357163
857	0.0000360803
858	0.0000364724
859	0.0000367533
860	0.0000368936
861	0.0000370231
862	0.0000371168
863	0.0000370940
864	0.0000369376
865	0.0000367308
866	0.0000365744
867	0.0000364778
868	0.0000364237
869	0.0000363515
870	0.0000361932
871	0.0000359889
872	0.0000358013
873	0.0000356049
874	0.0000353647
875	0.0000350751
876	0.0000347539
877	0.0000344627
878	0.0000342687
879	0.0000342465
880	0.0000343529
881	0.0000344679
882	0.0000346286
883	0.0000348762
884	0.0000351953
885	0.0000355611
886	0.0000358764
887	0.0000360938
888	0.0000362352
889	0.0000363896
890	0.0000365956
891	0.0000367096
892	0.0000367155
893	0.0000367365
894	0.0000367655
895	0.0000367878
896	0.0000368502
897	0.0000369257
898	0.0000369567
899	0.0000369344
900	0.0000368723
901	0.0000368073
902	0.0000367437
903	0.0000366428
904	0.0000365132
905	0.0000363955
906	0.0000363229
907	0.0000362869
908	0.0000362420
909	0.0000361804
910	0.0000361302
911	0.0000361157
912	0.0000361267
913	0.0000361383
914	0.0000361436
915	0.0000361365
916	0.0000361166
917	0.0000360707
918	0.0000359768
919	0.0000358561
920	0.0000357435
921	0.0000356427
922	0.0000355446
923	0.0000354451
924	0.0000353578
925	0.0000353047
926	0.0000352854
927	0.0000353001
928	0.0000353606
929	0.0000354771
930	0.0000356383
931	0.0000358005
932	0.0000359502
933	0.0000360922
934	0.0000362329
935	0.0000363845
936	0.0000365255
937	0.0000366656
938	0.0000368075
939	0.0000369317
940	0.0000371014
941	0.0000373479
942	0.0000376350
943	0.0000379479
944	0.0000382648
945	0.0000385750
946	0.0000388965
947	0.0000392218
948	0.0000394946
949	0.0000396682
950	0.0000397863
951	0.0000399151
952	0.0000400196
953	0.0000400623
954	0.0000401030
955	0.0000401534
956	0.0000401712
957	0.0000401506
958	0.0000400866
959	0.0000400055
960	0.0000399489
961	0.0000399183
962	0.0000399070
963	0.0000399045
964	0.0000398979
965	0.0000398843
966	0.0000398798
967	0.0000399053
968	0.0000399713
969	0.0000400903
970	0.0000402540
971	0.0000404221
972	0.0000405433
973	0.0000406093
974	0.0000406728
975	0.0000407460
976	0.0000407707
977	0.0000407407
978	0.0000407031
979	0.0000406599
980	0.0000406176
981	0.0000406070
982	0.0000406184
983	0.0000406435
984	0.0000406770
985	0.0000407006
986	0.0000407161
987	0.0000407304
988	0.0000407366
989	0.0000407267
990	0.0000407211
991	0.0000407237
992	0.0000407176
993	0.0000407198
994	0.0000407175
995	0.0000406803
996	0.0000406238
997	0.0000405781
998	0.0000405623
999	0.0000405493
1000	0.0000405066
1001	0.0000404560
1002	0.0000404139
1003	0.0000403639
1004	0.0000402869
1005	0.0000401681
1006	0.0000400353
1007	0.0000399206
1008	0.0000397584
1009	0.0000395153
1010	0.0000392756
1011	0.0000390909
1012	0.0000389295
1013	0.0000387316
1014	0.0000385156
1015	0.0000383238
1016	0.0000381201
1017	0.0000379349
1018	0.0000377700
1019	0.0000375304
1020	0.0000372527
1021	0.0000370003
1022	0.0000367158
1023	0.0000363403
1024	0.0000358722
1025	0.0000353387
1026	0.0000347756
1027	0.0000342237
1028	0.0000337207
1029	0.0000333248
1030	0.0000330534
1031	0.0000328034
1032	0.0000324740
1033	0.0000321030
1034	0.0000317919
1035	0.0000315737
1036	0.0000314584
1037	0.0000314696
1038	0.0000315980
1039	0.0000317783
1040	0.0000318848
1041	0.0000318781
1042	0.0000318032
1043	0.0000317011
1044	0.0000316568
1045	0.0000316635
1046	0.0000316678
1047	0.0000316820
1048	0.0000316486
1049	0.0000315395
1050	0.0000314185
1051	0.0000313053
1052	0.0000311514
1053	0.0000309247
1054	0.0000306716
1055	0.0000304555
1056	0.0000303696
1057	0.0000304772
1058	0.0000306490
1059	0.0000307543
1060	0.0000308419
1061	0.0000309085
1062	0.0000308510
1063	0.0000306900
1064	0.0000305351
1065	0.0000304432
1066	0.0000303556
1067	0.0000301998
1068	0.0000300602
1069	0.0000300334
1070	0.0000301234
1071	0.0000302486
1072	0.0000303044
1073	0.0000303121
1074	0.0000302562
1075	0.0000301188
1076	0.0000300115
1077	0.0000299511
1078	0.0000298792
1079	0.0000297869
1080	0.0000297337
1081	0.0000297998
1082	0.0000299702
1083	0.0000302078
1084	0.0000304354
1085	0.0000305292
1086	0.0000305309
1087	0.0000305381
1088	0.0000304737
1089	0.0000302974
1090	0.0000301134
1091	0.0000299359
1092	0.0000297377
1093	0.0000295562
1094	0.0000294159
1095	0.0000293242
1096	0.0000292496
1097	0.0000291527
1098	0.0000290496
1099	0.0000289825
1100	0.0000289563
1101	0.0000289253
1102	0.0000288789
1103	0.0000288360
1104	0.0000287968
1105	0.0000287643
1106	0.0000287367
1107	0.0000287003
1108	0.0000286499
1109	0.0000285971
1110	0.0000285243
1111	0.0000283892
1112	0.0000281801
1113	0.0000279231
1114	0.0000276747
1115	0.0000274389
1116	0.0000271607
1117	0.0000268649
1118	0.0000266159
1119	0.0000264081
1120	0.0000262275
1121	0.0000260695
1122	0.0000259109
1123	0.0000257674
1124	0.0000256655
1125	0.0000255764
1126	0.0000254520
1127	0.0000253204
1128	0.0000252197
1129	0.0000250807
1130	0.0000249154
1131	0.0000248102
1132	0.0000247160
1133	0.0000245919
1134	0.0000244767
1135	0.0000243944
1136	0.0000243237
1137	0.0000242321
1138	0.0000241297
1139	0.0000240082
1140	0.0000238563
1141	0.0000236828
1142	0.0000234910
1143	0.0000232937
1144	0.0000230694
1145	0.0000228357
1146	0.0000226689
1147	0.0000225508
1148	0.0000224159
1149	0.0000222704
1150	0.0000221491
1151	0.0000220979
1152	0.0000221513
1153	0.0000222691
1154	0.0000224210
1155	0.0000226177
1156	0.0000228524
1157	0.0000230589
1158	0.0000231272
1159	0.0000230965
1160	0.0000230651
1161	0.0000230205
1162	0.0000230012
1163	0.0000230225
1164	0.0000229843
1165	0.0000228295
1166	0.0000225836
1167	0.0000222950
1168	0.0000220100
1169	0.0000217952
1170	0.0000216909
1171	0.0000216785
1172	0.0000217036
1173	0.0000216941
1174	0.0000216440
1175	0.0000215870
1176	0.0000215275
1177	0.0000214725
1178	0.0000214303
1179	0.0000214063
1180	0.0000213957
1181	0.0000213894
1182	0.0000213990
1183	0.0000214166
1184	0.0000214151
1185	0.0000213892
1186	0.0000213407
1187	0.0000213025
1188	0.0000213022
1189	0.0000213294
1190	0.0000213847
1191	0.0000213834
1192	0.0000212312
1193	0.0000209789
1194	0.0000206933
1195	0.0000204039
1196	0.0000200945
1197	0.0000197156
1198	0.0000192724
1199	0.0000188362
1200	0.0000185061
1201	0.0000182879
1202	0.0000181680
1203	0.0000181383
1204	0.0000180853
1205	0.0000180186
1206	0.0000180316
1207	0.0000180639
1208	0.0000180918
1209	0.0000181956
1210	0.0000183501
1211	0.0000184471
1212	0.0000185125
1213	0.0000186733
1214	0.0000189357
1215	0.0000191812
1216	0.0000193217
1217	0.0000193551
1218	0.0000193324
1219	0.0000192895
1220	0.0000191868
1221	0.0000190099
1222	0.0000187868
1223	0.0000185074
1224	0.0000182388
1225	0.0000180391
1226	0.0000178783
1227	0.0000177649
1228	0.0000176739
1229	0.0000175816
1230	0.0000175174
1231	0.0000174834
1232	0.0000174772
1233	0.0000174624
1234	0.0000173941
1235	0.0000172520
1236	0.0000170370
1237	0.0000168373
1238	0.0000167078
1239	0.0000165871
1240	0.0000164449
1241	0.0000163242
1242	0.0000162368
1243	0.0000161509
1244	0.0000160633
1245	0.0000159640
1246	0.0000158278
1247	0.0000156790
1248	0.0000155375
1249	0.0000153877
1250	0.0000152080
1251	0.0000149590
1252	0.0000146648
1253	0.0000144130
1254	0.0000141943
1255	0.0000139749
1256	0.0000137888
1257	0.0000136355
1258	0.0000135248
1259	0.0000134872
1260	0.0000135267
1261	0.0000136348
1262	0.0000137366
1263	0.0000137865
1264	0.0000138148
1265	0.0000138482
1266	0.0000138984
1267	0.0000139067
1268	0.0000138552
1269	0.0000138178
1270	0.0000138266
1271	0.0000138852
1272	0.0000139681
1273	0.0000140357
1274	0.0000140874
1275	0.0000141558
1276	0.0000142517
1277	0.0000143044
1278	0.0000142935
1279	0.0000142852
1280	0.0000143113
1281	0.0000143832
1282	0.0000144934
1283	0.0000146326
1284	0.0000148427
1285	0.0000150990
1286	0.0000153343
1287	0.0000156303
1288	0.0000159908
1289	0.0000162449
1290	0.0000164096
1291	0.0000166177
1292	0.0000168662
1293	0.0000170918
1294	0.0000172830
1295	0.0000174512
1296	0.0000175964
1297	0.0000177739
1298	0.0000179342
1299	0.0000179547
1300	0.0000178823
1301	0.0000177812
1302	0.0000177046
1303	0.0000176517
1304	0.0000175393
1305	0.0000174533
1306	0.0000174922
1307	0.0000176341
1308	0.0000178712
1309	0.0000182017
1310	0.0000186342
1311	0.0000191557
1312	0.0000197272
1313	0.0000203312
1314	0.0000209533
1315	0.0000215621
1316	0.0000221141
1317	0.0000226121
1318	0.0000230911
1319	0.0000235301
1320	0.0000239163
1321	0.0000243278
1322	0.0000248003
1323	0.0000252841
1324	0.0000257754
1325	0.0000262887
1326	0.0000267827
1327	0.0000272460
1328	0.0000277224
1329	0.0000281461
1330	0.0000284231
1331	0.0000286229
1332	0.0000287924
1333	0.0000288955
1334	0.0000289135
1335	0.0000288645
1336	0.0000288362
1337	0.0000288324
1338	0.0000287826
1339	0.0000286995
1340	0.0000286075
1341	0.0000285129
1342	0.0000284237
1343	0.0000283368
1344	0.0000282389
1345	0.0000281214
1346	0.0000280071
1347	0.0000279112
1348	0.0000278296
1349	0.0000277677
1350	0.0000277340
1351	0.0000277296
1352	0.0000277436
1353	0.0000277557
1354	0.0000277540
1355	0.0000277432
1356	0.0000277317
1357	0.0000277198
1358	0.0000276992
1359	0.0000276714
1360	0.0000276520
1361	0.0000276426
1362	0.0000276244
1363	0.0000275862
1364	0.0000275410
1365	0.0000275024
1366	0.0000274714
1367	0.0000274437
1368	0.0000274130
1369	0.0000273758
1370	0.0000273521
1371	0.0000273918
1372	0.0000274997
1373	0.0000276381
1374	0.0000277777
1375	0.0000278625
1376	0.0000278603
1377	0.0000278174
1378	0.0000277952
1379	0.0000277892
1380	0.0000277932
1381	0.0000278697
1382	0.0000279864
1383	0.0000280547
1384	0.0000280984
1385	0.0000281330
1386	0.0000281352
1387	0.0000280988
1388	0.0000279850
1389	0.0000277758
1390	0.0000275264
1391	0.0000273170
1392	0.0000271991
1393	0.0000271293
1394	0.0000270230
1395	0.0000268847
1396	0.0000267627
1397	0.0000266658
1398	0.0000265766
1399	0.0000264982
1400	0.0000264527
1401	0.0000264361
1402	0.0000264339
1403	0.0000264284
1404	0.0000264496
1405	0.0000265512
1406	0.0000266991
1407	0.0000268279
1408	0.0000268758
1409	0.0000268420
1410	0.0000268095
1411	0.0000268035
1412	0.0000268003
1413	0.0000268007
1414	0.0000268409
1415	0.0000269261
1416	0.0000270324
1417	0.0000271943
1418	0.0000273728
1419	0.0000274849
1420	0.0000275399
1421	0.0000275470
1422	0.0000275241
1423	0.0000275157
1424	0.0000275251
1425	0.0000275345
1426	0.0000275290
1427	0.0000275261
1428	0.0000275779
1429	0.0000276696
1430	0.0000277294
1431	0.0000277510
1432	0.0000277618
1433	0.0000277633
1434	0.0000277552
1435	0.0000277373
1436	0.0000277017
1437	0.0000276498
1438	0.0000275997
1439	0.0000275621
1440	0.0000275780
1441	0.0000276592
1442	0.0000277150
1443	0.0000276920
1444	0.0000276298
1445	0.0000275957
1446	0.0000275873
1447	0.0000275476
1448	0.0000274991
1449	0.0000274918
1450	0.0000275541
1451	0.0000276789
1452	0.0000278464
1453	0.0000280825
1454	0.0000283451
1455	0.0000286077
1456	0.0000289307
1457	0.0000293009
1458	0.0000296715
1459	0.0000300176
1460	0.0000303170
1461	0.0000305714
1462	0.0000307972
1463	0.0000310084
1464	0.0000311904
1465	0.0000313164
1466	0.0000313993
1467	0.0000314949
1468	0.0000316386
1469	0.0000318048
1470	0.0000319697
1471	0.0000321327
1472	0.0000322955
1473	0.0000324869
1474	0.0000326944
1475	0.0000328448
1476	0.0000329578
1477	0.0000330886
1478	0.0000331947
1479	0.0000332767
1480	0.0000333947
1481	0.0000335397
1482	0.0000336721
1483	0.0000337948
1484	0.0000339492
1485	0.0000341391
1486	0.0000343090
1487	0.0000343754
1488	0.0000342634
1489	0.0000340093
1490	0.0000337054
1491	0.0000333976
1492	0.0000331095
1493	0.0000328109
1494	0.0000324853
1495	0.0000321526
1496	0.0000317442
1497	0.0000311864
1498	0.0000304893
1499	0.0000297265
1500	0.0000290081
1501	0.0000283829
1502	0.0000278780
1503	0.0000275013
1504	0.0000271435
1505	0.0000266966
1506	0.0000261571
1507	0.0000255806
1508	0.0000250398
1509	0.0000245784
1510	0.0000242263
1511	0.0000239847
1512	0.0000237779
1513	0.0000235886
1514	0.0000234837
1515	0.0000234275
1516	0.0000233632
1517	0.0000233196
1518	0.0000232748
1519	0.0000231839
1520	0.0000230683
1521	0.0000229808
1522	0.0000229630
1523	0.0000230166
1524	0.0000231348
1525	0.0000233139
1526	0.0000235325
1527	0.0000237485
1528	0.0000239266
1529	0.0000240998
1530	0.0000243067
1531	0.0000245385
1532	0.0000247615
1533	0.0000249125
1534	0.0000250194
1535	0.0000251739
1536	0.0000253505
1537	0.0000254864
1538	0.0000255821
1539	0.0000256571
1540	0.0000257011
1541	0.0000256930
1542	0.0000256616
1543	0.0000256325
1544	0.0000256241
1545	0.0000256701
1546	0.0000257427
1547	0.0000257962
1548	0.0000258302
1549	0.0000258687
1550	0.0000259645
1551	0.0000261377
1552	0.0000263360
1553	0.0000265196
1554	0.0000266759
1555	0.0000267935
1556	0.0000268993
1557	0.0000270213
1558	0.0000271318
1559	0.0000271994
1560	0.0000272454
1561	0.0000273006
1562	0.0000273501
1563	0.0000273737
1564	0.0000273722
1565	0.0000273636
1566	0.0000273693
1567	0.0000273924
1568	0.0000274387
1569	0.0000274981
1570	0.0000275560
1571	0.0000275921
1572	0.0000276094
1573	0.0000277150
1574	0.0000279529
1575	0.0000282524
1576	0.0000286019
1577	0.0000289839
1578	0.0000292918
1579	0.0000295077
1580	0.0000297446
1581	0.0000299798
1582	0.0000301370
1583	0.0000302855
1584	0.0000304679
1585	0.0000307172
1586	0.0000310360
1587	0.0000313244
1588	0.0000315850
1589	0.0000318762
1590	0.0000321949
1591	0.0000325099
1592	0.0000327723
1593	0.0000329906
1594	0.0000331991
1595	0.0000334014
1596	0.0000336303
1597	0.0000338783
1598	0.0000340528
1599	0.0000341011
1600	0.0000340348
1601	0.0000339010
1602	0.0000337355
1603	0.0000335442
1604	0.0000333590
1605	0.0000331739
1606	0.0000329890
1607	0.0000328634
1608	0.0000328095
1609	0.0000328121
1610	0.0000328331
1611	0.0000328400
1612	0.0000328441
1613	0.0000328669
1614	0.0000329339
1615	0.0000329992
1616	0.0000330186
1617	0.0000330581
1618	0.0000331502
1619	0.0000332209
1620	0.0000332416
1621	0.0000332558
1622	0.0000332382
1623	0.0000331663
1624	0.0000330517
1625	0.0000328926
1626	0.0000327330
1627	0.0000325759
1628	0.0000324169
1629	0.0000322925
1630	0.0000321789
1631	0.0000320608
1632	0.0000319500
1633	0.0000318492
1634	0.0000317650
1635	0.0000316902
1636	0.0000316310
1637	0.0000316000
1638	0.0000315978
1639	0.0000316389
1640	0.0000317229
1641	0.0000317973
1642	0.0000318169
1643	0.0000318329
1644	0.0000319016
1645	0.0000319483
1646	0.0000319042
1647	0.0000317810
1648	0.0000316174
1649	0.0000315338
1650	0.0000315414
1651	0.0000315061
1652	0.0000314283
1653	0.0000314161
1654	0.0000315236
1655	0.0000316649
1656	0.0000317455
1657	0.0000317775
1658	0.0000317723
1659	0.0000317602
1660	0.0000317657
1661	0.0000317940
1662	0.0000317920
1663	0.0000317187
1664	0.0000317240
1665	0.0000318590
1666	0.0000320445
1667	0.0000322678
1668	0.0000324930
1669	0.0000327329
1670	0.0000329900
1671	0.0000332105
1672	0.0000333847
1673	0.0000335127
1674	0.0000335973
1675	0.0000336617
1676	0.0000337913
1677	0.0000340383
1678	0.0000343484
1679	0.0000346839
1680	0.0000351058
1681	0.0000356862
1682	0.0000363004
1683	0.0000368630
1684	0.0000375332
1685	0.0000382814
1686	0.0000389305
1687	0.0000394765
1688	0.0000398630
1689	0.0000400500
1690	0.0000401832
1691	0.0000403113
1692	0.0000404311
1693	0.0000406059
1694	0.0000408349
1695	0.0000410874
1696	0.0000412551
1697	0.0000412251
1698	0.0000410523
1699	0.0000409000
1700	0.0000409007
1701	0.0000409964
1702	0.0000410860
1703	0.0000411577
1704	0.0000411683
1705	0.0000410899
1706	0.0000409351
1707	0.0000407647
1708	0.0000406477
1709	0.0000405801
1710	0.0000405406
1711	0.0000404808
1712	0.0000403560
1713	0.0000401540
1714	0.0000398723
1715	0.0000395537
1716	0.0000392301
1717	0.0000388633
1718	0.0000384125
1719	0.0000379639
1720	0.0000376233
1721	0.0000373412
1722	0.0000370477
1723	0.0000367523
1724	0.0000364861
1725	0.0000362227
1726	0.0000359191
1727	0.0000356474
1728	0.0000354518
1729	0.0000353139
1730	0.0000352942
1731	0.0000353590
1732	0.0000353767
1733	0.0000353618
1734	0.0000353862
1735	0.0000354378
1736	0.0000354749
1737	0.0000354563
1738	0.0000353847
1739	0.0000353064
1740	0.0000352453
1741	0.0000352082
1742	0.0000352089
1743	0.0000352545
1744	0.0000353137
1745	0.0000353529
1746	0.0000353753
1747	0.0000353875
1748	0.0000353832
1749	0.0000353400
1750	0.0000352514
1751	0.0000351217
1752	0.0000349666
1753	0.0000348352
1754	0.0000346989
1755	0.0000344870
1756	0.0000341925
1757	0.0000338226
1758	0.0000333959
1759	0.0000329384
1760	0.0000324741
1761	0.0000320324
1762	0.0000316604
1763	0.0000313759
1764	0.0000311182
1765	0.0000308881
1766	0.0000307188
1767	0.0000305713
1768	0.0000304337
1769	0.0000302926
1770	0.0000301061
1771	0.0000298686
1772	0.0000296256
1773	0.0000294152
1774	0.0000291822
1775	0.0000288850
1776	0.0000286174
1777	0.0000285038
1778	0.0000285471
1779	0.0000286640
1780	0.0000288244
1781	0.0000290426
1782	0.0000293120
1783	0.0000295892
1784	0.0000298144
1785	0.0000299845
1786	0.0000301122
1787	0.0000301545
1788	0.0000301175
1789	0.0000300617
1790	0.0000300005
1791	0.0000299413
1792	0.0000298699
1793	0.0000297628
1794	0.0000296383
1795	0.0000295147
1796	0.0000294193
1797	0.0000293012
1798	0.0000291211
1799	0.0000289711
1800	0.0000288515
1801	0.0000287430
1802	0.0000287035
1803	0.0000286977
1804	0.0000286769
1805	0.0000286856
1806	0.0000287744
1807	0.0000289112
1808	0.0000290460
1809	0.0000291632
1810	0.0000292569
1811	0.0000293632
1812	0.0000294822
1813	0.0000295757
1814	0.0000296554
1815	0.0000297227
1816	0.0000297554
1817	0.0000297540
1818	0.0000297422
1819	0.0000297332
1820	0.0000297136
1821	0.0000296704
1822	0.0000296029
1823	0.0000295196
1824	0.0000294361
1825	0.0000293738
1826	0.0000293405
1827	0.0000293205
1828	0.0000292899
1829	0.0000292306
1830	0.0000291463
1831	0.0000290473
1832	0.0000289598
1833	0.0000289169
1834	0.0000288939
1835	0.0000288495
1836	0.0000287524
1837	0.0000285428
1838	0.0000282312
1839	0.0000278991
1840	0.0000275768
1841	0.0000272492
1842	0.0000269203
1843	0.0000266536
1844	0.0000264173
1845	0.0000260789
1846	0.0000256828
1847	0.0000253193
1848	0.0000249571
1849	0.0000245770
1850	0.0000241390
1851	0.0000235599
1852	0.0000229078
1853	0.0000224000
1854	0.0000220615
1855	0.0000217571
1856	0.0000214070
1857	0.0000209346
1858	0.0000203909
1859	0.0000198438
1860	0.0000192532
1861	0.0000186745
1862	0.0000181498
1863	0.0000176421
1864	0.0000171235
1865	0.0000166132
1866	0.0000161649
1867	0.0000157561
1868	0.0000153454
1869	0.0000149034
1870	0.0000143894
1871	0.0000137862
1872	0.0000131112
1873	0.0000124264
1874	0.0000117819
1875	0.0000112439
1876	0.0000108477
1877	0.0000105145
1878	0.0000102238
1879	0.0000100432
1880	0.0000100017
1881	0.0000100582
1882	0.0000101182
1883	0.0000101561
1884	0.0000102426
1885	0.0000103788
1886	0.0000105180
1887	0.0000106771
1888	0.0000108574
1889	0.0000110119
1890	0.0000111391
1891	0.0000112854
1892	0.0000114582
1893	0.0000116525
1894	0.0000118863
1895	0.0000121583
1896	0.0000124421
1897	0.0000126683
1898	0.0000128197
1899	0.0000129139
1900	0.0000129384
1901	0.0000129651
1902	0.0000130291
1903	0.0000131496
1904	0.0000133670
1905	0.0000135936
1906	0.0000137771
1907	0.0000138734
1908	0.0000138824
1909	0.0000139730
1910	0.0000142175
1911	0.0000145740
1912	0.0000149659
1913	0.0000152909
1914	0.0000155319
1915	0.0000157288
1916	0.0000159055
1917	0.0000160251
1918	0.0000160563
1919	0.0000160667
1920	0.0000161402
1921	0.0000162435
1922	0.0000163413
1923	0.0000165266
1924	0.0000167663
1925	0.0000169477
1926	0.0000171262
1927	0.0000173168
1928	0.0000174592
1929	0.0000175809
1930	0.0000177396
1931	0.0000179597
1932	0.0000182182
1933	0.0000184603
1934	0.0000186696
1935	0.0000188736
1936	0.0000190495
1937	0.0000191506
1938	0.0000192155
1939	0.0000192863
1940	0.0000193384
1941	0.0000193536
1942	0.0000193275
1943	0.0000192951
1944	0.0000193288
1945	0.0000194106
1946	0.0000194666
1947	0.0000194620
1948	0.0000194018
1949	0.0000193501
1950	0.0000193396
1951	0.0000193479
1952	0.0000193702
1953	0.0000193883
1954	0.0000194178
1955	0.0000195002
1956	0.0000196484
1957	0.0000198769
1958	0.0000201382
1959	0.0000203533
1960	0.0000205214
1961	0.0000206652
1962	0.0000207731
1963	0.0000208414
1964	0.0000208972
1965	0.0000209427
1966	0.0000209677
1967	0.0000209885
1968	0.0000210082
1969	0.0000210202
1970	0.0000210257
1971	0.0000210337
1972	0.0000210397
1973	0.0000210353
1974	0.0000210535
1975	0.0000210895
1976	0.0000211024
1977	0.0000211115
1978	0.0000211442
1979	0.0000211898
1980	0.0000212315
1981	0.0000212530
1982	0.0000212459
1983	0.0000212327
1984	0.0000212265
1985	0.0000211984
1986	0.0000211462
1987	0.0000210983
1988	0.0000210688
1989	0.0000210709
1990	0.0000211078
1991	0.0000211799
1992	0.0000212948
1993	0.0000214431
1994	0.0000216170
1995	0.0000218035
1996	0.0000219585
1997	0.0000220654
1998	0.0000221650
1999	0.0000222959
2000	0.0000224244
2001	0.0000225088
2002	0.0000226153
2003	0.0000228053
2004	0.0000230807
2005	0.0000234418
2006	0.0000238721
2007	0.0000243734
2008	0.0000249272
2009	0.0000255039
2010	0.0000260925
2011	0.0000266808
2012	0.0000272592
2013	0.0000277673
2014	0.0000282543
2015	0.0000287990
2016	0.0000293409
2017	0.0000299192
2018	0.0000305164
2019	0.0000310102
2020	0.0000314412
2021	0.0000319030
2022	0.0000324638
2023	0.0000331047
2024	0.0000337390
2025	0.0000343329
2026	0.0000348445
2027	0.0000352442
2028	0.0000355437
2029	0.0000357763
2030	0.0000360217
2031	0.0000363730
2032	0.0000368297
2033	0.0000372875
2034	0.0000376609
2035	0.0000379173
2036	0.0000380783
2037	0.0000381827
2038	0.0000382412
2039	0.0000382800
2040	0.0000383176
2041	0.0000383513
2042	0.0000383842
2043	0.0000384295
2044	0.0000385041
2045	0.0000385997
2046	0.0000387040
2047	0.0000388232
2048	0.0000389631
2049	0.0000390986
2050	0.0000391957
2051	0.0000392852
2052	0.0000393766
2053	0.0000393909
2054	0.0000393547
2055	0.0000393762
2056	0.0000394458
2057	0.0000395556
2058	0.0000397665
2059	0.0000400432
2060	0.0000402764
2061	0.0000404230
2062	0.0000404714
2063	0.0000404616
2064	0.0000405022
2065	0.0000405693
2066	0.0000406059
2067	0.0000406342
2068	0.0000406310
2069	0.0000406364
2070	0.0000406916
2071	0.0000407497
2072	0.0000407639
2073	0.0000406870
2074	0.0000405736
2075	0.0000405661
2076	0.0000407225
2077	0.0000409570
2078	0.0000412232
2079	0.0000415996
2080	0.0000420629
2081	0.0000424906
2082	0.0000428231
2083	0.0000431332
2084	0.0000434761
2085	0.0000437646
2086	0.0000439368
2087	0.0000440091
2088	0.0000441531
2089	0.0000445251
2090	0.0000450477
2091	0.0000455896
2092	0.0000459803
2093	0.0000462142
2094	0.0000464469
2095	0.0000466345
2096	0.0000467694
2097	0.0000469291
2098	0.0000470320
2099	0.0000470543
2100	0.0000471437
2101	0.0000473396
2102	0.0000475348
2103	0.0000477547
2104	0.0000480937
2105	0.0000484858
2106	0.0000488890
2107	0.0000494493
2108	0.0000501742
2109	0.0000508288
2110	0.0000513614
2111	0.0000518937
2112	0.0000524125
2113	0.0000529533
2114	0.0000535908
2115	0.0000542037
2116	0.0000547206
2117	0.0000550685
2118	0.0000551521
2119	0.0000552132
2120	0.0000553925
2121	0.0000555103
2122	0.0000555115
2123	0.0000555677
2124	0.0000559131
2125	0.0000565061
2126	0.0000571951
2127	0.0000579580
2128	0.0000587218
2129	0.0000594010
2130	0.0000599154
2131	0.0000603309
2132	0.0000607249
2133	0.0000610124
2134	0.0000612336
2135	0.0000614201
2136	0.0000615902
2137	0.0000618672
2138	0.0000623092
2139	0.0000628332
2140	0.0000632353
2141	0.0000635493
2142	0.0000639479
2143	0.0000643588
2144	0.0000646835
2145	0.0000648909
2146	0.0000650051
2147	0.0000651158
2148	0.0000652251
2149	0.0000652814
2150	0.0000652890
2151	0.0000652547
2152	0.0000651877
2153	0.0000651525
2154	0.0000651745
2155	0.0000652768
2156	0.0000654866
2157	0.0000657170
2158	0.0000659301
2159	0.0000661584
2160	0.0000663872
2161	0.0000665921
2162	0.0000667506
2163	0.0000668771
2164	0.0000669830
2165	0.0000670595
2166	0.0000671244
2167	0.0000671572
2168	0.0000671339
2169	0.0000670851
2170	0.0000670501
2171	0.0000670479
2172	0.0000670220
2173	0.0000669053
2174	0.0000667436
2175	0.0000665963
2176	0.0000664687
2177	0.0000663526
2178	0.0000662475
2179	0.0000661867
2180	0.0000661599
2181	0.0000661332
2182	0.0000661220
2183	0.0000661064
2184	0.0000660384
2185	0.0000659110
2186	0.0000657307
2187	0.0000654207
2188	0.0000648939
2189	0.0000642265
2190	0.0000635294
2191	0.0000628216
2192	0.0000620919
2193	0.0000613858
2194	0.0000607655
2195	0.0000601316
2196	0.0000594273
2197	0.0000587630
2198	0.0000581579
2199	0.0000576117
2200	0.0000571284
2201	0.0000565834
2202	0.0000559380
2203	0.0000553369
2204	0.0000548455
2205	0.0000544218
2206	0.0000540910
2207	0.0000538132
2208	0.0000535029
2209	0.0000531973
2210	0.0000529090
2211	0.0000526370
2212	0.0000523897
2213	0.0000521215
2214	0.0000518583
2215	0.0000516380
2216	0.0000514474
2217	0.0000512974
2218	0.0000512029
2219	0.0000511612
2220	0.0000511469
2221	0.0000511396
2222	0.0000511240
2223	0.0000510831
2224	0.0000510401
2225	0.0000510182
2226	0.0000510056
2227	0.0000509817
2228	0.0000509217
2229	0.0000508266
2230	0.0000507361
2231	0.0000506810
2232	0.0000506637
2233	0.0000506764
2234	0.0000507191
2235	0.0000508083
2236	0.0000509369
2237	0.0000510379
2238	0.0000510532
2239	0.0000509918
2240	0.0000509136
2241	0.0000509283
2242	0.0000510553
2243	0.0000511922
2244	0.0000513369
2245	0.0000515065
2246	0.0000516360
2247	0.0000517206
2248	0.0000518241
2249	0.0000519791
2250	0.0000521068
2251	0.0000521642
2252	0.0000522035
2253	0.0000522201
2254	0.0000521966
2255	0.0000521125
2256	0.0000519637
2257	0.0000517934
2258	0.0000516111
2259	0.0000514294
2260	0.0000513102
2261	0.0000512946
2262	0.0000513257
2263	0.0000513488
2264	0.0000513397
2265	0.0000512514
2266	0.0000511149
2267	0.0000509337
2268	0.0000506536
2269	0.0000503219
2270	0.0000500409
2271	0.0000498427
2272	0.0000496542
2273	0.0000494387
2274	0.0000492434
2275	0.0000490784
2276	0.0000489043
2277	0.0000486993
2278	0.0000484494
2279	0.0000481149
2280	0.0000477300
2281	0.0000473598
2282	0.0000469845
2283	0.0000465623
2284	0.0000461043
2285	0.0000456628
2286	0.0000452146
2287	0.0000447761
2288	0.0000443978
2289	0.0000439751
2290	0.0000435022
2291	0.0000430702
2292	0.0000427017
2293	0.0000424660
2294	0.0000423046
2295	0.0000420523
2296	0.0000416805
2297	0.0000411720
2298	0.0000404845
2299	0.0000396272
2300	0.0000386665
2301	0.0000377119
2302	0.0000367351
2303	0.0000356600
2304	0.0000345920
2305	0.0000336466
2306	0.0000327758
2307	0.0000318315
2308	0.0000307887
2309	0.0000297432
2310	0.0000287558
2311	0.0000279022
2312	0.0000271420
2313	0.0000263651
2314	0.0000256400
2315	0.0000250932
2316	0.0000247323
2317	0.0000244510
2318	0.0000241666
2319	0.0000238710
2320	0.0000235911
2321	0.0000233049
2322	0.0000229668
2323	0.0000226118
2324	0.0000221751
2325	0.0000216300
2326	0.0000211295
2327	0.0000207123
2328	0.0000202908
2329	0.0000197851
2330	0.0000193029
2331	0.0000189876
2332	0.0000187060
2333	0.0000183614
2334	0.0000180697
2335	0.0000179011
2336	0.0000177738
2337	0.0000176370
2338	0.0000175168
2339	0.0000173828
2340	0.0000172352
2341	0.0000171076
2342	0.0000170153
2343	0.0000169369
2344	0.0000168178
2345	0.0000166575
2346	0.0000164178
2347	0.0000161088
2348	0.0000158328
2349	0.0000155894
2350	0.0000153713
2351	0.0000151945
2352	0.0000150402
2353	0.0000149298
2354	0.0000148581
2355	0.0000147836
2356	0.0000147280
2357	0.0000147270
2358	0.0000147621
2359	0.0000147905
2360	0.0000147807
2361	0.0000147530
2362	0.0000147760
2363	0.0000148921
2364	0.0000151119
2365	0.0000154210
2366	0.0000157654
2367	0.0000160956
2368	0.0000163612
2369	0.0000165114
2370	0.0000165505
2371	0.0000165280
2372	0.0000165445
2373	0.0000166945
2374	0.0000169479
2375	0.0000171568
2376	0.0000172356
2377	0.0000173183
2378	0.0000174977
2379	0.0000177223
2380	0.0000179855
2381	0.0000182672
2382	0.0000185842
2383	0.0000189049
2384	0.0000191267
2385	0.0000193467
2386	0.0000196502
2387	0.0000199528
2388	0.0000201565
2389	0.0000202535
2390	0.0000203485
2391	0.0000204731
2392	0.0000206029
2393	0.0000207831
2394	0.0000210365
2395	0.0000212826
2396	0.0000214468
2397	0.0000215406
2398	0.0000215519
2399	0.0000215154
2400	0.0000215253
2401	0.0000215721
2402	0.0000216007
2403	0.0000216254
2404	0.0000217236
2405	0.0000219182
2406	0.0000222011
2407	0.0000225708
2408	0.0000229103
2409	0.0000231311
2410	0.0000232802
2411	0.0000233895
2412	0.0000234483
2413	0.0000234634
2414	0.0000234553
2415	0.0000234238
2416	0.0000233826
2417	0.0000233394
2418	0.0000232668
2419	0.0000231904
2420	0.0000231504
2421	0.0000231363
2422	0.0000231340
2423	0.0000231308
2424	0.0000231219
2425	0.0000231237
2426	0.0000231445
2427	0.0000231737
2428	0.0000232037
2429	0.0000232476
2430	0.0000233091
2431	0.0000233554
2432	0.0000233705
2433	0.0000233764
2434	0.0000233811
2435	0.0000233768
2436	0.0000233532
2437	0.0000233037
2438	0.0000232427
2439	0.0000231650
2440	0.0000230705
2441	0.0000229930
2442	0.0000229156
2443	0.0000228175
2444	0.0000227220
2445	0.0000226369
2446	0.0000225918
2447	0.0000226071
2448	0.0000226280
2449	0.0000226064
2450	0.0000225606
2451	0.0000225139
2452	0.0000224733
2453	0.0000224605
2454	0.0000224679
2455	0.0000224702
2456	0.0000224733
2457	0.0000225034
2458	0.0000225805
2459	0.0000226765
2460	0.0000227527
2461	0.0000227978
2462	0.0000228277
2463	0.0000228675
2464	0.0000229117
2465	0.0000229574
2466	0.0000230089
2467	0.0000230770
2468	0.0000231436
2469	0.0000231541
2470	0.0000231300
2471	0.0000231053
2472	0.0000230440
2473	0.0000229206
2474	0.0000227642
2475	0.0000226213
2476	0.0000225049
2477	0.0000224158
2478	0.0000223510
2479	0.0000223104
2480	0.0000222965
2481	0.0000223048
2482	0.0000223397
2483	0.0000223697
2484	0.0000223871
2485	0.0000224373
2486	0.0000225317
2487	0.0000226651
2488	0.0000228350
2489	0.0000230482
2490	0.0000232834
2491	0.0000234851
2492	0.0000236651
2493	0.0000238354
2494	0.0000239384
2495	0.0000239439
2496	0.0000238783
2497	0.0000237857
2498	0.0000237154
2499	0.0000236901
2500	0.0000236741
2501	0.0000236251
2502	0.0000235515
2503	0.0000234762
2504	0.0000233855
2505	0.0000232671
2506	0.0000231424
2507	0.0000230284
2508	0.0000229403
2509	0.0000228760
2510	0.0000227960
2511	0.0000226941
2512	0.0000225712
2513	0.0000224199
2514	0.0000223022
2515	0.0000222214
2516	0.0000221066
2517	0.0000219654
2518	0.0000218301
2519	0.0000217371
2520	0.0000217131
2521	0.0000217151
2522	0.0000217027
2523	0.0000216904
2524	0.0000216926
2525	0.0000216582
2526	0.0000215784
2527	0.0000215222
2528	0.0000214913
2529	0.0000214639
2530	0.0000214490
2531	0.0000214607
2532	0.0000215028
2533	0.0000215487
2534	0.0000215955
2535	0.0000216642
2536	0.0000217581
2537	0.0000218750
2538	0.0000220040
2539	0.0000221132
2540	0.0000221963
2541	0.0000222723
2542	0.0000223310
2543	0.0000223541
2544	0.0000223378
2545	0.0000223283
2546	0.0000223408
2547	0.0000222823
2548	0.0000221073
2549	0.0000218658
2550	0.0000216287
2551	0.0000214207
2552	0.0000212396
2553	0.0000210924
2554	0.0000209483
2555	0.0000208071
2556	0.0000206816
2557	0.0000205753
2558	0.0000205274
2559	0.0000205742
2560	0.0000207164
2561	0.0000208791
2562	0.0000210468
2563	0.0000212257
2564	0.0000212844
2565	0.0000211773
2566	0.0000209843
2567	0.0000207567
2568	0.0000205145
2569	0.0000202817
2570	0.0000200501
2571	0.0000197023
2572	0.0000192147
2573	0.0000186892
2574	0.0000181457
2575	0.0000176511
2576	0.0000172852
2577	0.0000170138
2578	0.0000168641
2579	0.0000168061
2580	0.0000166847
2581	0.0000164821
2582	0.0000162751
2583	0.0000161514
2584	0.0000161264
2585	0.0000160386
2586	0.0000158163
2587	0.0000155792
2588	0.0000154248
2589	0.0000153409
2590	0.0000152823
2591	0.0000151869
2592	0.0000149685
2593	0.0000147084
2594	0.0000145698
2595	0.0000145255
2596	0.0000145306
2597	0.0000146490
2598	0.0000148176
2599	0.0000149038
2600	0.0000149442
2601	0.0000149968
2602	0.0000150580
2603	0.0000151128
2604	0.0000151634
2605	0.0000153009
2606	0.0000155239
2607	0.0000157620
2608	0.0000159991
2609	0.0000162072
2610	0.0000164150
2611	0.0000165872
2612	0.0000166278
2613	0.0000165718
2614	0.0000164937
2615	0.0000164015
2616	0.0000162944
2617	0.0000162204
2618	0.0000161906
2619	0.0000162130
2620	0.0000163134
2621	0.0000164447
2622	0.0000165867
2623	0.0000167238
2624	0.0000168201
2625	0.0000168848
2626	0.0000169328
2627	0.0000169957
2628	0.0000171099
2629	0.0000173084
2630	0.0000175735
2631	0.0000178446
2632	0.0000180989
2633	0.0000183219
2634	0.0000185363
2635	0.0000187785
2636	0.0000190554
2637	0.0000193364
2638	0.0000195521
2639	0.0000197343
2640	0.0000199550
2641	0.0000201736
2642	0.0000203299
2643	0.0000204248
2644	0.0000204930
2645	0.0000205647
2646	0.0000206575
2647	0.0000207789
2648	0.0000209168
2649	0.0000210545
2650	0.0000212107
2651	0.0000214347
2652	0.0000217142
2653	0.0000220097
2654	0.0000223359
2655	0.0000226908
2656	0.0000230576
2657	0.0000234308
2658	0.0000237737
2659	0.0000240650
2660	0.0000243267
2661	0.0000246044
2662	0.0000249059
2663	0.0000251140
2664	0.0000252095
2665	0.0000253976
2666	0.0000257268
2667	0.0000260444
2668	0.0000262797
2669	0.0000264399
2670	0.0000266027
2671	0.0000268252
2672	0.0000270620
2673	0.0000272969
2674	0.0000275136
2675	0.0000276944
2676	0.0000278554
2677	0.0000279795
2678	0.0000280946
2679	0.0000282519
2680	0.0000284106
2681	0.0000285456
2682	0.0000287126
2683	0.0000288958
2684	0.0000290215
2685	0.0000290869
2686	0.0000290840
2687	0.0000290198
2688	0.0000289727
2689	0.0000289743
2690	0.0000289992
2691	0.0000290337
2692	0.0000290746
2693	0.0000291004
2694	0.0000290884
2695	0.0000290235
2696	0.0000289312
2697	0.0000288912
2698	0.0000289020
2699	0.0000289098
2700	0.0000289100
2701	0.0000289090
2702	0.0000289253
2703	0.0000289767
2704	0.0000290668
2705	0.0000291794
2706	0.0000292939
2707	0.0000294037
2708	0.0000294849
2709	0.0000295143
2710	0.0000294913
2711	0.0000294443
2712	0.0000293810
2713	0.0000292880
2714	0.0000291869
2715	0.0000290915
2716	0.0000290213
2717	0.0000289930
2718	0.0000290091
2719	0.0000290835
2720	0.0000291807
2721	0.0000292663
2722	0.0000293476
2723	0.0000294375
2724	0.0000295552
2725	0.0000296658
2726	0.0000296950
2727	0.0000296239
2728	0.0000294895
2729	0.0000293376
2730	0.0000292021
2731	0.0000291189
2732	0.0000291032
2733	0.0000291017
2734	0.0000291062
2735	0.0000291828
2736	0.0000292944
2737	0.0000293709
2738	0.0000294234
2739	0.0000294629
2740	0.0000294799
2741	0.0000294537
2742	0.0000293808
2743	0.0000292845
2744	0.0000292001
2745	0.0000291712
2746	0.0000291615
2747	0.0000291044
2748	0.0000290202
2749	0.0000289217
2750	0.0000287947
2751	0.0000286565
2752	0.0000284878
2753	0.0000282889
2754	0.0000281192
2755	0.0000279980
2756	0.0000279409
2757	0.0000279653
2758	0.0000280364
2759	0.0000280946
2760	0.0000281172
2761	0.0000281303
2762	0.0000281406
2763	0.0000281445
2764	0.0000281459
2765	0.0000281429
2766	0.0000281199
2767	0.0000280602
2768	0.0000279942
2769	0.0000279339
2770	0.0000278581
2771	0.0000277714
2772	0.0000276720
2773	0.0000275479
2774	0.0000274225
2775	0.0000273251
2776	0.0000272344
2777	0.0000271543
2778	0.0000271039
2779	0.0000270830
2780	0.0000271188
2781	0.0000271917
2782	0.0000272724
2783	0.0000273527
2784	0.0000274621
2785	0.0000276747
2786	0.0000279889
2787	0.0000283741
2788	0.0000287707
2789	0.0000291497
2790	0.0000295738
2791	0.0000300069
2792	0.0000303548
2793	0.0000306060
2794	0.0000307991
2795	0.0000309040
2796	0.0000309001
2797	0.0000309022
2798	0.0000309931
2799	0.0000312088
2800	0.0000315172
2801	0.0000317852
2802	0.0000319995
2803	0.0000322641
2804	0.0000326396
2805	0.0000330892
2806	0.0000334901
2807	0.0000337417
2808	0.0000339546
2809	0.0000342862
2810	0.0000346310
2811	0.0000348753
2812	0.0000350427
2813	0.0000351123
2814	0.0000350680
2815	0.0000349462
2816	0.0000348059
2817	0.0000346341
2818	0.0000344023
2819	0.0000342539
2820	0.0000342759
2821	0.0000343696
2822	0.0000345042
2823	0.0000346725
2824	0.0000348293
2825	0.0000349631
2826	0.0000350353
2827	0.0000351091
2828	0.0000353153
2829	0.0000356331
2830	0.0000359447
2831	0.0000361821
2832	0.0000364800
2833	0.0000369187
2834	0.0000372823
2835	0.0000374886
2836	0.0000376688
2837	0.0000378364
2838	0.0000379367
2839	0.0000379965
2840	0.0000380994
2841	0.0000382491
2842	0.0000383353
2843	0.0000383649
2844	0.0000384383
2845	0.0000385184
2846	0.0000385769
2847	0.0000385922
2848	0.0000384872
2849	0.0000383672
2850	0.0000383752
2851	0.0000384899
2852	0.0000386250
2853	0.0000387316
2854	0.0000388437
2855	0.0000389842
2856	0.0000391417
2857	0.0000392936
2858	0.0000394137
2859	0.0000395102
2860	0.0000395796
2861	0.0000396192
2862	0.0000396376
2863	0.0000396395
2864	0.0000396307
2865	0.0000395981
2866	0.0000395501
2867	0.0000394887
2868	0.0000393916
2869	0.0000392899
2870	0.0000392260
2871	0.0000391894
2872	0.0000391601
2873	0.0000391323
2874	0.0000391023
2875	0.0000390622
2876	0.0000390106
2877	0.0000389535
2878	0.0000388908
2879	0.0000388298
2880	0.0000387569
2881	0.0000386651
2882	0.0000385887
2883	0.0000385117
2884	0.0000384456
2885	0.0000384801
2886	0.0000386001
2887	0.0000387260
2888	0.0000388588
2889	0.0000390099
2890	0.0000391576
2891	0.0000393157
2892	0.0000395336
2893	0.0000398719
2894	0.0000403276
2895	0.0000407941
2896	0.0000411937
2897	0.0000415113
2898	0.0000417749
2899	0.0000420284
2900	0.0000422686
2901	0.0000425260
2902	0.0000428388
2903	0.0000431903
2904	0.0000435322
2905	0.0000437706
2906	0.0000438658
2907	0.0000438763
2908	0.0000438967
2909	0.0000440157
2910	0.0000442267
2911	0.0000444461
2912	0.0000446108
2913	0.0000447293
2914	0.0000448618
2915	0.0000450003
2916	0.0000451006
2917	0.0000451686
2918	0.0000451981
2919	0.0000452143
2920	0.0000452559
2921	0.0000453113
2922	0.0000454052
2923	0.0000455526
2924	0.0000457369
2925	0.0000459530
2926	0.0000461631
2927	0.0000463273
2928	0.0000464487
2929	0.0000466041
2930	0.0000468479
2931	0.0000471003
2932	0.0000472814
2933	0.0000474086
2934	0.0000475116
2935	0.0000475874
2936	0.0000476401
2937	0.0000476758
2938	0.0000477095
2939	0.0000477479
2940	0.0000477442
2941	0.0000477104
2942	0.0000476970
2943	0.0000476668
2944	0.0000475653
2945	0.0000474093
2946	0.0000472696
2947	0.0000471701
2948	0.0000470913
2949	0.0000470240
2950	0.0000469547
2951	0.0000469127
2952	0.0000469246
2953	0.0000469642
2954	0.0000470098
2955	0.0000470498
2956	0.0000470952
2957	0.0000471444
2958	0.0000471574
2959	0.0000471195
2960	0.0000470424
2961	0.0000469350
2962	0.0000468231
2963	0.0000467640
2964	0.0000467668
2965	0.0000467690
2966	0.0000467550
2967	0.0000467231
2968	0.0000466306
2969	0.0000464663
2970	0.0000462385
2971	0.0000459609
2972	0.0000456422
2973	0.0000452761
2974	0.0000448598
2975	0.0000444080
2976	0.0000439803
2977	0.0000436101
2978	0.0000432968
2979	0.0000430495
2980	0.0000428375
2981	0.0000426268
2982	0.0000424293
2983	0.0000422889
2984	0.0000422084
2985	0.0000421446
2986	0.0000421001
2987	0.0000420577
2988	0.0000419899
2989	0.0000419494
2990	0.0000419416
2991	0.0000418960
2992	0.0000418153
2993	0.0000417270
2994	0.0000416205
2995	0.0000415118
2996	0.0000414063
2997	0.0000413080
2998	0.0000411951
2999	0.0000410486
