0	0.0000000000
1	0.0000000000
2	0.0000000000
3	0.0000000000
4	0.0000000000
5	0.0000000000
6	0.0000000000
7	0.0000000000
8	0.0000000000
9	0.0000000000
10	0.0000000000
11	0.0000000000
12	0.0000000000
13	0.0000000000
14	0.0000000000
15	0.0000000000
16	0.0000000000
17	0.0000000000
18	0.0000000000
19	0.0000000000
20	0.0000000000
21	0.0000000000
22	0.0000000000
23	0.0000000000
24	0.0000000000
25	0.0000000000
26	0.0000000000
27	0.0000000000
28	0.0000000000
29	0.0000000000
30	0.0000000001
31	0.0000000002
32	0.0000000004
33	0.0000000010
34	0.0000000021
35	0.0000000039
36	0.0000000062
37	0.0000000088
38	0.0000000110
39	0.0000000127
40	0.0000000143
41	0.0000000166
42	0.0000000199
43	0.0000000233
44	0.0000000263
45	0.0000000292
46	0.0000000331
47	0.0000000378
48	0.0000000423
49	0.0000000465
50	0.0000000516
51	0.0000000577
52	0.0000000635
53	0.0000000693
54	0.0000000761
55	0.0000000838
56	0.0000000910
57	0.0000000987
58	0.0000001077
59	0.0000001168
60	0.0000001258
61	0.0000001362
62	0.0000001473
63	0.0000001581
64	0.0000001699
65	0.0000001831
66	0.0000001960
67	0.0000002095
68	0.0000002247
69	0.0000002398
70	0.0000002553
71	0.0000002726
72	0.0000002900
73	0.0000003077
74	0.0000003272
75	0.0000003469
76	0.0000003668
77	0.0000003885
78	0.0000004105
79	0.0000004326
80	0.0000004567
81	0.0000004807
82	0.0000005052
83	0.0000005315
84	0.0000005576
85	0.0000005843
86	0.0000006127
87	0.0000006407
88	0.0000006696
89	0.0000006998
90	0.0000007297
91	0.0000007611
92	0.0000007938
93	0.0000008258
94	0.0000008585
95	0.0000008904
96	0.0000009220
97	0.0000009574
98	0.0000009954
99	0.0000010352
100	0.0000010739
101	0.0000011071
102	0.0000011383
103	0.0000011725
104	0.0000012108
105	0.0000012530
106	0.0000012939
107	0.0000013334
108	0.0000013757
109	0.0000014192
110	0.0000014614
111	0.0000015003
112	0.0000015373
113	0.0000015777
114	0.0000016190
115	0.0000016581
116	0.0000016984
117	0.0000017417
118	0.0000017880
119	0.0000018336
120	0.0000018777
121	0.0000019257
122	0.0000019747
123	0.0000020207
124	0.0000020660
125	0.0000021122
126	0.0000021593
127	0.0000022033
128	0.0000022460
129	0.0000022923
130	0.0000023377
131	0.0000023813
132	0.0000024269
133	0.0000024747
134	0.0000025229
135	0.0000025697
136	0.0000026198
137	0.0000026725
138	0.0000027224
139	0.0000027739
140	0.0000028281
141	0.0000028812
142	0.0000029333
143	0.0000029864
144	0.0000030413
145	0.0000030933
146	0.0000031448
147	0.0000031993
148	0.0000032511
149	0.0000033016
150	0.0000033548
151	0.0000034079
152	0.0000034598
153	0.0000035119
154	0.0000035653
155	0.0000036157
156	0.0000036668
157	0.0000037253
158	0.0000037860
159	0.0000038468
160	0.0000039046
161	0.0000039525
162	0.0000039965
163	0.0000040521
164	0.0000041279
165	0.0000042129
166	0.0000042910
167	0.0000043492
168	0.0000043864
169	0.0000044279
170	0.0000044901
171	0.0000045657
172	0.0000046454
173	0.0000047256
174	0.0000048073
175	0.0000048882
176	0.0000049608
177	0.0000050146
178	0.0000050570
179	0.0000051112
180	0.0000051765
181	0.0000052456
182	0.0000053227
183	0.0000054109
184	0.0000055095
185	0.0000056069
186	0.0000056908
187	0.0000057634
188	0.0000058355
189	0.0000059017
190	0.0000059538
191	0.0000060100
192	0.0000060804
193	0.0000061603
194	0.0000062491
195	0.0000063474
196	0.0000064607
197	0.0000065832
198	0.0000066995
199	0.0000068089
200	0.0000069200
201	0.0000070236
202	0.0000071078
203	0.0000071888
204	0.0000072730
205	0.0000073535
206	0.0000074367
207	0.0000075297
208	0.0000076407
209	0.0000077649
210	0.0000078957
211	0.0000080434
212	0.0000082075
213	0.0000083702
214	0.0000085297
215	0.0000086977
216	0.0000088583
217	0.0000090022
218	0.0000091420
219	0.0000092744
220	0.0000093973
221	0.0000095133
222	0.0000096317
223	0.0000097592
224	0.0000098848
225	0.0000100147
226	0.0000101662
227	0.0000103349
228	0.0000105159
229	0.0000107241
230	0.0000109477
231	0.0000111644
232	0.0000113896
233	0.0000116278
234	0.0000118712
235	0.0000121154
236	0.0000123530
237	0.0000125828
238	0.0000127970
239	0.0000130009
240	0.0000132040
241	0.0000133920
242	0.0000135653
243	0.0000137506
244	0.0000139457
245	0.0000141347
246	0.0000143364
247	0.0000145502
248	0.0000147710
249	0.0000150146
250	0.0000152743
251	0.0000155469
252	0.0000158383
253	0.0000161573
254	0.0000164993
255	0.0000168450
256	0.0000172044
257	0.0000175850
258	0.0000179633
259	0.0000183346
260	0.0000187124
261	0.0000190802
262	0.0000194383
263	0.0000197976
264	0.0000201366
265	0.0000204684
266	0.0000208037
267	0.0000211250
268	0.0000214347
269	0.0000217441
270	0.0000220580
271	0.0000223631
272	0.0000226636
273	0.0000229798
274	0.0000233030
275	0.0000236284
276	0.0000239746
277	0.0000243382
278	0.0000247168
279	0.0000251291
280	0.0000255553
281	0.0000260003
282	0.0000264834
283	0.0000269735
284	0.0000274771
285	0.0000280123
286	0.0000285656
287	0.0000291236
288	0.0000296843
289	0.0000302500
290	0.0000308093
291	0.0000313710
292	0.0000319549
293	0.0000325456
294	0.0000331186
295	0.0000336692
296	0.0000341898
297	0.0000347048
298	0.0000352425
299	0.0000357749
300	0.0000363030
301	0.0000368140
302	0.0000372794
303	0.0000377364
304	0.0000381968
305	0.0000386406
306	0.0000390751
307	0.0000395221
308	0.0000399869
309	0.0000404576
310	0.0000409285
311	0.0000413916
312	0.0000418468
313	0.0000423156
314	0.0000428067
315	0.0000433070
316	0.0000438326
317	0.0000443874
318	0.0000449732
319	0.0000455977
320	0.0000462142
321	0.0000468355
322	0.0000474891
323	0.0000481388
324	0.0000487915
325	0.0000494630
326	0.0000501493
327	0.0000508586
328	0.0000515925
329	0.0000523353
330	0.0000530830
331	0.0000538440
332	0.0000546080
333	0.0000553537
334	0.0000560866
335	0.0000568217
336	0.0000575474
337	0.0000582666
338	0.0000589763
339	0.0000596870
340	0.0000604110
341	0.0000611101
342	0.0000618017
343	0.0000624947
344	0.0000631571
345	0.0000638028
346	0.0000644235
347	0.0000650097
348	0.0000655848
349	0.0000661462
350	0.0000666871
351	0.0000672284
352	0.0000677690
353	0.0000682894
354	0.0000687942
355	0.0000693115
356	0.0000698491
357	0.0000703875
358	0.0000709178
359	0.0000714170
360	0.0000718843
361	0.0000723372
362	0.0000728048
363	0.0000733253
364	0.0000738526
365	0.0000743566
366	0.0000748470
367	0.0000753224
368	0.0000758291
369	0.0000763780
370	0.0000769415
371	0.0000775327
372	0.0000781448
373	0.0000787553
374	0.0000793735
375	0.0000799809
376	0.0000805562
377	0.0000811258
378	0.0000817270
379	0.0000823608
380	0.0000829986
381	0.0000836463
382	0.0000843067
383	0.0000849769
384	0.0000856472
385	0.0000863008
386	0.0000869613
387	0.0000876320
388	0.0000883291
389	0.0000890576
390	0.0000897842
391	0.0000905233
392	0.0000912712
393	0.0000920037
394	0.0000927198
395	0.0000933978
396	0.0000940509
397	0.0000947141
398	0.0000953610
399	0.0000959930
400	0.0000966431
401	0.0000973057
402	0.0000979687
403	0.0000986220
404	0.0000992660
405	0.0000998934
406	0.0001005040
407	0.0001010943
408	0.0001016558
409	0.0001022092
410	0.0001027567
411	0.0001032982
412	0.0001038294
413	0.0001043536
414	0.0001048855
415	0.0001053968
416	0.0001058779
417	0.0001063374
418	0.0001067713
419	0.0001071890
420	0.0001075837
421	0.0001079617
422	0.0001083459
423	0.0001087116
424	0.0001090669
425	0.0001094463
426	0.0001098394
427	0.0001102449
428	0.0001106475
429	0.0001110274
430	0.0001113897
431	0.0001117423
432	0.0001120839
433	0.0001124098
434	0.0001127309
435	0.0001130340
436	0.0001133200
437	0.0001136088
438	0.0001139022
439	0.0001141956
440	0.0001144787
441	0.0001147728
442	0.0001150868
443	0.0001153950
444	0.0001156937
445	0.0001159811
446	0.0001162599
447	0.0001165364
448	0.0001167997
449	0.0001170681
450	0.0001173435
451	0.0001176186
452	0.0001179259
453	0.0001182487
454	0.0001185766
455	0.0001189241
456	0.0001192801
457	0.0001196532
458	0.0001200353
459	0.0001204090
460	0.0001207811
461	0.0001211667
462	0.0001215461
463	0.0001219009
464	0.0001222540
465	0.0001226044
466	0.0001229466
467	0.0001232832
468	0.0001236207
469	0.0001239715
470	0.0001243334
471	0.0001247168
472	0.0001251231
473	0.0001255375
474	0.0001259711
475	0.0001264199
476	0.0001268717
477	0.0001273289
478	0.0001277878
479	0.0001282630
480	0.0001287254
481	0.0001291563
482	0.0001295921
483	0.0001300337
484	0.0001304990
485	0.0001309849
486	0.0001314647
487	0.0001319380
488	0.0001323889
489	0.0001328345
490	0.0001333278
491	0.0001338807
492	0.0001344456
493	0.0001349851
494	0.0001354852
495	0.0001359561
496	0.0001364498
497	0.0001369831
498	0.0001375286
499	0.0001380613
500	0.0001385651
501	0.0001390425
502	0.0001394957
503	0.0001399297
504	0.0001403534
505	0.0001407607
506	0.0001411836
507	0.0001416492
508	0.0001421351
509	0.0001426108
510	0.0001430567
511	0.0001435105
512	0.0001439838
513	0.0001444624
514	0.0001449586
515	0.0001454648
516	0.0001459971
517	0.0001465478
518	0.0001470851
519	0.0001476012
520	0.0001480824
521	0.0001485423
522	0.0001490039
523	0.0001494572
524	0.0001498981
525	0.0001503491
526	0.0001508132
527	0.0001512789
528	0.0001517344
529	0.0001521608
530	0.0001525719
531	0.0001529910
532	0.0001534016
533	0.0001538016
534	0.0001542170
535	0.0001546660
536	0.0001551365
537	0.0001556001
538	0.0001560670
539	0.0001565340
540	0.0001569875
541	0.0001574249
542	0.0001578373
543	0.0001582423
544	0.0001586430
545	0.0001590468
546	0.0001594506
547	0.0001598437
548	0.0001602500
549	0.0001606559
550	0.0001610403
551	0.0001613968
552	0.0001617318
553	0.0001620685
554	0.0001623984
555	0.0001627211
556	0.0001630602
557	0.0001634156
558	0.0001637816
559	0.0001641607
560	0.0001645554
561	0.0001649730
562	0.0001653932
563	0.0001657846
564	0.0001661616
565	0.0001665406
566	0.0001669008
567	0.0001672468
568	0.0001675921
569	0.0001679388
570	0.0001682933
571	0.0001686458
572	0.0001689966
573	0.0001693362
574	0.0001696638
575	0.0001699786
576	0.0001702675
577	0.0001705480
578	0.0001708156
579	0.0001710657
580	0.0001713067
581	0.0001715576
582	0.0001718292
583	0.0001720973
584	0.0001723793
585	0.0001726956
586	0.0001730342
587	0.0001733804
588	0.0001737228
589	0.0001740775
590	0.0001744377
591	0.0001747786
592	0.0001751141
593	0.0001754515
594	0.0001757924
595	0.0001761409
596	0.0001764967
597	0.0001768747
598	0.0001772688
599	0.0001776642
600	0.0001780733
601	0.0001784918
602	0.0001788889
603	0.0001792744
604	0.0001796544
605	0.0001800139
606	0.0001803631
607	0.0001806904
608	0.0001810063
609	0.0001813257
610	0.0001816419
611	0.0001819625
612	0.0001823004
613	0.0001826734
614	0.0001830510
615	0.0001834241
616	0.0001838222
617	0.0001842457
618	0.0001846854
619	0.0001851296
620	0.0001855790
621	0.0001860098
622	0.0001864069
623	0.0001868072
624	0.0001872235
625	0.0001876528
626	0.0001880874
627	0.0001885179
628	0.0001889517
629	0.0001893824
630	0.0001898325
631	0.0001903138
632	0.0001907945
633	0.0001912718
634	0.0001917502
635	0.0001922291
636	0.0001926841
637	0.0001930930
638	0.0001934760
639	0.0001938500
640	0.0001942075
641	0.0001945631
642	0.0001949305
643	0.0001952864
644	0.0001956473
645	0.0001960136
646	0.0001963898
647	0.0001967953
648	0.0001971976
649	0.0001976202
650	0.0001980904
651	0.0001985856
652	0.0001990814
653	0.0001995787
654	0.0002000911
655	0.0002005936
656	0.0002010891
657	0.0002015888
658	0.0002020807
659	0.0002025797
660	0.0002030993
661	0.0002036331
662	0.0002041619
663	0.0002046982
664	0.0002052641
665	0.0002058317
666	0.0002064040
667	0.0002069960
668	0.0002076078
669	0.0002082406
670	0.0002088838
671	0.0002095437
672	0.0002101900
673	0.0002108076
674	0.0002114134
675	0.0002119943
676	0.0002125421
677	0.0002130645
678	0.0002135758
679	0.0002140631
680	0.0002145143
681	0.0002149591
682	0.0002154416
683	0.0002159468
684	0.0002164486
685	0.0002169425
686	0.0002174128
687	0.0002178956
688	0.0002184008
689	0.0002189475
690	0.0002195522
691	0.0002201492
692	0.0002207319
693	0.0002213104
694	0.0002218810
695	0.0002224749
696	0.0002230916
697	0.0002236955
698	0.0002242706
699	0.0002248522
700	0.0002254407
701	0.0002260068
702	0.0002265774
703	0.0002271656
704	0.0002277881
705	0.0002284676
706	0.0002291947
707	0.0002299303
708	0.0002306453
709	0.0002313789
710	0.0002321160
711	0.0002328450
712	0.0002335985
713	0.0002343736
714	0.0002351653
715	0.0002359652
716	0.0002367912
717	0.0002376081
718	0.0002383637
719	0.0002390856
720	0.0002398044
721	0.0002405046
722	0.0002411662
723	0.0002418068
724	0.0002424435
725	0.0002430794
726	0.0002436917
727	0.0002442853
728	0.0002448698
729	0.0002454599
730	0.0002460945
731	0.0002467485
732	0.0002474354
733	0.0002481704
734	0.0002489395
735	0.0002497455
736	0.0002505343
737	0.0002513159
738	0.0002521088
739	0.0002528847
740	0.0002536849
741	0.0002545027
742	0.0002553159
743	0.0002561533
744	0.0002570174
745	0.0002578808
746	0.0002587340
747	0.0002595934
748	0.0002604222
749	0.0002612226
750	0.0002620077
751	0.0002627720
752	0.0002635783
753	0.0002644556
754	0.0002653685
755	0.0002662673
756	0.0002672019
757	0.0002681946
758	0.0002691900
759	0.0002702082
760	0.0002712589
761	0.0002723217
762	0.0002733769
763	0.0002744400
764	0.0002755220
765	0.0002766014
766	0.0002776746
767	0.0002787347
768	0.0002797650
769	0.0002807682
770	0.0002817520
771	0.0002826754
772	0.0002835377
773	0.0002843700
774	0.0002851959
775	0.0002860252
776	0.0002868304
777	0.0002876293
778	0.0002884166
779	0.0002891887
780	0.0002899474
781	0.0002906378
782	0.0002912909
783	0.0002919316
784	0.0002925592
785	0.0002931931
786	0.0002938156
787	0.0002944856
788	0.0002951893
789	0.0002958988
790	0.0002966640
791	0.0002974485
792	0.0002982356
793	0.0002990248
794	0.0002998053
795	0.0003005699
796	0.0003013140
797	0.0003020077
798	0.0003026710
799	0.0003033648
800	0.0003040113
801	0.0003046022
802	0.0003052129
803	0.0003058580
804	0.0003065172
805	0.0003071911
806	0.0003078726
807	0.0003084962
808	0.0003090907
809	0.0003096970
810	0.0003103163
811	0.0003109964
812	0.0003117371
813	0.0003124516
814	0.0003131039
815	0.0003137709
816	0.0003145372
817	0.0003154323
818	0.0003164092
819	0.0003173820
820	0.0003182675
821	0.0003190789
822	0.0003199118
823	0.0003208086
824	0.0003217861
825	0.0003227904
826	0.0003237593
827	0.0003247116
828	0.0003256468
829	0.0003265766
830	0.0003274789
831	0.0003283593
832	0.0003292503
833	0.0003301118
834	0.0003309814
835	0.0003318046
836	0.0003324916
837	0.0003330533
838	0.0003335526
839	0.0003341052
840	0.0003346640
841	0.0003351962
842	0.0003357415
843	0.0003363043
844	0.0003368934
845	0.0003374661
846	0.0003380076
847	0.0003385600
848	0.0003391615
849	0.0003398125
850	0.0003405286
851	0.0003412394
852	0.0003418876
853	0.0003425325
854	0.0003431431
855	0.0003437040
856	0.0003442559
857	0.0003448072
858	0.0003453915
859	0.0003460699
860	0.0003468085
861	0.0003475211
862	0.0003482316
863	0.0003489593
864	0.0003496562
865	0.0003503187
866	0.0003509595
867	0.0003515817
868	0.0003522382
869	0.0003529340
870	0.0003535919
871	0.0003541920
872	0.0003547649
873	0.0003553339
874	0.0003558824
875	0.0003563912
876	0.0003569062
877	0.0003574606
878	0.0003580664
879	0.0003586811
880	0.0003593026
881	0.0003599947
882	0.0003606895
883	0.0003613422
884	0.0003619446
885	0.0003625348
886	0.0003631676
887	0.0003638481
888	0.0003646271
889	0.0003654409
890	0.0003662856
891	0.0003672016
892	0.0003681500
893	0.0003691015
894	0.0003700175
895	0.0003709466
896	0.0003718978
897	0.0003728414
898	0.0003737887
899	0.0003747476
900	0.0003757237
901	0.0003766978
902	0.0003776340
903	0.0003785362
904	0.0003794235
905	0.0003802492
906	0.0003810026
907	0.0003816906
908	0.0003823613
909	0.0003830795
910	0.0003837791
911	0.0003844676
912	0.0003852219
913	0.0003860073
914	0.0003867802
915	0.0003875111
916	0.0003881579
917	0.0003887582
918	0.0003893398
919	0.0003898330
920	0.0003902591
921	0.0003907154
922	0.0003911803
923	0.0003916195
924	0.0003920758
925	0.0003925478
926	0.0003930049
927	0.0003934678
928	0.0003939195
929	0.0003943605
930	0.0003948253
931	0.0003953022
932	0.0003958346
933	0.0003964189
934	0.0003970429
935	0.0003976967
936	0.0003983531
937	0.0003990253
938	0.0003996969
939	0.0004004008
940	0.0004010459
941	0.0004015778
942	0.0004020646
943	0.0004024965
944	0.0004028879
945	0.0004032593
946	0.0004036841
947	0.0004041238
948	0.0004044957
949	0.0004048448
950	0.0004052178
951	0.0004056590
952	0.0004061189
953	0.0004065179
954	0.0004068541
955	0.0004071457
956	0.0004073907
957	0.0004075956
958	0.0004078021
959	0.0004080553
960	0.0004083374
961	0.0004086358
962	0.0004089941
963	0.0004093802
964	0.0004097484
965	0.0004100875
966	0.0004104209
967	0.0004108005
968	0.0004111882
969	0.0004115721
970	0.0004119730
971	0.0004123738
972	0.0004128199
973	0.0004133218
974	0.0004138795
975	0.0004145286
976	0.0004152232
977	0.0004159588
978	0.0004167885
979	0.0004176175
980	0.0004183666
981	0.0004191088
982	0.0004198435
983	0.0004205747
984	0.0004213328
985	0.0004220928
986	0.0004228695
987	0.0004237309
988	0.0004246505
989	0.0004255452
990	0.0004264926
991	0.0004274939
992	0.0004285271
993	0.0004295855
994	0.0004306413
995	0.0004317475
996	0.0004328306
997	0.0004338701
998	0.0004348885
999	0.0004358630
1000	0.0004367391
1001	0.0004375367
1002	0.0004384000
1003	0.0004392869
1004	0.0004401527
1005	0.0004410020
1006	0.0004418116
1007	0.0004425855
1008	0.0004433068
1009	0.0004440064
1010	0.0004447028
1011	0.0004453735
1012	0.0004459728
1013	0.0004464875
1014	0.0004470055
1015	0.0004475957
1016	0.0004482684
1017	0.0004490267
1018	0.0004497971
1019	0.0004505295
1020	0.0004512936
1021	0.0004521420
1022	0.0004530593
1023	0.0004539967
1024	0.0004549570
1025	0.0004559452
1026	0.0004568869
1027	0.0004577592
1028	0.0004585604
1029	0.0004592983
1030	0.0004599987
1031	0.0004606727
1032	0.0004614047
1033	0.0004622001
1034	0.0004630033
1035	0.0004638134
1036	0.0004646458
1037	0.0004655360
1038	0.0004664700
1039	0.0004674181
1040	0.0004683862
1041	0.0004693519
1042	0.0004702911
1043	0.0004712453
1044	0.0004721559
1045	0.0004730140
1046	0.0004738822
1047	0.0004747464
1048	0.0004756832
1049	0.0004766458
1050	0.0004775376
1051	0.0004784090
1052	0.0004793234
1053	0.0004801912
1054	0.0004809717
1055	0.0004817811
1056	0.0004825868
1057	0.0004833969
1058	0.0004842000
1059	0.0004849674
1060	0.0004857086
1061	0.0004863516
1062	0.0004869379
1063	0.0004874856
1064	0.0004879760
1065	0.0004884589
1066	0.0004890044
1067	0.0004896204
1068	0.0004902756
1069	0.0004909919
1070	0.0004917248
1071	0.0004924655
1072	0.0004932723
1073	0.0004941177
1074	0.0004949666
1075	0.0004958047
1076	0.0004966441
1077	0.0004975254
1078	0.0004984178
1079	0.0004992906
1080	0.0005001776
1081	0.0005010864
1082	0.0005019658
1083	0.0005028083
1084	0.0005037113
1085	0.0005047105
1086	0.0005057712
1087	0.0005069067
1088	0.0005080829
1089	0.0005092926
1090	0.0005105668
1091	0.0005118882
1092	0.0005132342
1093	0.0005145771
1094	0.0005159791
1095	0.0005174562
1096	0.0005189526
1097	0.0005204335
1098	0.0005218868
1099	0.0005233443
1100	0.0005247650
1101	0.0005261415
1102	0.0005275204
1103	0.0005289066
1104	0.0005302856
1105	0.0005316945
1106	0.0005331565
1107	0.0005346624
1108	0.0005361833
1109	0.0005376879
1110	0.0005392149
1111	0.0005406890
1112	0.0005420964
1113	0.0005434418
1114	0.0005447055
1115	0.0005459195
1116	0.0005470589
1117	0.0005482415
1118	0.0005494700
1119	0.0005506579
1120	0.0005518689
1121	0.0005531506
1122	0.0005544314
1123	0.0005556880
1124	0.0005569933
1125	0.0005582919
1126	0.0005596228
1127	0.0005609952
1128	0.0005623212
1129	0.0005636897
1130	0.0005651471
1131	0.0005666615
1132	0.0005681430
1133	0.0005695000
1134	0.0005707765
1135	0.0005719933
1136	0.0005731581
1137	0.0005743460
1138	0.0005755470
1139	0.0005766435
1140	0.0005776051
1141	0.0005785011
1142	0.0005793980
1143	0.0005803900
1144	0.0005814830
1145	0.0005825672
1146	0.0005835806
1147	0.0005845184
1148	0.0005854647
1149	0.0005865321
1150	0.0005877112
1151	0.0005889730
1152	0.0005902551
1153	0.0005914871
1154	0.0005927235
1155	0.0005939990
1156	0.0005952668
1157	0.0005964695
1158	0.0005976865
1159	0.0005989673
1160	0.0006002506
1161	0.0006015238
1162	0.0006027272
1163	0.0006038722
1164	0.0006050321
1165	0.0006062816
1166	0.0006076302
1167	0.0006090083
1168	0.0006103836
1169	0.0006117375
1170	0.0006130453
1171	0.0006142720
1172	0.0006154469
1173	0.0006165814
1174	0.0006176748
1175	0.0006187586
1176	0.0006198988
1177	0.0006210447
1178	0.0006220687
1179	0.0006230092
1180	0.0006239112
1181	0.0006248205
1182	0.0006256734
1183	0.0006264482
1184	0.0006272168
1185	0.0006279466
1186	0.0006286570
1187	0.0006293120
1188	0.0006299020
1189	0.0006304709
1190	0.0006310782
1191	0.0006317844
1192	0.0006325371
1193	0.0006333298
1194	0.0006341702
1195	0.0006350128
1196	0.0006358253
1197	0.0006365708
1198	0.0006371784
1199	0.0006377023
1200	0.0006382799
1201	0.0006388316
1202	0.0006393125
1203	0.0006397772
1204	0.0006401723
1205	0.0006405223
1206	0.0006408453
1207	0.0006411072
1208	0.0006413398
1209	0.0006415564
1210	0.0006417838
1211	0.0006420376
1212	0.0006423014
1213	0.0006426099
1214	0.0006429485
1215	0.0006432643
1216	0.0006435637
1217	0.0006438320
1218	0.0006440722
1219	0.0006443652
1220	0.0006447373
1221	0.0006451113
1222	0.0006454905
1223	0.0006459000
1224	0.0006463198
1225	0.0006467118
1226	0.0006469919
1227	0.0006472191
1228	0.0006474534
1229	0.0006477171
1230	0.0006480254
1231	0.0006483288
1232	0.0006486633
1233	0.0006490740
1234	0.0006495225
1235	0.0006499132
1236	0.0006502887
1237	0.0006507007
1238	0.0006510923
1239	0.0006514681
1240	0.0006518654
1241	0.0006522891
1242	0.0006527182
1243	0.0006531654
1244	0.0006536191
1245	0.0006540770
1246	0.0006545217
1247	0.0006549645
1248	0.0006553978
1249	0.0006557724
1250	0.0006561557
1251	0.0006565678
1252	0.0006569838
1253	0.0006573566
1254	0.0006577164
1255	0.0006580870
1256	0.0006583921
1257	0.0006586458
1258	0.0006588466
1259	0.0006590376
1260	0.0006592416
1261	0.0006594334
1262	0.0006596527
1263	0.0006599237
1264	0.0006603114
1265	0.0006608090
1266	0.0006613335
1267	0.0006618437
1268	0.0006623089
1269	0.0006627348
1270	0.0006631394
1271	0.0006635233
1272	0.0006638725
1273	0.0006641985
1274	0.0006645048
1275	0.0006647432
1276	0.0006649308
1277	0.0006651496
1278	0.0006653894
1279	0.0006655490
1280	0.0006656225
1281	0.0006656312
1282	0.0006655657
1283	0.0006654877
1284	0.0006653785
1285	0.0006652209
1286	0.0006651040
1287	0.0006649750
1288	0.0006647917
1289	0.0006646131
1290	0.0006643956
1291	0.0006641166
1292	0.0006637902
1293	0.0006634735
1294	0.0006632093
1295	0.0006629444
1296	0.0006626691
1297	0.0006624087
1298	0.0006621990
1299	0.0006620479
1300	0.0006619412
1301	0.0006618428
1302	0.0006617905
1303	0.0006617856
1304	0.0006617327
1305	0.0006616554
1306	0.0006615355
1307	0.0006613618
1308	0.0006611632
1309	0.0006609584
1310	0.0006607808
1311	0.0006606254
1312	0.0006604910
1313	0.0006603599
1314	0.0006602129
1315	0.0006600687
1316	0.0006599544
1317	0.0006597885
1318	0.0006595724
1319	0.0006593997
1320	0.0006592487
1321	0.0006590707
1322	0.0006588876
1323	0.0006587574
1324	0.0006586510
1325	0.0006585664
1326	0.0006584801
1327	0.0006583788
1328	0.0006583144
1329	0.0006582767
1330	0.0006582543
1331	0.0006581614
1332	0.0006579837
1333	0.0006577652
1334	0.0006575065
1335	0.0006572632
1336	0.0006570622
1337	0.0006568908
1338	0.0006566778
1339	0.0006564101
1340	0.0006561195
1341	0.0006557837
1342	0.0006554306
1343	0.0006550559
1344	0.0006546477
1345	0.0006542011
1346	0.0006536992
1347	0.0006532266
1348	0.0006528579
1349	0.0006525801
1350	0.0006523450
1351	0.0006521494
1352	0.0006520343
1353	0.0006519634
1354	0.0006518779
1355	0.0006517974
1356	0.0006517366
1357	0.0006516752
1358	0.0006516322
1359	0.0006516187
1360	0.0006515851
1361	0.0006514927
1362	0.0006513509
1363	0.0006512098
1364	0.0006511269
1365	0.0006510771
1366	0.0006510344
1367	0.0006510340
1368	0.0006510992
1369	0.0006511441
1370	0.0006511205
1371	0.0006510929
1372	0.0006509991
1373	0.0006508651
1374	0.0006507273
1375	0.0006505429
1376	0.0006503717
1377	0.0006501777
1378	0.0006499198
1379	0.0006496478
1380	0.0006493952
1381	0.0006491268
1382	0.0006488303
1383	0.0006485123
1384	0.0006481988
1385	0.0006479044
1386	0.0006475708
1387	0.0006472093
1388	0.0006468316
1389	0.0006464838
1390	0.0006461680
1391	0.0006458454
1392	0.0006455721
1393	0.0006453418
1394	0.0006451095
1395	0.0006448902
1396	0.0006446520
1397	0.0006443348
1398	0.0006440095
1399	0.0006437009
1400	0.0006433692
1401	0.0006429668
1402	0.0006424787
1403	0.0006419424
1404	0.0006413267
1405	0.0006406754
1406	0.0006399973
1407	0.0006392858
1408	0.0006386058
1409	0.0006379695
1410	0.0006373626
1411	0.0006368003
1412	0.0006363165
1413	0.0006358187
1414	0.0006352757
1415	0.0006347198
1416	0.0006340953
1417	0.0006334232
1418	0.0006327386
1419	0.0006320712
1420	0.0006314143
1421	0.0006307576
1422	0.0006301667
1423	0.0006296132
1424	0.0006290406
1425	0.0006284475
1426	0.0006278553
1427	0.0006272712
1428	0.0006266797
1429	0.0006261017
1430	0.0006255236
1431	0.0006249209
1432	0.0006242906
1433	0.0006236516
1434	0.0006230238
1435	0.0006223303
1436	0.0006215762
1437	0.0006208744
1438	0.0006202111
1439	0.0006195209
1440	0.0006188030
1441	0.0006181089
1442	0.0006174365
1443	0.0006167356
1444	0.0006160144
1445	0.0006152943
1446	0.0006145745
1447	0.0006138197
1448	0.0006130361
1449	0.0006122559
1450	0.0006115204
1451	0.0006108171
1452	0.0006101278
1453	0.0006094844
1454	0.0006088383
1455	0.0006082315
1456	0.0006076988
1457	0.0006072562
1458	0.0006069240
1459	0.0006066499
1460	0.0006063814
1461	0.0006060745
1462	0.0006058145
1463	0.0006056247
1464	0.0006054968
1465	0.0006053916
1466	0.0006051517
1467	0.0006047838
1468	0.0006044217
1469	0.0006041104
1470	0.0006038971
1471	0.0006038100
1472	0.0006037279
1473	0.0006036250
1474	0.0006034852
1475	0.0006033176
1476	0.0006032113
1477	0.0006031154
1478	0.0006029790
1479	0.0006027882
1480	0.0006025214
1481	0.0006021916
1482	0.0006018497
1483	0.0006014807
1484	0.0006010505
1485	0.0006005794
1486	0.0006001379
1487	0.0005997179
1488	0.0005992006
1489	0.0005986082
1490	0.0005979478
1491	0.0005972977
1492	0.0005967868
1493	0.0005963568
1494	0.0005959933
1495	0.0005956864
1496	0.0005954064
1497	0.0005951488
1498	0.0005949074
1499	0.0005946703
1500	0.0005944061
1501	0.0005941675
1502	0.0005939787
1503	0.0005937972
1504	0.0005936075
1505	0.0005933886
1506	0.0005931111
1507	0.0005928293
1508	0.0005926596
1509	0.0005925306
1510	0.0005923637
1511	0.0005922349
1512	0.0005921268
1513	0.0005919759
1514	0.0005917494
1515	0.0005914668
1516	0.0005911626
1517	0.0005908138
1518	0.0005904669
1519	0.0005901643
1520	0.0005898621
1521	0.0005895162
1522	0.0005891441
1523	0.0005887923
1524	0.0005884254
1525	0.0005880366
1526	0.0005876795
1527	0.0005874117
1528	0.0005872340
1529	0.0005870854
1530	0.0005869265
1531	0.0005866904
1532	0.0005864219
1533	0.0005861788
1534	0.0005859071
1535	0.0005855659
1536	0.0005851723
1537	0.0005847663
1538	0.0005843377
1539	0.0005838736
1540	0.0005833430
1541	0.0005827922
1542	0.0005822449
1543	0.0005816881
1544	0.0005811399
1545	0.0005805974
1546	0.0005801038
1547	0.0005796280
1548	0.0005791500
1549	0.0005786326
1550	0.0005780550
1551	0.0005774619
1552	0.0005768385
1553	0.0005761866
1554	0.0005755194
1555	0.0005748566
1556	0.0005742139
1557	0.0005735691
1558	0.0005728486
1559	0.0005720294
1560	0.0005711136
1561	0.0005701125
1562	0.0005690691
1563	0.0005679986
1564	0.0005668923
1565	0.0005657880
1566	0.0005647797
1567	0.0005637884
1568	0.0005627608
1569	0.0005617246
1570	0.0005606594
1571	0.0005596127
1572	0.0005585640
1573	0.0005574829
1574	0.0005564147
1575	0.0005553590
1576	0.0005542970
1577	0.0005532598
1578	0.0005522043
1579	0.0005511372
1580	0.0005501234
1581	0.0005491103
1582	0.0005481329
1583	0.0005472160
1584	0.0005463567
1585	0.0005456041
1586	0.0005449241
1587	0.0005442685
1588	0.0005435765
1589	0.0005428764
1590	0.0005421983
1591	0.0005414720
1592	0.0005407343
1593	0.0005399987
1594	0.0005392401
1595	0.0005384543
1596	0.0005376242
1597	0.0005368499
1598	0.0005361842
1599	0.0005354980
1600	0.0005347059
1601	0.0005338740
1602	0.0005330168
1603	0.0005321061
1604	0.0005312101
1605	0.0005303446
1606	0.0005294838
1607	0.0005286452
1608	0.0005278399
1609	0.0005270170
1610	0.0005261615
1611	0.0005253539
1612	0.0005245267
1613	0.0005236250
1614	0.0005227091
1615	0.0005217834
1616	0.0005208519
1617	0.0005198701
1618	0.0005188458
1619	0.0005178172
1620	0.0005167867
1621	0.0005157482
1622	0.0005146681
1623	0.0005135172
1624	0.0005123059
1625	0.0005111289
1626	0.0005099935
1627	0.0005088857
1628	0.0005078318
1629	0.0005068565
1630	0.0005059534
1631	0.0005050642
1632	0.0005041771
1633	0.0005032603
1634	0.0005023230
1635	0.0005013854
1636	0.0005004577
1637	0.0004995425
1638	0.0004986457
1639	0.0004977459
1640	0.0004967993
1641	0.0004958527
1642	0.0004948864
1643	0.0004938798
1644	0.0004928235
1645	0.0004917086
1646	0.0004905758
1647	0.0004894185
1648	0.0004882209
1649	0.0004870206
1650	0.0004858645
1651	0.0004847509
1652	0.0004836678
1653	0.0004826075
1654	0.0004815965
1655	0.0004806263
1656	0.0004796883
1657	0.0004787354
1658	0.0004776962
1659	0.0004765800
1660	0.0004753935
1661	0.0004742026
1662	0.0004730337
1663	0.0004718962
1664	0.0004707744
1665	0.0004695863
1666	0.0004683473
1667	0.0004671367
1668	0.0004659803
1669	0.0004648090
1670	0.0004636284
1671	0.0004624770
1672	0.0004613286
1673	0.0004601729
1674	0.0004590045
1675	0.0004578668
1676	0.0004568060
1677	0.0004557489
1678	0.0004546380
1679	0.0004535575
1680	0.0004525116
1681	0.0004514388
1682	0.0004503404
1683	0.0004492143
1684	0.0004481347
1685	0.0004471003
1686	0.0004460524
1687	0.0004450436
1688	0.0004440238
1689	0.0004430178
1690	0.0004421079
1691	0.0004412278
1692	0.0004403620
1693	0.0004394899
1694	0.0004385922
1695	0.0004376574
1696	0.0004366779
1697	0.0004356868
1698	0.0004346753
1699	0.0004336869
1700	0.0004327669
1701	0.0004319245
1702	0.0004311172
1703	0.0004302674
1704	0.0004293887
1705	0.0004284766
1706	0.0004274833
1707	0.0004264174
1708	0.0004253089
1709	0.0004241119
1710	0.0004228675
1711	0.0004216195
1712	0.0004202823
1713	0.0004189096
1714	0.0004175362
1715	0.0004161228
1716	0.0004146860
1717	0.0004132875
1718	0.0004119311
1719	0.0004105580
1720	0.0004092198
1721	0.0004079176
1722	0.0004066183
1723	0.0004053356
1724	0.0004040913
1725	0.0004029059
1726	0.0004017929
1727	0.0004007294
1728	0.0003996777
1729	0.0003986386
1730	0.0003975861
1731	0.0003965546
1732	0.0003955427
1733	0.0003945241
1734	0.0003934918
1735	0.0003924208
1736	0.0003913531
1737	0.0003903231
1738	0.0003892999
1739	0.0003882414
1740	0.0003872075
1741	0.0003862313
1742	0.0003852802
1743	0.0003843234
1744	0.0003833626
1745	0.0003824212
1746	0.0003814723
1747	0.0003804787
1748	0.0003794220
1749	0.0003783529
1750	0.0003773009
1751	0.0003762362
1752	0.0003751598
1753	0.0003741450
1754	0.0003731930
1755	0.0003722572
1756	0.0003713114
1757	0.0003703275
1758	0.0003693363
1759	0.0003682796
1760	0.0003671633
1761	0.0003660451
1762	0.0003648918
1763	0.0003637008
1764	0.0003625043
1765	0.0003613368
1766	0.0003601323
1767	0.0003588573
1768	0.0003575704
1769	0.0003563050
1770	0.0003550644
1771	0.0003538400
1772	0.0003526421
1773	0.0003514569
1774	0.0003502506
1775	0.0003490261
1776	0.0003477857
1777	0.0003465080
1778	0.0003451825
1779	0.0003438043
1780	0.0003423666
1781	0.0003408905
1782	0.0003394153
1783	0.0003379922
1784	0.0003366537
1785	0.0003353292
1786	0.0003339492
1787	0.0003325059
1788	0.0003310240
1789	0.0003295712
1790	0.0003281740
1791	0.0003267568
1792	0.0003252327
1793	0.0003236536
1794	0.0003220295
1795	0.0003204120
1796	0.0003189273
1797	0.0003175256
1798	0.0003161699
1799	0.0003147747
1800	0.0003133476
1801	0.0003119997
1802	0.0003106989
1803	0.0003094864
1804	0.0003083234
1805	0.0003071421
1806	0.0003059896
1807	0.0003048514
1808	0.0003036886
1809	0.0003025162
1810	0.0003013660
1811	0.0003002456
1812	0.0002991829
1813	0.0002981520
1814	0.0002971167
1815	0.0002960332
1816	0.0002948723
1817	0.0002936553
1818	0.0002924018
1819	0.0002911750
1820	0.0002899460
1821	0.0002886460
1822	0.0002872712
1823	0.0002859394
1824	0.0002846970
1825	0.0002834397
1826	0.0002822348
1827	0.0002811409
1828	0.0002801118
1829	0.0002791577
1830	0.0002782490
1831	0.0002773011
1832	0.0002763565
1833	0.0002754597
1834	0.0002746116
1835	0.0002738419
1836	0.0002730849
1837	0.0002722737
1838	0.0002714216
1839	0.0002705678
1840	0.0002696487
1841	0.0002686549
1842	0.0002676706
1843	0.0002667186
1844	0.0002658185
1845	0.0002649745
1846	0.0002641798
1847	0.0002634075
1848	0.0002626205
1849	0.0002618149
1850	0.0002610277
1851	0.0002602285
1852	0.0002594084
1853	0.0002586118
1854	0.0002578504
1855	0.0002571183
1856	0.0002563466
1857	0.0002555413
1858	0.0002547736
1859	0.0002540888
1860	0.0002534840
1861	0.0002529646
1862	0.0002524802
1863	0.0002519640
1864	0.0002514686
1865	0.0002509950
1866	0.0002505044
1867	0.0002499727
1868	0.0002494593
1869	0.0002490109
1870	0.0002485880
1871	0.0002481984
1872	0.0002478243
1873	0.0002474445
1874	0.0002470399
1875	0.0002466054
1876	0.0002461692
1877	0.0002456844
1878	0.0002451553
1879	0.0002446551
1880	0.0002441594
1881	0.0002436383
1882	0.0002430841
1883	0.0002424942
1884	0.0002418781
1885	0.0002412265
1886	0.0002405118
1887	0.0002397506
1888	0.0002390241
1889	0.0002383454
1890	0.0002376633
1891	0.0002369430
1892	0.0002362313
1893	0.0002355554
1894	0.0002348756
1895	0.0002341593
1896	0.0002334289
1897	0.0002327480
1898	0.0002320992
1899	0.0002314560
1900	0.0002307537
1901	0.0002299744
1902	0.0002291430
1903	0.0002282497
1904	0.0002273279
1905	0.0002263667
1906	0.0002254199
1907	0.0002245067
1908	0.0002236193
1909	0.0002227838
1910	0.0002219761
1911	0.0002211908
1912	0.0002204132
1913	0.0002196934
1914	0.0002189760
1915	0.0002182327
1916	0.0002175827
1917	0.0002170193
1918	0.0002165311
1919	0.0002160621
1920	0.0002155358
1921	0.0002149756
1922	0.0002143880
1923	0.0002137870
1924	0.0002132171
1925	0.0002126593
1926	0.0002121155
1927	0.0002116022
1928	0.0002111207
1929	0.0002107319
1930	0.0002103917
1931	0.0002101010
1932	0.0002098672
1933	0.0002095663
1934	0.0002092072
1935	0.0002088568
1936	0.0002084930
1937	0.0002080676
1938	0.0002076134
1939	0.0002071847
1940	0.0002067678
1941	0.0002063300
1942	0.0002058816
1943	0.0002054260
1944	0.0002049673
1945	0.0002045467
1946	0.0002041763
1947	0.0002038522
1948	0.0002035693
1949	0.0002033364
1950	0.0002031120
1951	0.0002029004
1952	0.0002027131
1953	0.0002025199
1954	0.0002023713
1955	0.0002022231
1956	0.0002020355
1957	0.0002019058
1958	0.0002018396
1959	0.0002017521
1960	0.0002016722
1961	0.0002016179
1962	0.0002015749
1963	0.0002015478
1964	0.0002014728
1965	0.0002013116
1966	0.0002010969
1967	0.0002008925
1968	0.0002006881
1969	0.0002004744
1970	0.0002002619
1971	0.0002000654
1972	0.0001998887
1973	0.0001996497
1974	0.0001993456
1975	0.0001990209
1976	0.0001986612
1977	0.0001982374
1978	0.0001977726
1979	0.0001973102
1980	0.0001968541
1981	0.0001964126
1982	0.0001960086
1983	0.0001956361
1984	0.0001952361
1985	0.0001947990
1986	0.0001943671
1987	0.0001939454
1988	0.0001935616
1989	0.0001932154
1990	0.0001928429
1991	0.0001924376
1992	0.0001920063
1993	0.0001915753
1994	0.0001911678
1995	0.0001907755
1996	0.0001903862
1997	0.0001899776
1998	0.0001895818
1999	0.0001892048
2000	0.0001888415
2001	0.0001885060
2002	0.0001882169
2003	0.0001879798
2004	0.0001877641
2005	0.0001875699
2006	0.0001873968
2007	0.0001872177
2008	0.0001870080
2009	0.0001867903
2010	0.0001865605
2011	0.0001863219
2012	0.0001860817
2013	0.0001858151
2014	0.0001855485
2015	0.0001852861
2016	0.0001850328
2017	0.0001847907
2018	0.0001845592
2019	0.0001843289
2020	0.0001840751
2021	0.0001838173
2022	0.0001835632
2023	0.0001833276
2024	0.0001831068
2025	0.0001829024
2026	0.0001827341
2027	0.0001825964
2028	0.0001824872
2029	0.0001823704
2030	0.0001822327
2031	0.0001820988
2032	0.0001819797
2033	0.0001818559
2034	0.0001817042
2035	0.0001815440
2036	0.0001813857
2037	0.0001812142
2038	0.0001810287
2039	0.0001808411
2040	0.0001806579
2041	0.0001804812
2042	0.0001803130
2043	0.0001801507
2044	0.0001799837
2045	0.0001798128
2046	0.0001796282
2047	0.0001794245
2048	0.0001792189
2049	0.0001790109
2050	0.0001788191
2051	0.0001786475
2052	0.0001784880
2053	0.0001783560
2054	0.0001782278
2055	0.0001780878
2056	0.0001779591
2057	0.0001778459
2058	0.0001777338
2059	0.0001776124
2060	0.0001774919
2061	0.0001773834
2062	0.0001772694
2063	0.0001771623
2064	0.0001770706
2065	0.0001769766
2066	0.0001768898
2067	0.0001768062
2068	0.0001767221
2069	0.0001766413
2070	0.0001765568
2071	0.0001764629
2072	0.0001763659
2073	0.0001762728
2074	0.0001761801
2075	0.0001760847
2076	0.0001759851
2077	0.0001758849
2078	0.0001757822
2079	0.0001756723
2080	0.0001755512
2081	0.0001754209
2082	0.0001752849
2083	0.0001751441
2084	0.0001750041
2085	0.0001748686
2086	0.0001747387
2087	0.0001746111
2088	0.0001744934
2089	0.0001743800
2090	0.0001742581
2091	0.0001741410
2092	0.0001740267
2093	0.0001739037
2094	0.0001737773
2095	0.0001736492
2096	0.0001735174
2097	0.0001733828
2098	0.0001732399
2099	0.0001730829
2100	0.0001729132
2101	0.0001727332
2102	0.0001725490
2103	0.0001723682
2104	0.0001721866
2105	0.0001720050
2106	0.0001718306
2107	0.0001716547
2108	0.0001714722
2109	0.0001712896
2110	0.0001711159
2111	0.0001709498
2112	0.0001707830
2113	0.0001706081
2114	0.0001704241
2115	0.0001702435
2116	0.0001700724
2117	0.0001699186
2118	0.0001697832
2119	0.0001696582
2120	0.0001695348
2121	0.0001693986
2122	0.0001692630
2123	0.0001691415
2124	0.0001690289
2125	0.0001689185
2126	0.0001688050
2127	0.0001686859
2128	0.0001685674
2129	0.0001684550
2130	0.0001683429
2131	0.0001682392
2132	0.0001681424
2133	0.0001680435
2134	0.0001679397
2135	0.0001678329
2136	0.0001677265
2137	0.0001676087
2138	0.0001674858
2139	0.0001673698
2140	0.0001672701
2141	0.0001671803
2142	0.0001670856
2143	0.0001669868
2144	0.0001668777
2145	0.0001667689
2146	0.0001666704
2147	0.0001665826
2148	0.0001665078
2149	0.0001664352
2150	0.0001663643
2151	0.0001663003
2152	0.0001662344
2153	0.0001661578
2154	0.0001660737
2155	0.0001659865
2156	0.0001658959
2157	0.0001658031
2158	0.0001657056
2159	0.0001656006
2160	0.0001654942
2161	0.0001653927
2162	0.0001653054
2163	0.0001652384
2164	0.0001651797
2165	0.0001651116
2166	0.0001650261
2167	0.0001649320
2168	0.0001648236
2169	0.0001646813
2170	0.0001645078
2171	0.0001643224
2172	0.0001641310
2173	0.0001639214
2174	0.0001636948
2175	0.0001634560
2176	0.0001632041
2177	0.0001629451
2178	0.0001626856
2179	0.0001624291
2180	0.0001621763
2181	0.0001619352
2182	0.0001617047
2183	0.0001614597
2184	0.0001611901
2185	0.0001609063
2186	0.0001606169
2187	0.0001603383
2188	0.0001600729
2189	0.0001598205
2190	0.0001595706
2191	0.0001593108
2192	0.0001590611
2193	0.0001588053
2194	0.0001585368
2195	0.0001582625
2196	0.0001579701
2197	0.0001576812
2198	0.0001574030
2199	0.0001571152
2200	0.0001568171
2201	0.0001565194
2202	0.0001562271
2203	0.0001559409
2204	0.0001556641
2205	0.0001554014
2206	0.0001551395
2207	0.0001548858
2208	0.0001546469
2209	0.0001544010
2210	0.0001541478
2211	0.0001538858
2212	0.0001536174
2213	0.0001533489
2214	0.0001530766
2215	0.0001528008
2216	0.0001525228
2217	0.0001522459
2218	0.0001519648
2219	0.0001516716
2220	0.0001513627
2221	0.0001510513
2222	0.0001507521
2223	0.0001504486
2224	0.0001501484
2225	0.0001498741
2226	0.0001496131
2227	0.0001493481
2228	0.0001490736
2229	0.0001487955
2230	0.0001485045
2231	0.0001482203
2232	0.0001479639
2233	0.0001477167
2234	0.0001474808
2235	0.0001472602
2236	0.0001470532
2237	0.0001468588
2238	0.0001466628
2239	0.0001464474
2240	0.0001462332
2241	0.0001460142
2242	0.0001457704
2243	0.0001455181
2244	0.0001452604
2245	0.0001450113
2246	0.0001447555
2247	0.0001444713
2248	0.0001441685
2249	0.0001438692
2250	0.0001435865
2251	0.0001433270
2252	0.0001430759
2253	0.0001428018
2254	0.0001425185
2255	0.0001422237
2256	0.0001419089
2257	0.0001415797
2258	0.0001412421
2259	0.0001409042
2260	0.0001405684
2261	0.0001402311
2262	0.0001398965
2263	0.0001395791
2264	0.0001392579
2265	0.0001389285
2266	0.0001386006
2267	0.0001382758
2268	0.0001379400
2269	0.0001375845
2270	0.0001372344
2271	0.0001368767
2272	0.0001365091
2273	0.0001361524
2274	0.0001357936
2275	0.0001354187
2276	0.0001350172
2277	0.0001345969
2278	0.0001341816
2279	0.0001337753
2280	0.0001333779
2281	0.0001329997
2282	0.0001326598
2283	0.0001323533
2284	0.0001320631
2285	0.0001317883
2286	0.0001315221
2287	0.0001312688
2288	0.0001310247
2289	0.0001307930
2290	0.0001305793
2291	0.0001303725
2292	0.0001301702
2293	0.0001299648
2294	0.0001297642
2295	0.0001295761
2296	0.0001293907
2297	0.0001291959
2298	0.0001289807
2299	0.0001287500
2300	0.0001285256
2301	0.0001283106
2302	0.0001280860
2303	0.0001278691
2304	0.0001276727
2305	0.0001274714
2306	0.0001272619
2307	0.0001270480
2308	0.0001268246
2309	0.0001266031
2310	0.0001263811
2311	0.0001261362
2312	0.0001258652
2313	0.0001256033
2314	0.0001253826
2315	0.0001251681
2316	0.0001249269
2317	0.0001246600
2318	0.0001243656
2319	0.0001240529
2320	0.0001237344
2321	0.0001234276
2322	0.0001231269
2323	0.0001228301
2324	0.0001225307
2325	0.0001222153
2326	0.0001219007
2327	0.0001215867
2328	0.0001212773
2329	0.0001209785
2330	0.0001207042
2331	0.0001204743
2332	0.0001202795
2333	0.0001201165
2334	0.0001199743
2335	0.0001198485
2336	0.0001197545
2337	0.0001196692
2338	0.0001195639
2339	0.0001194331
2340	0.0001192777
2341	0.0001191021
2342	0.0001188941
2343	0.0001186782
2344	0.0001184791
2345	0.0001182777
2346	0.0001180817
2347	0.0001178801
2348	0.0001176768
2349	0.0001174941
2350	0.0001172857
2351	0.0001170525
2352	0.0001168235
2353	0.0001165841
2354	0.0001163224
2355	0.0001160405
2356	0.0001157532
2357	0.0001154419
2358	0.0001151279
2359	0.0001148364
2360	0.0001145402
2361	0.0001142297
2362	0.0001139092
2363	0.0001135956
2364	0.0001132872
2365	0.0001129933
2366	0.0001127159
2367	0.0001124563
2368	0.0001122161
2369	0.0001119988
2370	0.0001118058
2371	0.0001115902
2372	0.0001113563
2373	0.0001111175
2374	0.0001108623
2375	0.0001105942
2376	0.0001103248
2377	0.0001100485
2378	0.0001097695
2379	0.0001094926
2380	0.0001091848
2381	0.0001088452
2382	0.0001084774
2383	0.0001081056
2384	0.0001077456
2385	0.0001073907
2386	0.0001070262
2387	0.0001066574
2388	0.0001063247
2389	0.0001059950
2390	0.0001056520
2391	0.0001053315
2392	0.0001050310
2393	0.0001047270
2394	0.0001044238
2395	0.0001041194
2396	0.0001038143
2397	0.0001034935
2398	0.0001031296
2399	0.0001027648
2400	0.0001024086
2401	0.0001020466
2402	0.0001016965
2403	0.0001013570
2404	0.0001010344
2405	0.0001007361
2406	0.0001004401
2407	0.0001001296
2408	0.0000998003
2409	0.0000994493
2410	0.0000990847
2411	0.0000986970
2412	0.0000982781
2413	0.0000978600
2414	0.0000974494
2415	0.0000970231
2416	0.0000966162
2417	0.0000962285
2418	0.0000958383
2419	0.0000954532
2420	0.0000950585
2421	0.0000946724
2422	0.0000942973
2423	0.0000939287
2424	0.0000935636
2425	0.0000931988
2426	0.0000928473
2427	0.0000924976
2428	0.0000921751
2429	0.0000919093
2430	0.0000916833
2431	0.0000914656
2432	0.0000912287
2433	0.0000909696
2434	0.0000907140
2435	0.0000904751
2436	0.0000902400
2437	0.0000900141
2438	0.0000898065
2439	0.0000895979
2440	0.0000893812
2441	0.0000891848
2442	0.0000890327
2443	0.0000889190
2444	0.0000887966
2445	0.0000886304
2446	0.0000884291
2447	0.0000882191
2448	0.0000880396
2449	0.0000878936
2450	0.0000877486
2451	0.0000875809
2452	0.0000873921
2453	0.0000871936
2454	0.0000869882
2455	0.0000867908
2456	0.0000866057
2457	0.0000864235
2458	0.0000862497
2459	0.0000860969
2460	0.0000859462
2461	0.0000857753
2462	0.0000856117
2463	0.0000854539
2464	0.0000852908
2465	0.0000851477
2466	0.0000850168
2467	0.0000848798
2468	0.0000847209
2469	0.0000845429
2470	0.0000843652
2471	0.0000841892
2472	0.0000840036
2473	0.0000837911
2474	0.0000835557
2475	0.0000833033
2476	0.0000830361
2477	0.0000827697
2478	0.0000825188
2479	0.0000822839
2480	0.0000820618
2481	0.0000818630
2482	0.0000816779
2483	0.0000814767
2484	0.0000812531
2485	0.0000810155
2486	0.0000807729
2487	0.0000805489
2488	0.0000803426
2489	0.0000801361
2490	0.0000799228
2491	0.0000797065
2492	0.0000795089
2493	0.0000793102
2494	0.0000791034
2495	0.0000788927
2496	0.0000786738
2497	0.0000784572
2498	0.0000782179
2499	0.0000779730
2500	0.0000777215
2501	0.0000774460
2502	0.0000771690
2503	0.0000769034
2504	0.0000766626
2505	0.0000764259
2506	0.0000761979
2507	0.0000759919
2508	0.0000757945
2509	0.0000756049
2510	0.0000754144
2511	0.0000752178
2512	0.0000750535
2513	0.0000749222
2514	0.0000747650
2515	0.0000745831
2516	0.0000743869
2517	0.0000741739
2518	0.0000739561
2519	0.0000737543
2520	0.0000735646
2521	0.0000733730
2522	0.0000732018
2523	0.0000730538
2524	0.0000729086
2525	0.0000727403
2526	0.0000725633
2527	0.0000724018
2528	0.0000722556
2529	0.0000721156
2530	0.0000719800
2531	0.0000718510
2532	0.0000717085
2533	0.0000715519
2534	0.0000713759
2535	0.0000711836
2536	0.0000709798
2537	0.0000707541
2538	0.0000705246
2539	0.0000703000
2540	0.0000700688
2541	0.0000698301
2542	0.0000695709
2543	0.0000692936
2544	0.0000690323
2545	0.0000687676
2546	0.0000684806
2547	0.0000682069
2548	0.0000679626
2549	0.0000677238
2550	0.0000674825
2551	0.0000672499
2552	0.0000670186
2553	0.0000667742
2554	0.0000665156
2555	0.0000662447
2556	0.0000659765
2557	0.0000657326
2558	0.0000655018
2559	0.0000652944
2560	0.0000650958
2561	0.0000649045
2562	0.0000647629
2563	0.0000646582
2564	0.0000645901
2565	0.0000645526
2566	0.0000645254
2567	0.0000645083
2568	0.0000644936
2569	0.0000644603
2570	0.0000644093
2571	0.0000643532
2572	0.0000642836
2573	0.0000642077
2574	0.0000641267
2575	0.0000640570
2576	0.0000640174
2577	0.0000639886
2578	0.0000639578
2579	0.0000638954
2580	0.0000637836
2581	0.0000636685
2582	0.0000635603
2583	0.0000634492
2584	0.0000633441
2585	0.0000632386
2586	0.0000631558
2587	0.0000630959
2588	0.0000630361
2589	0.0000629806
2590	0.0000629444
2591	0.0000629366
2592	0.0000629582
2593	0.0000630106
2594	0.0000630772
2595	0.0000631518
2596	0.0000632356
2597	0.0000633153
2598	0.0000633871
2599	0.0000634486
2600	0.0000634946
2601	0.0000635302
2602	0.0000635583
2603	0.0000635644
2604	0.0000635620
2605	0.0000635844
2606	0.0000636107
2607	0.0000636250
2608	0.0000636485
2609	0.0000636966
2610	0.0000637628
2611	0.0000638253
2612	0.0000638987
2613	0.0000639924
2614	0.0000641016
2615	0.0000642203
2616	0.0000643341
2617	0.0000644273
2618	0.0000645021
2619	0.0000645805
2620	0.0000646565
2621	0.0000647477
2622	0.0000648657
2623	0.0000649882
2624	0.0000650993
2625	0.0000652034
2626	0.0000653084
2627	0.0000653968
2628	0.0000654704
2629	0.0000655379
2630	0.0000655941
2631	0.0000656443
2632	0.0000657082
2633	0.0000657955
2634	0.0000659252
2635	0.0000660756
2636	0.0000662164
2637	0.0000663641
2638	0.0000664957
2639	0.0000666129
2640	0.0000667377
2641	0.0000668717
2642	0.0000669890
2643	0.0000670787
2644	0.0000671627
2645	0.0000672436
2646	0.0000673513
2647	0.0000674807
2648	0.0000676056
2649	0.0000676999
2650	0.0000677701
2651	0.0000678545
2652	0.0000679354
2653	0.0000680128
2654	0.0000680933
2655	0.0000682009
2656	0.0000683451
2657	0.0000684770
2658	0.0000685860
2659	0.0000686893
2660	0.0000687894
2661	0.0000688859
2662	0.0000689875
2663	0.0000691221
2664	0.0000692903
2665	0.0000694587
2666	0.0000696292
2667	0.0000698061
2668	0.0000699928
2669	0.0000701773
2670	0.0000703546
2671	0.0000705356
2672	0.0000706841
2673	0.0000708245
2674	0.0000709784
2675	0.0000711119
2676	0.0000712240
2677	0.0000713403
2678	0.0000714703
2679	0.0000715884
2680	0.0000716981
2681	0.0000718083
2682	0.0000719123
2683	0.0000720344
2684	0.0000721841
2685	0.0000723386
2686	0.0000725173
2687	0.0000727085
2688	0.0000728583
2689	0.0000729899
2690	0.0000731326
2691	0.0000732686
2692	0.0000733947
2693	0.0000735193
2694	0.0000736634
2695	0.0000738509
2696	0.0000740727
2697	0.0000743225
2698	0.0000745882
2699	0.0000748751
2700	0.0000752003
2701	0.0000755578
2702	0.0000759231
2703	0.0000762895
2704	0.0000766900
2705	0.0000771014
2706	0.0000774940
2707	0.0000778791
2708	0.0000782752
2709	0.0000786788
2710	0.0000790796
2711	0.0000794660
2712	0.0000798056
2713	0.0000800810
2714	0.0000802997
2715	0.0000804978
2716	0.0000806672
2717	0.0000808291
2718	0.0000809973
2719	0.0000811451
2720	0.0000813089
2721	0.0000814649
2722	0.0000815684
2723	0.0000816221
2724	0.0000816324
2725	0.0000816160
2726	0.0000815848
2727	0.0000815302
2728	0.0000814482
2729	0.0000813639
2730	0.0000812928
2731	0.0000812057
2732	0.0000811110
2733	0.0000810324
2734	0.0000809613
2735	0.0000809058
2736	0.0000808497
2737	0.0000808095
2738	0.0000807843
2739	0.0000807239
2740	0.0000806472
2741	0.0000805846
2742	0.0000805188
2743	0.0000804479
2744	0.0000803884
2745	0.0000803249
2746	0.0000802816
2747	0.0000802729
2748	0.0000802903
2749	0.0000803450
2750	0.0000803919
2751	0.0000804381
2752	0.0000805190
2753	0.0000806180
2754	0.0000807561
2755	0.0000809320
2756	0.0000811358
2757	0.0000813345
2758	0.0000814742
2759	0.0000816092
2760	0.0000817903
2761	0.0000820098
2762	0.0000822529
2763	0.0000824999
2764	0.0000827431
2765	0.0000830040
2766	0.0000832813
2767	0.0000835745
2768	0.0000838940
2769	0.0000841866
2770	0.0000844214
2771	0.0000845839
2772	0.0000847058
2773	0.0000848459
2774	0.0000850014
2775	0.0000851420
2776	0.0000852640
2777	0.0000853819
2778	0.0000854898
2779	0.0000856375
2780	0.0000858482
2781	0.0000860847
2782	0.0000863262
2783	0.0000865760
2784	0.0000868265
2785	0.0000870852
2786	0.0000873515
2787	0.0000875932
2788	0.0000878525
2789	0.0000881712
2790	0.0000885353
2791	0.0000888734
2792	0.0000891577
2793	0.0000894068
2794	0.0000896091
2795	0.0000897656
2796	0.0000898922
2797	0.0000900127
2798	0.0000901030
2799	0.0000901805
2800	0.0000902580
2801	0.0000903436
2802	0.0000904654
2803	0.0000906046
2804	0.0000907656
2805	0.0000909249
2806	0.0000910800
2807	0.0000912400
2808	0.0000913721
2809	0.0000914589
2810	0.0000915183
2811	0.0000915970
2812	0.0000916807
2813	0.0000917328
2814	0.0000917677
2815	0.0000917762
2816	0.0000917488
2817	0.0000917312
2818	0.0000917450
2819	0.0000917747
2820	0.0000918042
2821	0.0000918330
2822	0.0000918709
2823	0.0000919161
2824	0.0000919384
2825	0.0000919309
2826	0.0000919343
2827	0.0000919372
2828	0.0000919449
2829	0.0000919760
2830	0.0000919995
2831	0.0000920047
2832	0.0000919864
2833	0.0000919584
2834	0.0000919160
2835	0.0000918571
2836	0.0000918198
2837	0.0000918023
2838	0.0000918125
2839	0.0000918456
2840	0.0000918662
2841	0.0000918761
2842	0.0000918874
2843	0.0000919202
2844	0.0000919564
2845	0.0000919666
2846	0.0000919611
2847	0.0000919391
2848	0.0000919081
2849	0.0000918762
2850	0.0000918497
2851	0.0000918317
2852	0.0000918277
2853	0.0000918527
2854	0.0000918920
2855	0.0000919250
2856	0.0000919309
2857	0.0000919004
2858	0.0000918727
2859	0.0000918800
2860	0.0000918860
2861	0.0000918896
2862	0.0000919262
2863	0.0000919811
2864	0.0000920391
2865	0.0000920869
2866	0.0000921164
2867	0.0000921305
2868	0.0000921534
2869	0.0000921811
2870	0.0000921883
2871	0.0000921982
2872	0.0000922074
2873	0.0000921965
2874	0.0000921763
2875	0.0000921519
2876	0.0000921172
2877	0.0000920809
2878	0.0000920450
2879	0.0000920122
2880	0.0000919893
2881	0.0000919666
2882	0.0000919463
2883	0.0000919149
2884	0.0000918624
2885	0.0000918034
2886	0.0000917405
2887	0.0000916793
2888	0.0000916390
2889	0.0000916229
2890	0.0000916129
2891	0.0000916031
2892	0.0000916044
2893	0.0000916164
2894	0.0000916369
2895	0.0000916626
2896	0.0000916811
2897	0.0000916952
2898	0.0000916984
2899	0.0000916935
2900	0.0000916848
2901	0.0000916608
2902	0.0000916250
2903	0.0000915788
2904	0.0000915323
2905	0.0000914789
2906	0.0000914228
2907	0.0000913952
2908	0.0000913794
2909	0.0000913510
2910	0.0000913174
2911	0.0000912918
2912	0.0000912772
2913	0.0000912698
2914	0.0000912675
2915	0.0000912742
2916	0.0000912977
2917	0.0000913289
2918	0.0000913606
2919	0.0000913917
2920	0.0000914173
2921	0.0000914440
2922	0.0000914765
2923	0.0000915152
2924	0.0000915541
2925	0.0000915865
2926	0.0000916095
2927	0.0000916269
2928	0.0000916370
2929	0.0000916325
2930	0.0000916216
2931	0.0000916085
2932	0.0000915940
2933	0.0000915769
2934	0.0000915557
2935	0.0000915339
2936	0.0000915085
2937	0.0000914760
2938	0.0000914414
2939	0.0000914039
2940	0.0000913658
2941	0.0000913297
2942	0.0000912947
2943	0.0000912689
2944	0.0000912518
2945	0.0000912419
2946	0.0000912341
2947	0.0000912258
2948	0.0000912226
2949	0.0000912283
2950	0.0000912439
2951	0.0000912668
2952	0.0000912929
2953	0.0000913252
2954	0.0000913652
2955	0.0000914046
2956	0.0000914508
2957	0.0000914994
2958	0.0000915468
2959	0.0000915871
2960	0.0000916113
2961	0.0000916270
2962	0.0000916358
2963	0.0000916439
2964	0.0000916436
2965	0.0000916273
2966	0.0000916040
2967	0.0000915901
2968	0.0000915883
2969	0.0000916044
2970	0.0000916501
2971	0.0000916988
2972	0.0000917396
2973	0.0000917853
2974	0.0000918291
2975	0.0000918681
2976	0.0000919131
2977	0.0000919544
2978	0.0000919779
2979	0.0000919939
2980	0.0000920159
2981	0.0000920340
2982	0.0000920387
2983	0.0000920385
2984	0.0000920522
2985	0.0000920806
2986	0.0000921058
2987	0.0000921351
2988	0.0000921662
2989	0.0000922019
2990	0.0000922543
2991	0.0000923244
2992	0.0000924096
2993	0.0000924889
2994	0.0000925593
2995	0.0000926223
2996	0.0000926729
2997	0.0000927205
2998	0.0000927701
2999	0.0000928326
