0	0.0000000000
1	0.0000000000
2	0.0000000000
3	0.0000000000
4	0.0000000000
5	0.0000000000
6	0.0000000000
7	0.0000000000
8	0.0000000000
9	0.0000000000
10	0.0000000000
11	0.0000000000
12	0.0000000000
13	0.0000000000
14	0.0000000000
15	0.0000000000
16	0.0000000000
17	0.0000000000
18	0.0000000000
19	0.0000000000
20	0.0000000000
21	0.0000000000
22	0.0000000000
23	0.0000000000
24	0.0000000000
25	0.0000000000
26	0.0000000000
27	0.0000000000
28	0.0000000000
29	0.0000000000
30	0.0000000000
31	0.0000000001
32	0.0000000003
33	0.0000000009
34	0.0000000030
35	0.0000000085
36	0.0000000225
37	0.0000000542
38	0.0000001193
39	0.0000002389
40	0.0000004349
41	0.0000007179
42	0.0000010727
43	0.0000014524
44	0.0000017919
45	0.0000020471
46	0.0000022333
47	0.0000024269
48	0.0000027074
49	0.0000030816
50	0.0000034691
51	0.0000037862
52	0.0000040456
53	0.0000043458
54	0.0000047441
55	0.0000051752
56	0.0000055417
57	0.0000058596
58	0.0000062352
59	0.0000066957
60	0.0000071426
61	0.0000075179
62	0.0000079051
63	0.0000083801
64	0.0000088720
65	0.0000092948
66	0.0000097110
67	0.0000102090
68	0.0000107278
69	0.0000111799
70	0.0000116294
71	0.0000121572
72	0.0000126900
73	0.0000131577
74	0.0000136433
75	0.0000141993
76	0.0000147311
77	0.0000152099
78	0.0000157355
79	0.0000163061
80	0.0000168231
81	0.0000173213
82	0.0000178837
83	0.0000184438
84	0.0000189461
85	0.0000194783
86	0.0000200553
87	0.0000205835
88	0.0000210923
89	0.0000216578
90	0.0000222118
91	0.0000227150
92	0.0000232545
93	0.0000238193
94	0.0000243300
95	0.0000248431
96	0.0000254017
97	0.0000259244
98	0.0000264207
99	0.0000269642
100	0.0000274970
101	0.0000279834
102	0.0000284991
103	0.0000290220
104	0.0000294916
105	0.0000299754
106	0.0000304916
107	0.0000309721
108	0.0000314568
109	0.0000319799
110	0.0000324637
111	0.0000329189
112	0.0000334032
113	0.0000338639
114	0.0000342979
115	0.0000347670
116	0.0000352227
117	0.0000356383
118	0.0000360798
119	0.0000365227
120	0.0000369317
121	0.0000373612
122	0.0000377888
123	0.0000381723
124	0.0000385734
125	0.0000389913
126	0.0000393769
127	0.0000397737
128	0.0000401818
129	0.0000405569
130	0.0000409463
131	0.0000413525
132	0.0000417188
133	0.0000420831
134	0.0000424611
135	0.0000428073
136	0.0000431531
137	0.0000435067
138	0.0000438254
139	0.0000441489
140	0.0000444902
141	0.0000448008
142	0.0000451126
143	0.0000454413
144	0.0000457479
145	0.0000460612
146	0.0000463847
147	0.0000466804
148	0.0000469850
149	0.0000473012
150	0.0000475856
151	0.0000478719
152	0.0000481664
153	0.0000484346
154	0.0000487051
155	0.0000489733
156	0.0000492120
157	0.0000494540
158	0.0000496873
159	0.0000498903
160	0.0000501107
161	0.0000503507
162	0.0000505999
163	0.0000508901
164	0.0000511859
165	0.0000514337
166	0.0000516105
167	0.0000516627
168	0.0000516097
169	0.0000515581
170	0.0000515917
171	0.0000518113
172	0.0000522612
173	0.0000528152
174	0.0000533115
175	0.0000536231
176	0.0000536781
177	0.0000535624
178	0.0000534196
179	0.0000533265
180	0.0000533035
181	0.0000532668
182	0.0000531295
183	0.0000529532
184	0.0000528442
185	0.0000528815
186	0.0000530959
187	0.0000533854
188	0.0000536375
189	0.0000538497
190	0.0000540470
191	0.0000542592
192	0.0000544791
193	0.0000546282
194	0.0000546865
195	0.0000547032
196	0.0000546981
197	0.0000546533
198	0.0000545117
199	0.0000542597
200	0.0000539886
201	0.0000537680
202	0.0000535835
203	0.0000533612
204	0.0000530316
205	0.0000526777
206	0.0000524380
207	0.0000522993
208	0.0000521716
209	0.0000519847
210	0.0000517503
211	0.0000516076
212	0.0000516079
213	0.0000516287
214	0.0000515894
215	0.0000515112
216	0.0000514786
217	0.0000515602
218	0.0000516650
219	0.0000516856
220	0.0000516691
221	0.0000516838
222	0.0000517421
223	0.0000518085
224	0.0000518076
225	0.0000517466
226	0.0000517014
227	0.0000516762
228	0.0000516291
229	0.0000515313
230	0.0000513806
231	0.0000512177
232	0.0000510658
233	0.0000508899
234	0.0000506573
235	0.0000503760
236	0.0000500812
237	0.0000498021
238	0.0000495213
239	0.0000491871
240	0.0000488059
241	0.0000484465
242	0.0000481148
243	0.0000477460
244	0.0000473119
245	0.0000468583
246	0.0000464562
247	0.0000460789
248	0.0000456324
249	0.0000451602
250	0.0000447683
251	0.0000444248
252	0.0000440359
253	0.0000435703
254	0.0000431001
255	0.0000426966
256	0.0000422696
257	0.0000417626
258	0.0000413048
259	0.0000409576
260	0.0000406341
261	0.0000402578
262	0.0000398820
263	0.0000396395
264	0.0000394638
265	0.0000391875
266	0.0000388844
267	0.0000386563
268	0.0000384183
269	0.0000380909
270	0.0000377129
271	0.0000374024
272	0.0000371468
273	0.0000367949
274	0.0000364116
275	0.0000361624
276	0.0000359900
277	0.0000357892
278	0.0000355882
279	0.0000354939
280	0.0000354987
281	0.0000354437
282	0.0000353712
283	0.0000354287
284	0.0000354908
285	0.0000354393
286	0.0000353754
287	0.0000353744
288	0.0000353629
289	0.0000352043
290	0.0000349481
291	0.0000347512
292	0.0000345360
293	0.0000342292
294	0.0000339794
295	0.0000338700
296	0.0000338371
297	0.0000338090
298	0.0000337949
299	0.0000337640
300	0.0000335249
301	0.0000330882
302	0.0000327193
303	0.0000324817
304	0.0000323348
305	0.0000323731
306	0.0000326412
307	0.0000330059
308	0.0000332667
309	0.0000334239
310	0.0000336041
311	0.0000337412
312	0.0000337924
313	0.0000338599
314	0.0000338807
315	0.0000337015
316	0.0000333296
317	0.0000329315
318	0.0000326335
319	0.0000323703
320	0.0000321237
321	0.0000319630
322	0.0000317947
323	0.0000315635
324	0.0000313965
325	0.0000313491
326	0.0000313504
327	0.0000313437
328	0.0000313511
329	0.0000313700
330	0.0000313704
331	0.0000314374
332	0.0000315720
333	0.0000316092
334	0.0000315441
335	0.0000315055
336	0.0000315269
337	0.0000315554
338	0.0000315586
339	0.0000315726
340	0.0000315420
341	0.0000314049
342	0.0000313379
343	0.0000314164
344	0.0000314518
345	0.0000313933
346	0.0000313466
347	0.0000313441
348	0.0000313538
349	0.0000313668
350	0.0000314012
351	0.0000314129
352	0.0000313801
353	0.0000313796
354	0.0000314063
355	0.0000313947
356	0.0000313628
357	0.0000313389
358	0.0000313138
359	0.0000312745
360	0.0000312177
361	0.0000311266
362	0.0000310020
363	0.0000309141
364	0.0000308464
365	0.0000306997
366	0.0000305259
367	0.0000304096
368	0.0000303017
369	0.0000301455
370	0.0000299361
371	0.0000296757
372	0.0000293732
373	0.0000291219
374	0.0000290239
375	0.0000290063
376	0.0000290213
377	0.0000291530
378	0.0000293160
379	0.0000293082
380	0.0000290730
381	0.0000286863
382	0.0000282866
383	0.0000280297
384	0.0000280360
385	0.0000282768
386	0.0000285905
387	0.0000289218
388	0.0000292403
389	0.0000293953
390	0.0000293725
391	0.0000293178
392	0.0000292882
393	0.0000292473
394	0.0000291654
395	0.0000290482
396	0.0000289314
397	0.0000288901
398	0.0000289848
399	0.0000291578
400	0.0000293343
401	0.0000295126
402	0.0000296711
403	0.0000297965
404	0.0000299282
405	0.0000300787
406	0.0000302189
407	0.0000303214
408	0.0000303854
409	0.0000304297
410	0.0000304693
411	0.0000305015
412	0.0000305230
413	0.0000305763
414	0.0000306951
415	0.0000308451
416	0.0000310000
417	0.0000311482
418	0.0000312515
419	0.0000312920
420	0.0000313052
421	0.0000313249
422	0.0000313201
423	0.0000312591
424	0.0000311489
425	0.0000309836
426	0.0000308106
427	0.0000306791
428	0.0000305214
429	0.0000303240
430	0.0000302064
431	0.0000302505
432	0.0000304249
433	0.0000306594
434	0.0000309309
435	0.0000312419
436	0.0000316363
437	0.0000321553
438	0.0000326622
439	0.0000330507
440	0.0000334167
441	0.0000337709
442	0.0000340763
443	0.0000343978
444	0.0000346987
445	0.0000348558
446	0.0000348919
447	0.0000349542
448	0.0000350536
449	0.0000350636
450	0.0000349729
451	0.0000348252
452	0.0000346795
453	0.0000346329
454	0.0000345817
455	0.0000344176
456	0.0000343054
457	0.0000343359
458	0.0000343955
459	0.0000344283
460	0.0000345112
461	0.0000347163
462	0.0000350534
463	0.0000355585
464	0.0000361669
465	0.0000367560
466	0.0000374345
467	0.0000382771
468	0.0000391747
469	0.0000400968
470	0.0000409908
471	0.0000418123
472	0.0000426964
473	0.0000436919
474	0.0000446127
475	0.0000453459
476	0.0000460622
477	0.0000468574
478	0.0000475645
479	0.0000481338
480	0.0000485936
481	0.0000489264
482	0.0000492288
483	0.0000494584
484	0.0000494807
485	0.0000494140
486	0.0000493574
487	0.0000492321
488	0.0000490275
489	0.0000488251
490	0.0000486462
491	0.0000484770
492	0.0000483813
493	0.0000483156
494	0.0000481630
495	0.0000480449
496	0.0000480557
497	0.0000481009
498	0.0000481851
499	0.0000483678
500	0.0000486828
501	0.0000491329
502	0.0000495831
503	0.0000499036
504	0.0000501644
505	0.0000505016
506	0.0000508897
507	0.0000513498
508	0.0000521281
509	0.0000532513
510	0.0000544733
511	0.0000556110
512	0.0000564732
513	0.0000570118
514	0.0000574012
515	0.0000577414
516	0.0000581719
517	0.0000589245
518	0.0000600115
519	0.0000611955
520	0.0000622448
521	0.0000630901
522	0.0000637670
523	0.0000644036
524	0.0000650721
525	0.0000655895
526	0.0000658709
527	0.0000660063
528	0.0000658997
529	0.0000655538
530	0.0000652707
531	0.0000652625
532	0.0000654937
533	0.0000657940
534	0.0000660248
535	0.0000661941
536	0.0000664016
537	0.0000666862
538	0.0000669672
539	0.0000672062
540	0.0000673515
541	0.0000672528
542	0.0000669580
543	0.0000666403
544	0.0000663153
545	0.0000659698
546	0.0000655747
547	0.0000650613
548	0.0000644889
549	0.0000639927
550	0.0000636332
551	0.0000633972
552	0.0000632483
553	0.0000631321
554	0.0000630239
555	0.0000629729
556	0.0000629958
557	0.0000630527
558	0.0000630986
559	0.0000630875
560	0.0000630748
561	0.0000631333
562	0.0000631860
563	0.0000631653
564	0.0000631064
565	0.0000630304
566	0.0000629403
567	0.0000628859
568	0.0000629077
569	0.0000629471
570	0.0000629441
571	0.0000629185
572	0.0000629178
573	0.0000629886
574	0.0000630915
575	0.0000631476
576	0.0000631843
577	0.0000632358
578	0.0000632819
579	0.0000632997
580	0.0000632561
581	0.0000631679
582	0.0000630851
583	0.0000629910
584	0.0000628388
585	0.0000626317
586	0.0000623952
587	0.0000621788
588	0.0000621197
589	0.0000622466
590	0.0000623613
591	0.0000623516
592	0.0000622620
593	0.0000621542
594	0.0000620999
595	0.0000620573
596	0.0000619647
597	0.0000619197
598	0.0000619743
599	0.0000620729
600	0.0000621986
601	0.0000623186
602	0.0000623510
603	0.0000623085
604	0.0000622786
605	0.0000622132
606	0.0000620162
607	0.0000617216
608	0.0000613912
609	0.0000610579
610	0.0000606828
611	0.0000601935
612	0.0000596504
613	0.0000591049
614	0.0000585243
615	0.0000579138
616	0.0000572094
617	0.0000563394
618	0.0000554200
619	0.0000545666
620	0.0000536804
621	0.0000526665
622	0.0000516271
623	0.0000506611
624	0.0000498331
625	0.0000491624
626	0.0000484384
627	0.0000476102
628	0.0000469494
629	0.0000465142
630	0.0000461695
631	0.0000458368
632	0.0000454712
633	0.0000451452
634	0.0000449057
635	0.0000446447
636	0.0000442830
637	0.0000438162
638	0.0000432757
639	0.0000427682
640	0.0000424016
641	0.0000421147
642	0.0000418268
643	0.0000416342
644	0.0000414971
645	0.0000412321
646	0.0000408760
647	0.0000405402
648	0.0000402587
649	0.0000400337
650	0.0000397900
651	0.0000394950
652	0.0000391809
653	0.0000388252
654	0.0000383887
655	0.0000378566
656	0.0000372591
657	0.0000366899
658	0.0000361690
659	0.0000355112
660	0.0000346201
661	0.0000337094
662	0.0000329113
663	0.0000321957
664	0.0000315646
665	0.0000309334
666	0.0000303384
667	0.0000299128
668	0.0000295013
669	0.0000290129
670	0.0000286285
671	0.0000284004
672	0.0000282073
673	0.0000279296
674	0.0000275301
675	0.0000270745
676	0.0000266673
677	0.0000263188
678	0.0000259114
679	0.0000254067
680	0.0000248615
681	0.0000243309
682	0.0000238627
683	0.0000233276
684	0.0000226952
685	0.0000222462
686	0.0000219469
687	0.0000215028
688	0.0000209832
689	0.0000205867
690	0.0000203217
691	0.0000201327
692	0.0000199622
693	0.0000197832
694	0.0000196505
695	0.0000196215
696	0.0000196590
697	0.0000197157
698	0.0000197899
699	0.0000198781
700	0.0000200010
701	0.0000201305
702	0.0000202119
703	0.0000203238
704	0.0000205101
705	0.0000206948
706	0.0000208748
707	0.0000210907
708	0.0000213468
709	0.0000216282
710	0.0000218800
711	0.0000220648
712	0.0000222125
713	0.0000223466
714	0.0000224484
715	0.0000224968
716	0.0000225038
717	0.0000225267
718	0.0000226347
719	0.0000228797
720	0.0000232856
721	0.0000237884
722	0.0000242924
723	0.0000247703
724	0.0000251674
725	0.0000253939
726	0.0000254277
727	0.0000253223
728	0.0000252209
729	0.0000252141
730	0.0000252245
731	0.0000252157
732	0.0000252403
733	0.0000252709
734	0.0000252733
735	0.0000253153
736	0.0000254213
737	0.0000255074
738	0.0000255167
739	0.0000254143
740	0.0000251923
741	0.0000249391
742	0.0000247064
743	0.0000245078
744	0.0000243952
745	0.0000243705
746	0.0000244187
747	0.0000244958
748	0.0000245709
749	0.0000247931
750	0.0000252336
751	0.0000257150
752	0.0000261117
753	0.0000264224
754	0.0000266395
755	0.0000267664
756	0.0000268572
757	0.0000269797
758	0.0000271399
759	0.0000272659
760	0.0000272942
761	0.0000273176
762	0.0000274901
763	0.0000277933
764	0.0000281594
765	0.0000285764
766	0.0000289826
767	0.0000293559
768	0.0000297236
769	0.0000300802
770	0.0000304422
771	0.0000307934
772	0.0000310469
773	0.0000311513
774	0.0000311328
775	0.0000310606
776	0.0000309676
777	0.0000308328
778	0.0000306665
779	0.0000305118
780	0.0000303719
781	0.0000302435
782	0.0000301622
783	0.0000301147
784	0.0000300497
785	0.0000299887
786	0.0000299616
787	0.0000299511
788	0.0000299391
789	0.0000298997
790	0.0000298312
791	0.0000297641
792	0.0000296938
793	0.0000296102
794	0.0000295415
795	0.0000295155
796	0.0000295293
797	0.0000295624
798	0.0000295966
799	0.0000296277
800	0.0000296741
801	0.0000297645
802	0.0000298929
803	0.0000300074
804	0.0000300785
805	0.0000301180
806	0.0000301299
807	0.0000301192
808	0.0000300972
809	0.0000300696
810	0.0000300332
811	0.0000299484
812	0.0000298217
813	0.0000297322
814	0.0000296628
815	0.0000295242
816	0.0000293101
817	0.0000290751
818	0.0000288732
819	0.0000287101
820	0.0000285312
821	0.0000283038
822	0.0000280649
823	0.0000278601
824	0.0000276985
825	0.0000275889
826	0.0000275149
827	0.0000274278
828	0.0000273289
829	0.0000272480
830	0.0000272094
831	0.0000271853
832	0.0000270857
833	0.0000269512
834	0.0000268799
835	0.0000268252
836	0.0000267789
837	0.0000267923
838	0.0000268197
839	0.0000268198
840	0.0000267882
841	0.0000266923
842	0.0000265096
843	0.0000262525
844	0.0000259695
845	0.0000257434
846	0.0000256461
847	0.0000256625
848	0.0000257093
849	0.0000257264
850	0.0000256844
851	0.0000255530
852	0.0000252909
853	0.0000249026
854	0.0000244764
855	0.0000240723
856	0.0000237213
857	0.0000234852
858	0.0000233677
859	0.0000233257
860	0.0000233564
861	0.0000234628
862	0.0000235975
863	0.0000236991
864	0.0000237804
865	0.0000238770
866	0.0000239640
867	0.0000240391
868	0.0000241339
869	0.0000242184
870	0.0000242489
871	0.0000242457
872	0.0000242030
873	0.0000240824
874	0.0000239498
875	0.0000239048
876	0.0000239777
877	0.0000241473
878	0.0000243062
879	0.0000243932
880	0.0000244819
881	0.0000246133
882	0.0000247888
883	0.0000249949
884	0.0000251816
885	0.0000253346
886	0.0000254314
887	0.0000254577
888	0.0000254521
889	0.0000254065
890	0.0000253307
891	0.0000252680
892	0.0000251363
893	0.0000248679
894	0.0000246143
895	0.0000245330
896	0.0000245729
897	0.0000246256
898	0.0000246453
899	0.0000246356
900	0.0000246373
901	0.0000246354
902	0.0000246050
903	0.0000245571
904	0.0000244231
905	0.0000241526
906	0.0000237730
907	0.0000233134
908	0.0000228560
909	0.0000224437
910	0.0000220353
911	0.0000215673
912	0.0000209257
913	0.0000201577
914	0.0000195148
915	0.0000190755
916	0.0000187119
917	0.0000183616
918	0.0000180635
919	0.0000178372
920	0.0000176718
921	0.0000175729
922	0.0000175358
923	0.0000175147
924	0.0000174458
925	0.0000173815
926	0.0000174717
927	0.0000177080
928	0.0000180421
929	0.0000185003
930	0.0000189281
931	0.0000191616
932	0.0000192611
933	0.0000193210
934	0.0000193961
935	0.0000194771
936	0.0000195289
937	0.0000196296
938	0.0000198521
939	0.0000201804
940	0.0000205576
941	0.0000208833
942	0.0000211164
943	0.0000213087
944	0.0000214936
945	0.0000216640
946	0.0000218001
947	0.0000218802
948	0.0000219293
949	0.0000220044
950	0.0000221206
951	0.0000223223
952	0.0000226660
953	0.0000230515
954	0.0000233881
955	0.0000237503
956	0.0000241808
957	0.0000246463
958	0.0000250971
959	0.0000254757
960	0.0000257848
961	0.0000260459
962	0.0000262786
963	0.0000265031
964	0.0000266826
965	0.0000268191
966	0.0000269896
967	0.0000272125
968	0.0000274440
969	0.0000276465
970	0.0000278084
971	0.0000279391
972	0.0000280384
973	0.0000280870
974	0.0000280898
975	0.0000280854
976	0.0000280832
977	0.0000280820
978	0.0000281143
979	0.0000281768
980	0.0000282311
981	0.0000282742
982	0.0000283409
983	0.0000284812
984	0.0000287174
985	0.0000290475
986	0.0000294404
987	0.0000298333
988	0.0000302376
989	0.0000306821
990	0.0000310868
991	0.0000313986
992	0.0000316597
993	0.0000318848
994	0.0000320525
995	0.0000321633
996	0.0000322332
997	0.0000322697
998	0.0000322689
999	0.0000322351
1000	0.0000322033
1001	0.0000322190
1002	0.0000322787
1003	0.0000323374
1004	0.0000323517
1005	0.0000322963
1006	0.0000322057
1007	0.0000321342
1008	0.0000320643
1009	0.0000319664
1010	0.0000318485
1011	0.0000317255
1012	0.0000316406
1013	0.0000316003
1014	0.0000315298
1015	0.0000314265
1016	0.0000313619
1017	0.0000313290
1018	0.0000312864
1019	0.0000312351
1020	0.0000311714
1021	0.0000310857
1022	0.0000309978
1023	0.0000309353
1024	0.0000308829
1025	0.0000307914
1026	0.0000306496
1027	0.0000305088
1028	0.0000304122
1029	0.0000303414
1030	0.0000302673
1031	0.0000301893
1032	0.0000301144
1033	0.0000300475
1034	0.0000299789
1035	0.0000298987
1036	0.0000298103
1037	0.0000297262
1038	0.0000296687
1039	0.0000296030
1040	0.0000294933
1041	0.0000294162
1042	0.0000294102
1043	0.0000294299
1044	0.0000294423
1045	0.0000293785
1046	0.0000292228
1047	0.0000290668
1048	0.0000289536
1049	0.0000288665
1050	0.0000288018
1051	0.0000288280
1052	0.0000290574
1053	0.0000294255
1054	0.0000297100
1055	0.0000298441
1056	0.0000298830
1057	0.0000297895
1058	0.0000296362
1059	0.0000296568
1060	0.0000299217
1061	0.0000304224
1062	0.0000312246
1063	0.0000322693
1064	0.0000333409
1065	0.0000341929
1066	0.0000347352
1067	0.0000350893
1068	0.0000353747
1069	0.0000356724
1070	0.0000359961
1071	0.0000362757
1072	0.0000365588
1073	0.0000368753
1074	0.0000371079
1075	0.0000372318
1076	0.0000373191
1077	0.0000374113
1078	0.0000374800
1079	0.0000374248
1080	0.0000372068
1081	0.0000368771
1082	0.0000364750
1083	0.0000360780
1084	0.0000357887
1085	0.0000355760
1086	0.0000353798
1087	0.0000352493
1088	0.0000351709
1089	0.0000351045
1090	0.0000351267
1091	0.0000352599
1092	0.0000353917
1093	0.0000353942
1094	0.0000352603
1095	0.0000350809
1096	0.0000349046
1097	0.0000347956
1098	0.0000347560
1099	0.0000346870
1100	0.0000346388
1101	0.0000346540
1102	0.0000346318
1103	0.0000345754
1104	0.0000345693
1105	0.0000346452
1106	0.0000346719
1107	0.0000344227
1108	0.0000339516
1109	0.0000335087
1110	0.0000331696
1111	0.0000328988
1112	0.0000326628
1113	0.0000324123
1114	0.0000321797
1115	0.0000320371
1116	0.0000319486
1117	0.0000319294
1118	0.0000320958
1119	0.0000324311
1120	0.0000328118
1121	0.0000331296
1122	0.0000333840
1123	0.0000336896
1124	0.0000340326
1125	0.0000343396
1126	0.0000345832
1127	0.0000346411
1128	0.0000345252
1129	0.0000343977
1130	0.0000342407
1131	0.0000339747
1132	0.0000336605
1133	0.0000334075
1134	0.0000332176
1135	0.0000330405
1136	0.0000329174
1137	0.0000328313
1138	0.0000326782
1139	0.0000324500
1140	0.0000321989
1141	0.0000319997
1142	0.0000318930
1143	0.0000317481
1144	0.0000314333
1145	0.0000310229
1146	0.0000305927
1147	0.0000301068
1148	0.0000296090
1149	0.0000291555
1150	0.0000287292
1151	0.0000283542
1152	0.0000280472
1153	0.0000278634
1154	0.0000278759
1155	0.0000280161
1156	0.0000282607
1157	0.0000286244
1158	0.0000290216
1159	0.0000294663
1160	0.0000299992
1161	0.0000305034
1162	0.0000308582
1163	0.0000311054
1164	0.0000313705
1165	0.0000316419
1166	0.0000318587
1167	0.0000320521
1168	0.0000322025
1169	0.0000323110
1170	0.0000324391
1171	0.0000325487
1172	0.0000326218
1173	0.0000326966
1174	0.0000326800
1175	0.0000324936
1176	0.0000322995
1177	0.0000322837
1178	0.0000324152
1179	0.0000325578
1180	0.0000326704
1181	0.0000328612
1182	0.0000331719
1183	0.0000334739
1184	0.0000337139
1185	0.0000339080
1186	0.0000340565
1187	0.0000342548
1188	0.0000345451
1189	0.0000348663
1190	0.0000351800
1191	0.0000354138
1192	0.0000355321
1193	0.0000355835
1194	0.0000356044
1195	0.0000356394
1196	0.0000357001
1197	0.0000357497
1198	0.0000358011
1199	0.0000358710
1200	0.0000359442
1201	0.0000360283
1202	0.0000361212
1203	0.0000361762
1204	0.0000361629
1205	0.0000361182
1206	0.0000360972
1207	0.0000361000
1208	0.0000361034
1209	0.0000361263
1210	0.0000361778
1211	0.0000361751
1212	0.0000360154
1213	0.0000357210
1214	0.0000353787
1215	0.0000349822
1216	0.0000345195
1217	0.0000340288
1218	0.0000335053
1219	0.0000329855
1220	0.0000325173
1221	0.0000320464
1222	0.0000315760
1223	0.0000311977
1224	0.0000309659
1225	0.0000308978
1226	0.0000309603
1227	0.0000310960
1228	0.0000312898
1229	0.0000315619
1230	0.0000319117
1231	0.0000322774
1232	0.0000326109
1233	0.0000329258
1234	0.0000332320
1235	0.0000335214
1236	0.0000337981
1237	0.0000340633
1238	0.0000342955
1239	0.0000345212
1240	0.0000348147
1241	0.0000351396
1242	0.0000354004
1243	0.0000356699
1244	0.0000360865
1245	0.0000365924
1246	0.0000370540
1247	0.0000374417
1248	0.0000377626
1249	0.0000381115
1250	0.0000385508
1251	0.0000389140
1252	0.0000391187
1253	0.0000392437
1254	0.0000393073
1255	0.0000393719
1256	0.0000395225
1257	0.0000397317
1258	0.0000398363
1259	0.0000396951
1260	0.0000394531
1261	0.0000392570
1262	0.0000390537
1263	0.0000389000
1264	0.0000388952
1265	0.0000390760
1266	0.0000394730
1267	0.0000399793
1268	0.0000404418
1269	0.0000408005
1270	0.0000410234
1271	0.0000410964
1272	0.0000410371
1273	0.0000409191
1274	0.0000408939
1275	0.0000410972
1276	0.0000415117
1277	0.0000419939
1278	0.0000423857
1279	0.0000426044
1280	0.0000427292
1281	0.0000428498
1282	0.0000429431
1283	0.0000429916
1284	0.0000429514
1285	0.0000428112
1286	0.0000426999
1287	0.0000426918
1288	0.0000427436
1289	0.0000428474
1290	0.0000430640
1291	0.0000433399
1292	0.0000435188
1293	0.0000436436
1294	0.0000437873
1295	0.0000438791
1296	0.0000439557
1297	0.0000440685
1298	0.0000442206
1299	0.0000444557
1300	0.0000447022
1301	0.0000449079
1302	0.0000451734
1303	0.0000455259
1304	0.0000459321
1305	0.0000464007
1306	0.0000468220
1307	0.0000469744
1308	0.0000468246
1309	0.0000465863
1310	0.0000464584
1311	0.0000464343
1312	0.0000463830
1313	0.0000462952
1314	0.0000463082
1315	0.0000465595
1316	0.0000470617
1317	0.0000476415
1318	0.0000481712
1319	0.0000486608
1320	0.0000490776
1321	0.0000493796
1322	0.0000495977
1323	0.0000498560
1324	0.0000501465
1325	0.0000502529
1326	0.0000502361
1327	0.0000502388
1328	0.0000501267
1329	0.0000499501
1330	0.0000498305
1331	0.0000496796
1332	0.0000494862
1333	0.0000492670
1334	0.0000490406
1335	0.0000488921
1336	0.0000487785
1337	0.0000486070
1338	0.0000484286
1339	0.0000483579
1340	0.0000483531
1341	0.0000482359
1342	0.0000480160
1343	0.0000478782
1344	0.0000478675
1345	0.0000479218
1346	0.0000480421
1347	0.0000482240
1348	0.0000484639
1349	0.0000488385
1350	0.0000493360
1351	0.0000498355
1352	0.0000502924
1353	0.0000507131
1354	0.0000511189
1355	0.0000515181
1356	0.0000518677
1357	0.0000521628
1358	0.0000524019
1359	0.0000525588
1360	0.0000526534
1361	0.0000527095
1362	0.0000527489
1363	0.0000527878
1364	0.0000527962
1365	0.0000527598
1366	0.0000527054
1367	0.0000526583
1368	0.0000526237
1369	0.0000525854
1370	0.0000525154
1371	0.0000524009
1372	0.0000522612
1373	0.0000521280
1374	0.0000520212
1375	0.0000519232
1376	0.0000518080
1377	0.0000517104
1378	0.0000516448
1379	0.0000515679
1380	0.0000515120
1381	0.0000514975
1382	0.0000514009
1383	0.0000511722
1384	0.0000509076
1385	0.0000506278
1386	0.0000503116
1387	0.0000499829
1388	0.0000496824
1389	0.0000495041
1390	0.0000494351
1391	0.0000492985
1392	0.0000489866
1393	0.0000485054
1394	0.0000479085
1395	0.0000472749
1396	0.0000467783
1397	0.0000466393
1398	0.0000468455
1399	0.0000472781
1400	0.0000478757
1401	0.0000484901
1402	0.0000489985
1403	0.0000492984
1404	0.0000493431
1405	0.0000493541
1406	0.0000495856
1407	0.0000501556
1408	0.0000509783
1409	0.0000517573
1410	0.0000523981
1411	0.0000529727
1412	0.0000534842
1413	0.0000539804
1414	0.0000543614
1415	0.0000544450
1416	0.0000543484
1417	0.0000541928
1418	0.0000537971
1419	0.0000530652
1420	0.0000522119
1421	0.0000514880
1422	0.0000509879
1423	0.0000506407
1424	0.0000503294
1425	0.0000500281
1426	0.0000497110
1427	0.0000493438
1428	0.0000489771
1429	0.0000486984
1430	0.0000485069
1431	0.0000482490
1432	0.0000479013
1433	0.0000475996
1434	0.0000473014
1435	0.0000470295
1436	0.0000469474
1437	0.0000470136
1438	0.0000471322
1439	0.0000472614
1440	0.0000473257
1441	0.0000473062
1442	0.0000472759
1443	0.0000473058
1444	0.0000473001
1445	0.0000471412
1446	0.0000469059
1447	0.0000466800
1448	0.0000464864
1449	0.0000463303
1450	0.0000462153
1451	0.0000462101
1452	0.0000462890
1453	0.0000462949
1454	0.0000461759
1455	0.0000460259
1456	0.0000459611
1457	0.0000459698
1458	0.0000458890
1459	0.0000456270
1460	0.0000452542
1461	0.0000448620
1462	0.0000445213
1463	0.0000442336
1464	0.0000438880
1465	0.0000434310
1466	0.0000428895
1467	0.0000423289
1468	0.0000418295
1469	0.0000413124
1470	0.0000408107
1471	0.0000405114
1472	0.0000402080
1473	0.0000396587
1474	0.0000390164
1475	0.0000383659
1476	0.0000376833
1477	0.0000370867
1478	0.0000366673
1479	0.0000363299
1480	0.0000360064
1481	0.0000358581
1482	0.0000359629
1483	0.0000361658
1484	0.0000363046
1485	0.0000362941
1486	0.0000362132
1487	0.0000361483
1488	0.0000360163
1489	0.0000357928
1490	0.0000355009
1491	0.0000350951
1492	0.0000345628
1493	0.0000339260
1494	0.0000332477
1495	0.0000325912
1496	0.0000319178
1497	0.0000311507
1498	0.0000302655
1499	0.0000293487
1500	0.0000285830
1501	0.0000280284
1502	0.0000275522
1503	0.0000270837
1504	0.0000266694
1505	0.0000263469
1506	0.0000261381
1507	0.0000259904
1508	0.0000258445
1509	0.0000257014
1510	0.0000254852
1511	0.0000251903
1512	0.0000249547
1513	0.0000248119
1514	0.0000247253
1515	0.0000247390
1516	0.0000249248
1517	0.0000252549
1518	0.0000256468
1519	0.0000260856
1520	0.0000265010
1521	0.0000268070
1522	0.0000270582
1523	0.0000273389
1524	0.0000277290
1525	0.0000282133
1526	0.0000286509
1527	0.0000290537
1528	0.0000295298
1529	0.0000300666
1530	0.0000306218
1531	0.0000311565
1532	0.0000316047
1533	0.0000319563
1534	0.0000322712
1535	0.0000325530
1536	0.0000327515
1537	0.0000329087
1538	0.0000330795
1539	0.0000332046
1540	0.0000332558
1541	0.0000333135
1542	0.0000334127
1543	0.0000334991
1544	0.0000335300
1545	0.0000335198
1546	0.0000335111
1547	0.0000334851
1548	0.0000333621
1549	0.0000330950
1550	0.0000326783
1551	0.0000321786
1552	0.0000316547
1553	0.0000310628
1554	0.0000304190
1555	0.0000297734
1556	0.0000291443
1557	0.0000285797
1558	0.0000280102
1559	0.0000273736
1560	0.0000267692
1561	0.0000262365
1562	0.0000257869
1563	0.0000254505
1564	0.0000251895
1565	0.0000249707
1566	0.0000247214
1567	0.0000243848
1568	0.0000240636
1569	0.0000238593
1570	0.0000237305
1571	0.0000235975
1572	0.0000234342
1573	0.0000232074
1574	0.0000229315
1575	0.0000227420
1576	0.0000226605
1577	0.0000225674
1578	0.0000224638
1579	0.0000223873
1580	0.0000222800
1581	0.0000221227
1582	0.0000219629
1583	0.0000218376
1584	0.0000217605
1585	0.0000217120
1586	0.0000216692
1587	0.0000216517
1588	0.0000216901
1589	0.0000217960
1590	0.0000219566
1591	0.0000221514
1592	0.0000223691
1593	0.0000225739
1594	0.0000227707
1595	0.0000230098
1596	0.0000232568
1597	0.0000234317
1598	0.0000234612
1599	0.0000233319
1600	0.0000231620
1601	0.0000230282
1602	0.0000229260
1603	0.0000228840
1604	0.0000228816
1605	0.0000228557
1606	0.0000227745
1607	0.0000226412
1608	0.0000225089
1609	0.0000224332
1610	0.0000224363
1611	0.0000225214
1612	0.0000226643
1613	0.0000228083
1614	0.0000229182
1615	0.0000230241
1616	0.0000231295
1617	0.0000232204
1618	0.0000233628
1619	0.0000235683
1620	0.0000237683
1621	0.0000240036
1622	0.0000243568
1623	0.0000247819
1624	0.0000251847
1625	0.0000255582
1626	0.0000260025
1627	0.0000266185
1628	0.0000272994
1629	0.0000277949
1630	0.0000280290
1631	0.0000281319
1632	0.0000282628
1633	0.0000284949
1634	0.0000287886
1635	0.0000290798
1636	0.0000293552
1637	0.0000296445
1638	0.0000299168
1639	0.0000301112
1640	0.0000303007
1641	0.0000305069
1642	0.0000306327
1643	0.0000307002
1644	0.0000307438
1645	0.0000307284
1646	0.0000306758
1647	0.0000306448
1648	0.0000306836
1649	0.0000307833
1650	0.0000309165
1651	0.0000310798
1652	0.0000312537
1653	0.0000314490
1654	0.0000316560
1655	0.0000318156
1656	0.0000319266
1657	0.0000320134
1658	0.0000320940
1659	0.0000321766
1660	0.0000322481
1661	0.0000323327
1662	0.0000324677
1663	0.0000326176
1664	0.0000326791
1665	0.0000325920
1666	0.0000323811
1667	0.0000321106
1668	0.0000318785
1669	0.0000316963
1670	0.0000314425
1671	0.0000310399
1672	0.0000305186
1673	0.0000300016
1674	0.0000296457
1675	0.0000294696
1676	0.0000293730
1677	0.0000292870
1678	0.0000291489
1679	0.0000290181
1680	0.0000291660
1681	0.0000295735
1682	0.0000300029
1683	0.0000306479
1684	0.0000315490
1685	0.0000322685
1686	0.0000327779
1687	0.0000333526
1688	0.0000340021
1689	0.0000345847
1690	0.0000349951
1691	0.0000353401
1692	0.0000357580
1693	0.0000362323
1694	0.0000367621
1695	0.0000372914
1696	0.0000377607
1697	0.0000382039
1698	0.0000386108
1699	0.0000389987
1700	0.0000393760
1701	0.0000396861
1702	0.0000399226
1703	0.0000400911
1704	0.0000402335
1705	0.0000403928
1706	0.0000405021
1707	0.0000405556
1708	0.0000406719
1709	0.0000408872
1710	0.0000410958
1711	0.0000412214
1712	0.0000413093
1713	0.0000414256
1714	0.0000416048
1715	0.0000418410
1716	0.0000420515
1717	0.0000421782
1718	0.0000422932
1719	0.0000424642
1720	0.0000426339
1721	0.0000427217
1722	0.0000426925
1723	0.0000425487
1724	0.0000423071
1725	0.0000419691
1726	0.0000416374
1727	0.0000414699
1728	0.0000414468
1729	0.0000414718
1730	0.0000415449
1731	0.0000416933
1732	0.0000418965
1733	0.0000421012
1734	0.0000422916
1735	0.0000424726
1736	0.0000426420
1737	0.0000428330
1738	0.0000430660
1739	0.0000433314
1740	0.0000435914
1741	0.0000437677
1742	0.0000438442
1743	0.0000438691
1744	0.0000438797
1745	0.0000439100
1746	0.0000439577
1747	0.0000440116
1748	0.0000440925
1749	0.0000441791
1750	0.0000442269
1751	0.0000442481
1752	0.0000442714
1753	0.0000442918
1754	0.0000442999
1755	0.0000443043
1756	0.0000443124
1757	0.0000443217
1758	0.0000443345
1759	0.0000443540
1760	0.0000443665
1761	0.0000443542
1762	0.0000443294
1763	0.0000443220
1764	0.0000443317
1765	0.0000443402
1766	0.0000443557
1767	0.0000443694
1768	0.0000443313
1769	0.0000442231
1770	0.0000440798
1771	0.0000439367
1772	0.0000437908
1773	0.0000436172
1774	0.0000433825
1775	0.0000430370
1776	0.0000425434
1777	0.0000418777
1778	0.0000410915
1779	0.0000403329
1780	0.0000396378
1781	0.0000389692
1782	0.0000383721
1783	0.0000378528
1784	0.0000374264
1785	0.0000371187
1786	0.0000368494
1787	0.0000366091
1788	0.0000364481
1789	0.0000363472
1790	0.0000362643
1791	0.0000361015
1792	0.0000358521
1793	0.0000356594
1794	0.0000355445
1795	0.0000354322
1796	0.0000353237
1797	0.0000352135
1798	0.0000350502
1799	0.0000348667
1800	0.0000347639
1801	0.0000347104
1802	0.0000346093
1803	0.0000344833
1804	0.0000343571
1805	0.0000341932
1806	0.0000340060
1807	0.0000338453
1808	0.0000337366
1809	0.0000336645
1810	0.0000335632
1811	0.0000333825
1812	0.0000331501
1813	0.0000329204
1814	0.0000327380
1815	0.0000326474
1816	0.0000326646
1817	0.0000327731
1818	0.0000329171
1819	0.0000330221
1820	0.0000330713
1821	0.0000330816
1822	0.0000330390
1823	0.0000329311
1824	0.0000327894
1825	0.0000326382
1826	0.0000324593
1827	0.0000322727
1828	0.0000321014
1829	0.0000319215
1830	0.0000317335
1831	0.0000314881
1832	0.0000311108
1833	0.0000306396
1834	0.0000301300
1835	0.0000295666
1836	0.0000289020
1837	0.0000281500
1838	0.0000273912
1839	0.0000266381
1840	0.0000259162
1841	0.0000253005
1842	0.0000247527
1843	0.0000242012
1844	0.0000236556
1845	0.0000231839
1846	0.0000228042
1847	0.0000224062
1848	0.0000219628
1849	0.0000215688
1850	0.0000212328
1851	0.0000209397
1852	0.0000207066
1853	0.0000205119
1854	0.0000203164
1855	0.0000200444
1856	0.0000196040
1857	0.0000190180
1858	0.0000184022
1859	0.0000178334
1860	0.0000173500
1861	0.0000169596
1862	0.0000166180
1863	0.0000163135
1864	0.0000160724
1865	0.0000159112
1866	0.0000158418
1867	0.0000158085
1868	0.0000157348
1869	0.0000156605
1870	0.0000156579
1871	0.0000156893
1872	0.0000156908
1873	0.0000156512
1874	0.0000155295
1875	0.0000153438
1876	0.0000152175
1877	0.0000151531
1878	0.0000150696
1879	0.0000149796
1880	0.0000149354
1881	0.0000149273
1882	0.0000148778
1883	0.0000147997
1884	0.0000147568
1885	0.0000147589
1886	0.0000148630
1887	0.0000149736
1888	0.0000149515
1889	0.0000150040
1890	0.0000152714
1891	0.0000156121
1892	0.0000158908
1893	0.0000160014
1894	0.0000160542
1895	0.0000162666
1896	0.0000165870
1897	0.0000169073
1898	0.0000171908
1899	0.0000174008
1900	0.0000175952
1901	0.0000178237
1902	0.0000180664
1903	0.0000183171
1904	0.0000185249
1905	0.0000186005
1906	0.0000185507
1907	0.0000184698
1908	0.0000183986
1909	0.0000183258
1910	0.0000182516
1911	0.0000181595
1912	0.0000180493
1913	0.0000179552
1914	0.0000179032
1915	0.0000179255
1916	0.0000180198
1917	0.0000181411
1918	0.0000183269
1919	0.0000186234
1920	0.0000189228
1921	0.0000191663
1922	0.0000194525
1923	0.0000197511
1924	0.0000199661
1925	0.0000201744
1926	0.0000204364
1927	0.0000206682
1928	0.0000207932
1929	0.0000208407
1930	0.0000208770
1931	0.0000209041
1932	0.0000209100
1933	0.0000209030
1934	0.0000209043
1935	0.0000209730
1936	0.0000211091
1937	0.0000212553
1938	0.0000213881
1939	0.0000214841
1940	0.0000215259
1941	0.0000215293
1942	0.0000215416
1943	0.0000216118
1944	0.0000217361
1945	0.0000219050
1946	0.0000221115
1947	0.0000223434
1948	0.0000226044
1949	0.0000228486
1950	0.0000230363
1951	0.0000232400
1952	0.0000235892
1953	0.0000241361
1954	0.0000247797
1955	0.0000254079
1956	0.0000259823
1957	0.0000264417
1958	0.0000267858
1959	0.0000270805
1960	0.0000273070
1961	0.0000274492
1962	0.0000275626
1963	0.0000276590
1964	0.0000277147
1965	0.0000277471
1966	0.0000277921
1967	0.0000278748
1968	0.0000279970
1969	0.0000281435
1970	0.0000283275
1971	0.0000285486
1972	0.0000287426
1973	0.0000288690
1974	0.0000289511
1975	0.0000290203
1976	0.0000290923
1977	0.0000291619
1978	0.0000292192
1979	0.0000292611
1980	0.0000292825
1981	0.0000292896
1982	0.0000292988
1983	0.0000293040
1984	0.0000292862
1985	0.0000292342
1986	0.0000291272
1987	0.0000289713
1988	0.0000288082
1989	0.0000286665
1990	0.0000285938
1991	0.0000285948
1992	0.0000285932
1993	0.0000285768
1994	0.0000285691
1995	0.0000285878
1996	0.0000286838
1997	0.0000287909
1998	0.0000287720
1999	0.0000286299
2000	0.0000284610
2001	0.0000283206
2002	0.0000281505
2003	0.0000279291
2004	0.0000277932
2005	0.0000277602
2006	0.0000277106
2007	0.0000276665
2008	0.0000276827
2009	0.0000277337
2010	0.0000278164
2011	0.0000279110
2012	0.0000279926
2013	0.0000281206
2014	0.0000283382
2015	0.0000285684
2016	0.0000287185
2017	0.0000287985
2018	0.0000288825
2019	0.0000290334
2020	0.0000292680
2021	0.0000295448
2022	0.0000297975
2023	0.0000299591
2024	0.0000299953
2025	0.0000299397
2026	0.0000298472
2027	0.0000297537
2028	0.0000296894
2029	0.0000296619
2030	0.0000296411
2031	0.0000296029
2032	0.0000295420
2033	0.0000294370
2034	0.0000293048
2035	0.0000291793
2036	0.0000290134
2037	0.0000287996
2038	0.0000285510
2039	0.0000282074
2040	0.0000278324
2041	0.0000275523
2042	0.0000273778
2043	0.0000272680
2044	0.0000271277
2045	0.0000269516
2046	0.0000268695
2047	0.0000269135
2048	0.0000270482
2049	0.0000272232
2050	0.0000273205
2051	0.0000272769
2052	0.0000272529
2053	0.0000274731
2054	0.0000277930
2055	0.0000279949
2056	0.0000282637
2057	0.0000287004
2058	0.0000291503
2059	0.0000295718
2060	0.0000299551
2061	0.0000302565
2062	0.0000304286
2063	0.0000304165
2064	0.0000302612
2065	0.0000300763
2066	0.0000299933
2067	0.0000300584
2068	0.0000301945
2069	0.0000303522
2070	0.0000304794
2071	0.0000304781
2072	0.0000303159
2073	0.0000300478
2074	0.0000297776
2075	0.0000295797
2076	0.0000294620
2077	0.0000294124
2078	0.0000294130
2079	0.0000294553
2080	0.0000295308
2081	0.0000295811
2082	0.0000295726
2083	0.0000295939
2084	0.0000297168
2085	0.0000299167
2086	0.0000301821
2087	0.0000304597
2088	0.0000306707
2089	0.0000308030
2090	0.0000308263
2091	0.0000307720
2092	0.0000307508
2093	0.0000307461
2094	0.0000306567
2095	0.0000304475
2096	0.0000301479
2097	0.0000298313
2098	0.0000296445
2099	0.0000296774
2100	0.0000298116
2101	0.0000299401
2102	0.0000301104
2103	0.0000303888
2104	0.0000307242
2105	0.0000309449
2106	0.0000310995
2107	0.0000313657
2108	0.0000316615
2109	0.0000319596
2110	0.0000323126
2111	0.0000326161
2112	0.0000328532
2113	0.0000330582
2114	0.0000332851
2115	0.0000336415
2116	0.0000340758
2117	0.0000345053
2118	0.0000348803
2119	0.0000351393
2120	0.0000353554
2121	0.0000355948
2122	0.0000358460
2123	0.0000361298
2124	0.0000364334
2125	0.0000367054
2126	0.0000368864
2127	0.0000369952
2128	0.0000371934
2129	0.0000375807
2130	0.0000380769
2131	0.0000385663
2132	0.0000390149
2133	0.0000394349
2134	0.0000397936
2135	0.0000400429
2136	0.0000402161
2137	0.0000403656
2138	0.0000404700
2139	0.0000405325
2140	0.0000405975
2141	0.0000406387
2142	0.0000406368
2143	0.0000406340
2144	0.0000406296
2145	0.0000406021
2146	0.0000405741
2147	0.0000405784
2148	0.0000406563
2149	0.0000408405
2150	0.0000410640
2151	0.0000412262
2152	0.0000413216
2153	0.0000413511
2154	0.0000412784
2155	0.0000411116
2156	0.0000408859
2157	0.0000406536
2158	0.0000404770
2159	0.0000403789
2160	0.0000403534
2161	0.0000403792
2162	0.0000404127
2163	0.0000404344
2164	0.0000404943
2165	0.0000406384
2166	0.0000408486
2167	0.0000410809
2168	0.0000412779
2169	0.0000414101
2170	0.0000414959
2171	0.0000415610
2172	0.0000416236
2173	0.0000416869
2174	0.0000417850
2175	0.0000419495
2176	0.0000421893
2177	0.0000425722
2178	0.0000430858
2179	0.0000436680
2180	0.0000443634
2181	0.0000451036
2182	0.0000457516
2183	0.0000463010
2184	0.0000467406
2185	0.0000470362
2186	0.0000471788
2187	0.0000472262
2188	0.0000473257
2189	0.0000474884
2190	0.0000475974
2191	0.0000476810
2192	0.0000478352
2193	0.0000480581
2194	0.0000484110
2195	0.0000489889
2196	0.0000496157
2197	0.0000500201
2198	0.0000502241
2199	0.0000503997
2200	0.0000505876
2201	0.0000507380
2202	0.0000507988
2203	0.0000507623
2204	0.0000507799
2205	0.0000509954
2206	0.0000513153
2207	0.0000516552
2208	0.0000520602
2209	0.0000525033
2210	0.0000528407
2211	0.0000529122
2212	0.0000527767
2213	0.0000526545
2214	0.0000526231
2215	0.0000526549
2216	0.0000526958
2217	0.0000527410
2218	0.0000528727
2219	0.0000530715
2220	0.0000532387
2221	0.0000533159
2222	0.0000532680
2223	0.0000530875
2224	0.0000528520
2225	0.0000526425
2226	0.0000523450
2227	0.0000519237
2228	0.0000515151
2229	0.0000510749
2230	0.0000506296
2231	0.0000503003
2232	0.0000500247
2233	0.0000498065
2234	0.0000496168
2235	0.0000493828
2236	0.0000492265
2237	0.0000491853
2238	0.0000491949
2239	0.0000492301
2240	0.0000492379
2241	0.0000492075
2242	0.0000491555
2243	0.0000491366
2244	0.0000491738
2245	0.0000491532
2246	0.0000490628
2247	0.0000490116
2248	0.0000489983
2249	0.0000489809
2250	0.0000490109
2251	0.0000490972
2252	0.0000491120
2253	0.0000490232
2254	0.0000489561
2255	0.0000489473
2256	0.0000488850
2257	0.0000486349
2258	0.0000481830
2259	0.0000476890
2260	0.0000473132
2261	0.0000470314
2262	0.0000467447
2263	0.0000464544
2264	0.0000461585
2265	0.0000457672
2266	0.0000452070
2267	0.0000445323
2268	0.0000439060
2269	0.0000433670
2270	0.0000428437
2271	0.0000423699
2272	0.0000419595
2273	0.0000415367
2274	0.0000410910
2275	0.0000406187
2276	0.0000399682
2277	0.0000390372
2278	0.0000380608
2279	0.0000374325
2280	0.0000373434
2281	0.0000375750
2282	0.0000378419
2283	0.0000383125
2284	0.0000390221
2285	0.0000395756
2286	0.0000399032
2287	0.0000401023
2288	0.0000401529
2289	0.0000402354
2290	0.0000404871
2291	0.0000408198
2292	0.0000410935
2293	0.0000412009
2294	0.0000411191
2295	0.0000408987
2296	0.0000406921
2297	0.0000405645
2298	0.0000404094
2299	0.0000402237
2300	0.0000400739
2301	0.0000399918
2302	0.0000399843
2303	0.0000399958
2304	0.0000400205
2305	0.0000401123
2306	0.0000402851
2307	0.0000404689
2308	0.0000405891
2309	0.0000407022
2310	0.0000408577
2311	0.0000410752
2312	0.0000414400
2313	0.0000419583
2314	0.0000425752
2315	0.0000432220
2316	0.0000437726
2317	0.0000441932
2318	0.0000445453
2319	0.0000448319
2320	0.0000450104
2321	0.0000450293
2322	0.0000448537
2323	0.0000445353
2324	0.0000441367
2325	0.0000436565
2326	0.0000431487
2327	0.0000427235
2328	0.0000424662
2329	0.0000424195
2330	0.0000424774
2331	0.0000424497
2332	0.0000423071
2333	0.0000421909
2334	0.0000421804
2335	0.0000421874
2336	0.0000421354
2337	0.0000420664
2338	0.0000420183
2339	0.0000419287
2340	0.0000418043
2341	0.0000418230
2342	0.0000419304
2343	0.0000418362
2344	0.0000415299
2345	0.0000411474
2346	0.0000407245
2347	0.0000403082
2348	0.0000398918
2349	0.0000394044
2350	0.0000388871
2351	0.0000384860
2352	0.0000381896
2353	0.0000379236
2354	0.0000377874
2355	0.0000377560
2356	0.0000377084
2357	0.0000376343
2358	0.0000374678
2359	0.0000372223
2360	0.0000369793
2361	0.0000368209
2362	0.0000368496
2363	0.0000368959
2364	0.0000368046
2365	0.0000366042
2366	0.0000362084
2367	0.0000357035
2368	0.0000352601
2369	0.0000348967
2370	0.0000347099
2371	0.0000346692
2372	0.0000346503
2373	0.0000346872
2374	0.0000347415
2375	0.0000347508
2376	0.0000348082
2377	0.0000349497
2378	0.0000350539
2379	0.0000350530
2380	0.0000349958
2381	0.0000348999
2382	0.0000347879
2383	0.0000347251
2384	0.0000347290
2385	0.0000347921
2386	0.0000348837
2387	0.0000349436
2388	0.0000349510
2389	0.0000349411
2390	0.0000349659
2391	0.0000350287
2392	0.0000350841
2393	0.0000351194
2394	0.0000351678
2395	0.0000352276
2396	0.0000352421
2397	0.0000352071
2398	0.0000351823
2399	0.0000351612
2400	0.0000350701
2401	0.0000349158
2402	0.0000347848
2403	0.0000347121
2404	0.0000347056
2405	0.0000347981
2406	0.0000349904
2407	0.0000352579
2408	0.0000355783
2409	0.0000358853
2410	0.0000360733
2411	0.0000361321
2412	0.0000361512
2413	0.0000361891
2414	0.0000362722
2415	0.0000363671
2416	0.0000364121
2417	0.0000364244
2418	0.0000364307
2419	0.0000364685
2420	0.0000365547
2421	0.0000366386
2422	0.0000366859
2423	0.0000366225
2424	0.0000364626
2425	0.0000363289
2426	0.0000361280
2427	0.0000357462
2428	0.0000352927
2429	0.0000348952
2430	0.0000345935
2431	0.0000343529
2432	0.0000341348
2433	0.0000338907
2434	0.0000335485
2435	0.0000331555
2436	0.0000328779
2437	0.0000327946
2438	0.0000327394
2439	0.0000326075
2440	0.0000325583
2441	0.0000325840
2442	0.0000325720
2443	0.0000326044
2444	0.0000327387
2445	0.0000330329
2446	0.0000335510
2447	0.0000341656
2448	0.0000347374
2449	0.0000353228
2450	0.0000360501
2451	0.0000368718
2452	0.0000376395
2453	0.0000383220
2454	0.0000388888
2455	0.0000393126
2456	0.0000396934
2457	0.0000400909
2458	0.0000404614
2459	0.0000408015
2460	0.0000411070
2461	0.0000413682
2462	0.0000416928
2463	0.0000421025
2464	0.0000424723
2465	0.0000428584
2466	0.0000433779
2467	0.0000440095
2468	0.0000447352
2469	0.0000454697
2470	0.0000460440
2471	0.0000464294
2472	0.0000467365
2473	0.0000470480
2474	0.0000474219
2475	0.0000479197
2476	0.0000485170
2477	0.0000491211
2478	0.0000495707
2479	0.0000497656
2480	0.0000498921
2481	0.0000501139
2482	0.0000503525
2483	0.0000504986
2484	0.0000505280
2485	0.0000506139
2486	0.0000508871
2487	0.0000511877
2488	0.0000513775
2489	0.0000514703
2490	0.0000515002
2491	0.0000514611
2492	0.0000513974
2493	0.0000514709
2494	0.0000517087
2495	0.0000520220
2496	0.0000523741
2497	0.0000527098
2498	0.0000529484
2499	0.0000529761
2500	0.0000528467
2501	0.0000527505
2502	0.0000526670
2503	0.0000525933
2504	0.0000525670
2505	0.0000524570
2506	0.0000522798
2507	0.0000521630
2508	0.0000521036
2509	0.0000520661
2510	0.0000520244
2511	0.0000519602
2512	0.0000518658
2513	0.0000517691
2514	0.0000517055
2515	0.0000516512
2516	0.0000516171
2517	0.0000516158
2518	0.0000515477
2519	0.0000513341
2520	0.0000510424
2521	0.0000507270
2522	0.0000503424
2523	0.0000499014
2524	0.0000494174
2525	0.0000489267
2526	0.0000486440
2527	0.0000486167
2528	0.0000486299
2529	0.0000486116
2530	0.0000486636
2531	0.0000489228
2532	0.0000494193
2533	0.0000499744
2534	0.0000504650
2535	0.0000509511
2536	0.0000514164
2537	0.0000517092
2538	0.0000517806
2539	0.0000517340
2540	0.0000516856
2541	0.0000517246
2542	0.0000518729
2543	0.0000520798
2544	0.0000523176
2545	0.0000525823
2546	0.0000528322
2547	0.0000530176
2548	0.0000531423
2549	0.0000532308
2550	0.0000532821
2551	0.0000532983
2552	0.0000532899
2553	0.0000532693
2554	0.0000532536
2555	0.0000532549
2556	0.0000532418
2557	0.0000531635
2558	0.0000530632
2559	0.0000530273
2560	0.0000530807
2561	0.0000531719
2562	0.0000532018
2563	0.0000531782
2564	0.0000531738
2565	0.0000532514
2566	0.0000535249
2567	0.0000539047
2568	0.0000541523
2569	0.0000542722
2570	0.0000543608
2571	0.0000544195
2572	0.0000544364
2573	0.0000544159
2574	0.0000543796
2575	0.0000543341
2576	0.0000542918
2577	0.0000542779
2578	0.0000542891
2579	0.0000543082
2580	0.0000543153
2581	0.0000543174
2582	0.0000543215
2583	0.0000543219
2584	0.0000543286
2585	0.0000543239
2586	0.0000542923
2587	0.0000542245
2588	0.0000541348
2589	0.0000540924
2590	0.0000540420
2591	0.0000538733
2592	0.0000536238
2593	0.0000533203
2594	0.0000529357
2595	0.0000525260
2596	0.0000521768
2597	0.0000518929
2598	0.0000516028
2599	0.0000512561
2600	0.0000508781
2601	0.0000504645
2602	0.0000499074
2603	0.0000491847
2604	0.0000483820
2605	0.0000474783
2606	0.0000465238
2607	0.0000457308
2608	0.0000451111
2609	0.0000444767
2610	0.0000437105
2611	0.0000427663
2612	0.0000416701
2613	0.0000405949
2614	0.0000396550
2615	0.0000387262
2616	0.0000377746
2617	0.0000370028
2618	0.0000364580
2619	0.0000359718
2620	0.0000354589
2621	0.0000348712
2622	0.0000340905
2623	0.0000331263
2624	0.0000320659
2625	0.0000309692
2626	0.0000300615
2627	0.0000294713
2628	0.0000290137
2629	0.0000285451
2630	0.0000280250
2631	0.0000274816
2632	0.0000269736
2633	0.0000264511
2634	0.0000259418
2635	0.0000255132
2636	0.0000251062
2637	0.0000246624
2638	0.0000241916
2639	0.0000237501
2640	0.0000232834
2641	0.0000227247
2642	0.0000222076
2643	0.0000218058
2644	0.0000214676
2645	0.0000211141
2646	0.0000207010
2647	0.0000203599
2648	0.0000201393
2649	0.0000199859
2650	0.0000199612
2651	0.0000200538
2652	0.0000201706
2653	0.0000201945
2654	0.0000200611
2655	0.0000199083
2656	0.0000198064
2657	0.0000196951
2658	0.0000196096
2659	0.0000195904
2660	0.0000196190
2661	0.0000197037
2662	0.0000198659
2663	0.0000200704
2664	0.0000202806
2665	0.0000205251
2666	0.0000208260
2667	0.0000211362
2668	0.0000213288
2669	0.0000213530
2670	0.0000212753
2671	0.0000210946
2672	0.0000208971
2673	0.0000208475
2674	0.0000208666
2675	0.0000208078
2676	0.0000206827
2677	0.0000205732
2678	0.0000205412
2679	0.0000205585
2680	0.0000205354
2681	0.0000203700
2682	0.0000200686
2683	0.0000197777
2684	0.0000194740
2685	0.0000189675
2686	0.0000182650
2687	0.0000175386
2688	0.0000168961
2689	0.0000163635
2690	0.0000158697
2691	0.0000152974
2692	0.0000146994
2693	0.0000142052
2694	0.0000138035
2695	0.0000134767
2696	0.0000132240
2697	0.0000129521
2698	0.0000126412
2699	0.0000124440
2700	0.0000124743
2701	0.0000126635
2702	0.0000129215
2703	0.0000132129
2704	0.0000134706
2705	0.0000136521
2706	0.0000137798
2707	0.0000139369
2708	0.0000141954
2709	0.0000144883
2710	0.0000147496
2711	0.0000149748
2712	0.0000151271
2713	0.0000152029
2714	0.0000151980
2715	0.0000150950
2716	0.0000149391
2717	0.0000147869
2718	0.0000146530
2719	0.0000144864
2720	0.0000142845
2721	0.0000141292
2722	0.0000140322
2723	0.0000140198
2724	0.0000141449
2725	0.0000143411
2726	0.0000145217
2727	0.0000146573
2728	0.0000147580
2729	0.0000148653
2730	0.0000150026
2731	0.0000151676
2732	0.0000153208
2733	0.0000154291
2734	0.0000155139
2735	0.0000155907
2736	0.0000156758
2737	0.0000157831
2738	0.0000158766
2739	0.0000159147
2740	0.0000158964
2741	0.0000158633
2742	0.0000158507
2743	0.0000158585
2744	0.0000158872
2745	0.0000159316
2746	0.0000159732
2747	0.0000160147
2748	0.0000160781
2749	0.0000161631
2750	0.0000162327
2751	0.0000162662
2752	0.0000162882
2753	0.0000163303
2754	0.0000163858
2755	0.0000164197
2756	0.0000164258
2757	0.0000164133
2758	0.0000163764
2759	0.0000163303
2760	0.0000163052
2761	0.0000163352
2762	0.0000164381
2763	0.0000165789
2764	0.0000167255
2765	0.0000168656
2766	0.0000169677
2767	0.0000170433
2768	0.0000171436
2769	0.0000172533
2770	0.0000173270
2771	0.0000173928
2772	0.0000175002
2773	0.0000176311
2774	0.0000177427
2775	0.0000178582
2776	0.0000180430
2777	0.0000182762
2778	0.0000184633
2779	0.0000186015
2780	0.0000187544
2781	0.0000189336
2782	0.0000191204
2783	0.0000193018
2784	0.0000194823
2785	0.0000196524
2786	0.0000197911
2787	0.0000199157
2788	0.0000200092
2789	0.0000200747
2790	0.0000201953
2791	0.0000203378
2792	0.0000204125
2793	0.0000204476
2794	0.0000204859
2795	0.0000205495
2796	0.0000206613
2797	0.0000207897
2798	0.0000208465
2799	0.0000208331
2800	0.0000208981
2801	0.0000210991
2802	0.0000213978
2803	0.0000217500
2804	0.0000220248
2805	0.0000222603
2806	0.0000226339
2807	0.0000231081
2808	0.0000236174
2809	0.0000241867
2810	0.0000248539
2811	0.0000256938
2812	0.0000266713
2813	0.0000276781
2814	0.0000286564
2815	0.0000295113
2816	0.0000301457
2817	0.0000306236
2818	0.0000311257
2819	0.0000316719
2820	0.0000321754
2821	0.0000326872
2822	0.0000332917
2823	0.0000339936
2824	0.0000346081
2825	0.0000349102
2826	0.0000350322
2827	0.0000351586
2828	0.0000352775
2829	0.0000354226
2830	0.0000355921
2831	0.0000358176
2832	0.0000362143
2833	0.0000367467
2834	0.0000373350
2835	0.0000378847
2836	0.0000382622
2837	0.0000384815
2838	0.0000386150
2839	0.0000387154
2840	0.0000388977
2841	0.0000392332
2842	0.0000396328
2843	0.0000399395
2844	0.0000401351
2845	0.0000403574
2846	0.0000406696
2847	0.0000409655
2848	0.0000411722
2849	0.0000413602
2850	0.0000415423
2851	0.0000416377
2852	0.0000416519
2853	0.0000416294
2854	0.0000415693
2855	0.0000415148
2856	0.0000415515
2857	0.0000416468
2858	0.0000416748
2859	0.0000416347
2860	0.0000415814
2861	0.0000414874
2862	0.0000413679
2863	0.0000412781
2864	0.0000412122
2865	0.0000411597
2866	0.0000411543
2867	0.0000411676
2868	0.0000411042
2869	0.0000410090
2870	0.0000409587
2871	0.0000408751
2872	0.0000407298
2873	0.0000405468
2874	0.0000403176
2875	0.0000400801
2876	0.0000398077
2877	0.0000394435
2878	0.0000390175
2879	0.0000385500
2880	0.0000380688
2881	0.0000376845
2882	0.0000375083
2883	0.0000374888
2884	0.0000374762
2885	0.0000374558
2886	0.0000374777
2887	0.0000375271
2888	0.0000375742
2889	0.0000375961
2890	0.0000375925
2891	0.0000375566
2892	0.0000374921
2893	0.0000374464
2894	0.0000374425
2895	0.0000374932
2896	0.0000375921
2897	0.0000376985
2898	0.0000378054
2899	0.0000379120
2900	0.0000380167
2901	0.0000381164
2902	0.0000381909
2903	0.0000382430
2904	0.0000382653
2905	0.0000382642
2906	0.0000382822
2907	0.0000383169
2908	0.0000383543
2909	0.0000383949
2910	0.0000384166
2911	0.0000384090
2912	0.0000383876
2913	0.0000383587
2914	0.0000383326
2915	0.0000383581
2916	0.0000384404
2917	0.0000385099
2918	0.0000385202
2919	0.0000384545
2920	0.0000383498
2921	0.0000382726
2922	0.0000382068
2923	0.0000381256
2924	0.0000380110
2925	0.0000378309
2926	0.0000376405
2927	0.0000374797
2928	0.0000373084
2929	0.0000371464
2930	0.0000370298
2931	0.0000369204
2932	0.0000367896
2933	0.0000366693
2934	0.0000365966
2935	0.0000365651
2936	0.0000365556
2937	0.0000365688
2938	0.0000365886
2939	0.0000365900
2940	0.0000365909
2941	0.0000366089
2942	0.0000366278
2943	0.0000366355
2944	0.0000366078
2945	0.0000365225
2946	0.0000364046
2947	0.0000362845
2948	0.0000361659
2949	0.0000360469
2950	0.0000359529
2951	0.0000359213
2952	0.0000359431
2953	0.0000359636
2954	0.0000359368
2955	0.0000358780
2956	0.0000358235
2957	0.0000357738
2958	0.0000357650
2959	0.0000358332
2960	0.0000359291
2961	0.0000360511
2962	0.0000362603
2963	0.0000365230
2964	0.0000367195
2965	0.0000367854
2966	0.0000367743
2967	0.0000367155
2968	0.0000365261
2969	0.0000361591
2970	0.0000356613
2971	0.0000351275
2972	0.0000346372
2973	0.0000341541
2974	0.0000336292
2975	0.0000330678
2976	0.0000324466
2977	0.0000318157
2978	0.0000312736
2979	0.0000308140
2980	0.0000304227
2981	0.0000300837
2982	0.0000296879
2983	0.0000291966
2984	0.0000287601
2985	0.0000284425
2986	0.0000281007
2987	0.0000277427
2988	0.0000274392
2989	0.0000270680
2990	0.0000266475
2991	0.0000262605
2992	0.0000258443
2993	0.0000254200
2994	0.0000249549
2995	0.0000244302
2996	0.0000240411
2997	0.0000238522
2998	0.0000237747
2999	0.0000237266
