0	0.0000000000
1	0.0000000000
2	0.0000000000
3	0.0000000000
4	0.0000000000
5	0.0000000000
6	0.0000000000
7	0.0000000000
8	0.0000000000
9	0.0000000000
10	0.0000000000
11	0.0000000000
12	0.0000000000
13	0.0000000000
14	0.0000000000
15	0.0000000000
16	0.0000000000
17	0.0000000000
18	0.0000000000
19	0.0000000000
20	0.0000000000
21	0.0000000000
22	0.0000000000
23	0.0000000000
24	0.0000000000
25	0.0000000000
26	0.0000000000
27	0.0000000000
28	0.0000000000
29	0.0000000001
30	0.0000000003
31	0.0000000009
32	0.0000000027
33	0.0000000075
34	0.0000000183
35	0.0000000400
36	0.0000000782
37	0.0000001357
38	0.0000002090
39	0.0000002863
40	0.0000003528
41	0.0000004023
42	0.0000004465
43	0.0000005065
44	0.0000005919
45	0.0000006869
46	0.0000007690
47	0.0000008405
48	0.0000009271
49	0.0000010394
50	0.0000011543
51	0.0000012535
52	0.0000013565
53	0.0000014864
54	0.0000016253
55	0.0000017491
56	0.0000018758
57	0.0000020296
58	0.0000021893
59	0.0000023338
60	0.0000024890
61	0.0000026699
62	0.0000028459
63	0.0000030121
64	0.0000032011
65	0.0000034046
66	0.0000035933
67	0.0000037894
68	0.0000040109
69	0.0000042256
70	0.0000044336
71	0.0000046667
72	0.0000049048
73	0.0000051289
74	0.0000053714
75	0.0000056282
76	0.0000058696
77	0.0000061214
78	0.0000063928
79	0.0000066505
80	0.0000069116
81	0.0000071944
82	0.0000074662
83	0.0000077364
84	0.0000080284
85	0.0000083114
86	0.0000085898
87	0.0000088894
88	0.0000091809
89	0.0000094661
90	0.0000097712
91	0.0000100681
92	0.0000103588
93	0.0000106694
94	0.0000109718
95	0.0000112690
96	0.0000115825
97	0.0000118816
98	0.0000121736
99	0.0000124814
100	0.0000127814
101	0.0000130895
102	0.0000134170
103	0.0000137265
104	0.0000140278
105	0.0000143288
106	0.0000146119
107	0.0000149077
108	0.0000152148
109	0.0000155061
110	0.0000158041
111	0.0000161036
112	0.0000163972
113	0.0000167079
114	0.0000170089
115	0.0000172944
116	0.0000175914
117	0.0000178808
118	0.0000181662
119	0.0000184539
120	0.0000187231
121	0.0000189985
122	0.0000192807
123	0.0000195450
124	0.0000198131
125	0.0000200808
126	0.0000203431
127	0.0000206141
128	0.0000208716
129	0.0000211273
130	0.0000213961
131	0.0000216511
132	0.0000219050
133	0.0000221626
134	0.0000224124
135	0.0000226687
136	0.0000229153
137	0.0000231559
138	0.0000234081
139	0.0000236465
140	0.0000238800
141	0.0000241188
142	0.0000243474
143	0.0000245770
144	0.0000247994
145	0.0000250159
146	0.0000252398
147	0.0000254491
148	0.0000256561
149	0.0000258693
150	0.0000260691
151	0.0000262681
152	0.0000264638
153	0.0000266556
154	0.0000268549
155	0.0000270503
156	0.0000272538
157	0.0000274549
158	0.0000276252
159	0.0000277789
160	0.0000279222
161	0.0000280829
162	0.0000283034
163	0.0000285728
164	0.0000288477
165	0.0000290457
166	0.0000291180
167	0.0000291148
168	0.0000291280
169	0.0000292673
170	0.0000295579
171	0.0000298990
172	0.0000301917
173	0.0000303891
174	0.0000305203
175	0.0000306376
176	0.0000307301
177	0.0000307745
178	0.0000307714
179	0.0000307854
180	0.0000309012
181	0.0000311008
182	0.0000313251
183	0.0000315436
184	0.0000317617
185	0.0000320052
186	0.0000322352
187	0.0000323927
188	0.0000324742
189	0.0000325193
190	0.0000325670
191	0.0000325871
192	0.0000325614
193	0.0000325447
194	0.0000325808
195	0.0000326738
196	0.0000327851
197	0.0000329030
198	0.0000330735
199	0.0000332980
200	0.0000335326
201	0.0000337415
202	0.0000339364
203	0.0000341422
204	0.0000343170
205	0.0000344320
206	0.0000345129
207	0.0000345755
208	0.0000346105
209	0.0000345950
210	0.0000345547
211	0.0000345315
212	0.0000345093
213	0.0000344692
214	0.0000344323
215	0.0000344417
216	0.0000344878
217	0.0000345277
218	0.0000345880
219	0.0000346965
220	0.0000348334
221	0.0000349740
222	0.0000351147
223	0.0000352823
224	0.0000354630
225	0.0000356209
226	0.0000357661
227	0.0000359102
228	0.0000360393
229	0.0000361361
230	0.0000362118
231	0.0000362751
232	0.0000363020
233	0.0000362989
234	0.0000362864
235	0.0000362591
236	0.0000362082
237	0.0000361437
238	0.0000360846
239	0.0000360112
240	0.0000359133
241	0.0000358264
242	0.0000357604
243	0.0000356926
244	0.0000356181
245	0.0000355739
246	0.0000355621
247	0.0000355428
248	0.0000355362
249	0.0000355636
250	0.0000355990
251	0.0000356307
252	0.0000356763
253	0.0000357569
254	0.0000358463
255	0.0000359277
256	0.0000360338
257	0.0000361602
258	0.0000362809
259	0.0000363975
260	0.0000365229
261	0.0000366454
262	0.0000367434
263	0.0000368356
264	0.0000369263
265	0.0000369955
266	0.0000370494
267	0.0000370954
268	0.0000371324
269	0.0000371585
270	0.0000371735
271	0.0000371778
272	0.0000371707
273	0.0000371560
274	0.0000371281
275	0.0000370830
276	0.0000370274
277	0.0000369614
278	0.0000368781
279	0.0000367838
280	0.0000366874
281	0.0000365727
282	0.0000364439
283	0.0000363197
284	0.0000361836
285	0.0000360311
286	0.0000358883
287	0.0000357674
288	0.0000356443
289	0.0000355089
290	0.0000353745
291	0.0000352065
292	0.0000349909
293	0.0000347816
294	0.0000346144
295	0.0000344930
296	0.0000344163
297	0.0000343611
298	0.0000342463
299	0.0000340401
300	0.0000338096
301	0.0000335831
302	0.0000333925
303	0.0000332928
304	0.0000332535
305	0.0000332135
306	0.0000331711
307	0.0000331601
308	0.0000331584
309	0.0000331325
310	0.0000330855
311	0.0000329794
312	0.0000328181
313	0.0000326798
314	0.0000325928
315	0.0000325222
316	0.0000324516
317	0.0000324057
318	0.0000323760
319	0.0000323674
320	0.0000323949
321	0.0000323859
322	0.0000323183
323	0.0000322464
324	0.0000321688
325	0.0000320593
326	0.0000319199
327	0.0000317639
328	0.0000315948
329	0.0000314530
330	0.0000313684
331	0.0000312943
332	0.0000312252
333	0.0000311994
334	0.0000312136
335	0.0000312442
336	0.0000312760
337	0.0000312969
338	0.0000312978
339	0.0000313034
340	0.0000312894
341	0.0000311985
342	0.0000310801
343	0.0000309694
344	0.0000308295
345	0.0000306629
346	0.0000304858
347	0.0000303031
348	0.0000301360
349	0.0000300061
350	0.0000298849
351	0.0000297561
352	0.0000296631
353	0.0000295989
354	0.0000295266
355	0.0000294540
356	0.0000293920
357	0.0000293375
358	0.0000292754
359	0.0000291812
360	0.0000290343
361	0.0000288561
362	0.0000286613
363	0.0000284250
364	0.0000281968
365	0.0000280209
366	0.0000278452
367	0.0000276334
368	0.0000273782
369	0.0000270887
370	0.0000268159
371	0.0000266061
372	0.0000264489
373	0.0000263337
374	0.0000262671
375	0.0000261988
376	0.0000261067
377	0.0000260324
378	0.0000259764
379	0.0000259129
380	0.0000258329
381	0.0000257553
382	0.0000257140
383	0.0000257242
384	0.0000257436
385	0.0000257247
386	0.0000256861
387	0.0000256021
388	0.0000254513
389	0.0000252904
390	0.0000250983
391	0.0000248310
392	0.0000245250
393	0.0000242281
394	0.0000239720
395	0.0000237662
396	0.0000235697
397	0.0000233597
398	0.0000232117
399	0.0000231302
400	0.0000230314
401	0.0000229213
402	0.0000228114
403	0.0000226845
404	0.0000225581
405	0.0000224434
406	0.0000223323
407	0.0000222266
408	0.0000221438
409	0.0000220870
410	0.0000220553
411	0.0000220242
412	0.0000219810
413	0.0000219645
414	0.0000219442
415	0.0000218681
416	0.0000217567
417	0.0000216236
418	0.0000214613
419	0.0000212671
420	0.0000210405
421	0.0000208054
422	0.0000205955
423	0.0000203825
424	0.0000201605
425	0.0000199743
426	0.0000197942
427	0.0000196231
428	0.0000194918
429	0.0000193504
430	0.0000191879
431	0.0000190466
432	0.0000189213
433	0.0000187630
434	0.0000185693
435	0.0000183708
436	0.0000181801
437	0.0000180011
438	0.0000178154
439	0.0000176578
440	0.0000175656
441	0.0000174971
442	0.0000174523
443	0.0000174603
444	0.0000175097
445	0.0000175852
446	0.0000176760
447	0.0000177715
448	0.0000178857
449	0.0000180130
450	0.0000181156
451	0.0000182044
452	0.0000182768
453	0.0000183209
454	0.0000183492
455	0.0000183337
456	0.0000182939
457	0.0000182661
458	0.0000182172
459	0.0000181463
460	0.0000181077
461	0.0000181048
462	0.0000180982
463	0.0000181044
464	0.0000181424
465	0.0000182141
466	0.0000182984
467	0.0000183525
468	0.0000184182
469	0.0000185022
470	0.0000185441
471	0.0000185607
472	0.0000185668
473	0.0000185355
474	0.0000184730
475	0.0000183859
476	0.0000182531
477	0.0000181071
478	0.0000179621
479	0.0000177760
480	0.0000175727
481	0.0000173593
482	0.0000171255
483	0.0000168876
484	0.0000166434
485	0.0000164412
486	0.0000162947
487	0.0000161406
488	0.0000159721
489	0.0000158074
490	0.0000156205
491	0.0000154330
492	0.0000153312
493	0.0000153266
494	0.0000153712
495	0.0000154138
496	0.0000153975
497	0.0000153157
498	0.0000151982
499	0.0000150957
500	0.0000150619
501	0.0000150896
502	0.0000151364
503	0.0000151729
504	0.0000151895
505	0.0000151959
506	0.0000152088
507	0.0000152344
508	0.0000152724
509	0.0000153264
510	0.0000154078
511	0.0000155009
512	0.0000155733
513	0.0000156401
514	0.0000157355
515	0.0000158929
516	0.0000161161
517	0.0000163629
518	0.0000166195
519	0.0000168822
520	0.0000171283
521	0.0000173684
522	0.0000176072
523	0.0000177612
524	0.0000177976
525	0.0000178078
526	0.0000178374
527	0.0000178936
528	0.0000179706
529	0.0000180365
530	0.0000181082
531	0.0000182077
532	0.0000183298
533	0.0000184361
534	0.0000184578
535	0.0000183863
536	0.0000182957
537	0.0000182137
538	0.0000181043
539	0.0000179727
540	0.0000178468
541	0.0000178165
542	0.0000179151
543	0.0000180502
544	0.0000182217
545	0.0000184317
546	0.0000186603
547	0.0000189374
548	0.0000192024
549	0.0000193822
550	0.0000195028
551	0.0000196505
552	0.0000198646
553	0.0000200723
554	0.0000202248
555	0.0000204368
556	0.0000207905
557	0.0000212083
558	0.0000216817
559	0.0000221939
560	0.0000226860
561	0.0000232118
562	0.0000237322
563	0.0000241300
564	0.0000244128
565	0.0000246581
566	0.0000248947
567	0.0000250672
568	0.0000251175
569	0.0000250873
570	0.0000250707
571	0.0000250585
572	0.0000250303
573	0.0000250147
574	0.0000250244
575	0.0000250989
576	0.0000251936
577	0.0000252499
578	0.0000252875
579	0.0000252944
580	0.0000252839
581	0.0000252303
582	0.0000250761
583	0.0000248825
584	0.0000247077
585	0.0000245033
586	0.0000242411
587	0.0000239680
588	0.0000237275
589	0.0000235229
590	0.0000233259
591	0.0000231505
592	0.0000230320
593	0.0000229666
594	0.0000229629
595	0.0000229889
596	0.0000230273
597	0.0000231237
598	0.0000232409
599	0.0000233226
600	0.0000233976
601	0.0000234873
602	0.0000235617
603	0.0000236069
604	0.0000236358
605	0.0000236769
606	0.0000237449
607	0.0000238016
608	0.0000238531
609	0.0000239281
610	0.0000240308
611	0.0000241745
612	0.0000243208
613	0.0000244658
614	0.0000246534
615	0.0000248645
616	0.0000250709
617	0.0000252635
618	0.0000254687
619	0.0000257221
620	0.0000259837
621	0.0000262180
622	0.0000264638
623	0.0000267153
624	0.0000269192
625	0.0000270942
626	0.0000272725
627	0.0000274594
628	0.0000276410
629	0.0000277713
630	0.0000278468
631	0.0000278846
632	0.0000279014
633	0.0000279162
634	0.0000279277
635	0.0000279838
636	0.0000281039
637	0.0000282171
638	0.0000283144
639	0.0000284630
640	0.0000286605
641	0.0000288611
642	0.0000290693
643	0.0000292808
644	0.0000294976
645	0.0000297265
646	0.0000299430
647	0.0000301644
648	0.0000303897
649	0.0000305911
650	0.0000307697
651	0.0000309233
652	0.0000310677
653	0.0000311954
654	0.0000312786
655	0.0000313419
656	0.0000314154
657	0.0000314855
658	0.0000315279
659	0.0000315440
660	0.0000315466
661	0.0000315184
662	0.0000314487
663	0.0000313795
664	0.0000312972
665	0.0000311625
666	0.0000310201
667	0.0000309027
668	0.0000308183
669	0.0000307597
670	0.0000307077
671	0.0000306847
672	0.0000307003
673	0.0000307385
674	0.0000307846
675	0.0000308379
676	0.0000308901
677	0.0000309149
678	0.0000309276
679	0.0000309561
680	0.0000309629
681	0.0000309303
682	0.0000309238
683	0.0000309304
684	0.0000308966
685	0.0000308347
686	0.0000307591
687	0.0000307249
688	0.0000307334
689	0.0000307320
690	0.0000307200
691	0.0000306543
692	0.0000305074
693	0.0000303375
694	0.0000302272
695	0.0000302321
696	0.0000303321
697	0.0000304834
698	0.0000306569
699	0.0000307523
700	0.0000307154
701	0.0000306927
702	0.0000308176
703	0.0000310883
704	0.0000314280
705	0.0000317821
706	0.0000321490
707	0.0000324706
708	0.0000327757
709	0.0000331243
710	0.0000334512
711	0.0000337547
712	0.0000340895
713	0.0000344949
714	0.0000349893
715	0.0000355284
716	0.0000360486
717	0.0000364993
718	0.0000368433
719	0.0000371054
720	0.0000373728
721	0.0000376558
722	0.0000379019
723	0.0000381251
724	0.0000384143
725	0.0000387839
726	0.0000391493
727	0.0000395065
728	0.0000398175
729	0.0000400398
730	0.0000402717
731	0.0000405480
732	0.0000408467
733	0.0000411733
734	0.0000415452
735	0.0000420194
736	0.0000425933
737	0.0000431931
738	0.0000437879
739	0.0000443497
740	0.0000448447
741	0.0000452986
742	0.0000457330
743	0.0000461446
744	0.0000464984
745	0.0000468126
746	0.0000471826
747	0.0000475834
748	0.0000479520
749	0.0000482842
750	0.0000485721
751	0.0000488060
752	0.0000489685
753	0.0000490530
754	0.0000490360
755	0.0000489558
756	0.0000488890
757	0.0000488031
758	0.0000486811
759	0.0000485820
760	0.0000485134
761	0.0000484422
762	0.0000483549
763	0.0000482336
764	0.0000480815
765	0.0000478831
766	0.0000476251
767	0.0000473560
768	0.0000470599
769	0.0000467223
770	0.0000463969
771	0.0000461137
772	0.0000458402
773	0.0000455415
774	0.0000452805
775	0.0000450554
776	0.0000448190
777	0.0000446090
778	0.0000443761
779	0.0000440791
780	0.0000438102
781	0.0000435754
782	0.0000433118
783	0.0000430386
784	0.0000428095
785	0.0000426998
786	0.0000426789
787	0.0000426713
788	0.0000427574
789	0.0000429532
790	0.0000431913
791	0.0000434296
792	0.0000436414
793	0.0000438395
794	0.0000439923
795	0.0000440924
796	0.0000441361
797	0.0000441084
798	0.0000440706
799	0.0000440357
800	0.0000439690
801	0.0000438875
802	0.0000438346
803	0.0000437937
804	0.0000437226
805	0.0000436506
806	0.0000435898
807	0.0000434968
808	0.0000433954
809	0.0000433015
810	0.0000431233
811	0.0000428744
812	0.0000426367
813	0.0000424106
814	0.0000422030
815	0.0000420121
816	0.0000418480
817	0.0000416779
818	0.0000414333
819	0.0000411697
820	0.0000409864
821	0.0000409363
822	0.0000410106
823	0.0000411255
824	0.0000411592
825	0.0000410316
826	0.0000407666
827	0.0000404249
828	0.0000400903
829	0.0000399120
830	0.0000398786
831	0.0000397550
832	0.0000394688
833	0.0000390805
834	0.0000386115
835	0.0000381524
836	0.0000377550
837	0.0000374504
838	0.0000372379
839	0.0000370484
840	0.0000369064
841	0.0000368388
842	0.0000368191
843	0.0000368078
844	0.0000367457
845	0.0000366227
846	0.0000364902
847	0.0000364083
848	0.0000363752
849	0.0000363574
850	0.0000363511
851	0.0000363479
852	0.0000363397
853	0.0000363490
854	0.0000363790
855	0.0000364083
856	0.0000364476
857	0.0000365153
858	0.0000366202
859	0.0000367665
860	0.0000369402
861	0.0000371089
862	0.0000372529
863	0.0000374000
864	0.0000375524
865	0.0000376743
866	0.0000377607
867	0.0000378169
868	0.0000378452
869	0.0000378534
870	0.0000378435
871	0.0000378181
872	0.0000377845
873	0.0000377463
874	0.0000377031
875	0.0000376594
876	0.0000376258
877	0.0000376130
878	0.0000376318
879	0.0000376750
880	0.0000377127
881	0.0000377317
882	0.0000377459
883	0.0000377707
884	0.0000377838
885	0.0000377665
886	0.0000377445
887	0.0000377199
888	0.0000377028
889	0.0000377151
890	0.0000377324
891	0.0000377449
892	0.0000377635
893	0.0000377941
894	0.0000378424
895	0.0000379036
896	0.0000379681
897	0.0000380234
898	0.0000380657
899	0.0000381065
900	0.0000381506
901	0.0000381867
902	0.0000382088
903	0.0000382253
904	0.0000382430
905	0.0000382555
906	0.0000382530
907	0.0000382345
908	0.0000381989
909	0.0000381451
910	0.0000381033
911	0.0000380915
912	0.0000380820
913	0.0000380739
914	0.0000380831
915	0.0000381084
916	0.0000381514
917	0.0000382126
918	0.0000382689
919	0.0000382716
920	0.0000382400
921	0.0000382285
922	0.0000381891
923	0.0000380771
924	0.0000379441
925	0.0000378223
926	0.0000377105
927	0.0000376063
928	0.0000374844
929	0.0000373649
930	0.0000372675
931	0.0000371568
932	0.0000370058
933	0.0000368034
934	0.0000365728
935	0.0000363161
936	0.0000360309
937	0.0000357309
938	0.0000354043
939	0.0000350907
940	0.0000348196
941	0.0000345745
942	0.0000343192
943	0.0000340730
944	0.0000339322
945	0.0000338336
946	0.0000336828
947	0.0000334994
948	0.0000332610
949	0.0000329903
950	0.0000327231
951	0.0000323881
952	0.0000319878
953	0.0000315810
954	0.0000311058
955	0.0000304825
956	0.0000297286
957	0.0000289769
958	0.0000283352
959	0.0000277886
960	0.0000273196
961	0.0000268905
962	0.0000264750
963	0.0000260822
964	0.0000256989
965	0.0000253335
966	0.0000250062
967	0.0000247271
968	0.0000244465
969	0.0000241244
970	0.0000237949
971	0.0000234929
972	0.0000232433
973	0.0000229916
974	0.0000226933
975	0.0000224558
976	0.0000223561
977	0.0000223210
978	0.0000223192
979	0.0000224038
980	0.0000225439
981	0.0000226485
982	0.0000227198
983	0.0000228008
984	0.0000228417
985	0.0000228424
986	0.0000228131
987	0.0000227061
988	0.0000225953
989	0.0000224984
990	0.0000223512
991	0.0000221433
992	0.0000218806
993	0.0000216205
994	0.0000213806
995	0.0000211314
996	0.0000208646
997	0.0000206245
998	0.0000204536
999	0.0000203027
1000	0.0000201681
1001	0.0000200802
1002	0.0000200047
1003	0.0000199033
1004	0.0000197841
1005	0.0000196890
1006	0.0000195961
1007	0.0000194458
1008	0.0000192532
1009	0.0000190499
1010	0.0000188745
1011	0.0000187553
1012	0.0000186167
1013	0.0000184549
1014	0.0000183313
1015	0.0000182029
1016	0.0000180629
1017	0.0000179468
1018	0.0000178658
1019	0.0000178270
1020	0.0000178122
1021	0.0000177911
1022	0.0000177413
1023	0.0000176700
1024	0.0000175921
1025	0.0000175212
1026	0.0000174552
1027	0.0000173456
1028	0.0000171507
1029	0.0000169101
1030	0.0000167180
1031	0.0000166130
1032	0.0000165742
1033	0.0000165889
1034	0.0000166513
1035	0.0000167336
1036	0.0000168082
1037	0.0000168837
1038	0.0000170076
1039	0.0000171768
1040	0.0000173429
1041	0.0000175461
1042	0.0000178057
1043	0.0000181025
1044	0.0000184396
1045	0.0000187636
1046	0.0000190133
1047	0.0000191827
1048	0.0000193560
1049	0.0000195648
1050	0.0000198263
1051	0.0000201933
1052	0.0000205232
1053	0.0000207561
1054	0.0000210092
1055	0.0000212717
1056	0.0000214721
1057	0.0000215607
1058	0.0000215555
1059	0.0000215561
1060	0.0000216121
1061	0.0000217030
1062	0.0000218403
1063	0.0000220327
1064	0.0000221916
1065	0.0000222671
1066	0.0000223281
1067	0.0000223694
1068	0.0000223172
1069	0.0000221855
1070	0.0000220164
1071	0.0000218724
1072	0.0000217790
1073	0.0000217135
1074	0.0000216795
1075	0.0000216361
1076	0.0000215789
1077	0.0000215111
1078	0.0000214380
1079	0.0000214087
1080	0.0000213644
1081	0.0000213228
1082	0.0000214082
1083	0.0000216175
1084	0.0000218888
1085	0.0000221782
1086	0.0000224633
1087	0.0000227757
1088	0.0000231118
1089	0.0000233806
1090	0.0000235557
1091	0.0000236831
1092	0.0000237639
1093	0.0000237939
1094	0.0000238076
1095	0.0000238003
1096	0.0000237434
1097	0.0000236732
1098	0.0000236091
1099	0.0000235111
1100	0.0000233352
1101	0.0000231046
1102	0.0000228688
1103	0.0000226148
1104	0.0000223533
1105	0.0000221151
1106	0.0000219391
1107	0.0000218319
1108	0.0000217616
1109	0.0000217432
1110	0.0000217403
1111	0.0000217259
1112	0.0000217154
1113	0.0000216960
1114	0.0000216813
1115	0.0000216763
1116	0.0000216814
1117	0.0000217269
1118	0.0000218607
1119	0.0000220592
1120	0.0000222537
1121	0.0000225084
1122	0.0000228609
1123	0.0000232134
1124	0.0000235518
1125	0.0000238938
1126	0.0000242079
1127	0.0000245217
1128	0.0000248443
1129	0.0000251531
1130	0.0000254407
1131	0.0000257108
1132	0.0000260210
1133	0.0000264010
1134	0.0000267912
1135	0.0000271456
1136	0.0000275554
1137	0.0000280572
1138	0.0000285256
1139	0.0000289228
1140	0.0000292622
1141	0.0000295564
1142	0.0000298416
1143	0.0000301112
1144	0.0000303817
1145	0.0000306631
1146	0.0000309401
1147	0.0000312062
1148	0.0000314634
1149	0.0000317457
1150	0.0000320762
1151	0.0000324572
1152	0.0000328715
1153	0.0000332252
1154	0.0000334364
1155	0.0000335355
1156	0.0000335722
1157	0.0000335969
1158	0.0000336493
1159	0.0000337132
1160	0.0000337769
1161	0.0000338185
1162	0.0000338060
1163	0.0000337557
1164	0.0000337129
1165	0.0000336934
1166	0.0000336902
1167	0.0000337069
1168	0.0000337247
1169	0.0000337298
1170	0.0000337364
1171	0.0000337480
1172	0.0000337586
1173	0.0000337617
1174	0.0000337542
1175	0.0000337386
1176	0.0000337138
1177	0.0000336761
1178	0.0000336283
1179	0.0000335756
1180	0.0000335345
1181	0.0000335174
1182	0.0000335058
1183	0.0000334855
1184	0.0000334582
1185	0.0000334356
1186	0.0000334321
1187	0.0000334274
1188	0.0000334013
1189	0.0000333681
1190	0.0000333450
1191	0.0000333561
1192	0.0000334160
1193	0.0000335049
1194	0.0000335866
1195	0.0000336444
1196	0.0000336922
1197	0.0000337156
1198	0.0000337031
1199	0.0000336654
1200	0.0000335944
1201	0.0000335195
1202	0.0000334818
1203	0.0000334743
1204	0.0000334672
1205	0.0000334524
1206	0.0000334477
1207	0.0000334745
1208	0.0000335286
1209	0.0000335703
1210	0.0000336008
1211	0.0000336156
1212	0.0000336341
1213	0.0000337579
1214	0.0000339531
1215	0.0000341092
1216	0.0000342363
1217	0.0000343530
1218	0.0000344472
1219	0.0000345166
1220	0.0000345482
1221	0.0000345915
1222	0.0000346954
1223	0.0000348583
1224	0.0000351131
1225	0.0000354475
1226	0.0000358197
1227	0.0000361918
1228	0.0000365871
1229	0.0000370830
1230	0.0000376203
1231	0.0000381233
1232	0.0000385401
1233	0.0000388411
1234	0.0000391174
1235	0.0000394249
1236	0.0000397278
1237	0.0000399904
1238	0.0000402630
1239	0.0000406083
1240	0.0000410133
1241	0.0000414151
1242	0.0000417794
1243	0.0000421724
1244	0.0000425752
1245	0.0000429430
1246	0.0000433409
1247	0.0000437648
1248	0.0000441905
1249	0.0000446482
1250	0.0000451190
1251	0.0000455348
1252	0.0000458663
1253	0.0000461367
1254	0.0000463505
1255	0.0000465036
1256	0.0000465948
1257	0.0000466203
1258	0.0000466344
1259	0.0000466876
1260	0.0000467745
1261	0.0000468762
1262	0.0000469691
1263	0.0000471041
1264	0.0000473209
1265	0.0000475724
1266	0.0000478191
1267	0.0000480401
1268	0.0000482746
1269	0.0000485115
1270	0.0000486843
1271	0.0000487984
1272	0.0000488774
1273	0.0000489418
1274	0.0000489927
1275	0.0000490409
1276	0.0000490760
1277	0.0000490780
1278	0.0000491074
1279	0.0000491657
1280	0.0000491905
1281	0.0000491913
1282	0.0000491667
1283	0.0000490603
1284	0.0000488870
1285	0.0000486879
1286	0.0000484546
1287	0.0000482418
1288	0.0000481147
1289	0.0000480345
1290	0.0000479215
1291	0.0000477356
1292	0.0000475223
1293	0.0000473298
1294	0.0000470782
1295	0.0000467513
1296	0.0000464215
1297	0.0000460557
1298	0.0000456486
1299	0.0000452070
1300	0.0000447575
1301	0.0000443811
1302	0.0000440627
1303	0.0000437691
1304	0.0000434945
1305	0.0000432894
1306	0.0000432045
1307	0.0000432069
1308	0.0000432561
1309	0.0000433107
1310	0.0000433782
1311	0.0000434682
1312	0.0000435710
1313	0.0000436865
1314	0.0000437663
1315	0.0000437936
1316	0.0000438158
1317	0.0000438501
1318	0.0000438427
1319	0.0000437957
1320	0.0000437755
1321	0.0000437710
1322	0.0000437537
1323	0.0000437375
1324	0.0000437533
1325	0.0000438010
1326	0.0000438296
1327	0.0000438440
1328	0.0000438642
1329	0.0000438682
1330	0.0000438734
1331	0.0000438707
1332	0.0000438532
1333	0.0000438777
1334	0.0000439373
1335	0.0000439683
1336	0.0000439588
1337	0.0000439439
1338	0.0000438937
1339	0.0000437941
1340	0.0000436652
1341	0.0000434531
1342	0.0000431569
1343	0.0000427716
1344	0.0000423060
1345	0.0000418529
1346	0.0000414748
1347	0.0000412235
1348	0.0000410520
1349	0.0000408595
1350	0.0000406318
1351	0.0000404094
1352	0.0000402350
1353	0.0000401015
1354	0.0000400370
1355	0.0000400878
1356	0.0000401621
1357	0.0000400757
1358	0.0000397457
1359	0.0000392570
1360	0.0000387604
1361	0.0000383389
1362	0.0000379535
1363	0.0000375060
1364	0.0000369916
1365	0.0000364766
1366	0.0000358925
1367	0.0000352506
1368	0.0000347332
1369	0.0000343339
1370	0.0000339365
1371	0.0000336106
1372	0.0000334752
1373	0.0000334625
1374	0.0000335200
1375	0.0000336093
1376	0.0000336447
1377	0.0000337057
1378	0.0000338431
1379	0.0000340943
1380	0.0000344766
1381	0.0000348908
1382	0.0000353416
1383	0.0000357709
1384	0.0000360961
1385	0.0000363824
1386	0.0000366578
1387	0.0000368981
1388	0.0000370961
1389	0.0000372652
1390	0.0000374615
1391	0.0000377616
1392	0.0000381076
1393	0.0000383691
1394	0.0000385354
1395	0.0000386361
1396	0.0000386659
1397	0.0000386232
1398	0.0000385374
1399	0.0000384294
1400	0.0000382780
1401	0.0000381058
1402	0.0000379856
1403	0.0000379143
1404	0.0000378092
1405	0.0000376444
1406	0.0000374910
1407	0.0000373892
1408	0.0000373419
1409	0.0000373715
1410	0.0000374413
1411	0.0000375570
1412	0.0000377605
1413	0.0000380038
1414	0.0000382395
1415	0.0000384219
1416	0.0000385509
1417	0.0000386446
1418	0.0000386794
1419	0.0000386967
1420	0.0000387296
1421	0.0000387555
1422	0.0000387722
1423	0.0000387978
1424	0.0000388367
1425	0.0000388808
1426	0.0000389280
1427	0.0000389529
1428	0.0000389486
1429	0.0000389429
1430	0.0000389372
1431	0.0000389185
1432	0.0000388875
1433	0.0000388491
1434	0.0000387996
1435	0.0000387319
1436	0.0000386442
1437	0.0000385368
1438	0.0000384272
1439	0.0000383375
1440	0.0000382598
1441	0.0000381764
1442	0.0000380943
1443	0.0000380424
1444	0.0000380083
1445	0.0000379414
1446	0.0000378200
1447	0.0000376651
1448	0.0000375033
1449	0.0000373070
1450	0.0000370685
1451	0.0000368361
1452	0.0000366521
1453	0.0000365105
1454	0.0000363818
1455	0.0000362971
1456	0.0000362290
1457	0.0000361461
1458	0.0000360971
1459	0.0000360601
1460	0.0000359775
1461	0.0000358500
1462	0.0000357645
1463	0.0000357209
1464	0.0000356983
1465	0.0000357738
1466	0.0000358503
1467	0.0000358669
1468	0.0000359315
1469	0.0000360338
1470	0.0000361293
1471	0.0000362143
1472	0.0000362861
1473	0.0000363384
1474	0.0000362896
1475	0.0000360841
1476	0.0000357909
1477	0.0000354746
1478	0.0000351845
1479	0.0000349618
1480	0.0000347481
1481	0.0000344485
1482	0.0000339796
1483	0.0000333345
1484	0.0000326956
1485	0.0000322006
1486	0.0000317694
1487	0.0000313547
1488	0.0000309451
1489	0.0000304555
1490	0.0000298497
1491	0.0000291895
1492	0.0000286133
1493	0.0000282150
1494	0.0000279997
1495	0.0000278933
1496	0.0000277924
1497	0.0000276981
1498	0.0000276218
1499	0.0000275419
1500	0.0000274234
1501	0.0000272496
1502	0.0000270555
1503	0.0000268467
1504	0.0000266636
1505	0.0000265357
1506	0.0000264179
1507	0.0000262936
1508	0.0000261656
1509	0.0000260372
1510	0.0000259262
1511	0.0000258572
1512	0.0000258301
1513	0.0000257995
1514	0.0000257313
1515	0.0000256446
1516	0.0000255666
1517	0.0000254869
1518	0.0000253739
1519	0.0000252256
1520	0.0000250990
1521	0.0000250450
1522	0.0000250216
1523	0.0000249821
1524	0.0000249441
1525	0.0000248604
1526	0.0000247042
1527	0.0000245424
1528	0.0000243840
1529	0.0000242188
1530	0.0000240572
1531	0.0000239192
1532	0.0000238320
1533	0.0000237998
1534	0.0000238075
1535	0.0000238320
1536	0.0000238630
1537	0.0000238748
1538	0.0000238831
1539	0.0000239246
1540	0.0000239750
1541	0.0000240047
1542	0.0000240013
1543	0.0000239937
1544	0.0000239990
1545	0.0000239944
1546	0.0000239594
1547	0.0000238846
1548	0.0000237928
1549	0.0000237115
1550	0.0000236595
1551	0.0000236223
1552	0.0000235854
1553	0.0000235602
1554	0.0000235270
1555	0.0000234677
1556	0.0000233761
1557	0.0000232459
1558	0.0000230973
1559	0.0000229678
1560	0.0000228670
1561	0.0000227630
1562	0.0000226749
1563	0.0000226516
1564	0.0000226706
1565	0.0000227435
1566	0.0000228986
1567	0.0000230649
1568	0.0000232134
1569	0.0000233866
1570	0.0000235914
1571	0.0000238032
1572	0.0000239797
1573	0.0000241286
1574	0.0000243267
1575	0.0000245717
1576	0.0000248009
1577	0.0000249967
1578	0.0000251326
1579	0.0000252285
1580	0.0000253012
1581	0.0000253355
1582	0.0000253528
1583	0.0000253232
1584	0.0000252967
1585	0.0000253223
1586	0.0000253212
1587	0.0000252789
1588	0.0000252005
1589	0.0000250643
1590	0.0000248668
1591	0.0000246420
1592	0.0000244079
1593	0.0000241724
1594	0.0000239988
1595	0.0000238991
1596	0.0000239011
1597	0.0000240290
1598	0.0000241899
1599	0.0000243484
1600	0.0000245614
1601	0.0000248379
1602	0.0000250916
1603	0.0000252457
1604	0.0000253726
1605	0.0000255138
1606	0.0000255834
1607	0.0000255688
1608	0.0000254889
1609	0.0000253756
1610	0.0000253162
1611	0.0000253385
1612	0.0000253853
1613	0.0000254167
1614	0.0000254908
1615	0.0000256728
1616	0.0000259858
1617	0.0000263374
1618	0.0000266530
1619	0.0000270241
1620	0.0000274500
1621	0.0000278673
1622	0.0000282475
1623	0.0000286519
1624	0.0000291197
1625	0.0000295351
1626	0.0000299371
1627	0.0000303407
1628	0.0000306133
1629	0.0000307849
1630	0.0000309633
1631	0.0000311143
1632	0.0000311983
1633	0.0000313012
1634	0.0000314515
1635	0.0000317286
1636	0.0000321725
1637	0.0000326781
1638	0.0000332505
1639	0.0000338676
1640	0.0000345053
1641	0.0000351580
1642	0.0000357219
1643	0.0000361744
1644	0.0000365952
1645	0.0000370383
1646	0.0000374464
1647	0.0000378050
1648	0.0000382490
1649	0.0000388495
1650	0.0000395464
1651	0.0000402454
1652	0.0000409391
1653	0.0000417202
1654	0.0000425786
1655	0.0000434218
1656	0.0000442155
1657	0.0000449783
1658	0.0000457534
1659	0.0000465006
1660	0.0000471980
1661	0.0000478988
1662	0.0000485647
1663	0.0000491574
1664	0.0000497159
1665	0.0000502452
1666	0.0000506641
1667	0.0000509877
1668	0.0000513643
1669	0.0000518194
1670	0.0000522853
1671	0.0000527741
1672	0.0000532750
1673	0.0000537248
1674	0.0000541892
1675	0.0000546875
1676	0.0000551894
1677	0.0000557910
1678	0.0000564360
1679	0.0000569960
1680	0.0000574132
1681	0.0000576758
1682	0.0000579134
1683	0.0000581883
1684	0.0000584570
1685	0.0000586976
1686	0.0000588819
1687	0.0000589532
1688	0.0000588554
1689	0.0000586365
1690	0.0000584116
1691	0.0000582333
1692	0.0000580872
1693	0.0000579359
1694	0.0000577540
1695	0.0000575613
1696	0.0000574025
1697	0.0000572843
1698	0.0000571884
1699	0.0000571134
1700	0.0000570447
1701	0.0000569871
1702	0.0000569304
1703	0.0000568265
1704	0.0000566943
1705	0.0000565183
1706	0.0000562855
1707	0.0000561027
1708	0.0000560515
1709	0.0000561088
1710	0.0000562006
1711	0.0000563035
1712	0.0000563991
1713	0.0000564777
1714	0.0000565863
1715	0.0000567324
1716	0.0000568693
1717	0.0000569655
1718	0.0000571022
1719	0.0000573097
1720	0.0000575204
1721	0.0000577263
1722	0.0000579185
1723	0.0000581002
1724	0.0000582474
1725	0.0000583504
1726	0.0000584934
1727	0.0000586996
1728	0.0000589080
1729	0.0000590738
1730	0.0000592084
1731	0.0000593217
1732	0.0000594099
1733	0.0000594673
1734	0.0000594797
1735	0.0000594745
1736	0.0000595034
1737	0.0000595855
1738	0.0000596914
1739	0.0000598218
1740	0.0000599760
1741	0.0000600921
1742	0.0000601763
1743	0.0000602563
1744	0.0000602992
1745	0.0000603013
1746	0.0000602763
1747	0.0000602404
1748	0.0000602140
1749	0.0000601802
1750	0.0000601226
1751	0.0000600355
1752	0.0000599240
1753	0.0000598267
1754	0.0000597667
1755	0.0000597111
1756	0.0000596439
1757	0.0000596324
1758	0.0000597138
1759	0.0000598511
1760	0.0000599979
1761	0.0000601361
1762	0.0000602950
1763	0.0000604723
1764	0.0000606425
1765	0.0000608148
1766	0.0000609975
1767	0.0000611699
1768	0.0000613217
1769	0.0000614830
1770	0.0000616636
1771	0.0000618332
1772	0.0000619570
1773	0.0000620388
1774	0.0000620966
1775	0.0000621348
1776	0.0000621621
1777	0.0000621668
1778	0.0000621589
1779	0.0000621649
1780	0.0000621808
1781	0.0000621962
1782	0.0000622081
1783	0.0000622072
1784	0.0000621740
1785	0.0000621342
1786	0.0000620959
1787	0.0000620219
1788	0.0000619431
1789	0.0000618872
1790	0.0000618564
1791	0.0000618790
1792	0.0000619259
1793	0.0000619710
1794	0.0000620369
1795	0.0000621114
1796	0.0000621740
1797	0.0000622131
1798	0.0000622368
1799	0.0000622987
1800	0.0000624418
1801	0.0000626228
1802	0.0000627773
1803	0.0000629056
1804	0.0000630167
1805	0.0000631254
1806	0.0000632366
1807	0.0000633402
1808	0.0000634302
1809	0.0000634858
1810	0.0000635017
1811	0.0000634572
1812	0.0000633878
1813	0.0000633727
1814	0.0000634163
1815	0.0000634915
1816	0.0000635457
1817	0.0000635294
1818	0.0000634322
1819	0.0000632849
1820	0.0000631460
1821	0.0000630469
1822	0.0000629340
1823	0.0000627631
1824	0.0000625987
1825	0.0000624431
1826	0.0000622705
1827	0.0000621349
1828	0.0000620777
1829	0.0000620889
1830	0.0000621231
1831	0.0000621791
1832	0.0000622622
1833	0.0000623420
1834	0.0000623870
1835	0.0000623612
1836	0.0000622644
1837	0.0000621406
1838	0.0000620451
1839	0.0000619946
1840	0.0000619635
1841	0.0000618895
1842	0.0000617172
1843	0.0000614488
1844	0.0000611121
1845	0.0000607641
1846	0.0000603879
1847	0.0000599043
1848	0.0000593796
1849	0.0000589101
1850	0.0000584983
1851	0.0000581320
1852	0.0000577505
1853	0.0000573082
1854	0.0000568326
1855	0.0000563767
1856	0.0000559507
1857	0.0000555282
1858	0.0000551813
1859	0.0000548578
1860	0.0000544201
1861	0.0000539948
1862	0.0000536821
1863	0.0000533817
1864	0.0000530624
1865	0.0000527817
1866	0.0000525608
1867	0.0000524300
1868	0.0000523573
1869	0.0000522516
1870	0.0000520494
1871	0.0000516139
1872	0.0000509770
1873	0.0000503162
1874	0.0000495901
1875	0.0000486516
1876	0.0000475069
1877	0.0000463380
1878	0.0000452933
1879	0.0000444116
1880	0.0000436150
1881	0.0000428406
1882	0.0000420757
1883	0.0000411923
1884	0.0000401556
1885	0.0000390022
1886	0.0000378038
1887	0.0000366602
1888	0.0000354897
1889	0.0000342994
1890	0.0000332055
1891	0.0000322170
1892	0.0000312646
1893	0.0000302698
1894	0.0000293403
1895	0.0000285669
1896	0.0000279054
1897	0.0000273869
1898	0.0000269377
1899	0.0000264966
1900	0.0000261726
1901	0.0000259908
1902	0.0000258742
1903	0.0000257243
1904	0.0000255508
1905	0.0000253929
1906	0.0000252509
1907	0.0000251784
1908	0.0000250806
1909	0.0000248821
1910	0.0000247248
1911	0.0000246833
1912	0.0000247000
1913	0.0000247683
1914	0.0000248776
1915	0.0000249900
1916	0.0000251326
1917	0.0000252534
1918	0.0000253365
1919	0.0000254154
1920	0.0000254484
1921	0.0000254860
1922	0.0000255850
1923	0.0000257601
1924	0.0000259876
1925	0.0000262071
1926	0.0000264146
1927	0.0000266134
1928	0.0000267533
1929	0.0000267741
1930	0.0000267240
1931	0.0000266427
1932	0.0000265094
1933	0.0000263465
1934	0.0000261893
1935	0.0000260132
1936	0.0000257742
1937	0.0000255705
1938	0.0000254436
1939	0.0000253099
1940	0.0000251627
1941	0.0000250680
1942	0.0000251192
1943	0.0000252489
1944	0.0000253394
1945	0.0000254599
1946	0.0000256555
1947	0.0000258746
1948	0.0000260949
1949	0.0000262577
1950	0.0000263161
1951	0.0000263701
1952	0.0000264744
1953	0.0000265666
1954	0.0000266512
1955	0.0000267524
1956	0.0000268528
1957	0.0000269657
1958	0.0000271105
1959	0.0000272744
1960	0.0000274256
1961	0.0000275662
1962	0.0000277238
1963	0.0000278757
1964	0.0000280075
1965	0.0000280963
1966	0.0000281314
1967	0.0000281547
1968	0.0000281640
1969	0.0000281718
1970	0.0000281687
1971	0.0000281451
1972	0.0000281640
1973	0.0000282276
1974	0.0000282967
1975	0.0000283319
1976	0.0000283153
1977	0.0000283017
1978	0.0000283101
1979	0.0000282260
1980	0.0000280056
1981	0.0000277844
1982	0.0000276210
1983	0.0000274405
1984	0.0000272288
1985	0.0000270835
1986	0.0000270027
1987	0.0000269271
1988	0.0000269079
1989	0.0000269203
1990	0.0000269324
1991	0.0000269781
1992	0.0000270315
1993	0.0000270732
1994	0.0000270984
1995	0.0000271040
1996	0.0000271143
1997	0.0000271523
1998	0.0000272031
1999	0.0000272545
2000	0.0000273109
2001	0.0000273361
2002	0.0000273103
2003	0.0000272418
2004	0.0000271642
2005	0.0000271311
2006	0.0000271237
2007	0.0000271149
2008	0.0000270945
2009	0.0000270418
2010	0.0000269905
2011	0.0000269736
2012	0.0000269987
2013	0.0000270331
2014	0.0000270177
2015	0.0000269455
2016	0.0000268054
2017	0.0000265902
2018	0.0000263319
2019	0.0000260828
2020	0.0000258797
2021	0.0000257065
2022	0.0000255495
2023	0.0000254057
2024	0.0000252841
2025	0.0000252038
2026	0.0000251641
2027	0.0000251627
2028	0.0000252039
2029	0.0000252686
2030	0.0000253323
2031	0.0000253912
2032	0.0000254186
2033	0.0000254051
2034	0.0000253685
2035	0.0000253211
2036	0.0000252685
2037	0.0000252342
2038	0.0000252559
2039	0.0000252509
2040	0.0000251683
2041	0.0000250854
2042	0.0000250466
2043	0.0000250957
2044	0.0000252258
2045	0.0000253700
2046	0.0000255365
2047	0.0000257535
2048	0.0000259650
2049	0.0000261626
2050	0.0000263673
2051	0.0000264901
2052	0.0000265268
2053	0.0000265729
2054	0.0000266903
2055	0.0000268884
2056	0.0000271179
2057	0.0000273806
2058	0.0000276722
2059	0.0000279282
2060	0.0000281490
2061	0.0000283826
2062	0.0000286207
2063	0.0000288126
2064	0.0000289628
2065	0.0000291138
2066	0.0000292806
2067	0.0000294701
2068	0.0000296561
2069	0.0000297777
2070	0.0000298430
2071	0.0000299006
2072	0.0000299528
2073	0.0000299935
2074	0.0000300324
2075	0.0000300713
2076	0.0000301019
2077	0.0000301135
2078	0.0000301081
2079	0.0000301082
2080	0.0000301187
2081	0.0000301265
2082	0.0000301314
2083	0.0000301373
2084	0.0000301470
2085	0.0000301602
2086	0.0000301824
2087	0.0000302096
2088	0.0000302277
2089	0.0000302427
2090	0.0000302815
2091	0.0000303596
2092	0.0000304788
2093	0.0000306528
2094	0.0000308687
2095	0.0000310918
2096	0.0000313050
2097	0.0000315186
2098	0.0000317497
2099	0.0000319895
2100	0.0000322052
2101	0.0000323896
2102	0.0000326005
2103	0.0000328328
2104	0.0000330679
2105	0.0000333384
2106	0.0000336137
2107	0.0000338594
2108	0.0000340585
2109	0.0000342645
2110	0.0000344870
2111	0.0000346083
2112	0.0000346466
2113	0.0000346778
2114	0.0000347175
2115	0.0000347882
2116	0.0000348905
2117	0.0000349697
2118	0.0000349868
2119	0.0000350660
2120	0.0000352557
2121	0.0000354194
2122	0.0000355605
2123	0.0000357716
2124	0.0000360604
2125	0.0000364181
2126	0.0000368607
2127	0.0000374020
2128	0.0000380601
2129	0.0000388118
2130	0.0000395031
2131	0.0000400925
2132	0.0000406104
2133	0.0000409499
2134	0.0000411894
2135	0.0000414796
2136	0.0000418636
2137	0.0000423497
2138	0.0000427911
2139	0.0000431249
2140	0.0000434335
2141	0.0000437653
2142	0.0000441529
2143	0.0000445784
2144	0.0000449624
2145	0.0000452711
2146	0.0000455008
2147	0.0000456193
2148	0.0000457056
2149	0.0000458848
2150	0.0000462262
2151	0.0000466940
2152	0.0000471605
2153	0.0000475527
2154	0.0000478350
2155	0.0000480886
2156	0.0000483745
2157	0.0000486727
2158	0.0000489694
2159	0.0000492288
2160	0.0000495433
2161	0.0000499880
2162	0.0000505731
2163	0.0000512143
2164	0.0000517603
2165	0.0000522683
2166	0.0000528014
2167	0.0000533779
2168	0.0000540753
2169	0.0000548470
2170	0.0000555313
2171	0.0000561430
2172	0.0000567755
2173	0.0000573076
2174	0.0000576744
2175	0.0000580273
2176	0.0000584662
2177	0.0000588374
2178	0.0000590169
2179	0.0000591187
2180	0.0000592091
2181	0.0000592766
2182	0.0000592110
2183	0.0000589525
2184	0.0000586883
2185	0.0000584948
2186	0.0000584140
2187	0.0000586078
2188	0.0000589952
2189	0.0000594333
2190	0.0000599478
2191	0.0000605082
2192	0.0000610920
2193	0.0000616896
2194	0.0000621931
2195	0.0000625477
2196	0.0000628516
2197	0.0000632029
2198	0.0000635350
2199	0.0000637555
2200	0.0000639281
2201	0.0000641728
2202	0.0000644684
2203	0.0000647933
2204	0.0000651901
2205	0.0000655809
2206	0.0000658793
2207	0.0000660906
2208	0.0000662744
2209	0.0000664635
2210	0.0000666791
2211	0.0000668912
2212	0.0000669683
2213	0.0000669312
2214	0.0000668690
2215	0.0000668468
2216	0.0000669366
2217	0.0000670750
2218	0.0000671951
2219	0.0000673158
2220	0.0000674233
2221	0.0000674513
2222	0.0000673832
2223	0.0000672494
2224	0.0000671011
2225	0.0000669598
2226	0.0000668509
2227	0.0000668503
2228	0.0000668528
2229	0.0000667875
2230	0.0000667517
2231	0.0000667297
2232	0.0000666670
2233	0.0000665410
2234	0.0000663907
2235	0.0000662684
2236	0.0000661871
2237	0.0000661440
2238	0.0000660997
2239	0.0000660889
2240	0.0000661405
2241	0.0000662403
2242	0.0000664055
2243	0.0000666136
2244	0.0000668535
2245	0.0000670985
2246	0.0000672896
2247	0.0000674506
2248	0.0000676299
2249	0.0000678065
2250	0.0000679415
2251	0.0000680655
2252	0.0000682234
2253	0.0000684024
2254	0.0000685960
2255	0.0000688057
2256	0.0000690016
2257	0.0000691701
2258	0.0000693482
2259	0.0000695410
2260	0.0000696970
2261	0.0000698025
2262	0.0000698691
2263	0.0000698921
2264	0.0000698600
2265	0.0000697731
2266	0.0000696566
2267	0.0000695386
2268	0.0000694102
2269	0.0000692451
2270	0.0000690734
2271	0.0000689144
2272	0.0000687424
2273	0.0000685523
2274	0.0000683127
2275	0.0000679877
2276	0.0000676201
2277	0.0000672064
2278	0.0000667057
2279	0.0000662188
2280	0.0000657801
2281	0.0000653529
2282	0.0000649909
2283	0.0000646818
2284	0.0000644284
2285	0.0000642285
2286	0.0000640418
2287	0.0000639031
2288	0.0000638393
2289	0.0000638520
2290	0.0000639034
2291	0.0000639562
2292	0.0000640238
2293	0.0000641392
2294	0.0000642958
2295	0.0000644358
2296	0.0000645682
2297	0.0000647226
2298	0.0000648987
2299	0.0000651016
2300	0.0000653311
2301	0.0000655605
2302	0.0000657526
2303	0.0000659202
2304	0.0000660950
2305	0.0000662714
2306	0.0000663854
2307	0.0000664134
2308	0.0000664249
2309	0.0000664460
2310	0.0000664487
2311	0.0000664320
2312	0.0000664391
2313	0.0000664843
2314	0.0000665366
2315	0.0000666026
2316	0.0000666818
2317	0.0000667507
2318	0.0000668274
2319	0.0000669248
2320	0.0000670316
2321	0.0000671454
2322	0.0000672612
2323	0.0000673761
2324	0.0000674995
2325	0.0000676499
2326	0.0000678213
2327	0.0000679978
2328	0.0000681706
2329	0.0000683049
2330	0.0000683873
2331	0.0000684410
2332	0.0000684842
2333	0.0000685210
2334	0.0000685358
2335	0.0000685023
2336	0.0000683992
2337	0.0000682046
2338	0.0000679559
2339	0.0000677361
2340	0.0000675429
2341	0.0000673748
2342	0.0000672616
2343	0.0000671706
2344	0.0000670735
2345	0.0000669838
2346	0.0000669311
2347	0.0000669285
2348	0.0000669695
2349	0.0000670024
2350	0.0000669610
2351	0.0000668598
2352	0.0000667520
2353	0.0000666457
2354	0.0000665186
2355	0.0000664051
2356	0.0000663242
2357	0.0000662275
2358	0.0000660670
2359	0.0000658375
2360	0.0000655712
2361	0.0000652587
2362	0.0000648939
2363	0.0000644773
2364	0.0000640692
2365	0.0000637284
2366	0.0000633914
2367	0.0000630512
2368	0.0000626422
2369	0.0000621059
2370	0.0000615692
2371	0.0000610897
2372	0.0000606549
2373	0.0000602468
2374	0.0000598538
2375	0.0000594800
2376	0.0000591006
2377	0.0000587307
2378	0.0000583703
2379	0.0000579872
2380	0.0000576004
2381	0.0000572243
2382	0.0000568456
2383	0.0000564984
2384	0.0000562051
2385	0.0000558633
2386	0.0000554094
2387	0.0000549063
2388	0.0000543503
2389	0.0000537526
2390	0.0000532315
2391	0.0000528044
2392	0.0000523757
2393	0.0000519240
2394	0.0000515527
2395	0.0000513359
2396	0.0000511675
2397	0.0000508855
2398	0.0000505261
2399	0.0000501898
2400	0.0000498588
2401	0.0000495508
2402	0.0000492583
2403	0.0000489052
2404	0.0000484785
2405	0.0000479678
2406	0.0000473250
2407	0.0000465561
2408	0.0000457291
2409	0.0000448728
2410	0.0000440013
2411	0.0000431641
2412	0.0000424291
2413	0.0000418003
2414	0.0000412586
2415	0.0000407813
2416	0.0000402527
2417	0.0000397011
2418	0.0000392135
2419	0.0000387397
2420	0.0000382248
2421	0.0000376460
2422	0.0000370589
2423	0.0000364622
2424	0.0000358190
2425	0.0000350858
2426	0.0000342361
2427	0.0000334126
2428	0.0000326547
2429	0.0000319611
2430	0.0000314540
2431	0.0000311132
2432	0.0000308609
2433	0.0000307420
2434	0.0000307439
2435	0.0000308083
2436	0.0000309016
2437	0.0000309140
2438	0.0000308742
2439	0.0000308587
2440	0.0000308105
2441	0.0000307704
2442	0.0000307795
2443	0.0000307834
2444	0.0000307649
2445	0.0000307862
2446	0.0000308574
2447	0.0000308489
2448	0.0000306852
2449	0.0000304496
2450	0.0000302508
2451	0.0000300732
2452	0.0000298774
2453	0.0000296963
2454	0.0000295346
2455	0.0000294455
2456	0.0000295114
2457	0.0000296838
2458	0.0000298803
2459	0.0000300495
2460	0.0000301619
2461	0.0000301655
2462	0.0000299634
2463	0.0000296541
2464	0.0000294147
2465	0.0000292313
2466	0.0000290611
2467	0.0000289151
2468	0.0000287610
2469	0.0000284674
2470	0.0000279668
2471	0.0000274028
2472	0.0000269530
2473	0.0000266671
2474	0.0000264777
2475	0.0000262302
2476	0.0000258724
2477	0.0000255505
2478	0.0000252849
2479	0.0000250121
2480	0.0000247853
2481	0.0000246247
2482	0.0000244847
2483	0.0000243076
2484	0.0000241112
2485	0.0000239358
2486	0.0000238005
2487	0.0000237395
2488	0.0000237288
2489	0.0000237484
2490	0.0000237912
2491	0.0000238339
2492	0.0000238670
2493	0.0000238756
2494	0.0000238363
2495	0.0000237636
2496	0.0000236950
2497	0.0000236537
2498	0.0000236518
2499	0.0000236487
2500	0.0000236400
2501	0.0000236067
2502	0.0000235162
2503	0.0000234500
2504	0.0000234110
2505	0.0000233363
2506	0.0000232308
2507	0.0000231367
2508	0.0000230760
2509	0.0000230413
2510	0.0000230390
2511	0.0000230381
2512	0.0000230426
2513	0.0000230900
2514	0.0000231629
2515	0.0000232473
2516	0.0000233449
2517	0.0000234644
2518	0.0000235673
2519	0.0000235937
2520	0.0000235818
2521	0.0000236045
2522	0.0000236774
2523	0.0000237639
2524	0.0000238243
2525	0.0000239050
2526	0.0000240261
2527	0.0000241268
2528	0.0000242324
2529	0.0000243551
2530	0.0000244605
2531	0.0000245988
2532	0.0000248085
2533	0.0000250808
2534	0.0000253813
2535	0.0000256344
2536	0.0000258612
2537	0.0000261892
2538	0.0000266260
2539	0.0000270413
2540	0.0000273408
2541	0.0000274972
2542	0.0000275330
2543	0.0000275474
2544	0.0000276206
2545	0.0000277117
2546	0.0000277729
2547	0.0000278575
2548	0.0000279648
2549	0.0000279782
2550	0.0000279363
2551	0.0000279517
2552	0.0000279744
2553	0.0000279629
2554	0.0000279496
2555	0.0000279512
2556	0.0000279568
2557	0.0000279575
2558	0.0000279347
2559	0.0000278980
2560	0.0000279021
2561	0.0000279602
2562	0.0000280977
2563	0.0000282811
2564	0.0000284651
2565	0.0000286512
2566	0.0000287655
2567	0.0000287939
2568	0.0000287266
2569	0.0000285284
2570	0.0000282719
2571	0.0000280384
2572	0.0000278344
2573	0.0000276406
2574	0.0000274827
2575	0.0000273606
2576	0.0000272636
2577	0.0000272478
2578	0.0000273264
2579	0.0000274077
2580	0.0000274515
2581	0.0000275251
2582	0.0000276507
2583	0.0000277962
2584	0.0000279034
2585	0.0000279693
2586	0.0000280671
2587	0.0000282035
2588	0.0000283551
2589	0.0000285233
2590	0.0000287330
2591	0.0000289550
2592	0.0000291398
2593	0.0000293426
2594	0.0000295687
2595	0.0000297786
2596	0.0000299882
2597	0.0000301728
2598	0.0000303269
2599	0.0000304959
2600	0.0000306755
2601	0.0000308450
2602	0.0000309947
2603	0.0000311065
2604	0.0000311790
2605	0.0000312089
2606	0.0000311940
2607	0.0000311555
2608	0.0000311057
2609	0.0000310571
2610	0.0000310310
2611	0.0000310168
2612	0.0000309998
2613	0.0000310023
2614	0.0000310439
2615	0.0000311123
2616	0.0000311922
2617	0.0000312987
2618	0.0000314433
2619	0.0000315965
2620	0.0000317380
2621	0.0000318717
2622	0.0000319940
2623	0.0000321310
2624	0.0000322973
2625	0.0000324652
2626	0.0000326342
2627	0.0000328134
2628	0.0000330233
2629	0.0000332395
2630	0.0000334084
2631	0.0000335391
2632	0.0000336444
2633	0.0000337437
2634	0.0000338229
2635	0.0000338545
2636	0.0000338670
2637	0.0000339010
2638	0.0000339684
2639	0.0000340496
2640	0.0000341777
2641	0.0000343716
2642	0.0000346003
2643	0.0000348612
2644	0.0000351790
2645	0.0000355396
2646	0.0000358889
2647	0.0000362560
2648	0.0000366305
2649	0.0000369806
2650	0.0000373054
2651	0.0000375383
2652	0.0000376788
2653	0.0000377644
2654	0.0000378286
2655	0.0000378865
2656	0.0000379351
2657	0.0000379724
2658	0.0000379576
2659	0.0000379488
2660	0.0000380015
2661	0.0000380831
2662	0.0000381866
2663	0.0000382697
2664	0.0000382850
2665	0.0000382194
2666	0.0000380319
2667	0.0000377430
2668	0.0000374772
2669	0.0000373118
2670	0.0000371944
2671	0.0000369914
2672	0.0000366804
2673	0.0000363486
2674	0.0000360127
2675	0.0000357088
2676	0.0000355180
2677	0.0000354097
2678	0.0000352722
2679	0.0000351220
2680	0.0000349908
2681	0.0000348246
2682	0.0000346963
2683	0.0000346468
2684	0.0000346227
2685	0.0000346148
2686	0.0000345694
2687	0.0000344805
2688	0.0000344112
2689	0.0000343717
2690	0.0000343488
2691	0.0000343261
2692	0.0000343100
2693	0.0000343512
2694	0.0000344804
2695	0.0000346603
2696	0.0000348047
2697	0.0000348634
2698	0.0000348565
2699	0.0000348078
2700	0.0000347996
2701	0.0000349799
2702	0.0000353424
2703	0.0000357694
2704	0.0000362384
2705	0.0000367155
2706	0.0000371590
2707	0.0000375335
2708	0.0000377819
2709	0.0000379647
2710	0.0000380935
2711	0.0000381317
2712	0.0000381808
2713	0.0000383300
2714	0.0000385470
2715	0.0000387636
2716	0.0000389466
2717	0.0000390660
2718	0.0000392100
2719	0.0000394952
2720	0.0000398454
2721	0.0000401765
2722	0.0000405306
2723	0.0000409555
2724	0.0000413833
2725	0.0000417804
2726	0.0000421978
2727	0.0000426229
2728	0.0000430609
2729	0.0000435357
2730	0.0000440405
2731	0.0000445953
2732	0.0000451959
2733	0.0000457506
2734	0.0000462292
2735	0.0000466488
2736	0.0000469956
2737	0.0000473382
2738	0.0000476846
2739	0.0000479686
2740	0.0000481715
2741	0.0000483634
2742	0.0000486470
2743	0.0000489311
2744	0.0000491089
2745	0.0000492154
2746	0.0000492833
2747	0.0000493111
2748	0.0000493120
2749	0.0000493304
2750	0.0000493618
2751	0.0000493894
2752	0.0000494149
2753	0.0000494205
2754	0.0000494128
2755	0.0000493810
2756	0.0000492841
2757	0.0000491549
2758	0.0000490370
2759	0.0000489072
2760	0.0000487520
2761	0.0000485637
2762	0.0000483423
2763	0.0000480769
2764	0.0000477520
2765	0.0000474153
2766	0.0000470998
2767	0.0000467987
2768	0.0000464838
2769	0.0000461947
2770	0.0000460292
2771	0.0000459247
2772	0.0000458178
2773	0.0000457463
2774	0.0000456840
2775	0.0000456650
2776	0.0000457498
2777	0.0000458692
2778	0.0000459799
2779	0.0000461614
2780	0.0000464704
2781	0.0000468472
2782	0.0000471854
2783	0.0000474217
2784	0.0000476050
2785	0.0000477511
2786	0.0000478355
2787	0.0000479148
2788	0.0000479207
2789	0.0000478061
2790	0.0000476432
2791	0.0000474219
2792	0.0000471677
2793	0.0000469234
2794	0.0000466392
2795	0.0000462127
2796	0.0000455961
2797	0.0000448105
2798	0.0000439000
2799	0.0000429185
2800	0.0000419442
2801	0.0000411477
2802	0.0000406121
2803	0.0000402752
2804	0.0000399939
2805	0.0000396902
2806	0.0000394611
2807	0.0000393196
2808	0.0000392368
2809	0.0000391771
2810	0.0000390769
2811	0.0000389142
2812	0.0000386757
2813	0.0000384508
2814	0.0000382717
2815	0.0000380876
2816	0.0000379116
2817	0.0000377533
2818	0.0000376112
2819	0.0000374718
2820	0.0000373421
2821	0.0000372521
2822	0.0000372018
2823	0.0000371871
2824	0.0000372128
2825	0.0000372853
2826	0.0000374507
2827	0.0000376922
2828	0.0000379422
2829	0.0000382135
2830	0.0000384588
2831	0.0000386264
2832	0.0000387519
2833	0.0000388781
2834	0.0000390208
2835	0.0000391430
2836	0.0000392393
2837	0.0000393110
2838	0.0000393660
2839	0.0000394303
2840	0.0000394888
2841	0.0000395367
2842	0.0000395711
2843	0.0000396192
2844	0.0000397323
2845	0.0000398811
2846	0.0000400039
2847	0.0000401180
2848	0.0000402458
2849	0.0000403431
2850	0.0000403943
2851	0.0000404175
2852	0.0000404223
2853	0.0000404119
2854	0.0000403685
2855	0.0000402886
2856	0.0000402129
2857	0.0000401834
2858	0.0000401989
2859	0.0000402480
2860	0.0000403789
2861	0.0000406271
2862	0.0000408808
2863	0.0000410509
2864	0.0000411997
2865	0.0000413296
2866	0.0000414108
2867	0.0000414988
2868	0.0000415922
2869	0.0000416692
2870	0.0000417235
2871	0.0000416994
2872	0.0000416391
2873	0.0000416449
2874	0.0000417615
2875	0.0000419683
2876	0.0000421435
2877	0.0000422068
2878	0.0000422079
2879	0.0000422299
2880	0.0000422770
2881	0.0000423038
2882	0.0000423213
2883	0.0000423576
2884	0.0000424294
2885	0.0000425557
2886	0.0000427141
2887	0.0000428421
2888	0.0000429534
2889	0.0000430920
2890	0.0000432416
2891	0.0000434125
2892	0.0000436101
2893	0.0000438153
2894	0.0000440225
2895	0.0000442302
2896	0.0000444344
2897	0.0000446037
2898	0.0000447204
2899	0.0000448141
2900	0.0000449151
2901	0.0000450112
2902	0.0000450858
2903	0.0000451355
2904	0.0000451551
2905	0.0000451552
2906	0.0000451422
2907	0.0000451123
2908	0.0000450689
2909	0.0000450304
2910	0.0000449991
2911	0.0000449622
2912	0.0000449159
2913	0.0000448567
2914	0.0000447888
2915	0.0000447012
2916	0.0000445971
2917	0.0000445269
2918	0.0000444927
2919	0.0000444298
2920	0.0000443460
2921	0.0000442794
2922	0.0000442218
2923	0.0000441667
2924	0.0000440672
2925	0.0000438923
2926	0.0000436628
2927	0.0000434050
2928	0.0000431266
2929	0.0000427996
2930	0.0000424465
2931	0.0000421003
2932	0.0000417761
2933	0.0000414903
2934	0.0000412327
2935	0.0000409933
2936	0.0000407482
2937	0.0000404966
2938	0.0000402303
2939	0.0000399350
2940	0.0000396234
2941	0.0000392515
2942	0.0000388357
2943	0.0000384684
2944	0.0000381628
2945	0.0000378902
2946	0.0000376316
2947	0.0000373675
2948	0.0000370653
2949	0.0000367066
2950	0.0000362900
2951	0.0000358179
2952	0.0000353060
2953	0.0000347575
2954	0.0000342067
2955	0.0000336853
2956	0.0000331961
2957	0.0000327462
2958	0.0000322937
2959	0.0000318117
2960	0.0000313333
2961	0.0000309284
2962	0.0000305929
2963	0.0000302561
2964	0.0000299833
2965	0.0000298149
2966	0.0000296931
2967	0.0000296232
2968	0.0000295907
2969	0.0000295480
2970	0.0000295280
2971	0.0000295443
2972	0.0000295213
2973	0.0000294469
2974	0.0000293633
2975	0.0000293165
2976	0.0000292714
2977	0.0000291505
2978	0.0000290253
2979	0.0000288987
2980	0.0000287194
2981	0.0000285470
2982	0.0000283831
2983	0.0000282356
2984	0.0000281621
2985	0.0000281449
2986	0.0000281487
2987	0.0000281363
2988	0.0000280556
2989	0.0000279587
2990	0.0000279319
2991	0.0000279721
2992	0.0000279974
2993	0.0000279352
2994	0.0000277757
2995	0.0000275123
2996	0.0000272092
2997	0.0000269081
2998	0.0000266109
2999	0.0000263808
