0	0.0000000000
1	0.0000000000
2	0.0000000000
3	0.0000000000
4	0.0000000000
5	0.0000000000
6	0.0000000000
7	0.0000000000
8	0.0000000000
9	0.0000000000
10	0.0000000000
11	0.0000000000
12	0.0000000000
13	0.0000000000
14	0.0000000000
15	0.0000000000
16	0.0000000000
17	0.0000000000
18	0.0000000000
19	0.0000000000
20	0.0000000000
21	0.0000000000
22	0.0000000000
23	0.0000000000
24	0.0000000000
25	0.0000000000
26	0.0000000000
27	0.0000000000
28	0.0000000000
29	0.0000000000
30	0.0000000000
31	0.0000000001
32	0.0000000005
33	0.0000000016
34	0.0000000047
35	0.0000000131
36	0.0000000331
37	0.0000000763
38	0.0000001598
39	0.0000003037
40	0.0000005219
41	0.0000008099
42	0.0000011346
43	0.0000014410
44	0.0000016815
45	0.0000018542
46	0.0000020163
47	0.0000022436
48	0.0000025592
49	0.0000029037
50	0.0000031959
51	0.0000034303
52	0.0000036889
53	0.0000040342
54	0.0000044195
55	0.0000047544
56	0.0000050420
57	0.0000053763
58	0.0000057888
59	0.0000061937
60	0.0000065361
61	0.0000068899
62	0.0000073229
63	0.0000077693
64	0.0000081548
65	0.0000085416
66	0.0000090035
67	0.0000094760
68	0.0000098893
69	0.0000103137
70	0.0000108085
71	0.0000112940
72	0.0000117257
73	0.0000121920
74	0.0000127137
75	0.0000131972
76	0.0000136495
77	0.0000141595
78	0.0000146885
79	0.0000151625
80	0.0000156481
81	0.0000161893
82	0.0000167005
83	0.0000171770
84	0.0000177042
85	0.0000182431
86	0.0000187298
87	0.0000192353
88	0.0000197825
89	0.0000202879
90	0.0000207772
91	0.0000213157
92	0.0000218375
93	0.0000223199
94	0.0000228414
95	0.0000233721
96	0.0000238549
97	0.0000243570
98	0.0000248849
99	0.0000253663
100	0.0000258449
101	0.0000263592
102	0.0000268415
103	0.0000273124
104	0.0000278279
105	0.0000283242
106	0.0000287886
107	0.0000292789
108	0.0000297486
109	0.0000301774
110	0.0000306366
111	0.0000311006
112	0.0000315310
113	0.0000319834
114	0.0000324375
115	0.0000328532
116	0.0000332927
117	0.0000337501
118	0.0000341712
119	0.0000345986
120	0.0000350312
121	0.0000354252
122	0.0000358316
123	0.0000362543
124	0.0000366387
125	0.0000370257
126	0.0000374283
127	0.0000378032
128	0.0000381864
129	0.0000385794
130	0.0000389348
131	0.0000392950
132	0.0000396694
133	0.0000400098
134	0.0000403488
135	0.0000406939
136	0.0000410109
137	0.0000413375
138	0.0000416697
139	0.0000419709
140	0.0000422853
141	0.0000426111
142	0.0000429120
143	0.0000432238
144	0.0000435396
145	0.0000438359
146	0.0000441485
147	0.0000444561
148	0.0000447386
149	0.0000450383
150	0.0000453317
151	0.0000455990
152	0.0000458769
153	0.0000461454
154	0.0000463991
155	0.0000466663
156	0.0000469186
157	0.0000471607
158	0.0000474122
159	0.0000476298
160	0.0000478211
161	0.0000480141
162	0.0000481977
163	0.0000484181
164	0.0000487113
165	0.0000490525
166	0.0000494218
167	0.0000497317
168	0.0000498723
169	0.0000498356
170	0.0000496619
171	0.0000494737
172	0.0000494627
173	0.0000497032
174	0.0000501541
175	0.0000507024
176	0.0000511686
177	0.0000514764
178	0.0000516728
179	0.0000518113
180	0.0000519369
181	0.0000520080
182	0.0000519277
183	0.0000517120
184	0.0000514592
185	0.0000512833
186	0.0000512587
187	0.0000513152
188	0.0000513557
189	0.0000513807
190	0.0000514358
191	0.0000515958
192	0.0000518685
193	0.0000521451
194	0.0000523702
195	0.0000525670
196	0.0000527512
197	0.0000529274
198	0.0000530527
199	0.0000530933
200	0.0000530919
201	0.0000530771
202	0.0000530270
203	0.0000528940
204	0.0000526670
205	0.0000524373
206	0.0000522622
207	0.0000520830
208	0.0000518398
209	0.0000515299
210	0.0000512435
211	0.0000510721
212	0.0000509397
213	0.0000507438
214	0.0000505114
215	0.0000503287
216	0.0000502631
217	0.0000502470
218	0.0000501547
219	0.0000500345
220	0.0000499933
221	0.0000500249
222	0.0000500667
223	0.0000500490
224	0.0000499981
225	0.0000500161
226	0.0000500814
227	0.0000501041
228	0.0000500732
229	0.0000500281
230	0.0000500144
231	0.0000500101
232	0.0000499441
233	0.0000498282
234	0.0000497169
235	0.0000496162
236	0.0000495056
237	0.0000493557
238	0.0000491624
239	0.0000489635
240	0.0000487679
241	0.0000485345
242	0.0000482439
243	0.0000479280
244	0.0000476280
245	0.0000473426
246	0.0000470195
247	0.0000466424
248	0.0000462801
249	0.0000459561
250	0.0000456063
251	0.0000452105
252	0.0000448147
253	0.0000444572
254	0.0000441001
255	0.0000436663
256	0.0000432075
257	0.0000428191
258	0.0000424450
259	0.0000420104
260	0.0000415560
261	0.0000411663
262	0.0000408413
263	0.0000404762
264	0.0000400925
265	0.0000398083
266	0.0000395504
267	0.0000392119
268	0.0000388537
269	0.0000385550
270	0.0000382891
271	0.0000379388
272	0.0000375131
273	0.0000371618
274	0.0000368508
275	0.0000364699
276	0.0000360856
277	0.0000357805
278	0.0000355242
279	0.0000352404
280	0.0000349783
281	0.0000348527
282	0.0000347491
283	0.0000345626
284	0.0000344332
285	0.0000343972
286	0.0000343276
287	0.0000341779
288	0.0000340362
289	0.0000339850
290	0.0000339163
291	0.0000337616
292	0.0000336350
293	0.0000334921
294	0.0000331918
295	0.0000327712
296	0.0000323450
297	0.0000319636
298	0.0000316225
299	0.0000314231
300	0.0000314626
301	0.0000315624
302	0.0000315645
303	0.0000314988
304	0.0000313099
305	0.0000309479
306	0.0000305422
307	0.0000302966
308	0.0000302572
309	0.0000302615
310	0.0000302713
311	0.0000303518
312	0.0000304225
313	0.0000304826
314	0.0000306428
315	0.0000308644
316	0.0000309950
317	0.0000309670
318	0.0000308747
319	0.0000307467
320	0.0000305171
321	0.0000302851
322	0.0000300761
323	0.0000297135
324	0.0000292024
325	0.0000287204
326	0.0000283482
327	0.0000280394
328	0.0000277555
329	0.0000275243
330	0.0000273144
331	0.0000271241
332	0.0000270563
333	0.0000270916
334	0.0000271364
335	0.0000271983
336	0.0000273119
337	0.0000274643
338	0.0000276264
339	0.0000278205
340	0.0000279989
341	0.0000280659
342	0.0000281490
343	0.0000283456
344	0.0000284884
345	0.0000285099
346	0.0000285047
347	0.0000285083
348	0.0000284969
349	0.0000284769
350	0.0000284775
351	0.0000284134
352	0.0000282431
353	0.0000281302
354	0.0000281060
355	0.0000280326
356	0.0000279047
357	0.0000277875
358	0.0000276937
359	0.0000276129
360	0.0000275478
361	0.0000274955
362	0.0000274287
363	0.0000273744
364	0.0000273572
365	0.0000273319
366	0.0000273000
367	0.0000272974
368	0.0000273279
369	0.0000273922
370	0.0000274786
371	0.0000275448
372	0.0000275540
373	0.0000275206
374	0.0000274336
375	0.0000272909
376	0.0000272706
377	0.0000275232
378	0.0000279800
379	0.0000285392
380	0.0000290847
381	0.0000294470
382	0.0000295191
383	0.0000293403
384	0.0000290534
385	0.0000287687
386	0.0000286249
387	0.0000287262
388	0.0000288982
389	0.0000289983
390	0.0000291563
391	0.0000294576
392	0.0000298750
393	0.0000303706
394	0.0000308455
395	0.0000311558
396	0.0000312425
397	0.0000311972
398	0.0000310803
399	0.0000309052
400	0.0000307770
401	0.0000306977
402	0.0000305656
403	0.0000304380
404	0.0000304349
405	0.0000305769
406	0.0000308072
407	0.0000310521
408	0.0000312630
409	0.0000314285
410	0.0000316105
411	0.0000318451
412	0.0000320557
413	0.0000322066
414	0.0000323229
415	0.0000323897
416	0.0000324086
417	0.0000324214
418	0.0000324529
419	0.0000325048
420	0.0000325730
421	0.0000326483
422	0.0000327224
423	0.0000327836
424	0.0000328222
425	0.0000328683
426	0.0000329357
427	0.0000329758
428	0.0000329761
429	0.0000329633
430	0.0000329345
431	0.0000328823
432	0.0000328124
433	0.0000327289
434	0.0000326433
435	0.0000326031
436	0.0000326299
437	0.0000326909
438	0.0000328092
439	0.0000330056
440	0.0000332686
441	0.0000336671
442	0.0000341881
443	0.0000346935
444	0.0000351779
445	0.0000357558
446	0.0000364354
447	0.0000370854
448	0.0000376333
449	0.0000380935
450	0.0000384820
451	0.0000388857
452	0.0000392785
453	0.0000394988
454	0.0000396116
455	0.0000397334
456	0.0000398189
457	0.0000398784
458	0.0000399319
459	0.0000399259
460	0.0000398727
461	0.0000398694
462	0.0000399156
463	0.0000399185
464	0.0000399549
465	0.0000401262
466	0.0000403791
467	0.0000406934
468	0.0000410227
469	0.0000413713
470	0.0000419154
471	0.0000426233
472	0.0000432669
473	0.0000438491
474	0.0000445648
475	0.0000454323
476	0.0000463035
477	0.0000471746
478	0.0000480727
479	0.0000489927
480	0.0000500191
481	0.0000510509
482	0.0000519602
483	0.0000528731
484	0.0000538039
485	0.0000546642
486	0.0000554536
487	0.0000561250
488	0.0000566708
489	0.0000571825
490	0.0000576445
491	0.0000578981
492	0.0000579817
493	0.0000581266
494	0.0000582913
495	0.0000583588
496	0.0000584235
497	0.0000585051
498	0.0000585478
499	0.0000584574
500	0.0000581075
501	0.0000576121
502	0.0000572054
503	0.0000569470
504	0.0000568371
505	0.0000569902
506	0.0000573955
507	0.0000577533
508	0.0000578605
509	0.0000576853
510	0.0000572563
511	0.0000568509
512	0.0000567177
513	0.0000568917
514	0.0000574253
515	0.0000582239
516	0.0000590351
517	0.0000597314
518	0.0000603379
519	0.0000609613
520	0.0000616816
521	0.0000624253
522	0.0000630126
523	0.0000634531
524	0.0000639198
525	0.0000644027
526	0.0000649400
527	0.0000657134
528	0.0000666260
529	0.0000674415
530	0.0000680776
531	0.0000685734
532	0.0000690432
533	0.0000695113
534	0.0000698542
535	0.0000699742
536	0.0000699055
537	0.0000697108
538	0.0000694691
539	0.0000693901
540	0.0000695169
541	0.0000696543
542	0.0000697520
543	0.0000698125
544	0.0000698788
545	0.0000701309
546	0.0000705041
547	0.0000707458
548	0.0000707999
549	0.0000707312
550	0.0000705777
551	0.0000703594
552	0.0000700679
553	0.0000696312
554	0.0000690079
555	0.0000682474
556	0.0000674603
557	0.0000668197
558	0.0000663013
559	0.0000656884
560	0.0000650380
561	0.0000645361
562	0.0000641727
563	0.0000639263
564	0.0000638026
565	0.0000637278
566	0.0000636444
567	0.0000635929
568	0.0000636183
569	0.0000636827
570	0.0000637176
571	0.0000636792
572	0.0000636141
573	0.0000635951
574	0.0000635707
575	0.0000634926
576	0.0000633750
577	0.0000632200
578	0.0000630836
579	0.0000629882
580	0.0000628668
581	0.0000627117
582	0.0000625723
583	0.0000624792
584	0.0000624538
585	0.0000624904
586	0.0000625304
587	0.0000625291
588	0.0000625007
589	0.0000624564
590	0.0000623982
591	0.0000623454
592	0.0000623249
593	0.0000623265
594	0.0000622709
595	0.0000621346
596	0.0000619652
597	0.0000617612
598	0.0000615448
599	0.0000613502
600	0.0000611030
601	0.0000607493
602	0.0000604035
603	0.0000601819
604	0.0000600291
605	0.0000598781
606	0.0000597405
607	0.0000596307
608	0.0000595949
609	0.0000596062
610	0.0000595643
611	0.0000594862
612	0.0000594183
613	0.0000593533
614	0.0000592707
615	0.0000591323
616	0.0000589614
617	0.0000588138
618	0.0000586667
619	0.0000584691
620	0.0000582027
621	0.0000578675
622	0.0000575166
623	0.0000571834
624	0.0000567047
625	0.0000559860
626	0.0000552212
627	0.0000544992
628	0.0000537467
629	0.0000529538
630	0.0000521330
631	0.0000513591
632	0.0000506440
633	0.0000498673
634	0.0000490067
635	0.0000480908
636	0.0000471680
637	0.0000464004
638	0.0000458421
639	0.0000453176
640	0.0000447719
641	0.0000443758
642	0.0000440118
643	0.0000433682
644	0.0000425133
645	0.0000416458
646	0.0000408590
647	0.0000402223
648	0.0000396276
649	0.0000389962
650	0.0000384238
651	0.0000379328
652	0.0000374924
653	0.0000370935
654	0.0000367402
655	0.0000364713
656	0.0000362619
657	0.0000359867
658	0.0000356027
659	0.0000352211
660	0.0000349065
661	0.0000346356
662	0.0000343491
663	0.0000339746
664	0.0000335876
665	0.0000332330
666	0.0000328108
667	0.0000323846
668	0.0000320361
669	0.0000316649
670	0.0000312027
671	0.0000306819
672	0.0000301977
673	0.0000298236
674	0.0000295162
675	0.0000291801
676	0.0000287922
677	0.0000284351
678	0.0000281760
679	0.0000279846
680	0.0000277479
681	0.0000274724
682	0.0000273363
683	0.0000272108
684	0.0000268611
685	0.0000264965
686	0.0000262560
687	0.0000259713
688	0.0000255666
689	0.0000250221
690	0.0000244005
691	0.0000238507
692	0.0000233505
693	0.0000227826
694	0.0000221552
695	0.0000215366
696	0.0000209330
697	0.0000203509
698	0.0000197946
699	0.0000192789
700	0.0000188821
701	0.0000185539
702	0.0000182319
703	0.0000180386
704	0.0000179815
705	0.0000179267
706	0.0000177655
707	0.0000174629
708	0.0000171846
709	0.0000170473
710	0.0000169659
711	0.0000169731
712	0.0000171650
713	0.0000174523
714	0.0000176780
715	0.0000177799
716	0.0000177453
717	0.0000175807
718	0.0000173550
719	0.0000171462
720	0.0000170134
721	0.0000170070
722	0.0000171090
723	0.0000172690
724	0.0000174663
725	0.0000176840
726	0.0000179060
727	0.0000181381
728	0.0000183891
729	0.0000186488
730	0.0000189405
731	0.0000193183
732	0.0000197542
733	0.0000201452
734	0.0000204313
735	0.0000206107
736	0.0000206976
737	0.0000207426
738	0.0000208040
739	0.0000209060
740	0.0000210757
741	0.0000212829
742	0.0000214599
743	0.0000216258
744	0.0000218268
745	0.0000221085
746	0.0000224539
747	0.0000227201
748	0.0000228548
749	0.0000229141
750	0.0000229077
751	0.0000228559
752	0.0000227969
753	0.0000227480
754	0.0000226979
755	0.0000226303
756	0.0000226249
757	0.0000227859
758	0.0000230656
759	0.0000233549
760	0.0000236763
761	0.0000240553
762	0.0000244223
763	0.0000248063
764	0.0000252481
765	0.0000256744
766	0.0000260306
767	0.0000262508
768	0.0000263380
769	0.0000264480
770	0.0000266659
771	0.0000269517
772	0.0000272312
773	0.0000274832
774	0.0000277903
775	0.0000281847
776	0.0000286353
777	0.0000291626
778	0.0000297321
779	0.0000302161
780	0.0000306077
781	0.0000310277
782	0.0000314739
783	0.0000318535
784	0.0000321413
785	0.0000323297
786	0.0000324204
787	0.0000324320
788	0.0000323877
789	0.0000323315
790	0.0000322617
791	0.0000321573
792	0.0000320500
793	0.0000319706
794	0.0000319152
795	0.0000318640
796	0.0000318229
797	0.0000318199
798	0.0000318413
799	0.0000318485
800	0.0000318292
801	0.0000317840
802	0.0000317113
803	0.0000316235
804	0.0000315312
805	0.0000314221
806	0.0000312882
807	0.0000311430
808	0.0000310334
809	0.0000309738
810	0.0000309058
811	0.0000308360
812	0.0000308253
813	0.0000308697
814	0.0000309434
815	0.0000310231
816	0.0000310989
817	0.0000311971
818	0.0000313299
819	0.0000314804
820	0.0000316180
821	0.0000317130
822	0.0000317644
823	0.0000318015
824	0.0000318371
825	0.0000318408
826	0.0000317868
827	0.0000316901
828	0.0000315807
829	0.0000314422
830	0.0000312584
831	0.0000310807
832	0.0000309033
833	0.0000307338
834	0.0000306955
835	0.0000307723
836	0.0000308486
837	0.0000309129
838	0.0000309622
839	0.0000309746
840	0.0000308882
841	0.0000306497
842	0.0000303943
843	0.0000303153
844	0.0000304466
845	0.0000306962
846	0.0000309567
847	0.0000311412
848	0.0000311870
849	0.0000310697
850	0.0000308186
851	0.0000305440
852	0.0000303498
853	0.0000302939
854	0.0000304289
855	0.0000306295
856	0.0000306980
857	0.0000306685
858	0.0000306588
859	0.0000306996
860	0.0000307252
861	0.0000306692
862	0.0000305926
863	0.0000304649
864	0.0000301833
865	0.0000298701
866	0.0000296747
867	0.0000295905
868	0.0000296383
869	0.0000298464
870	0.0000301118
871	0.0000303405
872	0.0000305699
873	0.0000308493
874	0.0000311879
875	0.0000315445
876	0.0000318444
877	0.0000320906
878	0.0000323107
879	0.0000325064
880	0.0000326831
881	0.0000328245
882	0.0000329308
883	0.0000330050
884	0.0000330414
885	0.0000330525
886	0.0000330310
887	0.0000330084
888	0.0000329871
889	0.0000328576
890	0.0000326369
891	0.0000324953
892	0.0000324945
893	0.0000325545
894	0.0000325952
895	0.0000325976
896	0.0000325905
897	0.0000326080
898	0.0000326597
899	0.0000327539
900	0.0000328634
901	0.0000329187
902	0.0000329228
903	0.0000329079
904	0.0000328712
905	0.0000328229
906	0.0000327517
907	0.0000326403
908	0.0000324912
909	0.0000323351
910	0.0000322459
911	0.0000322142
912	0.0000321641
913	0.0000320869
914	0.0000320129
915	0.0000319816
916	0.0000319980
917	0.0000319951
918	0.0000318842
919	0.0000316021
920	0.0000311867
921	0.0000307503
922	0.0000302944
923	0.0000297461
924	0.0000291875
925	0.0000286702
926	0.0000280332
927	0.0000272978
928	0.0000266401
929	0.0000259948
930	0.0000252550
931	0.0000244389
932	0.0000236539
933	0.0000230889
934	0.0000227690
935	0.0000225668
936	0.0000223840
937	0.0000221819
938	0.0000220725
939	0.0000221473
940	0.0000223093
941	0.0000224453
942	0.0000224960
943	0.0000224714
944	0.0000224390
945	0.0000223992
946	0.0000223503
947	0.0000223623
948	0.0000224116
949	0.0000224125
950	0.0000224424
951	0.0000225791
952	0.0000227264
953	0.0000228294
954	0.0000229138
955	0.0000229882
956	0.0000230668
957	0.0000231312
958	0.0000231578
959	0.0000231502
960	0.0000231159
961	0.0000231022
962	0.0000231274
963	0.0000231492
964	0.0000231597
965	0.0000231790
966	0.0000232129
967	0.0000232552
968	0.0000232973
969	0.0000233440
970	0.0000234005
971	0.0000234539
972	0.0000234830
973	0.0000234785
974	0.0000234388
975	0.0000233752
976	0.0000233273
977	0.0000233471
978	0.0000234781
979	0.0000237060
980	0.0000239693
981	0.0000242426
982	0.0000245206
983	0.0000248204
984	0.0000251447
985	0.0000253962
986	0.0000255597
987	0.0000257493
988	0.0000259511
989	0.0000260766
990	0.0000261337
991	0.0000261544
992	0.0000261528
993	0.0000261412
994	0.0000261184
995	0.0000260788
996	0.0000260223
997	0.0000259610
998	0.0000259175
999	0.0000259203
1000	0.0000259932
1001	0.0000261257
1002	0.0000262798
1003	0.0000264520
1004	0.0000266723
1005	0.0000269216
1006	0.0000271536
1007	0.0000273594
1008	0.0000275593
1009	0.0000277971
1010	0.0000280264
1011	0.0000281255
1012	0.0000281393
1013	0.0000281720
1014	0.0000281880
1015	0.0000281693
1016	0.0000281342
1017	0.0000280420
1018	0.0000278874
1019	0.0000277399
1020	0.0000276551
1021	0.0000275999
1022	0.0000275072
1023	0.0000273728
1024	0.0000272216
1025	0.0000270638
1026	0.0000269112
1027	0.0000267703
1028	0.0000266133
1029	0.0000264171
1030	0.0000262299
1031	0.0000260884
1032	0.0000259573
1033	0.0000258138
1034	0.0000256685
1035	0.0000255406
1036	0.0000254069
1037	0.0000252025
1038	0.0000249362
1039	0.0000246592
1040	0.0000244036
1041	0.0000241868
1042	0.0000239504
1043	0.0000236681
1044	0.0000234252
1045	0.0000232498
1046	0.0000230846
1047	0.0000228792
1048	0.0000226348
1049	0.0000224168
1050	0.0000222608
1051	0.0000221583
1052	0.0000221300
1053	0.0000221563
1054	0.0000221574
1055	0.0000221118
1056	0.0000220317
1057	0.0000218933
1058	0.0000217196
1059	0.0000215851
1060	0.0000215096
1061	0.0000214637
1062	0.0000214212
1063	0.0000213777
1064	0.0000213276
1065	0.0000212517
1066	0.0000211487
1067	0.0000210155
1068	0.0000208763
1069	0.0000207813
1070	0.0000206887
1071	0.0000205521
1072	0.0000204227
1073	0.0000203631
1074	0.0000204156
1075	0.0000205648
1076	0.0000207592
1077	0.0000209926
1078	0.0000212247
1079	0.0000213904
1080	0.0000215077
1081	0.0000216218
1082	0.0000217467
1083	0.0000218857
1084	0.0000220100
1085	0.0000220728
1086	0.0000221066
1087	0.0000221949
1088	0.0000223592
1089	0.0000225834
1090	0.0000228597
1091	0.0000231727
1092	0.0000234766
1093	0.0000237259
1094	0.0000239446
1095	0.0000241563
1096	0.0000243344
1097	0.0000244909
1098	0.0000246383
1099	0.0000247347
1100	0.0000247610
1101	0.0000247546
1102	0.0000247528
1103	0.0000247698
1104	0.0000248216
1105	0.0000248971
1106	0.0000249606
1107	0.0000249937
1108	0.0000249755
1109	0.0000249047
1110	0.0000248017
1111	0.0000246653
1112	0.0000245317
1113	0.0000244745
1114	0.0000244896
1115	0.0000245096
1116	0.0000245083
1117	0.0000245125
1118	0.0000245698
1119	0.0000246913
1120	0.0000248387
1121	0.0000249848
1122	0.0000250703
1123	0.0000250812
1124	0.0000251280
1125	0.0000251819
1126	0.0000251263
1127	0.0000250206
1128	0.0000249180
1129	0.0000247816
1130	0.0000246404
1131	0.0000246039
1132	0.0000247126
1133	0.0000248457
1134	0.0000249390
1135	0.0000250373
1136	0.0000251639
1137	0.0000253796
1138	0.0000256431
1139	0.0000258231
1140	0.0000259859
1141	0.0000262220
1142	0.0000264613
1143	0.0000266784
1144	0.0000269196
1145	0.0000271529
1146	0.0000273001
1147	0.0000273314
1148	0.0000273015
1149	0.0000273039
1150	0.0000273085
1151	0.0000272222
1152	0.0000270587
1153	0.0000268634
1154	0.0000267344
1155	0.0000267454
1156	0.0000267671
1157	0.0000267053
1158	0.0000266145
1159	0.0000265243
1160	0.0000264218
1161	0.0000262867
1162	0.0000261134
1163	0.0000258721
1164	0.0000255488
1165	0.0000251926
1166	0.0000247876
1167	0.0000243248
1168	0.0000238418
1169	0.0000232979
1170	0.0000227357
1171	0.0000223155
1172	0.0000220730
1173	0.0000219096
1174	0.0000217643
1175	0.0000216722
1176	0.0000216476
1177	0.0000215992
1178	0.0000214649
1179	0.0000213211
1180	0.0000212677
1181	0.0000213538
1182	0.0000215904
1183	0.0000219085
1184	0.0000222210
1185	0.0000224686
1186	0.0000226269
1187	0.0000227729
1188	0.0000229445
1189	0.0000230873
1190	0.0000231955
1191	0.0000232671
1192	0.0000233102
1193	0.0000233518
1194	0.0000233819
1195	0.0000234162
1196	0.0000234675
1197	0.0000235715
1198	0.0000237943
1199	0.0000240577
1200	0.0000242483
1201	0.0000244122
1202	0.0000246284
1203	0.0000248856
1204	0.0000251731
1205	0.0000255188
1206	0.0000258400
1207	0.0000260090
1208	0.0000260829
1209	0.0000261851
1210	0.0000263116
1211	0.0000264110
1212	0.0000264683
1213	0.0000264866
1214	0.0000265135
1215	0.0000265765
1216	0.0000265941
1217	0.0000265556
1218	0.0000265710
1219	0.0000266497
1220	0.0000267340
1221	0.0000268081
1222	0.0000268589
1223	0.0000268911
1224	0.0000269185
1225	0.0000269548
1226	0.0000270272
1227	0.0000271188
1228	0.0000271906
1229	0.0000272392
1230	0.0000272611
1231	0.0000272534
1232	0.0000272379
1233	0.0000272235
1234	0.0000271904
1235	0.0000271239
1236	0.0000270490
1237	0.0000269923
1238	0.0000269023
1239	0.0000267232
1240	0.0000265049
1241	0.0000263227
1242	0.0000261924
1243	0.0000261046
1244	0.0000260413
1245	0.0000259958
1246	0.0000260070
1247	0.0000260969
1248	0.0000262446
1249	0.0000264436
1250	0.0000266595
1251	0.0000268285
1252	0.0000269345
1253	0.0000269810
1254	0.0000269719
1255	0.0000269413
1256	0.0000269394
1257	0.0000269825
1258	0.0000270463
1259	0.0000271163
1260	0.0000271626
1261	0.0000271682
1262	0.0000271773
1263	0.0000272262
1264	0.0000273858
1265	0.0000277312
1266	0.0000282238
1267	0.0000288078
1268	0.0000294197
1269	0.0000299527
1270	0.0000303716
1271	0.0000307132
1272	0.0000310034
1273	0.0000312313
1274	0.0000313691
1275	0.0000314297
1276	0.0000314830
1277	0.0000315857
1278	0.0000317335
1279	0.0000318892
1280	0.0000320304
1281	0.0000322473
1282	0.0000326194
1283	0.0000329696
1284	0.0000331253
1285	0.0000332213
1286	0.0000334542
1287	0.0000337857
1288	0.0000341654
1289	0.0000347718
1290	0.0000355669
1291	0.0000363031
1292	0.0000370509
1293	0.0000378709
1294	0.0000387051
1295	0.0000395883
1296	0.0000403339
1297	0.0000408015
1298	0.0000410953
1299	0.0000411870
1300	0.0000411269
1301	0.0000411530
1302	0.0000413122
1303	0.0000414268
1304	0.0000413970
1305	0.0000413728
1306	0.0000415198
1307	0.0000418084
1308	0.0000421423
1309	0.0000424694
1310	0.0000427851
1311	0.0000431137
1312	0.0000434309
1313	0.0000436527
1314	0.0000437619
1315	0.0000438172
1316	0.0000438578
1317	0.0000439142
1318	0.0000440191
1319	0.0000441910
1320	0.0000444172
1321	0.0000446907
1322	0.0000449870
1323	0.0000451938
1324	0.0000452992
1325	0.0000453514
1326	0.0000453049
1327	0.0000452219
1328	0.0000451530
1329	0.0000450681
1330	0.0000449975
1331	0.0000448778
1332	0.0000447521
1333	0.0000448684
1334	0.0000452690
1335	0.0000457125
1336	0.0000460008
1337	0.0000463093
1338	0.0000468519
1339	0.0000474604
1340	0.0000480037
1341	0.0000484825
1342	0.0000487907
1343	0.0000489913
1344	0.0000492560
1345	0.0000495200
1346	0.0000496703
1347	0.0000497545
1348	0.0000498461
1349	0.0000499806
1350	0.0000501244
1351	0.0000502085
1352	0.0000502737
1353	0.0000503307
1354	0.0000503277
1355	0.0000503053
1356	0.0000503025
1357	0.0000503321
1358	0.0000503562
1359	0.0000503167
1360	0.0000502832
1361	0.0000503013
1362	0.0000503298
1363	0.0000502985
1364	0.0000501826
1365	0.0000501320
1366	0.0000502115
1367	0.0000503321
1368	0.0000505079
1369	0.0000508348
1370	0.0000513622
1371	0.0000519552
1372	0.0000525270
1373	0.0000532013
1374	0.0000539131
1375	0.0000546231
1376	0.0000555565
1377	0.0000566341
1378	0.0000575724
1379	0.0000584090
1380	0.0000592516
1381	0.0000599987
1382	0.0000604988
1383	0.0000606759
1384	0.0000606218
1385	0.0000605731
1386	0.0000606533
1387	0.0000608459
1388	0.0000611514
1389	0.0000615263
1390	0.0000618488
1391	0.0000620373
1392	0.0000621041
1393	0.0000620877
1394	0.0000619767
1395	0.0000617694
1396	0.0000615222
1397	0.0000612938
1398	0.0000611358
1399	0.0000610773
1400	0.0000610789
1401	0.0000610873
1402	0.0000610782
1403	0.0000610540
1404	0.0000610574
1405	0.0000610927
1406	0.0000611158
1407	0.0000611082
1408	0.0000610523
1409	0.0000609545
1410	0.0000607970
1411	0.0000605005
1412	0.0000601308
1413	0.0000598451
1414	0.0000596645
1415	0.0000595272
1416	0.0000593782
1417	0.0000592024
1418	0.0000590125
1419	0.0000587895
1420	0.0000585330
1421	0.0000583166
1422	0.0000582039
1423	0.0000581508
1424	0.0000580839
1425	0.0000580420
1426	0.0000581228
1427	0.0000583508
1428	0.0000587782
1429	0.0000594777
1430	0.0000602443
1431	0.0000608586
1432	0.0000614119
1433	0.0000618939
1434	0.0000622194
1435	0.0000624852
1436	0.0000626656
1437	0.0000626187
1438	0.0000623162
1439	0.0000618584
1440	0.0000613621
1441	0.0000608374
1442	0.0000603298
1443	0.0000599306
1444	0.0000596465
1445	0.0000593939
1446	0.0000590312
1447	0.0000585780
1448	0.0000581457
1449	0.0000576825
1450	0.0000570797
1451	0.0000562685
1452	0.0000553450
1453	0.0000545239
1454	0.0000538448
1455	0.0000532494
1456	0.0000526851
1457	0.0000520976
1458	0.0000515516
1459	0.0000511095
1460	0.0000507229
1461	0.0000503782
1462	0.0000501132
1463	0.0000499543
1464	0.0000498303
1465	0.0000495510
1466	0.0000491651
1467	0.0000489157
1468	0.0000487047
1469	0.0000483767
1470	0.0000480376
1471	0.0000476965
1472	0.0000473659
1473	0.0000472091
1474	0.0000472582
1475	0.0000473671
1476	0.0000474075
1477	0.0000474039
1478	0.0000474194
1479	0.0000474539
1480	0.0000474640
1481	0.0000474096
1482	0.0000473343
1483	0.0000471969
1484	0.0000469372
1485	0.0000467035
1486	0.0000465459
1487	0.0000463669
1488	0.0000461267
1489	0.0000457876
1490	0.0000453881
1491	0.0000450186
1492	0.0000446847
1493	0.0000443210
1494	0.0000439017
1495	0.0000435353
1496	0.0000432533
1497	0.0000429264
1498	0.0000425157
1499	0.0000420636
1500	0.0000415860
1501	0.0000411105
1502	0.0000406574
1503	0.0000402581
1504	0.0000399386
1505	0.0000395946
1506	0.0000391721
1507	0.0000388197
1508	0.0000386018
1509	0.0000384700
1510	0.0000384220
1511	0.0000384327
1512	0.0000384638
1513	0.0000384924
1514	0.0000385168
1515	0.0000384632
1516	0.0000381672
1517	0.0000376435
1518	0.0000370620
1519	0.0000365972
1520	0.0000363187
1521	0.0000360872
1522	0.0000358503
1523	0.0000355858
1524	0.0000351248
1525	0.0000345036
1526	0.0000338484
1527	0.0000331471
1528	0.0000324664
1529	0.0000318782
1530	0.0000312759
1531	0.0000305792
1532	0.0000299441
1533	0.0000294325
1534	0.0000288441
1535	0.0000281913
1536	0.0000276895
1537	0.0000273616
1538	0.0000270836
1539	0.0000267132
1540	0.0000261969
1541	0.0000256502
1542	0.0000251937
1543	0.0000248519
1544	0.0000246112
1545	0.0000244431
1546	0.0000243545
1547	0.0000243724
1548	0.0000244644
1549	0.0000246059
1550	0.0000247959
1551	0.0000250442
1552	0.0000253976
1553	0.0000258187
1554	0.0000262301
1555	0.0000266000
1556	0.0000268824
1557	0.0000271138
1558	0.0000273597
1559	0.0000276026
1560	0.0000278080
1561	0.0000279281
1562	0.0000279891
1563	0.0000280767
1564	0.0000281890
1565	0.0000283080
1566	0.0000284252
1567	0.0000284929
1568	0.0000285019
1569	0.0000285135
1570	0.0000285508
1571	0.0000285672
1572	0.0000285574
1573	0.0000285332
1574	0.0000284912
1575	0.0000284598
1576	0.0000284221
1577	0.0000283208
1578	0.0000281327
1579	0.0000278835
1580	0.0000276508
1581	0.0000274526
1582	0.0000272300
1583	0.0000269862
1584	0.0000267579
1585	0.0000265182
1586	0.0000262257
1587	0.0000258916
1588	0.0000256032
1589	0.0000254870
1590	0.0000255461
1591	0.0000256230
1592	0.0000255726
1593	0.0000253903
1594	0.0000251580
1595	0.0000248921
1596	0.0000246226
1597	0.0000244526
1598	0.0000243851
1599	0.0000243996
1600	0.0000245124
1601	0.0000246643
1602	0.0000247889
1603	0.0000248411
1604	0.0000248229
1605	0.0000247894
1606	0.0000247685
1607	0.0000247879
1608	0.0000248362
1609	0.0000248594
1610	0.0000248356
1611	0.0000247829
1612	0.0000247531
1613	0.0000247346
1614	0.0000247163
1615	0.0000247705
1616	0.0000248745
1617	0.0000249599
1618	0.0000250816
1619	0.0000253713
1620	0.0000259189
1621	0.0000266350
1622	0.0000273124
1623	0.0000278568
1624	0.0000283162
1625	0.0000287276
1626	0.0000290612
1627	0.0000292709
1628	0.0000293334
1629	0.0000293118
1630	0.0000292898
1631	0.0000292418
1632	0.0000291792
1633	0.0000292024
1634	0.0000292519
1635	0.0000292231
1636	0.0000292379
1637	0.0000293278
1638	0.0000293067
1639	0.0000291776
1640	0.0000290621
1641	0.0000289815
1642	0.0000289454
1643	0.0000289370
1644	0.0000289464
1645	0.0000289814
1646	0.0000290321
1647	0.0000291096
1648	0.0000292097
1649	0.0000293394
1650	0.0000294815
1651	0.0000295736
1652	0.0000296264
1653	0.0000296825
1654	0.0000298027
1655	0.0000300337
1656	0.0000303454
1657	0.0000307387
1658	0.0000312447
1659	0.0000319176
1660	0.0000328114
1661	0.0000338505
1662	0.0000348577
1663	0.0000356858
1664	0.0000363449
1665	0.0000369200
1666	0.0000374175
1667	0.0000378094
1668	0.0000380354
1669	0.0000380870
1670	0.0000380702
1671	0.0000380602
1672	0.0000380856
1673	0.0000381178
1674	0.0000381299
1675	0.0000382436
1676	0.0000384666
1677	0.0000386049
1678	0.0000387124
1679	0.0000389630
1680	0.0000392155
1681	0.0000393423
1682	0.0000394197
1683	0.0000394702
1684	0.0000395051
1685	0.0000395409
1686	0.0000396073
1687	0.0000397687
1688	0.0000399941
1689	0.0000402297
1690	0.0000404298
1691	0.0000405671
1692	0.0000406642
1693	0.0000407029
1694	0.0000406962
1695	0.0000406159
1696	0.0000403921
1697	0.0000400734
1698	0.0000397219
1699	0.0000394623
1700	0.0000393092
1701	0.0000390192
1702	0.0000385851
1703	0.0000382131
1704	0.0000379617
1705	0.0000378072
1706	0.0000376981
1707	0.0000376067
1708	0.0000375950
1709	0.0000377686
1710	0.0000380675
1711	0.0000382470
1712	0.0000382824
1713	0.0000383485
1714	0.0000384970
1715	0.0000387488
1716	0.0000391601
1717	0.0000397083
1718	0.0000402569
1719	0.0000406145
1720	0.0000407347
1721	0.0000407677
1722	0.0000407704
1723	0.0000407056
1724	0.0000407540
1725	0.0000411515
1726	0.0000419226
1727	0.0000429716
1728	0.0000441256
1729	0.0000451355
1730	0.0000457937
1731	0.0000460915
1732	0.0000461930
1733	0.0000462861
1734	0.0000464975
1735	0.0000467671
1736	0.0000470082
1737	0.0000472573
1738	0.0000474679
1739	0.0000475921
1740	0.0000476528
1741	0.0000476993
1742	0.0000478603
1743	0.0000480783
1744	0.0000481864
1745	0.0000482461
1746	0.0000483271
1747	0.0000483880
1748	0.0000484274
1749	0.0000484487
1750	0.0000484170
1751	0.0000483182
1752	0.0000481714
1753	0.0000479725
1754	0.0000477419
1755	0.0000475507
1756	0.0000474344
1757	0.0000473852
1758	0.0000473718
1759	0.0000473656
1760	0.0000473841
1761	0.0000474590
1762	0.0000475737
1763	0.0000476763
1764	0.0000477467
1765	0.0000477761
1766	0.0000477484
1767	0.0000476978
1768	0.0000476832
1769	0.0000477257
1770	0.0000477882
1771	0.0000478082
1772	0.0000477787
1773	0.0000477349
1774	0.0000476722
1775	0.0000475715
1776	0.0000474516
1777	0.0000473276
1778	0.0000472004
1779	0.0000470193
1780	0.0000467053
1781	0.0000463420
1782	0.0000460787
1783	0.0000459247
1784	0.0000458031
1785	0.0000456283
1786	0.0000454155
1787	0.0000452041
1788	0.0000449353
1789	0.0000446207
1790	0.0000442644
1791	0.0000437844
1792	0.0000432367
1793	0.0000427595
1794	0.0000423744
1795	0.0000420255
1796	0.0000417426
1797	0.0000415955
1798	0.0000415265
1799	0.0000414683
1800	0.0000414303
1801	0.0000414181
1802	0.0000414312
1803	0.0000414348
1804	0.0000413938
1805	0.0000413175
1806	0.0000412054
1807	0.0000410552
1808	0.0000408593
1809	0.0000405876
1810	0.0000402389
1811	0.0000398579
1812	0.0000395039
1813	0.0000392205
1814	0.0000389851
1815	0.0000387229
1816	0.0000384203
1817	0.0000381183
1818	0.0000378121
1819	0.0000374927
1820	0.0000371938
1821	0.0000369311
1822	0.0000366967
1823	0.0000364813
1824	0.0000362485
1825	0.0000360345
1826	0.0000359569
1827	0.0000359773
1828	0.0000359567
1829	0.0000358605
1830	0.0000356941
1831	0.0000354757
1832	0.0000352545
1833	0.0000350672
1834	0.0000348733
1835	0.0000345925
1836	0.0000342710
1837	0.0000339677
1838	0.0000336318
1839	0.0000332273
1840	0.0000327796
1841	0.0000323934
1842	0.0000320845
1843	0.0000317392
1844	0.0000313865
1845	0.0000310909
1846	0.0000308345
1847	0.0000306071
1848	0.0000303545
1849	0.0000300990
1850	0.0000299444
1851	0.0000298903
1852	0.0000298916
1853	0.0000299043
1854	0.0000298747
1855	0.0000297988
1856	0.0000297066
1857	0.0000296237
1858	0.0000295693
1859	0.0000295504
1860	0.0000295733
1861	0.0000296557
1862	0.0000297688
1863	0.0000298371
1864	0.0000298316
1865	0.0000297659
1866	0.0000296686
1867	0.0000295704
1868	0.0000294221
1869	0.0000291466
1870	0.0000287820
1871	0.0000283972
1872	0.0000279654
1873	0.0000274847
1874	0.0000270373
1875	0.0000266589
1876	0.0000262905
1877	0.0000258316
1878	0.0000252346
1879	0.0000245664
1880	0.0000239619
1881	0.0000234381
1882	0.0000228553
1883	0.0000222219
1884	0.0000216751
1885	0.0000212048
1886	0.0000207346
1887	0.0000201969
1888	0.0000196211
1889	0.0000191460
1890	0.0000187782
1891	0.0000184794
1892	0.0000182368
1893	0.0000179762
1894	0.0000176879
1895	0.0000173703
1896	0.0000170235
1897	0.0000167382
1898	0.0000165424
1899	0.0000164068
1900	0.0000163286
1901	0.0000162897
1902	0.0000162715
1903	0.0000162782
1904	0.0000163245
1905	0.0000164199
1906	0.0000165720
1907	0.0000167657
1908	0.0000169592
1909	0.0000171345
1910	0.0000173132
1911	0.0000175675
1912	0.0000179024
1913	0.0000182003
1914	0.0000184700
1915	0.0000187925
1916	0.0000190738
1917	0.0000192762
1918	0.0000195381
1919	0.0000198593
1920	0.0000201323
1921	0.0000204006
1922	0.0000207534
1923	0.0000211950
1924	0.0000216653
1925	0.0000220500
1926	0.0000222715
1927	0.0000223312
1928	0.0000222726
1929	0.0000221839
1930	0.0000221903
1931	0.0000223817
1932	0.0000226972
1933	0.0000229845
1934	0.0000231552
1935	0.0000232145
1936	0.0000232189
1937	0.0000231699
1938	0.0000230556
1939	0.0000229514
1940	0.0000229307
1941	0.0000230400
1942	0.0000232498
1943	0.0000234386
1944	0.0000235779
1945	0.0000237185
1946	0.0000238699
1947	0.0000240154
1948	0.0000241535
1949	0.0000243016
1950	0.0000244399
1951	0.0000245593
1952	0.0000246634
1953	0.0000247209
1954	0.0000247898
1955	0.0000249252
1956	0.0000250563
1957	0.0000251673
1958	0.0000252784
1959	0.0000253355
1960	0.0000253044
1961	0.0000252152
1962	0.0000251489
1963	0.0000251747
1964	0.0000252682
1965	0.0000253772
1966	0.0000254943
1967	0.0000256014
1968	0.0000256726
1969	0.0000257495
1970	0.0000258757
1971	0.0000260106
1972	0.0000260996
1973	0.0000261142
1974	0.0000260484
1975	0.0000259425
1976	0.0000258301
1977	0.0000257084
1978	0.0000255919
1979	0.0000255089
1980	0.0000254618
1981	0.0000254370
1982	0.0000254192
1983	0.0000254012
1984	0.0000254071
1985	0.0000254582
1986	0.0000255327
1987	0.0000256058
1988	0.0000256613
1989	0.0000257036
1990	0.0000257550
1991	0.0000257811
1992	0.0000257599
1993	0.0000257400
1994	0.0000257241
1995	0.0000256743
1996	0.0000256095
1997	0.0000255935
1998	0.0000256154
1999	0.0000255803
2000	0.0000255061
2001	0.0000254734
2002	0.0000254623
2003	0.0000254471
2004	0.0000253896
2005	0.0000252463
2006	0.0000250919
2007	0.0000249944
2008	0.0000249265
2009	0.0000248622
2010	0.0000247912
2011	0.0000247074
2012	0.0000246114
2013	0.0000245078
2014	0.0000244098
2015	0.0000243234
2016	0.0000242434
2017	0.0000241657
2018	0.0000241008
2019	0.0000240671
2020	0.0000240638
2021	0.0000240725
2022	0.0000240817
2023	0.0000240967
2024	0.0000241311
2025	0.0000241802
2026	0.0000242169
2027	0.0000242260
2028	0.0000242094
2029	0.0000241626
2030	0.0000240868
2031	0.0000239963
2032	0.0000238812
2033	0.0000237223
2034	0.0000235528
2035	0.0000234295
2036	0.0000233721
2037	0.0000233575
2038	0.0000233335
2039	0.0000232815
2040	0.0000232172
2041	0.0000231471
2042	0.0000231232
2043	0.0000231552
2044	0.0000231444
2045	0.0000231187
2046	0.0000232565
2047	0.0000235524
2048	0.0000237659
2049	0.0000238230
2050	0.0000238797
2051	0.0000239663
2052	0.0000240757
2053	0.0000242665
2054	0.0000244877
2055	0.0000247449
2056	0.0000250823
2057	0.0000254317
2058	0.0000257442
2059	0.0000259341
2060	0.0000259236
2061	0.0000257395
2062	0.0000254341
2063	0.0000251706
2064	0.0000250853
2065	0.0000251233
2066	0.0000251744
2067	0.0000251340
2068	0.0000249791
2069	0.0000247178
2070	0.0000242775
2071	0.0000236434
2072	0.0000229393
2073	0.0000223524
2074	0.0000219209
2075	0.0000215311
2076	0.0000212232
2077	0.0000210517
2078	0.0000208881
2079	0.0000207183
2080	0.0000206795
2081	0.0000208307
2082	0.0000211816
2083	0.0000216323
2084	0.0000219299
2085	0.0000220242
2086	0.0000220932
2087	0.0000222362
2088	0.0000225392
2089	0.0000229940
2090	0.0000233698
2091	0.0000235802
2092	0.0000237841
2093	0.0000240554
2094	0.0000243107
2095	0.0000245107
2096	0.0000247410
2097	0.0000250858
2098	0.0000255210
2099	0.0000259601
2100	0.0000263586
2101	0.0000266538
2102	0.0000268306
2103	0.0000270439
2104	0.0000273103
2105	0.0000275079
2106	0.0000276141
2107	0.0000275972
2108	0.0000275405
2109	0.0000275413
2110	0.0000275663
2111	0.0000277373
2112	0.0000281251
2113	0.0000286449
2114	0.0000292282
2115	0.0000297175
2116	0.0000301160
2117	0.0000306173
2118	0.0000312753
2119	0.0000319770
2120	0.0000325300
2121	0.0000329215
2122	0.0000332659
2123	0.0000335342
2124	0.0000337275
2125	0.0000339426
2126	0.0000342455
2127	0.0000345485
2128	0.0000347043
2129	0.0000348571
2130	0.0000351726
2131	0.0000355063
2132	0.0000357831
2133	0.0000360688
2134	0.0000362691
2135	0.0000362791
2136	0.0000362097
2137	0.0000361867
2138	0.0000362342
2139	0.0000363920
2140	0.0000366299
2141	0.0000368595
2142	0.0000370652
2143	0.0000372029
2144	0.0000372374
2145	0.0000372741
2146	0.0000374166
2147	0.0000376423
2148	0.0000378772
2149	0.0000380879
2150	0.0000383252
2151	0.0000386509
2152	0.0000390124
2153	0.0000392881
2154	0.0000394068
2155	0.0000394227
2156	0.0000394645
2157	0.0000395513
2158	0.0000396440
2159	0.0000397674
2160	0.0000399363
2161	0.0000401728
2162	0.0000404823
2163	0.0000408241
2164	0.0000412121
2165	0.0000416479
2166	0.0000420617
2167	0.0000424030
2168	0.0000426750
2169	0.0000429136
2170	0.0000431598
2171	0.0000434358
2172	0.0000437137
2173	0.0000439833
2174	0.0000442772
2175	0.0000445461
2176	0.0000447385
2177	0.0000448914
2178	0.0000450222
2179	0.0000451136
2180	0.0000451457
2181	0.0000451311
2182	0.0000451129
2183	0.0000451145
2184	0.0000451614
2185	0.0000452353
2186	0.0000452651
2187	0.0000452305
2188	0.0000451497
2189	0.0000450183
2190	0.0000448184
2191	0.0000445562
2192	0.0000442640
2193	0.0000439804
2194	0.0000437417
2195	0.0000435345
2196	0.0000433317
2197	0.0000431693
2198	0.0000430697
2199	0.0000429817
2200	0.0000428546
2201	0.0000426924
2202	0.0000425275
2203	0.0000423710
2204	0.0000422025
2205	0.0000420062
2206	0.0000418035
2207	0.0000416297
2208	0.0000414962
2209	0.0000413961
2210	0.0000413254
2211	0.0000412830
2212	0.0000412642
2213	0.0000412629
2214	0.0000412729
2215	0.0000413143
2216	0.0000414186
2217	0.0000415447
2218	0.0000416290
2219	0.0000416991
2220	0.0000417992
2221	0.0000418985
2222	0.0000419771
2223	0.0000420631
2224	0.0000421563
2225	0.0000422524
2226	0.0000423429
2227	0.0000423883
2228	0.0000424069
2229	0.0000424475
2230	0.0000425158
2231	0.0000426029
2232	0.0000426822
2233	0.0000427402
2234	0.0000427951
2235	0.0000428728
2236	0.0000430008
2237	0.0000431699
2238	0.0000433448
2239	0.0000434920
2240	0.0000435786
2241	0.0000435668
2242	0.0000434156
2243	0.0000431499
2244	0.0000428596
2245	0.0000426049
2246	0.0000423695
2247	0.0000421078
2248	0.0000418311
2249	0.0000415828
2250	0.0000413982
2251	0.0000412757
2252	0.0000411573
2253	0.0000410344
2254	0.0000409201
2255	0.0000407687
2256	0.0000405686
2257	0.0000403404
2258	0.0000400931
2259	0.0000398162
2260	0.0000394574
2261	0.0000389985
2262	0.0000384988
2263	0.0000380296
2264	0.0000376489
2265	0.0000373906
2266	0.0000371525
2267	0.0000367326
2268	0.0000360874
2269	0.0000353578
2270	0.0000346577
2271	0.0000339768
2272	0.0000333345
2273	0.0000329438
2274	0.0000328943
2275	0.0000328881
2276	0.0000326950
2277	0.0000323828
2278	0.0000319305
2279	0.0000313167
2280	0.0000307578
2281	0.0000302985
2282	0.0000298215
2283	0.0000294031
2284	0.0000290713
2285	0.0000287785
2286	0.0000285931
2287	0.0000285097
2288	0.0000284139
2289	0.0000282587
2290	0.0000281077
2291	0.0000279783
2292	0.0000277908
2293	0.0000275145
2294	0.0000271666
2295	0.0000268208
2296	0.0000265676
2297	0.0000264067
2298	0.0000263232
2299	0.0000262712
2300	0.0000261740
2301	0.0000259973
2302	0.0000257717
2303	0.0000255767
2304	0.0000253948
2305	0.0000251872
2306	0.0000249724
2307	0.0000247472
2308	0.0000245770
2309	0.0000244759
2310	0.0000243809
2311	0.0000242924
2312	0.0000241792
2313	0.0000240593
2314	0.0000239684
2315	0.0000238693
2316	0.0000238649
2317	0.0000241177
2318	0.0000246631
2319	0.0000254229
2320	0.0000261983
2321	0.0000267949
2322	0.0000272497
2323	0.0000277616
2324	0.0000283545
2325	0.0000289117
2326	0.0000294363
2327	0.0000299266
2328	0.0000302343
2329	0.0000302386
2330	0.0000301033
2331	0.0000301047
2332	0.0000301423
2333	0.0000299591
2334	0.0000296857
2335	0.0000295844
2336	0.0000296316
2337	0.0000297060
2338	0.0000297604
2339	0.0000297342
2340	0.0000296499
2341	0.0000295918
2342	0.0000295165
2343	0.0000293773
2344	0.0000292338
2345	0.0000291222
2346	0.0000290306
2347	0.0000289599
2348	0.0000289019
2349	0.0000288463
2350	0.0000288264
2351	0.0000288600
2352	0.0000289327
2353	0.0000290423
2354	0.0000291868
2355	0.0000293517
2356	0.0000295111
2357	0.0000296822
2358	0.0000298644
2359	0.0000299944
2360	0.0000300953
2361	0.0000301935
2362	0.0000302747
2363	0.0000303638
2364	0.0000304449
2365	0.0000305481
2366	0.0000306559
2367	0.0000306341
2368	0.0000305247
2369	0.0000304198
2370	0.0000302968
2371	0.0000301818
2372	0.0000301167
2373	0.0000301013
2374	0.0000301357
2375	0.0000302472
2376	0.0000304534
2377	0.0000307362
2378	0.0000310283
2379	0.0000311697
2380	0.0000311002
2381	0.0000309580
2382	0.0000308736
2383	0.0000308465
2384	0.0000307344
2385	0.0000304479
2386	0.0000300811
2387	0.0000297184
2388	0.0000293368
2389	0.0000289032
2390	0.0000285085
2391	0.0000282695
2392	0.0000281442
2393	0.0000280888
2394	0.0000281156
2395	0.0000281667
2396	0.0000281938
2397	0.0000282083
2398	0.0000281995
2399	0.0000281467
2400	0.0000280910
2401	0.0000280864
2402	0.0000281272
2403	0.0000281783
2404	0.0000281930
2405	0.0000281413
2406	0.0000280385
2407	0.0000278990
2408	0.0000277458
2409	0.0000276322
2410	0.0000275738
2411	0.0000275407
2412	0.0000275327
2413	0.0000275615
2414	0.0000276070
2415	0.0000276365
2416	0.0000276412
2417	0.0000276546
2418	0.0000276802
2419	0.0000276892
2420	0.0000276928
2421	0.0000277007
2422	0.0000277148
2423	0.0000277625
2424	0.0000278592
2425	0.0000279653
2426	0.0000280316
2427	0.0000280973
2428	0.0000282039
2429	0.0000283080
2430	0.0000284071
2431	0.0000285642
2432	0.0000287547
2433	0.0000288744
2434	0.0000289449
2435	0.0000290271
2436	0.0000291330
2437	0.0000293787
2438	0.0000297302
2439	0.0000299778
2440	0.0000301188
2441	0.0000302155
2442	0.0000302735
2443	0.0000303354
2444	0.0000304129
2445	0.0000304803
2446	0.0000304949
2447	0.0000304990
2448	0.0000305607
2449	0.0000306513
2450	0.0000307875
2451	0.0000309906
2452	0.0000312696
2453	0.0000316983
2454	0.0000322308
2455	0.0000327299
2456	0.0000331637
2457	0.0000335491
2458	0.0000338762
2459	0.0000341493
2460	0.0000343838
2461	0.0000346017
2462	0.0000348321
2463	0.0000350193
2464	0.0000351368
2465	0.0000353037
2466	0.0000355696
2467	0.0000358467
2468	0.0000360069
2469	0.0000360019
2470	0.0000359911
2471	0.0000360923
2472	0.0000361408
2473	0.0000358975
2474	0.0000353093
2475	0.0000345222
2476	0.0000337082
2477	0.0000329511
2478	0.0000323641
2479	0.0000320766
2480	0.0000319748
2481	0.0000318293
2482	0.0000316264
2483	0.0000314552
2484	0.0000313138
2485	0.0000312054
2486	0.0000312852
2487	0.0000316406
2488	0.0000320855
2489	0.0000324974
2490	0.0000329583
2491	0.0000335240
2492	0.0000341199
2493	0.0000346621
2494	0.0000351619
2495	0.0000355123
2496	0.0000357221
2497	0.0000360313
2498	0.0000363702
2499	0.0000366957
2500	0.0000371936
2501	0.0000378517
2502	0.0000386636
2503	0.0000395808
2504	0.0000404903
2505	0.0000414076
2506	0.0000422715
2507	0.0000430188
2508	0.0000435939
2509	0.0000440266
2510	0.0000445730
2511	0.0000453353
2512	0.0000462594
2513	0.0000472446
2514	0.0000480783
2515	0.0000487827
2516	0.0000496249
2517	0.0000506061
2518	0.0000514154
2519	0.0000519855
2520	0.0000524811
2521	0.0000528981
2522	0.0000532696
2523	0.0000537112
2524	0.0000542716
2525	0.0000548990
2526	0.0000553561
2527	0.0000555870
2528	0.0000557564
2529	0.0000558794
2530	0.0000559804
2531	0.0000561280
2532	0.0000562866
2533	0.0000564269
2534	0.0000565608
2535	0.0000566628
2536	0.0000567130
2537	0.0000567804
2538	0.0000568664
2539	0.0000568881
2540	0.0000568754
2541	0.0000568491
2542	0.0000567531
2543	0.0000566261
2544	0.0000565420
2545	0.0000564526
2546	0.0000562590
2547	0.0000559748
2548	0.0000557142
2549	0.0000555708
2550	0.0000555405
2551	0.0000555442
2552	0.0000555339
2553	0.0000555260
2554	0.0000555468
2555	0.0000555729
2556	0.0000555269
2557	0.0000553732
2558	0.0000551958
2559	0.0000550638
2560	0.0000549127
2561	0.0000547282
2562	0.0000545639
2563	0.0000544131
2564	0.0000543139
2565	0.0000543080
2566	0.0000543593
2567	0.0000544146
2568	0.0000544268
2569	0.0000544228
2570	0.0000544457
2571	0.0000544863
2572	0.0000545413
2573	0.0000546231
2574	0.0000547404
2575	0.0000548837
2576	0.0000551190
2577	0.0000555205
2578	0.0000560095
2579	0.0000564639
2580	0.0000568248
2581	0.0000571647
2582	0.0000574960
2583	0.0000576725
2584	0.0000577670
2585	0.0000578636
2586	0.0000578666
2587	0.0000578564
2588	0.0000579480
2589	0.0000581658
2590	0.0000584949
2591	0.0000588380
2592	0.0000591621
2593	0.0000594053
2594	0.0000594744
2595	0.0000594801
2596	0.0000595368
2597	0.0000595595
2598	0.0000594757
2599	0.0000593283
2600	0.0000591296
2601	0.0000589027
2602	0.0000586903
2603	0.0000584749
2604	0.0000583803
2605	0.0000585725
2606	0.0000589505
2607	0.0000593274
2608	0.0000596436
2609	0.0000598245
2610	0.0000596855
2611	0.0000592111
2612	0.0000586328
2613	0.0000581180
2614	0.0000577540
2615	0.0000574753
2616	0.0000570319
2617	0.0000564475
2618	0.0000559357
2619	0.0000554625
2620	0.0000549409
2621	0.0000544156
2622	0.0000539376
2623	0.0000535553
2624	0.0000532948
2625	0.0000531336
2626	0.0000530574
2627	0.0000530360
2628	0.0000530546
2629	0.0000531567
2630	0.0000533324
2631	0.0000534969
2632	0.0000535961
2633	0.0000536359
2634	0.0000536171
2635	0.0000535232
2636	0.0000533866
2637	0.0000532602
2638	0.0000531585
2639	0.0000530468
2640	0.0000529020
2641	0.0000527496
2642	0.0000525733
2643	0.0000523493
2644	0.0000520707
2645	0.0000517498
2646	0.0000514547
2647	0.0000511677
2648	0.0000508790
2649	0.0000506354
2650	0.0000503808
2651	0.0000501095
2652	0.0000498022
2653	0.0000493368
2654	0.0000487114
2655	0.0000480351
2656	0.0000474575
2657	0.0000470249
2658	0.0000466311
2659	0.0000462129
2660	0.0000456768
2661	0.0000449065
2662	0.0000440281
2663	0.0000432789
2664	0.0000426010
2665	0.0000418346
2666	0.0000410693
2667	0.0000403348
2668	0.0000395887
2669	0.0000388596
2670	0.0000380185
2671	0.0000370511
2672	0.0000361763
2673	0.0000355107
2674	0.0000349725
2675	0.0000343751
2676	0.0000337402
2677	0.0000332063
2678	0.0000327351
2679	0.0000322600
2680	0.0000316942
2681	0.0000310229
2682	0.0000303771
2683	0.0000297987
2684	0.0000293219
2685	0.0000290010
2686	0.0000287243
2687	0.0000283725
2688	0.0000280268
2689	0.0000277661
2690	0.0000275124
2691	0.0000272947
2692	0.0000272048
2693	0.0000271389
2694	0.0000270010
2695	0.0000268604
2696	0.0000268040
2697	0.0000267923
2698	0.0000266850
2699	0.0000264543
2700	0.0000261992
2701	0.0000259541
2702	0.0000257094
2703	0.0000254933
2704	0.0000253174
2705	0.0000252012
2706	0.0000251801
2707	0.0000252179
2708	0.0000252729
2709	0.0000253295
2710	0.0000253478
2711	0.0000253362
2712	0.0000253579
2713	0.0000254350
2714	0.0000255367
2715	0.0000256840
2716	0.0000259295
2717	0.0000262599
2718	0.0000266435
2719	0.0000269951
2720	0.0000272204
2721	0.0000273581
2722	0.0000274698
2723	0.0000275699
2724	0.0000276513
2725	0.0000276801
2726	0.0000276286
2727	0.0000275058
2728	0.0000273753
2729	0.0000272833
2730	0.0000272323
2731	0.0000271921
2732	0.0000271300
2733	0.0000270210
2734	0.0000267564
2735	0.0000264054
2736	0.0000261749
2737	0.0000259625
2738	0.0000256988
2739	0.0000255244
2740	0.0000254831
2741	0.0000256095
2742	0.0000259210
2743	0.0000264172
2744	0.0000270524
2745	0.0000276274
2746	0.0000280952
2747	0.0000286427
2748	0.0000294014
2749	0.0000303060
2750	0.0000311808
2751	0.0000319195
2752	0.0000325404
2753	0.0000331471
2754	0.0000337570
2755	0.0000343009
2756	0.0000347600
2757	0.0000351195
2758	0.0000354845
2759	0.0000358610
2760	0.0000359645
2761	0.0000358078
2762	0.0000356851
2763	0.0000356766
2764	0.0000357213
2765	0.0000357656
2766	0.0000358392
2767	0.0000359403
2768	0.0000359483
2769	0.0000358811
2770	0.0000358504
2771	0.0000358479
2772	0.0000358082
2773	0.0000356835
2774	0.0000354563
2775	0.0000351513
2776	0.0000348249
2777	0.0000344918
2778	0.0000341271
2779	0.0000337913
2780	0.0000335482
2781	0.0000333325
2782	0.0000331041
2783	0.0000328865
2784	0.0000326422
2785	0.0000323967
2786	0.0000322548
2787	0.0000321943
2788	0.0000321281
2789	0.0000320490
2790	0.0000319792
2791	0.0000319263
2792	0.0000318927
2793	0.0000318824
2794	0.0000319030
2795	0.0000319525
2796	0.0000320023
2797	0.0000320243
2798	0.0000320225
2799	0.0000320095
2800	0.0000320005
2801	0.0000320085
2802	0.0000320348
2803	0.0000320827
2804	0.0000321446
2805	0.0000322135
2806	0.0000322880
2807	0.0000323487
2808	0.0000323796
2809	0.0000323847
2810	0.0000323763
2811	0.0000323609
2812	0.0000323292
2813	0.0000322557
2814	0.0000321275
2815	0.0000319784
2816	0.0000318680
2817	0.0000318400
2818	0.0000318991
2819	0.0000320178
2820	0.0000321285
2821	0.0000321508
2822	0.0000320805
2823	0.0000319565
2824	0.0000318366
2825	0.0000317723
2826	0.0000317214
2827	0.0000316456
2828	0.0000315304
2829	0.0000314040
2830	0.0000313954
2831	0.0000314925
2832	0.0000315729
2833	0.0000316128
2834	0.0000316248
2835	0.0000316317
2836	0.0000315885
2837	0.0000314681
2838	0.0000313781
2839	0.0000313382
2840	0.0000312960
2841	0.0000312699
2842	0.0000312738
2843	0.0000312787
2844	0.0000312685
2845	0.0000312243
2846	0.0000310505
2847	0.0000307663
2848	0.0000305495
2849	0.0000304475
2850	0.0000304584
2851	0.0000306546
2852	0.0000310533
2853	0.0000316155
2854	0.0000323394
2855	0.0000332210
2856	0.0000341018
2857	0.0000348767
2858	0.0000356423
2859	0.0000363421
2860	0.0000368660
2861	0.0000373383
2862	0.0000378441
2863	0.0000383477
2864	0.0000388643
2865	0.0000393456
2866	0.0000396401
2867	0.0000396385
2868	0.0000393533
2869	0.0000390717
2870	0.0000391090
2871	0.0000393035
2872	0.0000394063
2873	0.0000395359
2874	0.0000397795
2875	0.0000400080
2876	0.0000401966
2877	0.0000404965
2878	0.0000409517
2879	0.0000414813
2880	0.0000420492
2881	0.0000425987
2882	0.0000431009
2883	0.0000435970
2884	0.0000441036
2885	0.0000445771
2886	0.0000449025
2887	0.0000450835
2888	0.0000452395
2889	0.0000454012
2890	0.0000455443
2891	0.0000455985
2892	0.0000455371
2893	0.0000454358
2894	0.0000453034
2895	0.0000450413
2896	0.0000446084
2897	0.0000441205
2898	0.0000435989
2899	0.0000430045
2900	0.0000424365
2901	0.0000418478
2902	0.0000412333
2903	0.0000407920
2904	0.0000404971
2905	0.0000402197
2906	0.0000399176
2907	0.0000395510
2908	0.0000391824
2909	0.0000388997
2910	0.0000386207
2911	0.0000381982
2912	0.0000376995
2913	0.0000372189
2914	0.0000366889
2915	0.0000361306
2916	0.0000355989
2917	0.0000351181
2918	0.0000346672
2919	0.0000342001
2920	0.0000339394
2921	0.0000339803
2922	0.0000340400
2923	0.0000340084
2924	0.0000339451
2925	0.0000338840
2926	0.0000338178
2927	0.0000336777
2928	0.0000335022
2929	0.0000333468
2930	0.0000332207
2931	0.0000331738
2932	0.0000331898
2933	0.0000332347
2934	0.0000332870
2935	0.0000332699
2936	0.0000331750
2937	0.0000331068
2938	0.0000331497
2939	0.0000332614
2940	0.0000333312
2941	0.0000333223
2942	0.0000332787
2943	0.0000332297
2944	0.0000331604
2945	0.0000330740
2946	0.0000330063
2947	0.0000329648
2948	0.0000329290
2949	0.0000328811
2950	0.0000328019
2951	0.0000326796
2952	0.0000325228
2953	0.0000323405
2954	0.0000321474
2955	0.0000319743
2956	0.0000318431
2957	0.0000317447
2958	0.0000316368
2959	0.0000315099
2960	0.0000314071
2961	0.0000313404
2962	0.0000313038
2963	0.0000313055
2964	0.0000313196
2965	0.0000313068
2966	0.0000312652
2967	0.0000312206
2968	0.0000311829
2969	0.0000311516
2970	0.0000311291
2971	0.0000310975
2972	0.0000310652
2973	0.0000310510
2974	0.0000310140
2975	0.0000309499
2976	0.0000309033
2977	0.0000308559
2978	0.0000307888
2979	0.0000307560
2980	0.0000307848
2981	0.0000308331
2982	0.0000308764
2983	0.0000309167
2984	0.0000309693
2985	0.0000310935
2986	0.0000313058
2987	0.0000315745
2988	0.0000318987
2989	0.0000322276
2990	0.0000324972
2991	0.0000327265
2992	0.0000329535
2993	0.0000332038
2994	0.0000334382
2995	0.0000335996
2996	0.0000337267
2997	0.0000338205
2998	0.0000338272
2999	0.0000337332
