0	0.0000000000
1	0.0000000000
2	0.0000000000
3	0.0000000000
4	0.0000000000
5	0.0000000000
6	0.0000000000
7	0.0000000000
8	0.0000000000
9	0.0000000000
10	0.0000000000
11	0.0000000000
12	0.0000000000
13	0.0000000000
14	0.0000000000
15	0.0000000000
16	0.0000000000
17	0.0000000000
18	0.0000000000
19	0.0000000000
20	0.0000000000
21	0.0000000000
22	0.0000000000
23	0.0000000000
24	0.0000000000
25	0.0000000000
26	0.0000000000
27	0.0000000000
28	0.0000000000
29	0.0000000000
30	0.0000000001
31	0.0000000003
32	0.0000000010
33	0.0000000032
34	0.0000000091
35	0.0000000235
36	0.0000000553
37	0.0000001178
38	0.0000002261
39	0.0000003905
40	0.0000006059
41	0.0000008444
42	0.0000010636
43	0.0000012313
44	0.0000013558
45	0.0000014885
46	0.0000016821
47	0.0000019363
48	0.0000021920
49	0.0000023991
50	0.0000025823
51	0.0000028120
52	0.0000031049
53	0.0000033965
54	0.0000036394
55	0.0000038813
56	0.0000041866
57	0.0000045243
58	0.0000048218
59	0.0000050981
60	0.0000054286
61	0.0000057994
62	0.0000061337
63	0.0000064468
64	0.0000068140
65	0.0000072126
66	0.0000075700
67	0.0000079205
68	0.0000083292
69	0.0000087457
70	0.0000091185
71	0.0000095123
72	0.0000099562
73	0.0000103753
74	0.0000107686
75	0.0000112100
76	0.0000116673
77	0.0000120819
78	0.0000125128
79	0.0000129872
80	0.0000134320
81	0.0000138593
82	0.0000143335
83	0.0000148040
84	0.0000152374
85	0.0000157034
86	0.0000161890
87	0.0000166339
88	0.0000170906
89	0.0000175811
90	0.0000180378
91	0.0000184871
92	0.0000189747
93	0.0000194395
94	0.0000198825
95	0.0000203621
96	0.0000208312
97	0.0000212721
98	0.0000217463
99	0.0000222200
100	0.0000226578
101	0.0000231158
102	0.0000235728
103	0.0000239907
104	0.0000244305
105	0.0000248885
106	0.0000253217
107	0.0000257757
108	0.0000262381
109	0.0000266564
110	0.0000270791
111	0.0000275138
112	0.0000279194
113	0.0000283368
114	0.0000287618
115	0.0000291483
116	0.0000295433
117	0.0000299529
118	0.0000303345
119	0.0000307241
120	0.0000311172
121	0.0000314815
122	0.0000318650
123	0.0000322587
124	0.0000326227
125	0.0000329978
126	0.0000333763
127	0.0000337334
128	0.0000341063
129	0.0000344699
130	0.0000348049
131	0.0000351579
132	0.0000355040
133	0.0000358251
134	0.0000361575
135	0.0000364772
136	0.0000367859
137	0.0000371109
138	0.0000374149
139	0.0000377108
140	0.0000380270
141	0.0000383249
142	0.0000386171
143	0.0000389200
144	0.0000392052
145	0.0000394953
146	0.0000397868
147	0.0000400537
148	0.0000403312
149	0.0000406075
150	0.0000408591
151	0.0000411194
152	0.0000413752
153	0.0000416188
154	0.0000418720
155	0.0000421098
156	0.0000423383
157	0.0000425679
158	0.0000427667
159	0.0000429636
160	0.0000431856
161	0.0000434258
162	0.0000437147
163	0.0000440302
164	0.0000443064
165	0.0000445003
166	0.0000445597
167	0.0000445196
168	0.0000445047
169	0.0000446155
170	0.0000449383
171	0.0000454440
172	0.0000459551
173	0.0000463245
174	0.0000464868
175	0.0000464837
176	0.0000464509
177	0.0000464529
178	0.0000464736
179	0.0000464695
180	0.0000464081
181	0.0000463806
182	0.0000464975
183	0.0000467523
184	0.0000470833
185	0.0000473984
186	0.0000476569
187	0.0000479143
188	0.0000481812
189	0.0000484072
190	0.0000485384
191	0.0000485588
192	0.0000485424
193	0.0000485316
194	0.0000484769
195	0.0000483449
196	0.0000481558
197	0.0000479990
198	0.0000479398
199	0.0000479147
200	0.0000478644
201	0.0000478125
202	0.0000478281
203	0.0000479651
204	0.0000481517
205	0.0000483050
206	0.0000484647
207	0.0000486739
208	0.0000489294
209	0.0000491899
210	0.0000494014
211	0.0000495900
212	0.0000497870
213	0.0000499602
214	0.0000500874
215	0.0000501721
216	0.0000502318
217	0.0000502579
218	0.0000502213
219	0.0000501486
220	0.0000500689
221	0.0000499593
222	0.0000497929
223	0.0000495827
224	0.0000493874
225	0.0000492072
226	0.0000489749
227	0.0000486972
228	0.0000484380
229	0.0000482250
230	0.0000480092
231	0.0000477368
232	0.0000474815
233	0.0000473053
234	0.0000471340
235	0.0000469179
236	0.0000466923
237	0.0000465214
238	0.0000464064
239	0.0000462605
240	0.0000460983
241	0.0000460053
242	0.0000459469
243	0.0000458446
244	0.0000456923
245	0.0000455653
246	0.0000455110
247	0.0000454582
248	0.0000453909
249	0.0000453742
250	0.0000453847
251	0.0000453584
252	0.0000452791
253	0.0000451880
254	0.0000451266
255	0.0000450421
256	0.0000448987
257	0.0000447550
258	0.0000446385
259	0.0000445228
260	0.0000443913
261	0.0000442646
262	0.0000441653
263	0.0000440530
264	0.0000439014
265	0.0000437527
266	0.0000436141
267	0.0000434462
268	0.0000432342
269	0.0000430028
270	0.0000427831
271	0.0000425528
272	0.0000422783
273	0.0000419968
274	0.0000417387
275	0.0000414710
276	0.0000411772
277	0.0000408847
278	0.0000406106
279	0.0000403258
280	0.0000400138
281	0.0000397205
282	0.0000394466
283	0.0000391405
284	0.0000388217
285	0.0000385244
286	0.0000382173
287	0.0000378627
288	0.0000374900
289	0.0000371644
290	0.0000368640
291	0.0000365563
292	0.0000363027
293	0.0000360885
294	0.0000358024
295	0.0000354016
296	0.0000349213
297	0.0000343974
298	0.0000338487
299	0.0000333808
300	0.0000331107
301	0.0000329641
302	0.0000328203
303	0.0000326219
304	0.0000322807
305	0.0000317697
306	0.0000312014
307	0.0000307141
308	0.0000303033
309	0.0000298863
310	0.0000294991
311	0.0000291664
312	0.0000288563
313	0.0000286441
314	0.0000285831
315	0.0000285814
316	0.0000285255
317	0.0000284184
318	0.0000283081
319	0.0000281520
320	0.0000279726
321	0.0000278059
322	0.0000275136
323	0.0000270759
324	0.0000266653
325	0.0000263468
326	0.0000260572
327	0.0000257584
328	0.0000254865
329	0.0000252336
330	0.0000249911
331	0.0000248450
332	0.0000247678
333	0.0000246535
334	0.0000245257
335	0.0000244340
336	0.0000243581
337	0.0000242590
338	0.0000241345
339	0.0000239600
340	0.0000237317
341	0.0000235674
342	0.0000234407
343	0.0000232050
344	0.0000229313
345	0.0000227243
346	0.0000225549
347	0.0000224037
348	0.0000222878
349	0.0000221868
350	0.0000220671
351	0.0000220241
352	0.0000221017
353	0.0000221625
354	0.0000222038
355	0.0000223174
356	0.0000224734
357	0.0000226277
358	0.0000227788
359	0.0000229311
360	0.0000230824
361	0.0000232708
362	0.0000234910
363	0.0000236345
364	0.0000237316
365	0.0000238306
366	0.0000238112
367	0.0000236732
368	0.0000235447
369	0.0000234909
370	0.0000235429
371	0.0000236959
372	0.0000238242
373	0.0000237392
374	0.0000234505
375	0.0000230576
376	0.0000225546
377	0.0000220936
378	0.0000218888
379	0.0000219041
380	0.0000219801
381	0.0000219898
382	0.0000218806
383	0.0000216745
384	0.0000214537
385	0.0000212631
386	0.0000210428
387	0.0000208203
388	0.0000206797
389	0.0000206244
390	0.0000206990
391	0.0000209215
392	0.0000211969
393	0.0000214402
394	0.0000216313
395	0.0000217839
396	0.0000219296
397	0.0000220919
398	0.0000222018
399	0.0000222391
400	0.0000223478
401	0.0000225889
402	0.0000229485
403	0.0000234432
404	0.0000240101
405	0.0000246005
406	0.0000252688
407	0.0000260673
408	0.0000269132
409	0.0000276630
410	0.0000282634
411	0.0000286738
412	0.0000289797
413	0.0000293239
414	0.0000295609
415	0.0000295804
416	0.0000295428
417	0.0000295621
418	0.0000296533
419	0.0000298201
420	0.0000300344
421	0.0000302758
422	0.0000306522
423	0.0000312282
424	0.0000318392
425	0.0000324357
426	0.0000330475
427	0.0000335683
428	0.0000340791
429	0.0000346828
430	0.0000352024
431	0.0000355036
432	0.0000356718
433	0.0000358066
434	0.0000358562
435	0.0000357583
436	0.0000355369
437	0.0000352398
438	0.0000349825
439	0.0000347733
440	0.0000345101
441	0.0000342634
442	0.0000341158
443	0.0000340227
444	0.0000339692
445	0.0000339600
446	0.0000339683
447	0.0000340021
448	0.0000341077
449	0.0000342395
450	0.0000343297
451	0.0000344149
452	0.0000345001
453	0.0000345784
454	0.0000346791
455	0.0000347492
456	0.0000347650
457	0.0000347974
458	0.0000348618
459	0.0000349142
460	0.0000349449
461	0.0000349765
462	0.0000350181
463	0.0000350692
464	0.0000351389
465	0.0000352280
466	0.0000353145
467	0.0000353911
468	0.0000354874
469	0.0000356106
470	0.0000357340
471	0.0000358413
472	0.0000359329
473	0.0000360244
474	0.0000361251
475	0.0000362136
476	0.0000362631
477	0.0000362972
478	0.0000363440
479	0.0000363660
480	0.0000363531
481	0.0000363329
482	0.0000363089
483	0.0000362910
484	0.0000362597
485	0.0000362100
486	0.0000361967
487	0.0000362125
488	0.0000362091
489	0.0000362221
490	0.0000363208
491	0.0000364895
492	0.0000367031
493	0.0000369859
494	0.0000373114
495	0.0000376579
496	0.0000379979
497	0.0000382749
498	0.0000385778
499	0.0000390274
500	0.0000396276
501	0.0000403536
502	0.0000411333
503	0.0000418324
504	0.0000423308
505	0.0000425752
506	0.0000426009
507	0.0000426276
508	0.0000429382
509	0.0000435030
510	0.0000441656
511	0.0000448855
512	0.0000455098
513	0.0000459093
514	0.0000461309
515	0.0000462612
516	0.0000463871
517	0.0000464688
518	0.0000463866
519	0.0000461801
520	0.0000459958
521	0.0000458942
522	0.0000458774
523	0.0000459453
524	0.0000459873
525	0.0000459084
526	0.0000457469
527	0.0000455272
528	0.0000452774
529	0.0000449936
530	0.0000445968
531	0.0000441142
532	0.0000436711
533	0.0000433636
534	0.0000432234
535	0.0000432137
536	0.0000432435
537	0.0000432673
538	0.0000433331
539	0.0000434621
540	0.0000436573
541	0.0000438219
542	0.0000437645
543	0.0000435823
544	0.0000434720
545	0.0000433865
546	0.0000432841
547	0.0000431752
548	0.0000430500
549	0.0000429611
550	0.0000429889
551	0.0000431784
552	0.0000434943
553	0.0000438239
554	0.0000440950
555	0.0000444019
556	0.0000448106
557	0.0000451830
558	0.0000454370
559	0.0000455879
560	0.0000456537
561	0.0000457068
562	0.0000457265
563	0.0000456335
564	0.0000454626
565	0.0000452776
566	0.0000451066
567	0.0000449692
568	0.0000448500
569	0.0000447067
570	0.0000445726
571	0.0000445075
572	0.0000444753
573	0.0000444100
574	0.0000442813
575	0.0000441242
576	0.0000439569
577	0.0000437119
578	0.0000433827
579	0.0000429735
580	0.0000424542
581	0.0000418860
582	0.0000412845
583	0.0000405577
584	0.0000397363
585	0.0000389876
586	0.0000383549
587	0.0000377375
588	0.0000370694
589	0.0000363806
590	0.0000357913
591	0.0000353266
592	0.0000348936
593	0.0000344945
594	0.0000341288
595	0.0000338076
596	0.0000336149
597	0.0000334950
598	0.0000333577
599	0.0000332478
600	0.0000331922
601	0.0000331222
602	0.0000329785
603	0.0000327503
604	0.0000324751
605	0.0000322340
606	0.0000319720
607	0.0000315951
608	0.0000312086
609	0.0000308991
610	0.0000306652
611	0.0000304842
612	0.0000302762
613	0.0000300712
614	0.0000299368
615	0.0000298542
616	0.0000298158
617	0.0000297657
618	0.0000296603
619	0.0000295906
620	0.0000295983
621	0.0000295747
622	0.0000294927
623	0.0000294490
624	0.0000294542
625	0.0000294750
626	0.0000295223
627	0.0000296062
628	0.0000297221
629	0.0000298246
630	0.0000298901
631	0.0000299381
632	0.0000299702
633	0.0000299868
634	0.0000299696
635	0.0000299066
636	0.0000298309
637	0.0000297473
638	0.0000296254
639	0.0000294936
640	0.0000294208
641	0.0000294164
642	0.0000294550
643	0.0000295016
644	0.0000295363
645	0.0000295991
646	0.0000296784
647	0.0000297331
648	0.0000297848
649	0.0000298326
650	0.0000298605
651	0.0000298729
652	0.0000298723
653	0.0000298696
654	0.0000298661
655	0.0000298490
656	0.0000298200
657	0.0000298074
658	0.0000298306
659	0.0000298411
660	0.0000297637
661	0.0000296512
662	0.0000295860
663	0.0000294680
664	0.0000292630
665	0.0000290826
666	0.0000289039
667	0.0000286631
668	0.0000283404
669	0.0000279483
670	0.0000275831
671	0.0000272675
672	0.0000269317
673	0.0000265294
674	0.0000260843
675	0.0000256924
676	0.0000253871
677	0.0000251026
678	0.0000248371
679	0.0000246792
680	0.0000245754
681	0.0000244327
682	0.0000243689
683	0.0000244389
684	0.0000245628
685	0.0000246941
686	0.0000247905
687	0.0000249174
688	0.0000251110
689	0.0000252725
690	0.0000254105
691	0.0000255804
692	0.0000257700
693	0.0000259770
694	0.0000261963
695	0.0000264102
696	0.0000266315
697	0.0000268612
698	0.0000271169
699	0.0000275204
700	0.0000281236
701	0.0000288284
702	0.0000295166
703	0.0000301350
704	0.0000307067
705	0.0000311175
706	0.0000313583
707	0.0000317931
708	0.0000325677
709	0.0000335322
710	0.0000345884
711	0.0000355339
712	0.0000361339
713	0.0000363290
714	0.0000362246
715	0.0000360391
716	0.0000359836
717	0.0000360990
718	0.0000362903
719	0.0000365161
720	0.0000367449
721	0.0000369271
722	0.0000370338
723	0.0000370865
724	0.0000372025
725	0.0000372809
726	0.0000371412
727	0.0000369723
728	0.0000369981
729	0.0000372843
730	0.0000378416
731	0.0000385583
732	0.0000393224
733	0.0000400339
734	0.0000406105
735	0.0000411469
736	0.0000417341
737	0.0000422259
738	0.0000424894
739	0.0000426016
740	0.0000426595
741	0.0000427495
742	0.0000429139
743	0.0000431044
744	0.0000433299
745	0.0000435684
746	0.0000437683
747	0.0000439693
748	0.0000441882
749	0.0000443780
750	0.0000444750
751	0.0000445212
752	0.0000446232
753	0.0000447814
754	0.0000450135
755	0.0000453523
756	0.0000457306
757	0.0000461540
758	0.0000467371
759	0.0000474618
760	0.0000481817
761	0.0000488187
762	0.0000493597
763	0.0000498464
764	0.0000503023
765	0.0000506719
766	0.0000509700
767	0.0000512158
768	0.0000514052
769	0.0000515985
770	0.0000518390
771	0.0000521449
772	0.0000524336
773	0.0000526316
774	0.0000528779
775	0.0000532371
776	0.0000535763
777	0.0000538180
778	0.0000539707
779	0.0000540335
780	0.0000540184
781	0.0000539421
782	0.0000537900
783	0.0000535238
784	0.0000531025
785	0.0000526741
786	0.0000524254
787	0.0000522310
788	0.0000520076
789	0.0000518620
790	0.0000518386
791	0.0000519692
792	0.0000521842
793	0.0000523902
794	0.0000526328
795	0.0000529124
796	0.0000531883
797	0.0000534441
798	0.0000536455
799	0.0000537543
800	0.0000537705
801	0.0000537671
802	0.0000537615
803	0.0000536752
804	0.0000535318
805	0.0000534490
806	0.0000534162
807	0.0000533917
808	0.0000534418
809	0.0000535323
810	0.0000536038
811	0.0000537289
812	0.0000539172
813	0.0000541070
814	0.0000542439
815	0.0000543240
816	0.0000544314
817	0.0000545767
818	0.0000546848
819	0.0000547339
820	0.0000547508
821	0.0000547643
822	0.0000547815
823	0.0000547987
824	0.0000548212
825	0.0000548539
826	0.0000548942
827	0.0000549344
828	0.0000549746
829	0.0000550415
830	0.0000551420
831	0.0000552393
832	0.0000553242
833	0.0000553979
834	0.0000554387
835	0.0000554073
836	0.0000552922
837	0.0000552010
838	0.0000552146
839	0.0000553069
840	0.0000554554
841	0.0000555648
842	0.0000555233
843	0.0000553455
844	0.0000551026
845	0.0000548822
846	0.0000547743
847	0.0000548317
848	0.0000550673
849	0.0000554300
850	0.0000557785
851	0.0000560354
852	0.0000562868
853	0.0000565959
854	0.0000569189
855	0.0000571567
856	0.0000572388
857	0.0000571738
858	0.0000570372
859	0.0000570142
860	0.0000571260
861	0.0000571900
862	0.0000572167
863	0.0000571950
864	0.0000569624
865	0.0000565501
866	0.0000560936
867	0.0000556018
868	0.0000549727
869	0.0000541378
870	0.0000532038
871	0.0000523680
872	0.0000517186
873	0.0000512493
874	0.0000509290
875	0.0000506745
876	0.0000504681
877	0.0000503407
878	0.0000502775
879	0.0000502582
880	0.0000502170
881	0.0000501181
882	0.0000498981
883	0.0000495528
884	0.0000493574
885	0.0000493517
886	0.0000492831
887	0.0000491080
888	0.0000488838
889	0.0000486826
890	0.0000485359
891	0.0000483694
892	0.0000481006
893	0.0000476033
894	0.0000469184
895	0.0000462897
896	0.0000457152
897	0.0000450262
898	0.0000442986
899	0.0000436278
900	0.0000429909
901	0.0000425217
902	0.0000423153
903	0.0000422960
904	0.0000423405
905	0.0000423231
906	0.0000423567
907	0.0000426183
908	0.0000430821
909	0.0000436152
910	0.0000440348
911	0.0000443322
912	0.0000446106
913	0.0000448671
914	0.0000450370
915	0.0000450633
916	0.0000451688
917	0.0000455977
918	0.0000461778
919	0.0000467842
920	0.0000474714
921	0.0000480323
922	0.0000483063
923	0.0000485204
924	0.0000487795
925	0.0000489302
926	0.0000489022
927	0.0000487008
928	0.0000484209
929	0.0000481290
930	0.0000477644
931	0.0000472772
932	0.0000466153
933	0.0000458698
934	0.0000451750
935	0.0000444875
936	0.0000437978
937	0.0000431630
938	0.0000426583
939	0.0000423068
940	0.0000420417
941	0.0000418676
942	0.0000417360
943	0.0000415826
944	0.0000414920
945	0.0000414414
946	0.0000412993
947	0.0000410906
948	0.0000409069
949	0.0000407840
950	0.0000407468
951	0.0000407368
952	0.0000406553
953	0.0000404993
954	0.0000403882
955	0.0000404468
956	0.0000405005
957	0.0000403650
958	0.0000402118
959	0.0000401325
960	0.0000400655
961	0.0000400044
962	0.0000399479
963	0.0000399582
964	0.0000400733
965	0.0000402598
966	0.0000404663
967	0.0000406396
968	0.0000407731
969	0.0000408444
970	0.0000408445
971	0.0000407858
972	0.0000406394
973	0.0000404279
974	0.0000402443
975	0.0000401202
976	0.0000399720
977	0.0000397438
978	0.0000395689
979	0.0000396739
980	0.0000399672
981	0.0000401572
982	0.0000403529
983	0.0000406953
984	0.0000410537
985	0.0000414463
986	0.0000418657
987	0.0000422615
988	0.0000427358
989	0.0000433083
990	0.0000439145
991	0.0000445153
992	0.0000451737
993	0.0000459680
994	0.0000468700
995	0.0000479045
996	0.0000490375
997	0.0000501459
998	0.0000512735
999	0.0000525061
1000	0.0000537829
1001	0.0000549862
1002	0.0000560710
1003	0.0000570956
1004	0.0000580878
1005	0.0000589346
1006	0.0000595916
1007	0.0000601606
1008	0.0000606617
1009	0.0000610729
1010	0.0000613958
1011	0.0000616415
1012	0.0000618740
1013	0.0000620897
1014	0.0000622474
1015	0.0000623805
1016	0.0000625491
1017	0.0000627392
1018	0.0000628305
1019	0.0000628162
1020	0.0000627803
1021	0.0000627002
1022	0.0000625847
1023	0.0000624712
1024	0.0000623226
1025	0.0000621585
1026	0.0000620642
1027	0.0000620361
1028	0.0000620115
1029	0.0000619906
1030	0.0000620213
1031	0.0000621598
1032	0.0000624093
1033	0.0000627117
1034	0.0000630340
1035	0.0000633648
1036	0.0000636612
1037	0.0000638341
1038	0.0000638649
1039	0.0000638436
1040	0.0000638273
1041	0.0000638258
1042	0.0000638252
1043	0.0000638139
1044	0.0000637814
1045	0.0000636994
1046	0.0000636123
1047	0.0000635698
1048	0.0000635962
1049	0.0000637380
1050	0.0000639257
1051	0.0000640479
1052	0.0000641013
1053	0.0000640943
1054	0.0000640203
1055	0.0000639335
1056	0.0000638909
1057	0.0000638686
1058	0.0000638274
1059	0.0000637810
1060	0.0000637592
1061	0.0000637895
1062	0.0000638872
1063	0.0000639627
1064	0.0000638964
1065	0.0000637343
1066	0.0000635567
1067	0.0000633652
1068	0.0000631694
1069	0.0000630064
1070	0.0000629155
1071	0.0000628037
1072	0.0000625754
1073	0.0000622948
1074	0.0000619875
1075	0.0000616368
1076	0.0000611393
1077	0.0000603635
1078	0.0000594410
1079	0.0000585185
1080	0.0000575871
1081	0.0000567143
1082	0.0000559985
1083	0.0000554015
1084	0.0000548010
1085	0.0000541866
1086	0.0000536498
1087	0.0000531931
1088	0.0000527563
1089	0.0000523217
1090	0.0000517829
1091	0.0000510878
1092	0.0000505336
1093	0.0000502756
1094	0.0000500927
1095	0.0000499050
1096	0.0000498002
1097	0.0000498599
1098	0.0000501106
1099	0.0000505202
1100	0.0000510745
1101	0.0000516677
1102	0.0000521645
1103	0.0000524945
1104	0.0000526919
1105	0.0000528859
1106	0.0000530226
1107	0.0000530224
1108	0.0000529853
1109	0.0000529714
1110	0.0000530086
1111	0.0000530989
1112	0.0000532104
1113	0.0000533378
1114	0.0000534396
1115	0.0000535293
1116	0.0000536767
1117	0.0000538528
1118	0.0000540365
1119	0.0000542155
1120	0.0000542907
1121	0.0000543341
1122	0.0000545003
1123	0.0000546887
1124	0.0000547944
1125	0.0000548849
1126	0.0000550487
1127	0.0000553162
1128	0.0000556252
1129	0.0000558782
1130	0.0000560095
1131	0.0000560771
1132	0.0000561268
1133	0.0000560690
1134	0.0000559258
1135	0.0000557308
1136	0.0000554277
1137	0.0000550916
1138	0.0000548375
1139	0.0000546704
1140	0.0000545099
1141	0.0000543485
1142	0.0000543023
1143	0.0000543942
1144	0.0000545507
1145	0.0000547263
1146	0.0000548971
1147	0.0000550605
1148	0.0000551875
1149	0.0000552143
1150	0.0000551412
1151	0.0000549499
1152	0.0000545538
1153	0.0000540142
1154	0.0000534319
1155	0.0000528062
1156	0.0000521587
1157	0.0000514736
1158	0.0000507450
1159	0.0000499934
1160	0.0000492395
1161	0.0000485098
1162	0.0000477187
1163	0.0000469886
1164	0.0000465296
1165	0.0000461009
1166	0.0000454257
1167	0.0000444866
1168	0.0000432544
1169	0.0000417162
1170	0.0000400812
1171	0.0000386754
1172	0.0000375523
1173	0.0000366360
1174	0.0000359578
1175	0.0000354296
1176	0.0000348756
1177	0.0000341334
1178	0.0000331737
1179	0.0000323173
1180	0.0000318538
1181	0.0000316763
1182	0.0000316061
1183	0.0000315543
1184	0.0000314489
1185	0.0000313029
1186	0.0000310953
1187	0.0000308010
1188	0.0000304773
1189	0.0000300900
1190	0.0000296024
1191	0.0000290254
1192	0.0000284082
1193	0.0000278895
1194	0.0000274779
1195	0.0000271169
1196	0.0000267985
1197	0.0000264239
1198	0.0000259444
1199	0.0000254673
1200	0.0000250865
1201	0.0000247675
1202	0.0000244815
1203	0.0000242714
1204	0.0000241299
1205	0.0000240562
1206	0.0000240483
1207	0.0000240698
1208	0.0000241457
1209	0.0000242327
1210	0.0000242207
1211	0.0000241543
1212	0.0000241246
1213	0.0000241138
1214	0.0000241284
1215	0.0000241961
1216	0.0000242726
1217	0.0000243328
1218	0.0000244297
1219	0.0000246446
1220	0.0000249366
1221	0.0000251695
1222	0.0000253096
1223	0.0000253881
1224	0.0000254807
1225	0.0000256279
1226	0.0000257449
1227	0.0000258085
1228	0.0000258368
1229	0.0000258292
1230	0.0000258233
1231	0.0000258215
1232	0.0000258132
1233	0.0000257968
1234	0.0000257580
1235	0.0000256872
1236	0.0000255857
1237	0.0000254799
1238	0.0000253736
1239	0.0000252565
1240	0.0000251434
1241	0.0000250352
1242	0.0000249490
1243	0.0000249171
1244	0.0000249156
1245	0.0000249273
1246	0.0000250144
1247	0.0000252072
1248	0.0000254475
1249	0.0000257013
1250	0.0000259554
1251	0.0000261363
1252	0.0000262212
1253	0.0000262769
1254	0.0000263165
1255	0.0000263732
1256	0.0000264724
1257	0.0000265726
1258	0.0000267541
1259	0.0000269997
1260	0.0000271704
1261	0.0000272966
1262	0.0000273644
1263	0.0000273505
1264	0.0000273302
1265	0.0000273201
1266	0.0000273425
1267	0.0000273684
1268	0.0000273779
1269	0.0000274871
1270	0.0000277872
1271	0.0000282434
1272	0.0000286673
1273	0.0000289018
1274	0.0000290213
1275	0.0000291427
1276	0.0000292371
1277	0.0000292451
1278	0.0000291868
1279	0.0000290596
1280	0.0000288972
1281	0.0000288252
1282	0.0000288168
1283	0.0000287219
1284	0.0000285518
1285	0.0000283745
1286	0.0000281581
1287	0.0000279565
1288	0.0000278135
1289	0.0000277269
1290	0.0000278129
1291	0.0000279880
1292	0.0000281886
1293	0.0000286445
1294	0.0000292767
1295	0.0000298199
1296	0.0000302977
1297	0.0000308417
1298	0.0000314197
1299	0.0000318520
1300	0.0000321345
1301	0.0000323612
1302	0.0000325665
1303	0.0000328283
1304	0.0000330726
1305	0.0000331965
1306	0.0000333061
1307	0.0000335255
1308	0.0000338849
1309	0.0000342916
1310	0.0000346152
1311	0.0000348548
1312	0.0000350652
1313	0.0000352301
1314	0.0000352943
1315	0.0000352423
1316	0.0000351078
1317	0.0000349342
1318	0.0000347628
1319	0.0000346303
1320	0.0000345184
1321	0.0000343806
1322	0.0000341991
1323	0.0000339998
1324	0.0000338533
1325	0.0000337203
1326	0.0000335076
1327	0.0000332790
1328	0.0000331121
1329	0.0000329785
1330	0.0000328542
1331	0.0000327997
1332	0.0000328338
1333	0.0000329211
1334	0.0000331133
1335	0.0000333381
1336	0.0000334923
1337	0.0000336711
1338	0.0000338729
1339	0.0000340134
1340	0.0000340487
1341	0.0000339573
1342	0.0000338486
1343	0.0000337679
1344	0.0000336296
1345	0.0000334513
1346	0.0000333145
1347	0.0000332366
1348	0.0000332154
1349	0.0000332563
1350	0.0000333498
1351	0.0000334973
1352	0.0000337056
1353	0.0000339984
1354	0.0000343955
1355	0.0000348563
1356	0.0000353386
1357	0.0000358628
1358	0.0000364957
1359	0.0000371989
1360	0.0000378390
1361	0.0000384096
1362	0.0000390062
1363	0.0000397402
1364	0.0000406581
1365	0.0000417077
1366	0.0000427822
1367	0.0000437691
1368	0.0000447370
1369	0.0000456794
1370	0.0000463847
1371	0.0000469203
1372	0.0000474932
1373	0.0000481321
1374	0.0000487629
1375	0.0000492426
1376	0.0000495146
1377	0.0000495917
1378	0.0000494784
1379	0.0000492997
1380	0.0000492269
1381	0.0000493116
1382	0.0000495235
1383	0.0000498239
1384	0.0000500873
1385	0.0000501847
1386	0.0000501891
1387	0.0000501940
1388	0.0000501680
1389	0.0000501544
1390	0.0000502052
1391	0.0000502252
1392	0.0000501743
1393	0.0000500987
1394	0.0000499880
1395	0.0000498456
1396	0.0000496990
1397	0.0000495563
1398	0.0000493883
1399	0.0000491499
1400	0.0000488952
1401	0.0000487378
1402	0.0000487408
1403	0.0000488531
1404	0.0000489753
1405	0.0000490978
1406	0.0000492207
1407	0.0000493197
1408	0.0000493917
1409	0.0000494370
1410	0.0000494834
1411	0.0000495284
1412	0.0000495459
1413	0.0000495523
1414	0.0000495714
1415	0.0000496259
1416	0.0000497186
1417	0.0000498237
1418	0.0000499179
1419	0.0000499840
1420	0.0000500188
1421	0.0000500323
1422	0.0000500414
1423	0.0000500496
1424	0.0000500434
1425	0.0000500150
1426	0.0000499404
1427	0.0000498094
1428	0.0000496794
1429	0.0000495899
1430	0.0000495334
1431	0.0000495217
1432	0.0000495656
1433	0.0000496609
1434	0.0000497667
1435	0.0000498424
1436	0.0000499473
1437	0.0000501629
1438	0.0000504817
1439	0.0000508021
1440	0.0000510350
1441	0.0000511770
1442	0.0000512351
1443	0.0000512238
1444	0.0000511333
1445	0.0000509628
1446	0.0000507785
1447	0.0000505850
1448	0.0000503827
1449	0.0000502106
1450	0.0000501004
1451	0.0000500633
1452	0.0000499875
1453	0.0000498183
1454	0.0000496517
1455	0.0000495533
1456	0.0000494877
1457	0.0000493121
1458	0.0000490351
1459	0.0000487956
1460	0.0000485457
1461	0.0000483125
1462	0.0000482466
1463	0.0000482490
1464	0.0000482063
1465	0.0000482354
1466	0.0000483975
1467	0.0000486341
1468	0.0000488713
1469	0.0000490254
1470	0.0000490674
1471	0.0000489757
1472	0.0000487558
1473	0.0000485158
1474	0.0000483157
1475	0.0000480536
1476	0.0000476702
1477	0.0000473535
1478	0.0000472284
1479	0.0000472374
1480	0.0000473479
1481	0.0000474096
1482	0.0000473775
1483	0.0000474387
1484	0.0000475749
1485	0.0000476559
1486	0.0000477085
1487	0.0000478137
1488	0.0000479486
1489	0.0000480713
1490	0.0000482439
1491	0.0000484576
1492	0.0000486444
1493	0.0000487806
1494	0.0000488957
1495	0.0000490948
1496	0.0000493749
1497	0.0000496443
1498	0.0000498620
1499	0.0000500331
1500	0.0000502440
1501	0.0000505421
1502	0.0000508861
1503	0.0000512564
1504	0.0000516751
1505	0.0000521638
1506	0.0000526572
1507	0.0000530469
1508	0.0000533507
1509	0.0000536647
1510	0.0000540560
1511	0.0000545895
1512	0.0000552368
1513	0.0000558667
1514	0.0000563497
1515	0.0000566263
1516	0.0000567753
1517	0.0000567803
1518	0.0000566043
1519	0.0000563756
1520	0.0000559855
1521	0.0000553490
1522	0.0000546866
1523	0.0000539877
1524	0.0000531212
1525	0.0000522686
1526	0.0000516812
1527	0.0000512603
1528	0.0000507553
1529	0.0000501370
1530	0.0000495035
1531	0.0000490260
1532	0.0000487635
1533	0.0000486103
1534	0.0000485414
1535	0.0000484318
1536	0.0000481472
1537	0.0000477524
1538	0.0000473314
1539	0.0000469574
1540	0.0000465626
1541	0.0000460076
1542	0.0000453574
1543	0.0000447355
1544	0.0000441815
1545	0.0000436783
1546	0.0000432260
1547	0.0000428923
1548	0.0000426487
1549	0.0000423911
1550	0.0000421358
1551	0.0000419288
1552	0.0000417918
1553	0.0000417456
1554	0.0000417361
1555	0.0000417188
1556	0.0000416700
1557	0.0000416273
1558	0.0000417135
1559	0.0000418729
1560	0.0000419910
1561	0.0000420964
1562	0.0000421809
1563	0.0000422253
1564	0.0000423213
1565	0.0000425292
1566	0.0000427235
1567	0.0000428308
1568	0.0000429558
1569	0.0000431502
1570	0.0000434231
1571	0.0000437391
1572	0.0000440839
1573	0.0000445178
1574	0.0000449264
1575	0.0000451690
1576	0.0000452435
1577	0.0000451836
1578	0.0000450770
1579	0.0000449242
1580	0.0000446580
1581	0.0000443728
1582	0.0000442258
1583	0.0000441620
1584	0.0000439938
1585	0.0000437086
1586	0.0000433806
1587	0.0000430630
1588	0.0000429077
1589	0.0000429849
1590	0.0000431755
1591	0.0000433890
1592	0.0000436031
1593	0.0000437932
1594	0.0000439619
1595	0.0000441075
1596	0.0000442153
1597	0.0000442979
1598	0.0000443699
1599	0.0000444436
1600	0.0000445221
1601	0.0000446142
1602	0.0000447391
1603	0.0000448894
1604	0.0000450484
1605	0.0000451818
1606	0.0000452832
1607	0.0000453824
1608	0.0000454730
1609	0.0000455631
1610	0.0000456566
1611	0.0000457332
1612	0.0000457982
1613	0.0000458417
1614	0.0000458484
1615	0.0000458266
1616	0.0000457878
1617	0.0000457332
1618	0.0000456708
1619	0.0000456307
1620	0.0000456339
1621	0.0000456913
1622	0.0000457979
1623	0.0000458840
1624	0.0000458501
1625	0.0000457335
1626	0.0000456483
1627	0.0000455300
1628	0.0000453065
1629	0.0000450617
1630	0.0000448336
1631	0.0000446286
1632	0.0000444616
1633	0.0000442965
1634	0.0000441212
1635	0.0000439122
1636	0.0000436401
1637	0.0000433722
1638	0.0000431547
1639	0.0000429617
1640	0.0000427595
1641	0.0000425044
1642	0.0000422270
1643	0.0000419596
1644	0.0000417007
1645	0.0000415227
1646	0.0000414280
1647	0.0000413664
1648	0.0000413265
1649	0.0000413231
1650	0.0000413921
1651	0.0000414114
1652	0.0000413075
1653	0.0000412134
1654	0.0000411946
1655	0.0000412704
1656	0.0000414143
1657	0.0000415754
1658	0.0000418184
1659	0.0000422266
1660	0.0000427554
1661	0.0000431894
1662	0.0000434116
1663	0.0000435092
1664	0.0000435311
1665	0.0000434217
1666	0.0000430983
1667	0.0000426382
1668	0.0000421399
1669	0.0000415692
1670	0.0000410408
1671	0.0000406535
1672	0.0000402974
1673	0.0000399232
1674	0.0000395817
1675	0.0000393233
1676	0.0000391550
1677	0.0000390024
1678	0.0000387851
1679	0.0000385111
1680	0.0000382366
1681	0.0000379851
1682	0.0000377542
1683	0.0000375335
1684	0.0000373191
1685	0.0000371281
1686	0.0000369726
1687	0.0000368313
1688	0.0000366503
1689	0.0000363848
1690	0.0000361036
1691	0.0000358879
1692	0.0000356366
1693	0.0000353430
1694	0.0000351412
1695	0.0000350265
1696	0.0000350332
1697	0.0000351407
1698	0.0000351945
1699	0.0000352257
1700	0.0000353406
1701	0.0000355936
1702	0.0000360006
1703	0.0000365596
1704	0.0000372486
1705	0.0000379173
1706	0.0000384600
1707	0.0000388004
1708	0.0000388601
1709	0.0000387992
1710	0.0000388326
1711	0.0000390349
1712	0.0000393466
1713	0.0000396368
1714	0.0000398451
1715	0.0000399167
1716	0.0000398068
1717	0.0000395863
1718	0.0000393986
1719	0.0000393447
1720	0.0000394190
1721	0.0000395545
1722	0.0000396617
1723	0.0000396825
1724	0.0000395786
1725	0.0000393368
1726	0.0000390710
1727	0.0000388435
1728	0.0000385324
1729	0.0000380747
1730	0.0000376030
1731	0.0000373213
1732	0.0000372485
1733	0.0000372070
1734	0.0000371980
1735	0.0000372627
1736	0.0000372148
1737	0.0000370686
1738	0.0000369383
1739	0.0000367355
1740	0.0000365485
1741	0.0000365128
1742	0.0000365072
1743	0.0000363751
1744	0.0000361232
1745	0.0000359066
1746	0.0000357971
1747	0.0000357357
1748	0.0000356244
1749	0.0000354233
1750	0.0000352453
1751	0.0000351458
1752	0.0000351355
1753	0.0000352720
1754	0.0000355070
1755	0.0000357238
1756	0.0000357983
1757	0.0000356926
1758	0.0000354454
1759	0.0000350547
1760	0.0000345571
1761	0.0000340120
1762	0.0000334379
1763	0.0000328297
1764	0.0000322286
1765	0.0000317463
1766	0.0000314373
1767	0.0000312649
1768	0.0000311033
1769	0.0000308810
1770	0.0000307265
1771	0.0000306992
1772	0.0000306985
1773	0.0000306752
1774	0.0000306141
1775	0.0000304808
1776	0.0000302807
1777	0.0000300670
1778	0.0000299114
1779	0.0000298285
1780	0.0000297782
1781	0.0000297583
1782	0.0000297284
1783	0.0000296169
1784	0.0000294718
1785	0.0000293502
1786	0.0000292115
1787	0.0000290142
1788	0.0000287927
1789	0.0000286128
1790	0.0000284953
1791	0.0000284283
1792	0.0000283798
1793	0.0000283409
1794	0.0000283207
1795	0.0000282946
1796	0.0000282678
1797	0.0000282466
1798	0.0000282176
1799	0.0000281855
1800	0.0000281400
1801	0.0000280913
1802	0.0000280578
1803	0.0000280390
1804	0.0000280367
1805	0.0000280476
1806	0.0000280809
1807	0.0000281257
1808	0.0000281336
1809	0.0000280854
1810	0.0000279971
1811	0.0000278658
1812	0.0000276997
1813	0.0000275390
1814	0.0000273660
1815	0.0000271694
1816	0.0000270133
1817	0.0000269405
1818	0.0000269641
1819	0.0000270457
1820	0.0000270872
1821	0.0000270775
1822	0.0000271036
1823	0.0000271617
1824	0.0000271559
1825	0.0000271076
1826	0.0000271079
1827	0.0000271300
1828	0.0000271004
1829	0.0000270295
1830	0.0000269796
1831	0.0000269544
1832	0.0000268358
1833	0.0000265608
1834	0.0000262779
1835	0.0000261162
1836	0.0000260485
1837	0.0000259442
1838	0.0000256523
1839	0.0000252341
1840	0.0000248112
1841	0.0000244347
1842	0.0000242284
1843	0.0000241624
1844	0.0000241546
1845	0.0000242631
1846	0.0000244724
1847	0.0000247384
1848	0.0000250040
1849	0.0000252410
1850	0.0000255192
1851	0.0000258336
1852	0.0000262007
1853	0.0000266889
1854	0.0000272150
1855	0.0000276779
1856	0.0000281714
1857	0.0000287644
1858	0.0000293435
1859	0.0000298711
1860	0.0000303466
1861	0.0000306999
1862	0.0000309758
1863	0.0000312461
1864	0.0000314944
1865	0.0000316657
1866	0.0000317101
1867	0.0000316577
1868	0.0000315823
1869	0.0000315101
1870	0.0000314113
1871	0.0000312980
1872	0.0000312155
1873	0.0000311196
1874	0.0000309576
1875	0.0000307652
1876	0.0000306077
1877	0.0000305257
1878	0.0000305188
1879	0.0000305753
1880	0.0000307011
1881	0.0000308764
1882	0.0000310609
1883	0.0000312445
1884	0.0000314415
1885	0.0000317026
1886	0.0000319839
1887	0.0000321193
1888	0.0000320929
1889	0.0000320010
1890	0.0000319311
1891	0.0000319342
1892	0.0000318983
1893	0.0000317514
1894	0.0000316224
1895	0.0000316530
1896	0.0000318342
1897	0.0000320592
1898	0.0000323087
1899	0.0000325656
1900	0.0000327538
1901	0.0000328531
1902	0.0000328793
1903	0.0000328630
1904	0.0000327978
1905	0.0000326678
1906	0.0000324686
1907	0.0000321713
1908	0.0000318269
1909	0.0000314834
1910	0.0000311514
1911	0.0000308793
1912	0.0000306456
1913	0.0000304107
1914	0.0000301667
1915	0.0000298801
1916	0.0000295678
1917	0.0000292805
1918	0.0000290187
1919	0.0000287831
1920	0.0000286346
1921	0.0000286331
1922	0.0000287772
1923	0.0000289935
1924	0.0000291637
1925	0.0000292362
1926	0.0000292476
1927	0.0000292581
1928	0.0000292925
1929	0.0000292924
1930	0.0000292315
1931	0.0000291638
1932	0.0000290764
1933	0.0000289439
1934	0.0000288230
1935	0.0000287092
1936	0.0000285335
1937	0.0000283070
1938	0.0000280962
1939	0.0000279500
1940	0.0000278767
1941	0.0000278571
1942	0.0000278799
1943	0.0000279386
1944	0.0000279882
1945	0.0000279711
1946	0.0000279377
1947	0.0000279364
1948	0.0000278989
1949	0.0000278115
1950	0.0000277054
1951	0.0000276023
1952	0.0000275472
1953	0.0000275281
1954	0.0000275271
1955	0.0000275490
1956	0.0000275941
1957	0.0000276728
1958	0.0000277437
1959	0.0000277782
1960	0.0000278150
1961	0.0000279054
1962	0.0000280987
1963	0.0000283841
1964	0.0000287038
1965	0.0000290216
1966	0.0000293149
1967	0.0000295633
1968	0.0000297909
1969	0.0000300306
1970	0.0000302128
1971	0.0000303036
1972	0.0000303997
1973	0.0000305542
1974	0.0000307741
1975	0.0000310677
1976	0.0000314323
1977	0.0000318625
1978	0.0000322992
1979	0.0000327574
1980	0.0000333437
1981	0.0000339937
1982	0.0000346110
1983	0.0000353098
1984	0.0000360897
1985	0.0000366923
1986	0.0000370289
1987	0.0000372710
1988	0.0000375211
1989	0.0000377383
1990	0.0000378744
1991	0.0000379341
1992	0.0000379799
1993	0.0000381112
1994	0.0000383366
1995	0.0000385784
1996	0.0000388408
1997	0.0000391184
1998	0.0000393603
1999	0.0000395755
2000	0.0000397446
2001	0.0000398556
2002	0.0000399148
2003	0.0000398983
2004	0.0000398398
2005	0.0000397534
2006	0.0000396355
2007	0.0000394796
2008	0.0000392438
2009	0.0000389919
2010	0.0000387818
2011	0.0000385514
2012	0.0000382320
2013	0.0000378028
2014	0.0000373336
2015	0.0000368586
2016	0.0000363363
2017	0.0000357615
2018	0.0000351402
2019	0.0000345112
2020	0.0000338937
2021	0.0000332932
2022	0.0000327870
2023	0.0000323887
2024	0.0000320616
2025	0.0000318164
2026	0.0000316371
2027	0.0000314859
2028	0.0000313389
2029	0.0000311660
2030	0.0000309194
2031	0.0000305911
2032	0.0000302637
2033	0.0000300110
2034	0.0000298124
2035	0.0000296394
2036	0.0000295017
2037	0.0000293735
2038	0.0000292317
2039	0.0000291018
2040	0.0000289877
2041	0.0000289020
2042	0.0000288770
2043	0.0000288864
2044	0.0000288829
2045	0.0000288219
2046	0.0000286477
2047	0.0000283799
2048	0.0000281075
2049	0.0000278884
2050	0.0000277294
2051	0.0000275905
2052	0.0000274582
2053	0.0000273573
2054	0.0000272403
2055	0.0000270493
2056	0.0000267934
2057	0.0000265194
2058	0.0000262691
2059	0.0000260123
2060	0.0000257457
2061	0.0000255301
2062	0.0000253478
2063	0.0000251423
2064	0.0000249294
2065	0.0000247797
2066	0.0000246992
2067	0.0000246226
2068	0.0000245315
2069	0.0000244395
2070	0.0000243710
2071	0.0000243574
2072	0.0000243919
2073	0.0000244482
2074	0.0000244976
2075	0.0000245409
2076	0.0000246027
2077	0.0000246672
2078	0.0000247193
2079	0.0000247853
2080	0.0000248597
2081	0.0000248950
2082	0.0000248921
2083	0.0000248912
2084	0.0000249275
2085	0.0000250370
2086	0.0000251983
2087	0.0000253459
2088	0.0000254456
2089	0.0000255163
2090	0.0000256052
2091	0.0000257003
2092	0.0000257660
2093	0.0000258235
2094	0.0000258915
2095	0.0000259633
2096	0.0000260211
2097	0.0000260490
2098	0.0000260756
2099	0.0000261167
2100	0.0000261358
2101	0.0000261157
2102	0.0000260657
2103	0.0000260093
2104	0.0000259810
2105	0.0000259759
2106	0.0000259760
2107	0.0000259841
2108	0.0000259928
2109	0.0000260008
2110	0.0000260285
2111	0.0000260896
2112	0.0000261518
2113	0.0000261873
2114	0.0000262363
2115	0.0000263182
2116	0.0000263996
2117	0.0000264837
2118	0.0000266422
2119	0.0000268901
2120	0.0000271443
2121	0.0000274085
2122	0.0000277066
2123	0.0000279598
2124	0.0000281317
2125	0.0000282150
2126	0.0000281996
2127	0.0000281126
2128	0.0000279607
2129	0.0000277579
2130	0.0000275523
2131	0.0000273785
2132	0.0000271982
2133	0.0000269533
2134	0.0000266732
2135	0.0000264163
2136	0.0000262107
2137	0.0000260173
2138	0.0000257747
2139	0.0000255196
2140	0.0000253011
2141	0.0000251181
2142	0.0000249547
2143	0.0000247922
2144	0.0000246370
2145	0.0000244730
2146	0.0000242891
2147	0.0000241128
2148	0.0000239479
2149	0.0000238095
2150	0.0000237168
2151	0.0000236242
2152	0.0000234877
2153	0.0000233324
2154	0.0000231821
2155	0.0000230182
2156	0.0000227936
2157	0.0000224470
2158	0.0000220151
2159	0.0000215959
2160	0.0000212296
2161	0.0000210060
2162	0.0000209904
2163	0.0000210994
2164	0.0000213167
2165	0.0000217017
2166	0.0000221905
2167	0.0000227097
2168	0.0000232692
2169	0.0000238456
2170	0.0000243712
2171	0.0000247928
2172	0.0000251795
2173	0.0000256082
2174	0.0000259434
2175	0.0000261368
2176	0.0000263023
2177	0.0000264425
2178	0.0000265888
2179	0.0000267753
2180	0.0000269575
2181	0.0000271201
2182	0.0000272043
2183	0.0000271922
2184	0.0000271785
2185	0.0000272483
2186	0.0000273760
2187	0.0000274453
2188	0.0000274553
2189	0.0000274997
2190	0.0000276033
2191	0.0000277287
2192	0.0000278431
2193	0.0000279656
2194	0.0000280776
2195	0.0000281662
2196	0.0000282798
2197	0.0000283831
2198	0.0000284225
2199	0.0000284287
2200	0.0000284651
2201	0.0000285389
2202	0.0000285882
2203	0.0000286425
2204	0.0000287644
2205	0.0000288698
2206	0.0000288992
2207	0.0000289665
2208	0.0000291263
2209	0.0000292872
2210	0.0000294039
2211	0.0000294284
2212	0.0000293446
2213	0.0000292959
2214	0.0000293191
2215	0.0000293154
2216	0.0000292730
2217	0.0000291912
2218	0.0000290704
2219	0.0000289585
2220	0.0000288657
2221	0.0000287808
2222	0.0000286841
2223	0.0000285435
2224	0.0000283879
2225	0.0000282606
2226	0.0000281521
2227	0.0000280454
2228	0.0000279513
2229	0.0000278911
2230	0.0000278356
2231	0.0000277606
2232	0.0000277043
2233	0.0000276762
2234	0.0000276671
2235	0.0000276580
2236	0.0000275982
2237	0.0000274662
2238	0.0000272721
2239	0.0000270624
2240	0.0000268914
2241	0.0000267767
2242	0.0000266920
2243	0.0000265784
2244	0.0000264144
2245	0.0000261977
2246	0.0000259665
2247	0.0000257846
2248	0.0000256317
2249	0.0000254905
2250	0.0000253397
2251	0.0000251459
2252	0.0000249540
2253	0.0000247470
2254	0.0000244497
2255	0.0000240803
2256	0.0000237361
2257	0.0000234956
2258	0.0000233255
2259	0.0000231868
2260	0.0000231106
2261	0.0000230887
2262	0.0000230764
2263	0.0000230610
2264	0.0000230473
2265	0.0000230340
2266	0.0000230267
2267	0.0000230125
2268	0.0000229746
2269	0.0000229289
2270	0.0000228574
2271	0.0000227482
2272	0.0000226420
2273	0.0000225209
2274	0.0000223259
2275	0.0000220612
2276	0.0000217748
2277	0.0000215151
2278	0.0000213281
2279	0.0000212139
2280	0.0000211172
2281	0.0000210013
2282	0.0000208728
2283	0.0000207625
2284	0.0000207036
2285	0.0000206957
2286	0.0000207116
2287	0.0000207401
2288	0.0000208002
2289	0.0000209094
2290	0.0000210685
2291	0.0000212757
2292	0.0000215230
2293	0.0000217916
2294	0.0000220398
2295	0.0000222188
2296	0.0000223537
2297	0.0000225103
2298	0.0000226821
2299	0.0000228626
2300	0.0000230626
2301	0.0000232403
2302	0.0000234016
2303	0.0000235572
2304	0.0000236793
2305	0.0000237938
2306	0.0000238946
2307	0.0000239694
2308	0.0000240301
2309	0.0000240644
2310	0.0000241161
2311	0.0000241847
2312	0.0000241838
2313	0.0000240843
2314	0.0000239423
2315	0.0000238064
2316	0.0000235930
2317	0.0000232643
2318	0.0000229670
2319	0.0000227709
2320	0.0000225715
2321	0.0000222710
2322	0.0000219027
2323	0.0000215434
2324	0.0000212541
2325	0.0000210924
2326	0.0000209845
2327	0.0000208319
2328	0.0000206673
2329	0.0000205204
2330	0.0000204197
2331	0.0000203939
2332	0.0000203838
2333	0.0000203295
2334	0.0000202356
2335	0.0000201161
2336	0.0000199498
2337	0.0000197343
2338	0.0000195157
2339	0.0000192999
2340	0.0000190487
2341	0.0000187546
2342	0.0000184611
2343	0.0000182166
2344	0.0000180006
2345	0.0000177959
2346	0.0000176516
2347	0.0000175698
2348	0.0000175036
2349	0.0000174422
2350	0.0000173900
2351	0.0000173543
2352	0.0000173222
2353	0.0000172713
2354	0.0000172308
2355	0.0000172019
2356	0.0000171421
2357	0.0000170756
2358	0.0000170055
2359	0.0000168941
2360	0.0000167799
2361	0.0000166912
2362	0.0000166200
2363	0.0000165654
2364	0.0000164660
2365	0.0000162717
2366	0.0000160362
2367	0.0000158198
2368	0.0000155822
2369	0.0000152980
2370	0.0000150509
2371	0.0000149024
2372	0.0000148787
2373	0.0000149486
2374	0.0000149992
2375	0.0000149741
2376	0.0000148647
2377	0.0000147122
2378	0.0000145880
2379	0.0000145022
2380	0.0000144514
2381	0.0000144161
2382	0.0000143785
2383	0.0000143081
2384	0.0000141599
2385	0.0000139649
2386	0.0000137451
2387	0.0000135497
2388	0.0000134794
2389	0.0000135370
2390	0.0000136615
2391	0.0000137901
2392	0.0000139283
2393	0.0000141337
2394	0.0000143787
2395	0.0000145936
2396	0.0000147704
2397	0.0000149457
2398	0.0000150886
2399	0.0000151450
2400	0.0000151703
2401	0.0000152649
2402	0.0000154477
2403	0.0000156069
2404	0.0000156870
2405	0.0000157743
2406	0.0000158700
2407	0.0000159204
2408	0.0000159582
2409	0.0000160347
2410	0.0000161649
2411	0.0000163517
2412	0.0000165912
2413	0.0000168143
2414	0.0000169520
2415	0.0000170533
2416	0.0000171863
2417	0.0000173279
2418	0.0000174405
2419	0.0000175145
2420	0.0000175170
2421	0.0000174770
2422	0.0000174884
2423	0.0000175464
2424	0.0000176123
2425	0.0000176942
2426	0.0000177707
2427	0.0000178482
2428	0.0000179581
2429	0.0000180716
2430	0.0000181980
2431	0.0000183676
2432	0.0000185416
2433	0.0000187223
2434	0.0000189534
2435	0.0000192661
2436	0.0000196721
2437	0.0000201293
2438	0.0000205828
2439	0.0000209853
2440	0.0000214163
2441	0.0000220040
2442	0.0000226710
2443	0.0000233412
2444	0.0000240285
2445	0.0000247008
2446	0.0000253235
2447	0.0000258384
2448	0.0000262865
2449	0.0000268109
2450	0.0000274306
2451	0.0000280823
2452	0.0000286973
2453	0.0000292180
2454	0.0000296634
2455	0.0000300889
2456	0.0000304824
2457	0.0000308200
2458	0.0000311346
2459	0.0000314060
2460	0.0000316024
2461	0.0000317456
2462	0.0000318142
2463	0.0000317721
2464	0.0000316279
2465	0.0000314447
2466	0.0000312982
2467	0.0000312279
2468	0.0000312556
2469	0.0000313583
2470	0.0000314868
2471	0.0000316086
2472	0.0000316993
2473	0.0000317450
2474	0.0000317341
2475	0.0000316592
2476	0.0000315207
2477	0.0000313459
2478	0.0000311778
2479	0.0000310094
2480	0.0000308067
2481	0.0000305908
2482	0.0000304118
2483	0.0000302239
2484	0.0000299645
2485	0.0000297047
2486	0.0000295167
2487	0.0000293882
2488	0.0000292602
2489	0.0000290523
2490	0.0000287920
2491	0.0000285570
2492	0.0000283379
2493	0.0000281322
2494	0.0000279047
2495	0.0000275846
2496	0.0000272561
2497	0.0000270569
2498	0.0000270172
2499	0.0000270770
2500	0.0000271709
2501	0.0000273510
2502	0.0000276151
2503	0.0000278591
2504	0.0000281243
2505	0.0000284468
2506	0.0000287214
2507	0.0000288923
2508	0.0000289982
2509	0.0000290871
2510	0.0000291733
2511	0.0000292659
2512	0.0000293749
2513	0.0000294827
2514	0.0000295546
2515	0.0000295790
2516	0.0000295656
2517	0.0000294900
2518	0.0000293584
2519	0.0000292231
2520	0.0000290929
2521	0.0000289985
2522	0.0000289614
2523	0.0000289312
2524	0.0000288994
2525	0.0000288913
2526	0.0000288947
2527	0.0000288892
2528	0.0000288763
2529	0.0000288746
2530	0.0000288898
2531	0.0000289115
2532	0.0000289373
2533	0.0000289685
2534	0.0000290115
2535	0.0000290703
2536	0.0000291287
2537	0.0000291808
2538	0.0000292331
2539	0.0000292921
2540	0.0000293842
2541	0.0000295374
2542	0.0000297547
2543	0.0000300259
2544	0.0000303324
2545	0.0000306204
2546	0.0000308577
2547	0.0000310952
2548	0.0000313312
2549	0.0000315116
2550	0.0000316377
2551	0.0000317194
2552	0.0000317861
2553	0.0000318901
2554	0.0000320698
2555	0.0000323383
2556	0.0000326368
2557	0.0000329129
2558	0.0000332304
2559	0.0000336687
2560	0.0000341541
2561	0.0000345434
2562	0.0000348238
2563	0.0000350613
2564	0.0000352727
2565	0.0000354218
2566	0.0000354837
2567	0.0000354747
2568	0.0000354028
2569	0.0000353065
2570	0.0000352685
2571	0.0000352988
2572	0.0000353965
2573	0.0000355962
2574	0.0000357890
2575	0.0000358487
2576	0.0000358283
2577	0.0000358119
2578	0.0000358510
2579	0.0000359816
2580	0.0000363049
2581	0.0000368834
2582	0.0000375194
2583	0.0000381048
2584	0.0000386370
2585	0.0000390249
2586	0.0000394057
2587	0.0000399123
2588	0.0000404909
2589	0.0000411716
2590	0.0000419042
2591	0.0000425015
2592	0.0000428998
2593	0.0000432064
2594	0.0000434753
2595	0.0000436704
2596	0.0000438256
2597	0.0000440162
2598	0.0000443135
2599	0.0000446516
2600	0.0000448244
2601	0.0000447780
2602	0.0000446378
2603	0.0000444436
2604	0.0000441102
2605	0.0000436420
2606	0.0000430190
2607	0.0000422453
2608	0.0000415848
2609	0.0000411487
2610	0.0000408221
2611	0.0000405358
2612	0.0000402507
2613	0.0000399936
2614	0.0000396677
2615	0.0000391746
2616	0.0000386474
2617	0.0000381770
2618	0.0000377370
2619	0.0000372584
2620	0.0000367220
2621	0.0000361874
2622	0.0000356874
2623	0.0000352424
2624	0.0000348427
2625	0.0000345073
2626	0.0000342006
2627	0.0000337585
2628	0.0000331826
2629	0.0000326233
2630	0.0000322037
2631	0.0000320005
2632	0.0000319680
2633	0.0000319980
2634	0.0000320078
2635	0.0000319857
2636	0.0000319656
2637	0.0000319057
2638	0.0000317604
2639	0.0000315406
2640	0.0000312426
2641	0.0000309223
2642	0.0000306853
2643	0.0000305465
2644	0.0000304392
2645	0.0000303099
2646	0.0000301869
2647	0.0000301181
2648	0.0000300910
2649	0.0000300921
2650	0.0000301264
2651	0.0000302033
2652	0.0000303072
2653	0.0000303875
2654	0.0000304607
2655	0.0000306033
2656	0.0000308248
2657	0.0000310583
2658	0.0000312598
2659	0.0000314322
2660	0.0000315797
2661	0.0000317032
2662	0.0000318252
2663	0.0000319912
2664	0.0000321608
2665	0.0000322681
2666	0.0000323570
2667	0.0000324486
2668	0.0000325420
2669	0.0000326359
2670	0.0000326990
2671	0.0000327293
2672	0.0000326885
2673	0.0000326194
2674	0.0000326159
2675	0.0000326255
2676	0.0000326657
2677	0.0000328220
2678	0.0000330334
2679	0.0000331976
2680	0.0000333263
2681	0.0000334982
2682	0.0000336944
2683	0.0000338158
2684	0.0000338160
2685	0.0000337493
2686	0.0000336970
2687	0.0000336900
2688	0.0000337332
2689	0.0000337799
2690	0.0000338108
2691	0.0000338495
2692	0.0000338500
2693	0.0000338373
2694	0.0000338821
2695	0.0000339439
2696	0.0000339919
2697	0.0000340595
2698	0.0000341568
2699	0.0000342518
2700	0.0000343331
2701	0.0000343863
2702	0.0000343742
2703	0.0000343246
2704	0.0000342776
2705	0.0000342514
2706	0.0000342915
2707	0.0000344019
2708	0.0000345461
2709	0.0000347042
2710	0.0000348470
2711	0.0000349389
2712	0.0000349747
2713	0.0000349818
2714	0.0000349880
2715	0.0000349843
2716	0.0000349397
2717	0.0000348576
2718	0.0000347846
2719	0.0000347338
2720	0.0000346553
2721	0.0000345228
2722	0.0000343606
2723	0.0000341787
2724	0.0000339995
2725	0.0000338910
2726	0.0000338714
2727	0.0000338904
2728	0.0000339068
2729	0.0000339069
2730	0.0000339259
2731	0.0000339739
2732	0.0000339963
2733	0.0000339883
2734	0.0000339527
2735	0.0000338797
2736	0.0000337724
2737	0.0000336057
2738	0.0000334259
2739	0.0000333134
2740	0.0000332755
2741	0.0000332426
2742	0.0000330882
2743	0.0000328011
2744	0.0000324553
2745	0.0000320388
2746	0.0000315564
2747	0.0000310777
2748	0.0000305887
2749	0.0000300156
2750	0.0000294054
2751	0.0000288761
2752	0.0000284734
2753	0.0000281304
2754	0.0000277968
2755	0.0000275527
2756	0.0000273994
2757	0.0000273024
2758	0.0000272209
2759	0.0000270182
2760	0.0000268085
2761	0.0000267762
2762	0.0000268430
2763	0.0000269066
2764	0.0000268859
2765	0.0000267409
2766	0.0000265246
2767	0.0000263275
2768	0.0000261503
2769	0.0000259178
2770	0.0000257093
2771	0.0000255742
2772	0.0000255042
2773	0.0000255935
2774	0.0000258446
2775	0.0000262039
2776	0.0000266367
2777	0.0000271547
2778	0.0000278786
2779	0.0000288641
2780	0.0000299964
2781	0.0000311450
2782	0.0000322408
2783	0.0000330804
2784	0.0000336158
2785	0.0000341813
2786	0.0000348679
2787	0.0000355397
2788	0.0000362283
2789	0.0000369414
2790	0.0000376083
2791	0.0000381161
2792	0.0000384137
2793	0.0000386403
2794	0.0000389430
2795	0.0000393679
2796	0.0000398717
2797	0.0000403522
2798	0.0000408031
2799	0.0000412779
2800	0.0000417264
2801	0.0000420847
2802	0.0000423253
2803	0.0000424409
2804	0.0000425506
2805	0.0000427950
2806	0.0000431734
2807	0.0000435972
2808	0.0000440155
2809	0.0000444247
2810	0.0000448001
2811	0.0000451281
2812	0.0000453760
2813	0.0000454923
2814	0.0000455177
2815	0.0000454983
2816	0.0000454328
2817	0.0000454008
2818	0.0000455055
2819	0.0000457214
2820	0.0000459576
2821	0.0000461053
2822	0.0000461018
2823	0.0000460439
2824	0.0000459960
2825	0.0000459106
2826	0.0000457367
2827	0.0000454829
2828	0.0000452463
2829	0.0000450199
2830	0.0000447904
2831	0.0000446439
2832	0.0000445120
2833	0.0000443049
2834	0.0000440818
2835	0.0000439204
2836	0.0000438548
2837	0.0000438953
2838	0.0000440264
2839	0.0000441901
2840	0.0000443550
2841	0.0000444983
2842	0.0000446056
2843	0.0000447313
2844	0.0000449164
2845	0.0000450843
2846	0.0000451588
2847	0.0000453361
2848	0.0000457796
2849	0.0000463395
2850	0.0000468955
2851	0.0000474302
2852	0.0000479857
2853	0.0000485048
2854	0.0000488534
2855	0.0000491768
2856	0.0000495251
2857	0.0000497247
2858	0.0000497747
2859	0.0000497521
2860	0.0000497035
2861	0.0000496518
2862	0.0000495785
2863	0.0000494099
2864	0.0000491680
2865	0.0000490560
2866	0.0000491016
2867	0.0000491127
2868	0.0000489406
2869	0.0000486197
2870	0.0000483313
2871	0.0000481261
2872	0.0000479310
2873	0.0000476963
2874	0.0000474305
2875	0.0000472319
2876	0.0000471181
2877	0.0000470285
2878	0.0000469839
2879	0.0000469699
2880	0.0000469297
2881	0.0000469323
2882	0.0000470263
2883	0.0000471284
2884	0.0000472451
2885	0.0000474385
2886	0.0000476611
2887	0.0000478879
2888	0.0000481516
2889	0.0000484307
2890	0.0000486914
2891	0.0000489067
2892	0.0000490466
2893	0.0000491535
2894	0.0000492582
2895	0.0000493539
2896	0.0000494771
2897	0.0000495889
2898	0.0000496322
2899	0.0000496606
2900	0.0000497169
2901	0.0000497740
2902	0.0000497814
2903	0.0000497423
2904	0.0000497042
2905	0.0000496628
2906	0.0000496080
2907	0.0000495759
2908	0.0000495907
2909	0.0000496685
2910	0.0000498296
2911	0.0000500632
2912	0.0000503105
2913	0.0000504627
2914	0.0000504794
2915	0.0000504315
2916	0.0000503894
2917	0.0000504048
2918	0.0000504562
2919	0.0000505682
2920	0.0000508233
2921	0.0000511322
2922	0.0000514276
2923	0.0000517293
2924	0.0000520895
2925	0.0000526164
2926	0.0000532982
2927	0.0000541658
2928	0.0000552149
2929	0.0000562545
2930	0.0000571971
2931	0.0000580188
2932	0.0000587107
2933	0.0000593255
2934	0.0000599293
2935	0.0000605369
2936	0.0000610577
2937	0.0000614926
2938	0.0000618979
2939	0.0000622761
2940	0.0000626243
2941	0.0000629147
2942	0.0000631249
2943	0.0000632185
2944	0.0000632464
2945	0.0000632219
2946	0.0000630779
2947	0.0000630005
2948	0.0000631375
2949	0.0000633610
2950	0.0000635129
2951	0.0000634912
2952	0.0000632960
2953	0.0000629965
2954	0.0000626228
2955	0.0000620821
2956	0.0000613973
2957	0.0000607309
2958	0.0000599826
2959	0.0000591437
2960	0.0000585213
2961	0.0000581999
2962	0.0000580459
2963	0.0000579337
2964	0.0000576667
2965	0.0000571707
2966	0.0000566303
2967	0.0000561479
2968	0.0000556949
2969	0.0000552549
2970	0.0000548346
2971	0.0000545962
2972	0.0000544957
2973	0.0000541890
2974	0.0000536803
2975	0.0000531873
2976	0.0000527144
2977	0.0000522498
2978	0.0000518378
2979	0.0000514462
2980	0.0000510693
2981	0.0000508171
2982	0.0000507045
2983	0.0000505636
2984	0.0000502660
2985	0.0000498292
2986	0.0000493608
2987	0.0000490199
2988	0.0000488267
2989	0.0000486031
2990	0.0000482812
2991	0.0000479502
2992	0.0000477041
2993	0.0000475856
2994	0.0000475697
2995	0.0000476830
2996	0.0000479497
2997	0.0000483525
2998	0.0000488617
2999	0.0000493831
