0	0.0000000000
1	0.0000000000
2	0.0000000000
3	0.0000000000
4	0.0000000000
5	0.0000000000
6	0.0000000000
7	0.0000000000
8	0.0000000000
9	0.0000000000
10	0.0000000000
11	0.0000000000
12	0.0000000000
13	0.0000000000
14	0.0000000000
15	0.0000000000
16	0.0000000000
17	0.0000000000
18	0.0000000000
19	0.0000000000
20	0.0000000000
21	0.0000000000
22	0.0000000000
23	0.0000000000
24	0.0000000000
25	0.0000000000
26	0.0000000000
27	0.0000000000
28	0.0000000000
29	0.0000000000
30	0.0000000000
31	0.0000000001
32	0.0000000003
33	0.0000000011
34	0.0000000035
35	0.0000000099
36	0.0000000257
37	0.0000000611
38	0.0000001323
39	0.0000002606
40	0.0000004655
41	0.0000007530
42	0.0000011014
43	0.0000014594
44	0.0000017655
45	0.0000019887
46	0.0000021609
47	0.0000023632
48	0.0000026599
49	0.0000030321
50	0.0000033906
51	0.0000036739
52	0.0000039250
53	0.0000042418
54	0.0000046461
55	0.0000050498
56	0.0000053816
57	0.0000056964
58	0.0000060906
59	0.0000065445
60	0.0000069540
61	0.0000073092
62	0.0000077127
63	0.0000081927
64	0.0000086504
65	0.0000090466
66	0.0000094771
67	0.0000099828
68	0.0000104676
69	0.0000108943
70	0.0000113604
71	0.0000118916
72	0.0000123871
73	0.0000128378
74	0.0000133440
75	0.0000138918
76	0.0000143847
77	0.0000148623
78	0.0000154066
79	0.0000159517
80	0.0000164387
81	0.0000169532
82	0.0000175188
83	0.0000180412
84	0.0000185366
85	0.0000190895
86	0.0000196436
87	0.0000201429
88	0.0000206695
89	0.0000212350
90	0.0000217521
91	0.0000222568
92	0.0000228130
93	0.0000233477
94	0.0000238414
95	0.0000243768
96	0.0000249212
97	0.0000254150
98	0.0000259287
99	0.0000264727
100	0.0000269689
101	0.0000274570
102	0.0000279812
103	0.0000284703
104	0.0000289366
105	0.0000294487
106	0.0000299524
107	0.0000304263
108	0.0000309347
109	0.0000314353
110	0.0000318834
111	0.0000323475
112	0.0000328208
113	0.0000332545
114	0.0000337043
115	0.0000341699
116	0.0000345907
117	0.0000350159
118	0.0000354689
119	0.0000358906
120	0.0000363103
121	0.0000367487
122	0.0000371477
123	0.0000375400
124	0.0000379643
125	0.0000383636
126	0.0000387508
127	0.0000391615
128	0.0000395485
129	0.0000399285
130	0.0000403359
131	0.0000407141
132	0.0000410711
133	0.0000414504
134	0.0000418080
135	0.0000421471
136	0.0000425010
137	0.0000428290
138	0.0000431450
139	0.0000434849
140	0.0000438018
141	0.0000441047
142	0.0000444311
143	0.0000447425
144	0.0000450466
145	0.0000453681
146	0.0000456685
147	0.0000459662
148	0.0000462830
149	0.0000465731
150	0.0000468550
151	0.0000471530
152	0.0000474271
153	0.0000476928
154	0.0000479632
155	0.0000482061
156	0.0000484476
157	0.0000486937
158	0.0000489173
159	0.0000491588
160	0.0000494242
161	0.0000496782
162	0.0000499343
163	0.0000501632
164	0.0000503175
165	0.0000504162
166	0.0000504732
167	0.0000505464
168	0.0000507477
169	0.0000510995
170	0.0000515693
171	0.0000520811
172	0.0000524528
173	0.0000525567
174	0.0000524067
175	0.0000521003
176	0.0000518259
177	0.0000517267
178	0.0000517939
179	0.0000519655
180	0.0000521464
181	0.0000522789
182	0.0000524483
183	0.0000527254
184	0.0000530770
185	0.0000534415
186	0.0000537281
187	0.0000539006
188	0.0000540213
189	0.0000541180
190	0.0000541603
191	0.0000540968
192	0.0000538985
193	0.0000536523
194	0.0000534596
195	0.0000533128
196	0.0000531537
197	0.0000529174
198	0.0000526281
199	0.0000524253
200	0.0000523624
201	0.0000523683
202	0.0000523630
203	0.0000523053
204	0.0000522745
205	0.0000523743
206	0.0000525499
207	0.0000527081
208	0.0000528286
209	0.0000529287
210	0.0000530674
211	0.0000532516
212	0.0000534058
213	0.0000535072
214	0.0000535791
215	0.0000536321
216	0.0000536699
217	0.0000536759
218	0.0000536445
219	0.0000535825
220	0.0000534710
221	0.0000533107
222	0.0000531327
223	0.0000529515
224	0.0000527404
225	0.0000524573
226	0.0000521309
227	0.0000518291
228	0.0000515440
229	0.0000512162
230	0.0000508158
231	0.0000504015
232	0.0000500555
233	0.0000497174
234	0.0000492915
235	0.0000488293
236	0.0000484208
237	0.0000480790
238	0.0000477261
239	0.0000472952
240	0.0000468870
241	0.0000465847
242	0.0000462790
243	0.0000458851
244	0.0000454574
245	0.0000450988
246	0.0000448223
247	0.0000445036
248	0.0000441464
249	0.0000439068
250	0.0000437604
251	0.0000435605
252	0.0000432663
253	0.0000429460
254	0.0000426869
255	0.0000424303
256	0.0000420975
257	0.0000418151
258	0.0000416668
259	0.0000415486
260	0.0000413848
261	0.0000412225
262	0.0000411670
263	0.0000411738
264	0.0000410797
265	0.0000409300
266	0.0000408369
267	0.0000407233
268	0.0000405201
269	0.0000402798
270	0.0000400883
271	0.0000399414
272	0.0000397299
273	0.0000394941
274	0.0000393734
275	0.0000393177
276	0.0000392319
277	0.0000391493
278	0.0000391383
279	0.0000391844
280	0.0000391807
281	0.0000391452
282	0.0000391876
283	0.0000392198
284	0.0000391445
285	0.0000390504
286	0.0000389901
287	0.0000388976
288	0.0000386969
289	0.0000384308
290	0.0000382147
291	0.0000380161
292	0.0000377851
293	0.0000376210
294	0.0000375598
295	0.0000375177
296	0.0000374297
297	0.0000372889
298	0.0000370824
299	0.0000367313
300	0.0000362866
301	0.0000359685
302	0.0000358451
303	0.0000358673
304	0.0000360482
305	0.0000363333
306	0.0000365616
307	0.0000366081
308	0.0000365261
309	0.0000364549
310	0.0000363618
311	0.0000361895
312	0.0000360142
313	0.0000358078
314	0.0000354676
315	0.0000350410
316	0.0000346726
317	0.0000344427
318	0.0000342961
319	0.0000341792
320	0.0000341005
321	0.0000340085
322	0.0000338967
323	0.0000338486
324	0.0000338396
325	0.0000337675
326	0.0000336060
327	0.0000334088
328	0.0000332035
329	0.0000329671
330	0.0000327509
331	0.0000325633
332	0.0000322683
333	0.0000318709
334	0.0000315295
335	0.0000312876
336	0.0000310857
337	0.0000308850
338	0.0000307042
339	0.0000305421
340	0.0000303796
341	0.0000303041
342	0.0000303396
343	0.0000303591
344	0.0000303508
345	0.0000303941
346	0.0000304780
347	0.0000305607
348	0.0000306367
349	0.0000307081
350	0.0000307470
351	0.0000307695
352	0.0000308245
353	0.0000308300
354	0.0000307258
355	0.0000306164
356	0.0000305395
357	0.0000304268
358	0.0000302507
359	0.0000300298
360	0.0000297741
361	0.0000294762
362	0.0000291955
363	0.0000289487
364	0.0000286075
365	0.0000281960
366	0.0000278787
367	0.0000276268
368	0.0000273287
369	0.0000269800
370	0.0000266083
371	0.0000262189
372	0.0000258348
373	0.0000255134
374	0.0000252427
375	0.0000249917
376	0.0000248493
377	0.0000248361
378	0.0000248157
379	0.0000247220
380	0.0000246016
381	0.0000245062
382	0.0000244667
383	0.0000244967
384	0.0000245757
385	0.0000246560
386	0.0000247264
387	0.0000247849
388	0.0000247967
389	0.0000247766
390	0.0000247684
391	0.0000247709
392	0.0000247768
393	0.0000248034
394	0.0000248849
395	0.0000250639
396	0.0000253664
397	0.0000257373
398	0.0000260690
399	0.0000263423
400	0.0000265556
401	0.0000266599
402	0.0000267159
403	0.0000268005
404	0.0000268417
405	0.0000267598
406	0.0000265810
407	0.0000263863
408	0.0000262317
409	0.0000261402
410	0.0000260938
411	0.0000260160
412	0.0000259474
413	0.0000260207
414	0.0000261943
415	0.0000263968
416	0.0000266559
417	0.0000269031
418	0.0000270371
419	0.0000270981
420	0.0000271876
421	0.0000272882
422	0.0000272902
423	0.0000271554
424	0.0000268761
425	0.0000264938
426	0.0000261422
427	0.0000258025
428	0.0000253711
429	0.0000249343
430	0.0000245963
431	0.0000243223
432	0.0000240576
433	0.0000237981
434	0.0000235407
435	0.0000232818
436	0.0000230944
437	0.0000230001
438	0.0000229183
439	0.0000228628
440	0.0000228444
441	0.0000228073
442	0.0000228148
443	0.0000229008
444	0.0000229393
445	0.0000228682
446	0.0000227702
447	0.0000226894
448	0.0000225466
449	0.0000222952
450	0.0000219657
451	0.0000215773
452	0.0000211748
453	0.0000207637
454	0.0000202947
455	0.0000198231
456	0.0000194043
457	0.0000189882
458	0.0000185745
459	0.0000182318
460	0.0000179736
461	0.0000177625
462	0.0000176052
463	0.0000175105
464	0.0000174412
465	0.0000174215
466	0.0000174766
467	0.0000175554
468	0.0000176406
469	0.0000177102
470	0.0000177414
471	0.0000178065
472	0.0000179272
473	0.0000179983
474	0.0000179719
475	0.0000179418
476	0.0000179646
477	0.0000179646
478	0.0000179168
479	0.0000178552
480	0.0000177608
481	0.0000176593
482	0.0000175740
483	0.0000174557
484	0.0000173141
485	0.0000171788
486	0.0000170306
487	0.0000168844
488	0.0000167694
489	0.0000166658
490	0.0000165542
491	0.0000164584
492	0.0000163819
493	0.0000163091
494	0.0000162667
495	0.0000162564
496	0.0000162547
497	0.0000162846
498	0.0000163596
499	0.0000164697
500	0.0000165795
501	0.0000166199
502	0.0000165942
503	0.0000165957
504	0.0000166745
505	0.0000167999
506	0.0000170134
507	0.0000174236
508	0.0000179534
509	0.0000184250
510	0.0000187660
511	0.0000189186
512	0.0000189105
513	0.0000188805
514	0.0000188883
515	0.0000190085
516	0.0000193595
517	0.0000198981
518	0.0000204576
519	0.0000209259
520	0.0000212982
521	0.0000216180
522	0.0000219433
523	0.0000222937
524	0.0000225758
525	0.0000227448
526	0.0000228571
527	0.0000228747
528	0.0000227834
529	0.0000227182
530	0.0000227677
531	0.0000229021
532	0.0000230497
533	0.0000231585
534	0.0000232361
535	0.0000233151
536	0.0000233977
537	0.0000234519
538	0.0000234620
539	0.0000234247
540	0.0000233347
541	0.0000232369
542	0.0000231636
543	0.0000230899
544	0.0000230084
545	0.0000229115
546	0.0000227926
547	0.0000226916
548	0.0000226381
549	0.0000226235
550	0.0000226321
551	0.0000226505
552	0.0000226748
553	0.0000227255
554	0.0000228074
555	0.0000228741
556	0.0000228947
557	0.0000228586
558	0.0000228043
559	0.0000228608
560	0.0000230067
561	0.0000230602
562	0.0000230194
563	0.0000229940
564	0.0000229949
565	0.0000230253
566	0.0000231417
567	0.0000233410
568	0.0000235222
569	0.0000236513
570	0.0000238081
571	0.0000240619
572	0.0000244187
573	0.0000247565
574	0.0000249965
575	0.0000252704
576	0.0000256326
577	0.0000260184
578	0.0000264223
579	0.0000268062
580	0.0000271524
581	0.0000275173
582	0.0000278934
583	0.0000282318
584	0.0000285264
585	0.0000288002
586	0.0000291251
587	0.0000296751
588	0.0000304977
589	0.0000313354
590	0.0000320152
591	0.0000325934
592	0.0000331180
593	0.0000336535
594	0.0000341859
595	0.0000346520
596	0.0000351877
597	0.0000358882
598	0.0000366733
599	0.0000375229
600	0.0000384209
601	0.0000392500
602	0.0000399744
603	0.0000407277
604	0.0000415287
605	0.0000421969
606	0.0000426725
607	0.0000430385
608	0.0000433781
609	0.0000437334
610	0.0000440512
611	0.0000443486
612	0.0000447118
613	0.0000451000
614	0.0000454754
615	0.0000458443
616	0.0000461682
617	0.0000464607
618	0.0000467616
619	0.0000470183
620	0.0000471510
621	0.0000471785
622	0.0000471740
623	0.0000472105
624	0.0000473348
625	0.0000474277
626	0.0000474130
627	0.0000474817
628	0.0000477233
629	0.0000480343
630	0.0000483662
631	0.0000486974
632	0.0000490540
633	0.0000494847
634	0.0000499438
635	0.0000503815
636	0.0000507707
637	0.0000510728
638	0.0000512938
639	0.0000514748
640	0.0000516066
641	0.0000516525
642	0.0000516646
643	0.0000516978
644	0.0000517349
645	0.0000518074
646	0.0000519523
647	0.0000521433
648	0.0000523320
649	0.0000524571
650	0.0000525231
651	0.0000525774
652	0.0000526009
653	0.0000525601
654	0.0000524538
655	0.0000522896
656	0.0000520789
657	0.0000518069
658	0.0000514185
659	0.0000509308
660	0.0000504740
661	0.0000501010
662	0.0000497708
663	0.0000494516
664	0.0000490874
665	0.0000487212
666	0.0000484357
667	0.0000481434
668	0.0000478288
669	0.0000476123
670	0.0000474749
671	0.0000473126
672	0.0000470842
673	0.0000468162
674	0.0000465737
675	0.0000463911
676	0.0000462294
677	0.0000460136
678	0.0000457369
679	0.0000454488
680	0.0000451840
681	0.0000449496
682	0.0000446864
683	0.0000444028
684	0.0000442025
685	0.0000440342
686	0.0000438108
687	0.0000436105
688	0.0000434958
689	0.0000434443
690	0.0000434341
691	0.0000434492
692	0.0000434901
693	0.0000435761
694	0.0000437102
695	0.0000438708
696	0.0000440428
697	0.0000442158
698	0.0000443852
699	0.0000445442
700	0.0000446701
701	0.0000447916
702	0.0000449351
703	0.0000450485
704	0.0000451207
705	0.0000451695
706	0.0000451728
707	0.0000451226
708	0.0000450420
709	0.0000450125
710	0.0000450827
711	0.0000451781
712	0.0000452585
713	0.0000453420
714	0.0000453557
715	0.0000452015
716	0.0000449407
717	0.0000447372
718	0.0000447190
719	0.0000449897
720	0.0000455361
721	0.0000462446
722	0.0000470459
723	0.0000477642
724	0.0000481678
725	0.0000482152
726	0.0000480457
727	0.0000479407
728	0.0000480109
729	0.0000480655
730	0.0000480961
731	0.0000482289
732	0.0000483547
733	0.0000484066
734	0.0000485358
735	0.0000487756
736	0.0000489698
737	0.0000490077
738	0.0000487908
739	0.0000482632
740	0.0000475421
741	0.0000467002
742	0.0000458039
743	0.0000450233
744	0.0000443608
745	0.0000437189
746	0.0000430374
747	0.0000423540
748	0.0000419276
749	0.0000418046
750	0.0000416870
751	0.0000414375
752	0.0000410714
753	0.0000405772
754	0.0000399920
755	0.0000393861
756	0.0000388174
757	0.0000382789
758	0.0000376870
759	0.0000370585
760	0.0000366308
761	0.0000365220
762	0.0000365418
763	0.0000366153
764	0.0000367891
765	0.0000369995
766	0.0000372628
767	0.0000376053
768	0.0000380162
769	0.0000385315
770	0.0000390050
771	0.0000392259
772	0.0000391998
773	0.0000390649
774	0.0000389323
775	0.0000387317
776	0.0000383436
777	0.0000378658
778	0.0000374378
779	0.0000370468
780	0.0000367471
781	0.0000366587
782	0.0000366194
783	0.0000364568
784	0.0000363620
785	0.0000364458
786	0.0000365978
787	0.0000367363
788	0.0000367409
789	0.0000366042
790	0.0000364455
791	0.0000362608
792	0.0000360490
793	0.0000358514
794	0.0000356430
795	0.0000353863
796	0.0000350593
797	0.0000347093
798	0.0000344120
799	0.0000341446
800	0.0000338704
801	0.0000336388
802	0.0000334775
803	0.0000333399
804	0.0000332266
805	0.0000331635
806	0.0000331194
807	0.0000330832
808	0.0000330721
809	0.0000331092
810	0.0000331884
811	0.0000332298
812	0.0000332471
813	0.0000333300
814	0.0000334445
815	0.0000335267
816	0.0000335714
817	0.0000335953
818	0.0000336348
819	0.0000336834
820	0.0000336863
821	0.0000336230
822	0.0000335221
823	0.0000334152
824	0.0000333411
825	0.0000333405
826	0.0000333860
827	0.0000334304
828	0.0000334860
829	0.0000336156
830	0.0000338789
831	0.0000341876
832	0.0000344336
833	0.0000346953
834	0.0000349928
835	0.0000352636
836	0.0000355756
837	0.0000359370
838	0.0000362355
839	0.0000364295
840	0.0000365499
841	0.0000366411
842	0.0000366998
843	0.0000366857
844	0.0000366504
845	0.0000367121
846	0.0000369035
847	0.0000371526
848	0.0000373737
849	0.0000374998
850	0.0000374976
851	0.0000373902
852	0.0000372160
853	0.0000370366
854	0.0000369287
855	0.0000369000
856	0.0000369504
857	0.0000371072
858	0.0000373186
859	0.0000374899
860	0.0000375831
861	0.0000376209
862	0.0000376451
863	0.0000376656
864	0.0000376715
865	0.0000376652
866	0.0000376611
867	0.0000376877
868	0.0000377629
869	0.0000378573
870	0.0000379241
871	0.0000379449
872	0.0000379285
873	0.0000378796
874	0.0000377927
875	0.0000376779
876	0.0000375384
877	0.0000373517
878	0.0000371205
879	0.0000368697
880	0.0000366281
881	0.0000364525
882	0.0000363705
883	0.0000363525
884	0.0000363515
885	0.0000363209
886	0.0000362774
887	0.0000362502
888	0.0000361985
889	0.0000361313
890	0.0000360604
891	0.0000358631
892	0.0000354958
893	0.0000351370
894	0.0000349243
895	0.0000348090
896	0.0000347204
897	0.0000346400
898	0.0000345794
899	0.0000345783
900	0.0000346301
901	0.0000347209
902	0.0000348589
903	0.0000349751
904	0.0000350250
905	0.0000350323
906	0.0000349997
907	0.0000349653
908	0.0000349427
909	0.0000348825
910	0.0000347324
911	0.0000344270
912	0.0000340310
913	0.0000337097
914	0.0000334701
915	0.0000332226
916	0.0000329345
917	0.0000326260
918	0.0000323534
919	0.0000321612
920	0.0000320393
921	0.0000319172
922	0.0000316915
923	0.0000313343
924	0.0000309616
925	0.0000306342
926	0.0000302710
927	0.0000299025
928	0.0000295476
929	0.0000290444
930	0.0000283900
931	0.0000277251
932	0.0000270834
933	0.0000264428
934	0.0000257546
935	0.0000250664
936	0.0000245401
937	0.0000242349
938	0.0000241080
939	0.0000240490
940	0.0000239441
941	0.0000238358
942	0.0000238107
943	0.0000238577
944	0.0000239129
945	0.0000239045
946	0.0000238173
947	0.0000237064
948	0.0000235947
949	0.0000234934
950	0.0000234598
951	0.0000234497
952	0.0000233678
953	0.0000232934
954	0.0000233072
955	0.0000233478
956	0.0000233673
957	0.0000233570
958	0.0000233373
959	0.0000233374
960	0.0000233410
961	0.0000233431
962	0.0000233357
963	0.0000233025
964	0.0000232890
965	0.0000233373
966	0.0000234186
967	0.0000234892
968	0.0000235436
969	0.0000236002
970	0.0000236644
971	0.0000237195
972	0.0000237315
973	0.0000236787
974	0.0000236073
975	0.0000235842
976	0.0000235834
977	0.0000235616
978	0.0000235771
979	0.0000236720
980	0.0000238168
981	0.0000239743
982	0.0000240727
983	0.0000240610
984	0.0000239415
985	0.0000237463
986	0.0000235834
987	0.0000234887
988	0.0000233540
989	0.0000231552
990	0.0000229593
991	0.0000227760
992	0.0000225913
993	0.0000224119
994	0.0000222466
995	0.0000220982
996	0.0000219669
997	0.0000218553
998	0.0000217581
999	0.0000216512
1000	0.0000215113
1001	0.0000213478
1002	0.0000211962
1003	0.0000210831
1004	0.0000210200
1005	0.0000210054
1006	0.0000210088
1007	0.0000210027
1008	0.0000210071
1009	0.0000210498
1010	0.0000211437
1011	0.0000212735
1012	0.0000213736
1013	0.0000214254
1014	0.0000214735
1015	0.0000215207
1016	0.0000215592
1017	0.0000215950
1018	0.0000216136
1019	0.0000216136
1020	0.0000216002
1021	0.0000215522
1022	0.0000214479
1023	0.0000213057
1024	0.0000211712
1025	0.0000210508
1026	0.0000209011
1027	0.0000206983
1028	0.0000204651
1029	0.0000202215
1030	0.0000199836
1031	0.0000197638
1032	0.0000195253
1033	0.0000192538
1034	0.0000189915
1035	0.0000187631
1036	0.0000185662
1037	0.0000183560
1038	0.0000181391
1039	0.0000180099
1040	0.0000179362
1041	0.0000178138
1042	0.0000176260
1043	0.0000173701
1044	0.0000171066
1045	0.0000169263
1046	0.0000168056
1047	0.0000167045
1048	0.0000166400
1049	0.0000166394
1050	0.0000166927
1051	0.0000167083
1052	0.0000166236
1053	0.0000164979
1054	0.0000163928
1055	0.0000163177
1056	0.0000163152
1057	0.0000164217
1058	0.0000165945
1059	0.0000167939
1060	0.0000170127
1061	0.0000172144
1062	0.0000173513
1063	0.0000174003
1064	0.0000173671
1065	0.0000172933
1066	0.0000172227
1067	0.0000171606
1068	0.0000170925
1069	0.0000170058
1070	0.0000168921
1071	0.0000167749
1072	0.0000166933
1073	0.0000166424
1074	0.0000165981
1075	0.0000165552
1076	0.0000165188
1077	0.0000165052
1078	0.0000165228
1079	0.0000165568
1080	0.0000165935
1081	0.0000166314
1082	0.0000166716
1083	0.0000167020
1084	0.0000167018
1085	0.0000166805
1086	0.0000166678
1087	0.0000166576
1088	0.0000166424
1089	0.0000166534
1090	0.0000167071
1091	0.0000167757
1092	0.0000168175
1093	0.0000168199
1094	0.0000167995
1095	0.0000167686
1096	0.0000167494
1097	0.0000167428
1098	0.0000167225
1099	0.0000167179
1100	0.0000167472
1101	0.0000167664
1102	0.0000167752
1103	0.0000168258
1104	0.0000169656
1105	0.0000171618
1106	0.0000172973
1107	0.0000173400
1108	0.0000173497
1109	0.0000173453
1110	0.0000173138
1111	0.0000172220
1112	0.0000170301
1113	0.0000167474
1114	0.0000163723
1115	0.0000158616
1116	0.0000152682
1117	0.0000147340
1118	0.0000143089
1119	0.0000139456
1120	0.0000135794
1121	0.0000131851
1122	0.0000128298
1123	0.0000125615
1124	0.0000123820
1125	0.0000123245
1126	0.0000123222
1127	0.0000122703
1128	0.0000122280
1129	0.0000122540
1130	0.0000122829
1131	0.0000122572
1132	0.0000121901
1133	0.0000121126
1134	0.0000120021
1135	0.0000118513
1136	0.0000117295
1137	0.0000116631
1138	0.0000116193
1139	0.0000115682
1140	0.0000114784
1141	0.0000113709
1142	0.0000113121
1143	0.0000113076
1144	0.0000113286
1145	0.0000113865
1146	0.0000114838
1147	0.0000115996
1148	0.0000117507
1149	0.0000119536
1150	0.0000121930
1151	0.0000124284
1152	0.0000125933
1153	0.0000126923
1154	0.0000127729
1155	0.0000128237
1156	0.0000128546
1157	0.0000128546
1158	0.0000127559
1159	0.0000125954
1160	0.0000124748
1161	0.0000124083
1162	0.0000123368
1163	0.0000122389
1164	0.0000121569
1165	0.0000120854
1166	0.0000120014
1167	0.0000119252
1168	0.0000118417
1169	0.0000117444
1170	0.0000116654
1171	0.0000116242
1172	0.0000116774
1173	0.0000118655
1174	0.0000121166
1175	0.0000123747
1176	0.0000127074
1177	0.0000131772
1178	0.0000137359
1179	0.0000142895
1180	0.0000148231
1181	0.0000154039
1182	0.0000160396
1183	0.0000167064
1184	0.0000173953
1185	0.0000180276
1186	0.0000186084
1187	0.0000192317
1188	0.0000199272
1189	0.0000207619
1190	0.0000217126
1191	0.0000226356
1192	0.0000235029
1193	0.0000243160
1194	0.0000251057
1195	0.0000259144
1196	0.0000266615
1197	0.0000273297
1198	0.0000279474
1199	0.0000285040
1200	0.0000290722
1201	0.0000296117
1202	0.0000299411
1203	0.0000300992
1204	0.0000303262
1205	0.0000306877
1206	0.0000310737
1207	0.0000314772
1208	0.0000318776
1209	0.0000321134
1210	0.0000321994
1211	0.0000323789
1212	0.0000327315
1213	0.0000330879
1214	0.0000333461
1215	0.0000335224
1216	0.0000336381
1217	0.0000337448
1218	0.0000338141
1219	0.0000338142
1220	0.0000338515
1221	0.0000339371
1222	0.0000340056
1223	0.0000340644
1224	0.0000341307
1225	0.0000342623
1226	0.0000344877
1227	0.0000347716
1228	0.0000350787
1229	0.0000353305
1230	0.0000355164
1231	0.0000357124
1232	0.0000359386
1233	0.0000361983
1234	0.0000364823
1235	0.0000367281
1236	0.0000369028
1237	0.0000370655
1238	0.0000372640
1239	0.0000374200
1240	0.0000375009
1241	0.0000376453
1242	0.0000379220
1243	0.0000382133
1244	0.0000384345
1245	0.0000386171
1246	0.0000388014
1247	0.0000390283
1248	0.0000392860
1249	0.0000394790
1250	0.0000395922
1251	0.0000396808
1252	0.0000397539
1253	0.0000398255
1254	0.0000399091
1255	0.0000399769
1256	0.0000400051
1257	0.0000400089
1258	0.0000400177
1259	0.0000400321
1260	0.0000400482
1261	0.0000400703
1262	0.0000400932
1263	0.0000401107
1264	0.0000401133
1265	0.0000401080
1266	0.0000401178
1267	0.0000401632
1268	0.0000402771
1269	0.0000404765
1270	0.0000407465
1271	0.0000410544
1272	0.0000413311
1273	0.0000415020
1274	0.0000415604
1275	0.0000415678
1276	0.0000415884
1277	0.0000416447
1278	0.0000417050
1279	0.0000417373
1280	0.0000417705
1281	0.0000418416
1282	0.0000419782
1283	0.0000421830
1284	0.0000423811
1285	0.0000425461
1286	0.0000427392
1287	0.0000429429
1288	0.0000430431
1289	0.0000430106
1290	0.0000429796
1291	0.0000429857
1292	0.0000429310
1293	0.0000428919
1294	0.0000429496
1295	0.0000430194
1296	0.0000430780
1297	0.0000431183
1298	0.0000431212
1299	0.0000431538
1300	0.0000432169
1301	0.0000432415
1302	0.0000432169
1303	0.0000431440
1304	0.0000430271
1305	0.0000429280
1306	0.0000429110
1307	0.0000429593
1308	0.0000430077
1309	0.0000430371
1310	0.0000430944
1311	0.0000432209
1312	0.0000433963
1313	0.0000435658
1314	0.0000436807
1315	0.0000437403
1316	0.0000437907
1317	0.0000438484
1318	0.0000439015
1319	0.0000439480
1320	0.0000439852
1321	0.0000440190
1322	0.0000440632
1323	0.0000441102
1324	0.0000441173
1325	0.0000440726
1326	0.0000440105
1327	0.0000439175
1328	0.0000437959
1329	0.0000436972
1330	0.0000436040
1331	0.0000434834
1332	0.0000433123
1333	0.0000430682
1334	0.0000428162
1335	0.0000426001
1336	0.0000423558
1337	0.0000420463
1338	0.0000417619
1339	0.0000416349
1340	0.0000416166
1341	0.0000415349
1342	0.0000413825
1343	0.0000412562
1344	0.0000411618
1345	0.0000410786
1346	0.0000409785
1347	0.0000407512
1348	0.0000403499
1349	0.0000398689
1350	0.0000393659
1351	0.0000388417
1352	0.0000382879
1353	0.0000376824
1354	0.0000370501
1355	0.0000364270
1356	0.0000358611
1357	0.0000354178
1358	0.0000350870
1359	0.0000348493
1360	0.0000346965
1361	0.0000346457
1362	0.0000347779
1363	0.0000350523
1364	0.0000353342
1365	0.0000355641
1366	0.0000357624
1367	0.0000360317
1368	0.0000363660
1369	0.0000366041
1370	0.0000366891
1371	0.0000367048
1372	0.0000367454
1373	0.0000367739
1374	0.0000367280
1375	0.0000367265
1376	0.0000368053
1377	0.0000368561
1378	0.0000369314
1379	0.0000370382
1380	0.0000369993
1381	0.0000368221
1382	0.0000366517
1383	0.0000364671
1384	0.0000362283
1385	0.0000359847
1386	0.0000357820
1387	0.0000356545
1388	0.0000355126
1389	0.0000351870
1390	0.0000346481
1391	0.0000339647
1392	0.0000332323
1393	0.0000325767
1394	0.0000321190
1395	0.0000318878
1396	0.0000317677
1397	0.0000316769
1398	0.0000315911
1399	0.0000314277
1400	0.0000311326
1401	0.0000306883
1402	0.0000301725
1403	0.0000297802
1404	0.0000295951
1405	0.0000295824
1406	0.0000296499
1407	0.0000296870
1408	0.0000297130
1409	0.0000297753
1410	0.0000298648
1411	0.0000299866
1412	0.0000300989
1413	0.0000301652
1414	0.0000302231
1415	0.0000302806
1416	0.0000303132
1417	0.0000303311
1418	0.0000303513
1419	0.0000303707
1420	0.0000303823
1421	0.0000303873
1422	0.0000303955
1423	0.0000304110
1424	0.0000304386
1425	0.0000304857
1426	0.0000305315
1427	0.0000305416
1428	0.0000305198
1429	0.0000305210
1430	0.0000305693
1431	0.0000306289
1432	0.0000307126
1433	0.0000307941
1434	0.0000307594
1435	0.0000306201
1436	0.0000304359
1437	0.0000302026
1438	0.0000299814
1439	0.0000298305
1440	0.0000297153
1441	0.0000295654
1442	0.0000293809
1443	0.0000292672
1444	0.0000292544
1445	0.0000292832
1446	0.0000293378
1447	0.0000294131
1448	0.0000294978
1449	0.0000295551
1450	0.0000295434
1451	0.0000295032
1452	0.0000294776
1453	0.0000294365
1454	0.0000293168
1455	0.0000290933
1456	0.0000288439
1457	0.0000286620
1458	0.0000285522
1459	0.0000284783
1460	0.0000283940
1461	0.0000282509
1462	0.0000280686
1463	0.0000279120
1464	0.0000278127
1465	0.0000277669
1466	0.0000277347
1467	0.0000277094
1468	0.0000277187
1469	0.0000276882
1470	0.0000275736
1471	0.0000274658
1472	0.0000273897
1473	0.0000273143
1474	0.0000272640
1475	0.0000272495
1476	0.0000272485
1477	0.0000272485
1478	0.0000272336
1479	0.0000271610
1480	0.0000270136
1481	0.0000268274
1482	0.0000266469
1483	0.0000264886
1484	0.0000263086
1485	0.0000261017
1486	0.0000259330
1487	0.0000257733
1488	0.0000255869
1489	0.0000254366
1490	0.0000253407
1491	0.0000252690
1492	0.0000251897
1493	0.0000250756
1494	0.0000249603
1495	0.0000249110
1496	0.0000249588
1497	0.0000250477
1498	0.0000250867
1499	0.0000250990
1500	0.0000251538
1501	0.0000251945
1502	0.0000251282
1503	0.0000249525
1504	0.0000246928
1505	0.0000243775
1506	0.0000240244
1507	0.0000236249
1508	0.0000232391
1509	0.0000228864
1510	0.0000224649
1511	0.0000219663
1512	0.0000214509
1513	0.0000209310
1514	0.0000204262
1515	0.0000199564
1516	0.0000195465
1517	0.0000191689
1518	0.0000187823
1519	0.0000184487
1520	0.0000181635
1521	0.0000178182
1522	0.0000173205
1523	0.0000166397
1524	0.0000159388
1525	0.0000153876
1526	0.0000149566
1527	0.0000146423
1528	0.0000144730
1529	0.0000143673
1530	0.0000142487
1531	0.0000141045
1532	0.0000139152
1533	0.0000136864
1534	0.0000135136
1535	0.0000134293
1536	0.0000133405
1537	0.0000132632
1538	0.0000132876
1539	0.0000133533
1540	0.0000133626
1541	0.0000133414
1542	0.0000133682
1543	0.0000134731
1544	0.0000135764
1545	0.0000135465
1546	0.0000133716
1547	0.0000131263
1548	0.0000128753
1549	0.0000126726
1550	0.0000124719
1551	0.0000122246
1552	0.0000119827
1553	0.0000117374
1554	0.0000114740
1555	0.0000112032
1556	0.0000108986
1557	0.0000106291
1558	0.0000104522
1559	0.0000103318
1560	0.0000102700
1561	0.0000102420
1562	0.0000101986
1563	0.0000101301
1564	0.0000100438
1565	0.0000099854
1566	0.0000099736
1567	0.0000099768
1568	0.0000099927
1569	0.0000100447
1570	0.0000101589
1571	0.0000103742
1572	0.0000106762
1573	0.0000109361
1574	0.0000111291
1575	0.0000113955
1576	0.0000117199
1577	0.0000119819
1578	0.0000121922
1579	0.0000123617
1580	0.0000124463
1581	0.0000124421
1582	0.0000123789
1583	0.0000122929
1584	0.0000121794
1585	0.0000120162
1586	0.0000118822
1587	0.0000118715
1588	0.0000119595
1589	0.0000121191
1590	0.0000123607
1591	0.0000127068
1592	0.0000131864
1593	0.0000136826
1594	0.0000140276
1595	0.0000142306
1596	0.0000144665
1597	0.0000149204
1598	0.0000155415
1599	0.0000162063
1600	0.0000169145
1601	0.0000175302
1602	0.0000179384
1603	0.0000182082
1604	0.0000183834
1605	0.0000185425
1606	0.0000187895
1607	0.0000192113
1608	0.0000198879
1609	0.0000207495
1610	0.0000216503
1611	0.0000224541
1612	0.0000230770
1613	0.0000235321
1614	0.0000238481
1615	0.0000241667
1616	0.0000246019
1617	0.0000250388
1618	0.0000254742
1619	0.0000260298
1620	0.0000266273
1621	0.0000271472
1622	0.0000276539
1623	0.0000282868
1624	0.0000290693
1625	0.0000298042
1626	0.0000302194
1627	0.0000303015
1628	0.0000302825
1629	0.0000303236
1630	0.0000304390
1631	0.0000305753
1632	0.0000306896
1633	0.0000308181
1634	0.0000309979
1635	0.0000311756
1636	0.0000313223
1637	0.0000314944
1638	0.0000316143
1639	0.0000315774
1640	0.0000315066
1641	0.0000314248
1642	0.0000312440
1643	0.0000310909
1644	0.0000310954
1645	0.0000312654
1646	0.0000315431
1647	0.0000318499
1648	0.0000322071
1649	0.0000326269
1650	0.0000331300
1651	0.0000337467
1652	0.0000344061
1653	0.0000351499
1654	0.0000360703
1655	0.0000371376
1656	0.0000383270
1657	0.0000396028
1658	0.0000409724
1659	0.0000425083
1660	0.0000441684
1661	0.0000458120
1662	0.0000473365
1663	0.0000487613
1664	0.0000501674
1665	0.0000515822
1666	0.0000529380
1667	0.0000540613
1668	0.0000548641
1669	0.0000554548
1670	0.0000559774
1671	0.0000565394
1672	0.0000571510
1673	0.0000577231
1674	0.0000582241
1675	0.0000586791
1676	0.0000591284
1677	0.0000596732
1678	0.0000603201
1679	0.0000609611
1680	0.0000616657
1681	0.0000624665
1682	0.0000630993
1683	0.0000635042
1684	0.0000638750
1685	0.0000642035
1686	0.0000644082
1687	0.0000645082
1688	0.0000645839
1689	0.0000647121
1690	0.0000648740
1691	0.0000650705
1692	0.0000653188
1693	0.0000655983
1694	0.0000659234
1695	0.0000662617
1696	0.0000665836
1697	0.0000668875
1698	0.0000671215
1699	0.0000673057
1700	0.0000674777
1701	0.0000676372
1702	0.0000677992
1703	0.0000678920
1704	0.0000679221
1705	0.0000680669
1706	0.0000683629
1707	0.0000686696
1708	0.0000689040
1709	0.0000691078
1710	0.0000693482
1711	0.0000696399
1712	0.0000699634
1713	0.0000702596
1714	0.0000704915
1715	0.0000707333
1716	0.0000710431
1717	0.0000713471
1718	0.0000715533
1719	0.0000716369
1720	0.0000716010
1721	0.0000714713
1722	0.0000712978
1723	0.0000711471
1724	0.0000710721
1725	0.0000710306
1726	0.0000709642
1727	0.0000708985
1728	0.0000708473
1729	0.0000707831
1730	0.0000707029
1731	0.0000706452
1732	0.0000706560
1733	0.0000707553
1734	0.0000709460
1735	0.0000711779
1736	0.0000713696
1737	0.0000714650
1738	0.0000714323
1739	0.0000713288
1740	0.0000712317
1741	0.0000711461
1742	0.0000710878
1743	0.0000710564
1744	0.0000710303
1745	0.0000709869
1746	0.0000708690
1747	0.0000707010
1748	0.0000705529
1749	0.0000703903
1750	0.0000701638
1751	0.0000698913
1752	0.0000695937
1753	0.0000692887
1754	0.0000690528
1755	0.0000689306
1756	0.0000688575
1757	0.0000687920
1758	0.0000687116
1759	0.0000685330
1760	0.0000682111
1761	0.0000677884
1762	0.0000673256
1763	0.0000668796
1764	0.0000664995
1765	0.0000661206
1766	0.0000656148
1767	0.0000650175
1768	0.0000644684
1769	0.0000640364
1770	0.0000637330
1771	0.0000635388
1772	0.0000633786
1773	0.0000631381
1774	0.0000627359
1775	0.0000621867
1776	0.0000616419
1777	0.0000612058
1778	0.0000607853
1779	0.0000603610
1780	0.0000599847
1781	0.0000596489
1782	0.0000593961
1783	0.0000591600
1784	0.0000589464
1785	0.0000589696
1786	0.0000591895
1787	0.0000594123
1788	0.0000595164
1789	0.0000595015
1790	0.0000596412
1791	0.0000600233
1792	0.0000604429
1793	0.0000608703
1794	0.0000613060
1795	0.0000616588
1796	0.0000619758
1797	0.0000623419
1798	0.0000625947
1799	0.0000625358
1800	0.0000622729
1801	0.0000618759
1802	0.0000612536
1803	0.0000605112
1804	0.0000598001
1805	0.0000591283
1806	0.0000584149
1807	0.0000574959
1808	0.0000563241
1809	0.0000550549
1810	0.0000538406
1811	0.0000527680
1812	0.0000518992
1813	0.0000511984
1814	0.0000505265
1815	0.0000497438
1816	0.0000488146
1817	0.0000478558
1818	0.0000469340
1819	0.0000459265
1820	0.0000447649
1821	0.0000435920
1822	0.0000425831
1823	0.0000417563
1824	0.0000410788
1825	0.0000405289
1826	0.0000400307
1827	0.0000396156
1828	0.0000392633
1829	0.0000388004
1830	0.0000383207
1831	0.0000379708
1832	0.0000376063
1833	0.0000370928
1834	0.0000364681
1835	0.0000358834
1836	0.0000354250
1837	0.0000350778
1838	0.0000348365
1839	0.0000345843
1840	0.0000342214
1841	0.0000338159
1842	0.0000334502
1843	0.0000331234
1844	0.0000327214
1845	0.0000322690
1846	0.0000319330
1847	0.0000316689
1848	0.0000314409
1849	0.0000313459
1850	0.0000313615
1851	0.0000313940
1852	0.0000312986
1853	0.0000309595
1854	0.0000304797
1855	0.0000300081
1856	0.0000295603
1857	0.0000291145
1858	0.0000286556
1859	0.0000281519
1860	0.0000276305
1861	0.0000271622
1862	0.0000267590
1863	0.0000264069
1864	0.0000260593
1865	0.0000256704
1866	0.0000253393
1867	0.0000251854
1868	0.0000251642
1869	0.0000251862
1870	0.0000252191
1871	0.0000252190
1872	0.0000251672
1873	0.0000251393
1874	0.0000251604
1875	0.0000251589
1876	0.0000251194
1877	0.0000250737
1878	0.0000250183
1879	0.0000249300
1880	0.0000248148
1881	0.0000247143
1882	0.0000246428
1883	0.0000245866
1884	0.0000244977
1885	0.0000243184
1886	0.0000241338
1887	0.0000240443
1888	0.0000239787
1889	0.0000238708
1890	0.0000237205
1891	0.0000235575
1892	0.0000234657
1893	0.0000234364
1894	0.0000233972
1895	0.0000233502
1896	0.0000232980
1897	0.0000232638
1898	0.0000232986
1899	0.0000233998
1900	0.0000235684
1901	0.0000237995
1902	0.0000240279
1903	0.0000242118
1904	0.0000243781
1905	0.0000245626
1906	0.0000247573
1907	0.0000249394
1908	0.0000250987
1909	0.0000252035
1910	0.0000252197
1911	0.0000251542
1912	0.0000250406
1913	0.0000249281
1914	0.0000248457
1915	0.0000247629
1916	0.0000246589
1917	0.0000245812
1918	0.0000245547
1919	0.0000245215
1920	0.0000244575
1921	0.0000244087
1922	0.0000243715
1923	0.0000243201
1924	0.0000242959
1925	0.0000243273
1926	0.0000243881
1927	0.0000244508
1928	0.0000245088
1929	0.0000245798
1930	0.0000246740
1931	0.0000247672
1932	0.0000248115
1933	0.0000247533
1934	0.0000245561
1935	0.0000242194
1936	0.0000238234
1937	0.0000234788
1938	0.0000232338
1939	0.0000230818
1940	0.0000229398
1941	0.0000227515
1942	0.0000225772
1943	0.0000224212
1944	0.0000222530
1945	0.0000220906
1946	0.0000219207
1947	0.0000217752
1948	0.0000217355
1949	0.0000218003
1950	0.0000218750
1951	0.0000218714
1952	0.0000218062
1953	0.0000217092
1954	0.0000215524
1955	0.0000213308
1956	0.0000210742
1957	0.0000208597
1958	0.0000207458
1959	0.0000206920
1960	0.0000206736
1961	0.0000207155
1962	0.0000208050
1963	0.0000209138
1964	0.0000210326
1965	0.0000211473
1966	0.0000212157
1967	0.0000211915
1968	0.0000211135
1969	0.0000210901
1970	0.0000211385
1971	0.0000212042
1972	0.0000212583
1973	0.0000212381
1974	0.0000211192
1975	0.0000209871
1976	0.0000208978
1977	0.0000208212
1978	0.0000206699
1979	0.0000203623
1980	0.0000199337
1981	0.0000195062
1982	0.0000191428
1983	0.0000188474
1984	0.0000186626
1985	0.0000186034
1986	0.0000186279
1987	0.0000186924
1988	0.0000187180
1989	0.0000186870
1990	0.0000186483
1991	0.0000186091
1992	0.0000185906
1993	0.0000185674
1994	0.0000185096
1995	0.0000184941
1996	0.0000185134
1997	0.0000184780
1998	0.0000183922
1999	0.0000183059
2000	0.0000181927
2001	0.0000180055
2002	0.0000178267
2003	0.0000176894
2004	0.0000174851
2005	0.0000172227
2006	0.0000169639
2007	0.0000167097
2008	0.0000164594
2009	0.0000161547
2010	0.0000157988
2011	0.0000155166
2012	0.0000153364
2013	0.0000151590
2014	0.0000149116
2015	0.0000146113
2016	0.0000143210
2017	0.0000140950
2018	0.0000139499
2019	0.0000138518
2020	0.0000137424
2021	0.0000135835
2022	0.0000133858
2023	0.0000131789
2024	0.0000129783
2025	0.0000128082
2026	0.0000126856
2027	0.0000125952
2028	0.0000125243
2029	0.0000124737
2030	0.0000124430
2031	0.0000124343
2032	0.0000124423
2033	0.0000124420
2034	0.0000124247
2035	0.0000124026
2036	0.0000123759
2037	0.0000123429
2038	0.0000122987
2039	0.0000122326
2040	0.0000121363
2041	0.0000120039
2042	0.0000118525
2043	0.0000117134
2044	0.0000115949
2045	0.0000114825
2046	0.0000113744
2047	0.0000112880
2048	0.0000112127
2049	0.0000111116
2050	0.0000110035
2051	0.0000109749
2052	0.0000110040
2053	0.0000109491
2054	0.0000108273
2055	0.0000107431
2056	0.0000106856
2057	0.0000106603
2058	0.0000106879
2059	0.0000107599
2060	0.0000108881
2061	0.0000110329
2062	0.0000111438
2063	0.0000112026
2064	0.0000112230
2065	0.0000112698
2066	0.0000113667
2067	0.0000115371
2068	0.0000118326
2069	0.0000122141
2070	0.0000126054
2071	0.0000129780
2072	0.0000133669
2073	0.0000138397
2074	0.0000144090
2075	0.0000150565
2076	0.0000157947
2077	0.0000166770
2078	0.0000177312
2079	0.0000188300
2080	0.0000198070
2081	0.0000206729
2082	0.0000214788
2083	0.0000221704
2084	0.0000227816
2085	0.0000234213
2086	0.0000240784
2087	0.0000247419
2088	0.0000254092
2089	0.0000259572
2090	0.0000263291
2091	0.0000266070
2092	0.0000268442
2093	0.0000270426
2094	0.0000271878
2095	0.0000272532
2096	0.0000272395
2097	0.0000271825
2098	0.0000271144
2099	0.0000270459
2100	0.0000269737
2101	0.0000268859
2102	0.0000267766
2103	0.0000266534
2104	0.0000265326
2105	0.0000264088
2106	0.0000262643
2107	0.0000261373
2108	0.0000260526
2109	0.0000259704
2110	0.0000258805
2111	0.0000257875
2112	0.0000256932
2113	0.0000256344
2114	0.0000256177
2115	0.0000256216
2116	0.0000256449
2117	0.0000256768
2118	0.0000257065
2119	0.0000257378
2120	0.0000257692
2121	0.0000258063
2122	0.0000258643
2123	0.0000259531
2124	0.0000260659
2125	0.0000261694
2126	0.0000262328
2127	0.0000262636
2128	0.0000262846
2129	0.0000263016
2130	0.0000263031
2131	0.0000262795
2132	0.0000262526
2133	0.0000262511
2134	0.0000262559
2135	0.0000262370
2136	0.0000262157
2137	0.0000262180
2138	0.0000262277
2139	0.0000262280
2140	0.0000262152
2141	0.0000261805
2142	0.0000261272
2143	0.0000260714
2144	0.0000260186
2145	0.0000259648
2146	0.0000259157
2147	0.0000258863
2148	0.0000258867
2149	0.0000259292
2150	0.0000260272
2151	0.0000261686
2152	0.0000263203
2153	0.0000264556
2154	0.0000265614
2155	0.0000266518
2156	0.0000267478
2157	0.0000268434
2158	0.0000269339
2159	0.0000270174
2160	0.0000270845
2161	0.0000271503
2162	0.0000272167
2163	0.0000272576
2164	0.0000272680
2165	0.0000272580
2166	0.0000272469
2167	0.0000272486
2168	0.0000272567
2169	0.0000272719
2170	0.0000273043
2171	0.0000273626
2172	0.0000274421
2173	0.0000275448
2174	0.0000276897
2175	0.0000278689
2176	0.0000280790
2177	0.0000283117
2178	0.0000285070
2179	0.0000286564
2180	0.0000287948
2181	0.0000289023
2182	0.0000289579
2183	0.0000289729
2184	0.0000289666
2185	0.0000289649
2186	0.0000289797
2187	0.0000290028
2188	0.0000290225
2189	0.0000290404
2190	0.0000290669
2191	0.0000290945
2192	0.0000291026
2193	0.0000290979
2194	0.0000291037
2195	0.0000291163
2196	0.0000291203
2197	0.0000291170
2198	0.0000291104
2199	0.0000291041
2200	0.0000291023
2201	0.0000291037
2202	0.0000291152
2203	0.0000291470
2204	0.0000291925
2205	0.0000292590
2206	0.0000293772
2207	0.0000295564
2208	0.0000297689
2209	0.0000299662
2210	0.0000301484
2211	0.0000303634
2212	0.0000306120
2213	0.0000308574
2214	0.0000310408
2215	0.0000311201
2216	0.0000311425
2217	0.0000311378
2218	0.0000310889
2219	0.0000309937
2220	0.0000308077
2221	0.0000304719
2222	0.0000300390
2223	0.0000296346
2224	0.0000292415
2225	0.0000288066
2226	0.0000284096
2227	0.0000279992
2228	0.0000275223
2229	0.0000270787
2230	0.0000266516
2231	0.0000262929
2232	0.0000260332
2233	0.0000256943
2234	0.0000253114
2235	0.0000249734
2236	0.0000246360
2237	0.0000243574
2238	0.0000241427
2239	0.0000239354
2240	0.0000236961
2241	0.0000234436
2242	0.0000233509
2243	0.0000234124
2244	0.0000234493
2245	0.0000234721
2246	0.0000235140
2247	0.0000234816
2248	0.0000233520
2249	0.0000232504
2250	0.0000232455
2251	0.0000232475
2252	0.0000232114
2253	0.0000232172
2254	0.0000233675
2255	0.0000237040
2256	0.0000241657
2257	0.0000246608
2258	0.0000251433
2259	0.0000255916
2260	0.0000259646
2261	0.0000262427
2262	0.0000264843
2263	0.0000267469
2264	0.0000270122
2265	0.0000272435
2266	0.0000274611
2267	0.0000276904
2268	0.0000278953
2269	0.0000280758
2270	0.0000282816
2271	0.0000285229
2272	0.0000288438
2273	0.0000293475
2274	0.0000300229
2275	0.0000306859
2276	0.0000311750
2277	0.0000315072
2278	0.0000317858
2279	0.0000320088
2280	0.0000320851
2281	0.0000320782
2282	0.0000321366
2283	0.0000322426
2284	0.0000323547
2285	0.0000324787
2286	0.0000325589
2287	0.0000325760
2288	0.0000325712
2289	0.0000325772
2290	0.0000326166
2291	0.0000326818
2292	0.0000327455
2293	0.0000328041
2294	0.0000328903
2295	0.0000329922
2296	0.0000330459
2297	0.0000330470
2298	0.0000330231
2299	0.0000330001
2300	0.0000329939
2301	0.0000329536
2302	0.0000328481
2303	0.0000327198
2304	0.0000326253
2305	0.0000325977
2306	0.0000326152
2307	0.0000326730
2308	0.0000327886
2309	0.0000329090
2310	0.0000329910
2311	0.0000330390
2312	0.0000330462
2313	0.0000330305
2314	0.0000330124
2315	0.0000329712
2316	0.0000328859
2317	0.0000327488
2318	0.0000325684
2319	0.0000323786
2320	0.0000322035
2321	0.0000320459
2322	0.0000319247
2323	0.0000318691
2324	0.0000318702
2325	0.0000318775
2326	0.0000318349
2327	0.0000317284
2328	0.0000316023
2329	0.0000315010
2330	0.0000314256
2331	0.0000313599
2332	0.0000312991
2333	0.0000312553
2334	0.0000312397
2335	0.0000312488
2336	0.0000312843
2337	0.0000313403
2338	0.0000313613
2339	0.0000313043
2340	0.0000312283
2341	0.0000311946
2342	0.0000311739
2343	0.0000311390
2344	0.0000310790
2345	0.0000309715
2346	0.0000308489
2347	0.0000307726
2348	0.0000307436
2349	0.0000307246
2350	0.0000307310
2351	0.0000308030
2352	0.0000309079
2353	0.0000310084
2354	0.0000311007
2355	0.0000311576
2356	0.0000311967
2357	0.0000312774
2358	0.0000314396
2359	0.0000317084
2360	0.0000320472
2361	0.0000324171
2362	0.0000328028
2363	0.0000331370
2364	0.0000334331
2365	0.0000337646
2366	0.0000341015
2367	0.0000344398
2368	0.0000347956
2369	0.0000351235
2370	0.0000354485
2371	0.0000357773
2372	0.0000360427
2373	0.0000362788
2374	0.0000365505
2375	0.0000368227
2376	0.0000370383
2377	0.0000371864
2378	0.0000372534
2379	0.0000372041
2380	0.0000370603
2381	0.0000368679
2382	0.0000366467
2383	0.0000364181
2384	0.0000361479
2385	0.0000357866
2386	0.0000353839
2387	0.0000350704
2388	0.0000349616
2389	0.0000349992
2390	0.0000349774
2391	0.0000347829
2392	0.0000344932
2393	0.0000342330
2394	0.0000339704
2395	0.0000336067
2396	0.0000331974
2397	0.0000328320
2398	0.0000324670
2399	0.0000320511
2400	0.0000316016
2401	0.0000310826
2402	0.0000304564
2403	0.0000298183
2404	0.0000292578
2405	0.0000287845
2406	0.0000284373
2407	0.0000282353
2408	0.0000281006
2409	0.0000279219
2410	0.0000276259
2411	0.0000272190
2412	0.0000268051
2413	0.0000264490
2414	0.0000261052
2415	0.0000257735
2416	0.0000254560
2417	0.0000250959
2418	0.0000246805
2419	0.0000242070
2420	0.0000237013
2421	0.0000231443
2422	0.0000224849
2423	0.0000218937
2424	0.0000214941
2425	0.0000211574
2426	0.0000208122
2427	0.0000204649
2428	0.0000201296
2429	0.0000198452
2430	0.0000196558
2431	0.0000196010
2432	0.0000196038
2433	0.0000195313
2434	0.0000193988
2435	0.0000193424
2436	0.0000193847
2437	0.0000194408
2438	0.0000195758
2439	0.0000198391
2440	0.0000201484
2441	0.0000204922
2442	0.0000208154
2443	0.0000211062
2444	0.0000215208
2445	0.0000220514
2446	0.0000225022
2447	0.0000227514
2448	0.0000228373
2449	0.0000228373
2450	0.0000227500
2451	0.0000226244
2452	0.0000225204
2453	0.0000223930
2454	0.0000222446
2455	0.0000221339
2456	0.0000220847
2457	0.0000221111
2458	0.0000221956
2459	0.0000223015
2460	0.0000224485
2461	0.0000226454
2462	0.0000228311
2463	0.0000229833
2464	0.0000231284
2465	0.0000233012
2466	0.0000235618
2467	0.0000239034
2468	0.0000242611
2469	0.0000246130
2470	0.0000249199
2471	0.0000251071
2472	0.0000251576
2473	0.0000251372
2474	0.0000251407
2475	0.0000252078
2476	0.0000252590
2477	0.0000252147
2478	0.0000251388
2479	0.0000251129
2480	0.0000251221
2481	0.0000251033
2482	0.0000250295
2483	0.0000249738
2484	0.0000249924
2485	0.0000250715
2486	0.0000252262
2487	0.0000254568
2488	0.0000256892
2489	0.0000258256
2490	0.0000258590
2491	0.0000258568
2492	0.0000258416
2493	0.0000258563
2494	0.0000259692
2495	0.0000261884
2496	0.0000264582
2497	0.0000267027
2498	0.0000269378
2499	0.0000271805
2500	0.0000273799
2501	0.0000275536
2502	0.0000277029
2503	0.0000277976
2504	0.0000278599
2505	0.0000278814
2506	0.0000278228
2507	0.0000276476
2508	0.0000273620
2509	0.0000270177
2510	0.0000266326
2511	0.0000262059
2512	0.0000257451
2513	0.0000253136
2514	0.0000249988
2515	0.0000247708
2516	0.0000245798
2517	0.0000244780
2518	0.0000245110
2519	0.0000246391
2520	0.0000248057
2521	0.0000249245
2522	0.0000248704
2523	0.0000247219
2524	0.0000246591
2525	0.0000246054
2526	0.0000244385
2527	0.0000241962
2528	0.0000239732
2529	0.0000238801
2530	0.0000239149
2531	0.0000240568
2532	0.0000244370
2533	0.0000250890
2534	0.0000258299
2535	0.0000264924
2536	0.0000270247
2537	0.0000274166
2538	0.0000276930
2539	0.0000279167
2540	0.0000280972
2541	0.0000282227
2542	0.0000283377
2543	0.0000284501
2544	0.0000285189
2545	0.0000285702
2546	0.0000286704
2547	0.0000288155
2548	0.0000289746
2549	0.0000291512
2550	0.0000293293
2551	0.0000294903
2552	0.0000296520
2553	0.0000298632
2554	0.0000301840
2555	0.0000305742
2556	0.0000309273
2557	0.0000312279
2558	0.0000315547
2559	0.0000320004
2560	0.0000325614
2561	0.0000331478
2562	0.0000336680
2563	0.0000340371
2564	0.0000342914
2565	0.0000345245
2566	0.0000347231
2567	0.0000348962
2568	0.0000350782
2569	0.0000352464
2570	0.0000353880
2571	0.0000354991
2572	0.0000355733
2573	0.0000355893
2574	0.0000355514
2575	0.0000355385
2576	0.0000356180
2577	0.0000357930
2578	0.0000360019
2579	0.0000362242
2580	0.0000364955
2581	0.0000367725
2582	0.0000370397
2583	0.0000373263
2584	0.0000376145
2585	0.0000378504
2586	0.0000379074
2587	0.0000378153
2588	0.0000377541
2589	0.0000377052
2590	0.0000376353
2591	0.0000376103
2592	0.0000375938
2593	0.0000375219
2594	0.0000373893
2595	0.0000372407
2596	0.0000371012
2597	0.0000368962
2598	0.0000365951
2599	0.0000362882
2600	0.0000360143
2601	0.0000357600
2602	0.0000356251
2603	0.0000356379
2604	0.0000356269
2605	0.0000355249
2606	0.0000353947
2607	0.0000352618
2608	0.0000351616
2609	0.0000350755
2610	0.0000349071
2611	0.0000346664
2612	0.0000344591
2613	0.0000342435
2614	0.0000338751
2615	0.0000333701
2616	0.0000328072
2617	0.0000322064
2618	0.0000316835
2619	0.0000313806
2620	0.0000313218
2621	0.0000314738
2622	0.0000316826
2623	0.0000317431
2624	0.0000317136
2625	0.0000317501
2626	0.0000318443
2627	0.0000319950
2628	0.0000322065
2629	0.0000324884
2630	0.0000328782
2631	0.0000332823
2632	0.0000336427
2633	0.0000340050
2634	0.0000343663
2635	0.0000347306
2636	0.0000351246
2637	0.0000355654
2638	0.0000359613
2639	0.0000362246
2640	0.0000364612
2641	0.0000367455
2642	0.0000370661
2643	0.0000373480
2644	0.0000375424
2645	0.0000377629
2646	0.0000378877
2647	0.0000377030
2648	0.0000373158
2649	0.0000369048
2650	0.0000366354
2651	0.0000364853
2652	0.0000363042
2653	0.0000361996
2654	0.0000362244
2655	0.0000363103
2656	0.0000365099
2657	0.0000368245
2658	0.0000372140
2659	0.0000376717
2660	0.0000381544
2661	0.0000385515
2662	0.0000387682
2663	0.0000388750
2664	0.0000390407
2665	0.0000393234
2666	0.0000396300
2667	0.0000399305
2668	0.0000402220
2669	0.0000404287
2670	0.0000406820
2671	0.0000411149
2672	0.0000415905
2673	0.0000419995
2674	0.0000422917
2675	0.0000424673
2676	0.0000426084
2677	0.0000427273
2678	0.0000427621
2679	0.0000426784
2680	0.0000427263
2681	0.0000431910
2682	0.0000438576
2683	0.0000444290
2684	0.0000449176
2685	0.0000454100
2686	0.0000460238
2687	0.0000467994
2688	0.0000475661
2689	0.0000482484
2690	0.0000489771
2691	0.0000497807
2692	0.0000506710
2693	0.0000517400
2694	0.0000527682
2695	0.0000534177
2696	0.0000537512
2697	0.0000539790
2698	0.0000541380
2699	0.0000542962
2700	0.0000546190
2701	0.0000550758
2702	0.0000554133
2703	0.0000554394
2704	0.0000552199
2705	0.0000550089
2706	0.0000548567
2707	0.0000546436
2708	0.0000544200
2709	0.0000542296
2710	0.0000540905
2711	0.0000540661
2712	0.0000541087
2713	0.0000542224
2714	0.0000544785
2715	0.0000548555
2716	0.0000552848
2717	0.0000557129
2718	0.0000561400
2719	0.0000565171
2720	0.0000568491
2721	0.0000572873
2722	0.0000578262
2723	0.0000583566
2724	0.0000588290
2725	0.0000591945
2726	0.0000594916
2727	0.0000597972
2728	0.0000601233
2729	0.0000603829
2730	0.0000604591
2731	0.0000603946
2732	0.0000602959
2733	0.0000602328
2734	0.0000602163
2735	0.0000602093
2736	0.0000603169
2737	0.0000605691
2738	0.0000608255
2739	0.0000610915
2740	0.0000613284
2741	0.0000614210
2742	0.0000614435
2743	0.0000614520
2744	0.0000614018
2745	0.0000613142
2746	0.0000612620
2747	0.0000612704
2748	0.0000612908
2749	0.0000613004
2750	0.0000613139
2751	0.0000613119
2752	0.0000612853
2753	0.0000613024
2754	0.0000614480
2755	0.0000616786
2756	0.0000618800
2757	0.0000619936
2758	0.0000620151
2759	0.0000620299
2760	0.0000621153
2761	0.0000622746
2762	0.0000625174
2763	0.0000627803
2764	0.0000630215
2765	0.0000633359
2766	0.0000637163
2767	0.0000640579
2768	0.0000643860
2769	0.0000647773
2770	0.0000651858
2771	0.0000655008
2772	0.0000657319
2773	0.0000659829
2774	0.0000662504
2775	0.0000664616
2776	0.0000666512
2777	0.0000668764
2778	0.0000670902
2779	0.0000672205
2780	0.0000672413
2781	0.0000671692
2782	0.0000670434
2783	0.0000668998
2784	0.0000667173
2785	0.0000664630
2786	0.0000661988
2787	0.0000659174
2788	0.0000655451
2789	0.0000651649
2790	0.0000648269
2791	0.0000645083
2792	0.0000642795
2793	0.0000641212
2794	0.0000639092
2795	0.0000636482
2796	0.0000634945
2797	0.0000635136
2798	0.0000635937
2799	0.0000636217
2800	0.0000634949
2801	0.0000632362
2802	0.0000629604
2803	0.0000625830
2804	0.0000621058
2805	0.0000617265
2806	0.0000615075
2807	0.0000614029
2808	0.0000613207
2809	0.0000612135
2810	0.0000610836
2811	0.0000608576
2812	0.0000605593
2813	0.0000602932
2814	0.0000600522
2815	0.0000598028
2816	0.0000596171
2817	0.0000595916
2818	0.0000596623
2819	0.0000596804
2820	0.0000595866
2821	0.0000594408
2822	0.0000593328
2823	0.0000592398
2824	0.0000591231
2825	0.0000589967
2826	0.0000588723
2827	0.0000587642
2828	0.0000586188
2829	0.0000584024
2830	0.0000581263
2831	0.0000578135
2832	0.0000575897
2833	0.0000574965
2834	0.0000574843
2835	0.0000574766
2836	0.0000572365
2837	0.0000566787
2838	0.0000560230
2839	0.0000554544
2840	0.0000549121
2841	0.0000541814
2842	0.0000532339
2843	0.0000522493
2844	0.0000512881
2845	0.0000502957
2846	0.0000493417
2847	0.0000485769
2848	0.0000479810
2849	0.0000474655
2850	0.0000470114
2851	0.0000465296
2852	0.0000460096
2853	0.0000456178
2854	0.0000454021
2855	0.0000452624
2856	0.0000452095
2857	0.0000452937
2858	0.0000454092
2859	0.0000454888
2860	0.0000455547
2861	0.0000455216
2862	0.0000453607
2863	0.0000451815
2864	0.0000449323
2865	0.0000444503
2866	0.0000438598
2867	0.0000433639
2868	0.0000428962
2869	0.0000424719
2870	0.0000422042
2871	0.0000420922
2872	0.0000421831
2873	0.0000423873
2874	0.0000424992
2875	0.0000424067
2876	0.0000419164
2877	0.0000409868
2878	0.0000399291
2879	0.0000389917
2880	0.0000380776
2881	0.0000370602
2882	0.0000361119
2883	0.0000353571
2884	0.0000347310
2885	0.0000342625
2886	0.0000339908
2887	0.0000338941
2888	0.0000338766
2889	0.0000338235
2890	0.0000337325
2891	0.0000335686
2892	0.0000333344
2893	0.0000331323
2894	0.0000329658
2895	0.0000327968
2896	0.0000325901
2897	0.0000323308
2898	0.0000320648
2899	0.0000318336
2900	0.0000316584
2901	0.0000314594
2902	0.0000311646
2903	0.0000308473
2904	0.0000305374
2905	0.0000302164
2906	0.0000299069
2907	0.0000296082
2908	0.0000293215
2909	0.0000290574
2910	0.0000288062
2911	0.0000285614
2912	0.0000283314
2913	0.0000280905
2914	0.0000277797
2915	0.0000274202
2916	0.0000270829
2917	0.0000267914
2918	0.0000265397
2919	0.0000263082
2920	0.0000260957
2921	0.0000258877
2922	0.0000256386
2923	0.0000253781
2924	0.0000251313
2925	0.0000248463
2926	0.0000245495
2927	0.0000243109
2928	0.0000241059
2929	0.0000238873
2930	0.0000236689
2931	0.0000235001
2932	0.0000234097
2933	0.0000233776
2934	0.0000233700
2935	0.0000233694
2936	0.0000233706
2937	0.0000233790
2938	0.0000234026
2939	0.0000234404
2940	0.0000234839
2941	0.0000235220
2942	0.0000235485
2943	0.0000235671
2944	0.0000235794
2945	0.0000235813
2946	0.0000235786
2947	0.0000235938
2948	0.0000236430
2949	0.0000237097
2950	0.0000237667
2951	0.0000238146
2952	0.0000238752
2953	0.0000239387
2954	0.0000239711
2955	0.0000239915
2956	0.0000240136
2957	0.0000240069
2958	0.0000240180
2959	0.0000241043
2960	0.0000242188
2961	0.0000242769
2962	0.0000242237
2963	0.0000240634
2964	0.0000237822
2965	0.0000233427
2966	0.0000228301
2967	0.0000223777
2968	0.0000220367
2969	0.0000217842
2970	0.0000215690
2971	0.0000213678
2972	0.0000211464
2973	0.0000209131
2974	0.0000207533
2975	0.0000206740
2976	0.0000206533
2977	0.0000206934
2978	0.0000207292
2979	0.0000207293
2980	0.0000207430
2981	0.0000207794
2982	0.0000208188
2983	0.0000208821
2984	0.0000209647
2985	0.0000210321
2986	0.0000210979
2987	0.0000211614
2988	0.0000211958
2989	0.0000212097
2990	0.0000212192
2991	0.0000212475
2992	0.0000212976
2993	0.0000213439
2994	0.0000213850
2995	0.0000214199
2996	0.0000214388
2997	0.0000214391
2998	0.0000214152
2999	0.0000213369
