0	0.0000000000
1	0.0000000000
2	0.0000000000
3	0.0000000000
4	0.0000000000
5	0.0000000000
6	0.0000000000
7	0.0000000000
8	0.0000000000
9	0.0000000000
10	0.0000000000
11	0.0000000000
12	0.0000000000
13	0.0000000000
14	0.0000000000
15	0.0000000000
16	0.0000000000
17	0.0000000000
18	0.0000000000
19	0.0000000000
20	0.0000000000
21	0.0000000000
22	0.0000000000
23	0.0000000000
24	0.0000000000
25	0.0000000000
26	0.0000000000
27	0.0000000000
28	0.0000000000
29	0.0000000001
30	0.0000000002
31	0.0000000008
32	0.0000000024
33	0.0000000067
34	0.0000000173
35	0.0000000397
36	0.0000000819
37	0.0000001509
38	0.0000002476
39	0.0000003618
40	0.0000004728
41	0.0000005616
42	0.0000006278
43	0.0000006956
44	0.0000007941
45	0.0000009254
46	0.0000010594
47	0.0000011699
48	0.0000012722
49	0.0000014038
50	0.0000015672
51	0.0000017244
52	0.0000018593
53	0.0000020075
54	0.0000021928
55	0.0000023824
56	0.0000025489
57	0.0000027250
58	0.0000029380
59	0.0000031527
60	0.0000033456
61	0.0000035561
62	0.0000037997
63	0.0000040329
64	0.0000042522
65	0.0000045025
66	0.0000047708
67	0.0000050172
68	0.0000052712
69	0.0000055590
70	0.0000058380
71	0.0000061038
72	0.0000064007
73	0.0000067073
74	0.0000069920
75	0.0000072949
76	0.0000076211
77	0.0000079268
78	0.0000082365
79	0.0000085756
80	0.0000089006
81	0.0000092184
82	0.0000095660
83	0.0000099067
84	0.0000102330
85	0.0000105862
86	0.0000109387
87	0.0000112726
88	0.0000116300
89	0.0000119906
90	0.0000123307
91	0.0000126910
92	0.0000130559
93	0.0000133989
94	0.0000137595
95	0.0000141257
96	0.0000144726
97	0.0000148391
98	0.0000152111
99	0.0000155600
100	0.0000159192
101	0.0000162732
102	0.0000166053
103	0.0000169602
104	0.0000173247
105	0.0000176796
106	0.0000180516
107	0.0000184095
108	0.0000187444
109	0.0000190963
110	0.0000194420
111	0.0000197764
112	0.0000201210
113	0.0000204455
114	0.0000207657
115	0.0000211069
116	0.0000214332
117	0.0000217558
118	0.0000220868
119	0.0000224039
120	0.0000227331
121	0.0000230663
122	0.0000233758
123	0.0000236954
124	0.0000240170
125	0.0000243235
126	0.0000246361
127	0.0000249347
128	0.0000252262
129	0.0000255304
130	0.0000258143
131	0.0000260915
132	0.0000263782
133	0.0000266510
134	0.0000269257
135	0.0000271976
136	0.0000274580
137	0.0000277322
138	0.0000279973
139	0.0000282507
140	0.0000285179
141	0.0000287756
142	0.0000290290
143	0.0000292858
144	0.0000295310
145	0.0000297836
146	0.0000300305
147	0.0000302634
148	0.0000305080
149	0.0000307429
150	0.0000309672
151	0.0000311986
152	0.0000314217
153	0.0000316485
154	0.0000318755
155	0.0000320912
156	0.0000323083
157	0.0000325024
158	0.0000326786
159	0.0000328716
160	0.0000330835
161	0.0000333375
162	0.0000336219
163	0.0000338734
164	0.0000340444
165	0.0000341029
166	0.0000341069
167	0.0000341752
168	0.0000343818
169	0.0000347467
170	0.0000351667
171	0.0000354842
172	0.0000356454
173	0.0000356864
174	0.0000357030
175	0.0000357570
176	0.0000358202
177	0.0000358727
178	0.0000359300
179	0.0000360597
180	0.0000363165
181	0.0000366314
182	0.0000369180
183	0.0000371502
184	0.0000373433
185	0.0000375284
186	0.0000376674
187	0.0000377109
188	0.0000376815
189	0.0000376420
190	0.0000376451
191	0.0000376584
192	0.0000376465
193	0.0000376636
194	0.0000377584
195	0.0000379334
196	0.0000381401
197	0.0000383346
198	0.0000385544
199	0.0000388173
200	0.0000390800
201	0.0000392990
202	0.0000394699
203	0.0000396319
204	0.0000397680
205	0.0000398325
206	0.0000398457
207	0.0000398431
208	0.0000398321
209	0.0000397825
210	0.0000396901
211	0.0000396178
212	0.0000395826
213	0.0000395481
214	0.0000395006
215	0.0000394795
216	0.0000395296
217	0.0000396057
218	0.0000396702
219	0.0000397646
220	0.0000399066
221	0.0000400746
222	0.0000402336
223	0.0000403848
224	0.0000405633
225	0.0000407458
226	0.0000409002
227	0.0000410380
228	0.0000411704
229	0.0000412867
230	0.0000413666
231	0.0000414211
232	0.0000414553
233	0.0000414498
234	0.0000414163
235	0.0000413745
236	0.0000413197
237	0.0000412363
238	0.0000411343
239	0.0000410363
240	0.0000409183
241	0.0000407708
242	0.0000406337
243	0.0000405248
244	0.0000404135
245	0.0000402746
246	0.0000401534
247	0.0000400676
248	0.0000399663
249	0.0000398612
250	0.0000397902
251	0.0000397430
252	0.0000396935
253	0.0000396502
254	0.0000396633
255	0.0000397092
256	0.0000397350
257	0.0000397733
258	0.0000398483
259	0.0000399280
260	0.0000399852
261	0.0000400430
262	0.0000401223
263	0.0000401803
264	0.0000402211
265	0.0000402863
266	0.0000403549
267	0.0000404076
268	0.0000404594
269	0.0000405285
270	0.0000406030
271	0.0000406562
272	0.0000407050
273	0.0000407596
274	0.0000407967
275	0.0000408126
276	0.0000408160
277	0.0000408071
278	0.0000407751
279	0.0000407206
280	0.0000406595
281	0.0000405890
282	0.0000404980
283	0.0000403943
284	0.0000402869
285	0.0000401656
286	0.0000400174
287	0.0000398527
288	0.0000396966
289	0.0000395501
290	0.0000394065
291	0.0000392783
292	0.0000391446
293	0.0000389548
294	0.0000386971
295	0.0000383950
296	0.0000380788
297	0.0000377928
298	0.0000376013
299	0.0000374981
300	0.0000373889
301	0.0000372275
302	0.0000369906
303	0.0000366538
304	0.0000362829
305	0.0000359663
306	0.0000357048
307	0.0000354379
308	0.0000351701
309	0.0000349508
310	0.0000347689
311	0.0000346311
312	0.0000345297
313	0.0000343749
314	0.0000341277
315	0.0000338407
316	0.0000335561
317	0.0000332468
318	0.0000329148
319	0.0000325811
320	0.0000322151
321	0.0000318898
322	0.0000316892
323	0.0000315449
324	0.0000314065
325	0.0000313021
326	0.0000312422
327	0.0000312007
328	0.0000311705
329	0.0000311194
330	0.0000309840
331	0.0000308317
332	0.0000307194
333	0.0000305684
334	0.0000303545
335	0.0000301294
336	0.0000299281
337	0.0000297542
338	0.0000296260
339	0.0000295227
340	0.0000293922
341	0.0000293161
342	0.0000293219
343	0.0000293080
344	0.0000292800
345	0.0000292692
346	0.0000292505
347	0.0000292135
348	0.0000291505
349	0.0000290252
350	0.0000288544
351	0.0000287145
352	0.0000285504
353	0.0000283026
354	0.0000280527
355	0.0000278248
356	0.0000275889
357	0.0000273518
358	0.0000271390
359	0.0000269796
360	0.0000269092
361	0.0000269177
362	0.0000268990
363	0.0000268500
364	0.0000268426
365	0.0000268652
366	0.0000269776
367	0.0000272456
368	0.0000276076
369	0.0000279599
370	0.0000281940
371	0.0000282393
372	0.0000281718
373	0.0000281731
374	0.0000282786
375	0.0000284494
376	0.0000287056
377	0.0000289418
378	0.0000290564
379	0.0000290969
380	0.0000291096
381	0.0000290831
382	0.0000289762
383	0.0000287704
384	0.0000284974
385	0.0000282903
386	0.0000282349
387	0.0000282268
388	0.0000282268
389	0.0000282614
390	0.0000282893
391	0.0000283168
392	0.0000283500
393	0.0000283452
394	0.0000282945
395	0.0000282349
396	0.0000281962
397	0.0000282126
398	0.0000282834
399	0.0000283501
400	0.0000284560
401	0.0000286490
402	0.0000288482
403	0.0000289919
404	0.0000290688
405	0.0000290898
406	0.0000290766
407	0.0000290283
408	0.0000289189
409	0.0000287636
410	0.0000286371
411	0.0000285400
412	0.0000284867
413	0.0000285113
414	0.0000285399
415	0.0000285937
416	0.0000287501
417	0.0000289413
418	0.0000290788
419	0.0000291647
420	0.0000292314
421	0.0000292936
422	0.0000293431
423	0.0000293112
424	0.0000292082
425	0.0000291393
426	0.0000290800
427	0.0000290041
428	0.0000289757
429	0.0000290191
430	0.0000291391
431	0.0000293228
432	0.0000295347
433	0.0000297644
434	0.0000300405
435	0.0000303521
436	0.0000306507
437	0.0000309280
438	0.0000311686
439	0.0000313863
440	0.0000315848
441	0.0000317019
442	0.0000317651
443	0.0000318319
444	0.0000318744
445	0.0000318769
446	0.0000318809
447	0.0000319140
448	0.0000319819
449	0.0000320750
450	0.0000321682
451	0.0000323139
452	0.0000325191
453	0.0000327060
454	0.0000329005
455	0.0000331012
456	0.0000332679
457	0.0000334311
458	0.0000335603
459	0.0000336049
460	0.0000336075
461	0.0000336103
462	0.0000335520
463	0.0000334080
464	0.0000332409
465	0.0000330568
466	0.0000328463
467	0.0000325952
468	0.0000323142
469	0.0000320646
470	0.0000318144
471	0.0000315311
472	0.0000312797
473	0.0000310741
474	0.0000308660
475	0.0000306713
476	0.0000305229
477	0.0000304022
478	0.0000303121
479	0.0000302347
480	0.0000301570
481	0.0000301120
482	0.0000300632
483	0.0000299980
484	0.0000299529
485	0.0000299152
486	0.0000298870
487	0.0000298637
488	0.0000298014
489	0.0000296939
490	0.0000295746
491	0.0000294495
492	0.0000293254
493	0.0000292427
494	0.0000292067
495	0.0000291907
496	0.0000291830
497	0.0000291831
498	0.0000291951
499	0.0000292277
500	0.0000292875
501	0.0000293579
502	0.0000294233
503	0.0000295115
504	0.0000296584
505	0.0000298585
506	0.0000301006
507	0.0000303719
508	0.0000306315
509	0.0000308672
510	0.0000310755
511	0.0000312582
512	0.0000314346
513	0.0000315572
514	0.0000315993
515	0.0000316144
516	0.0000316540
517	0.0000317444
518	0.0000318625
519	0.0000319662
520	0.0000320454
521	0.0000320991
522	0.0000321263
523	0.0000321490
524	0.0000321385
525	0.0000320390
526	0.0000319348
527	0.0000319242
528	0.0000320019
529	0.0000321493
530	0.0000323372
531	0.0000325587
532	0.0000328303
533	0.0000331558
534	0.0000335204
535	0.0000338531
536	0.0000340750
537	0.0000342430
538	0.0000344943
539	0.0000347975
540	0.0000350828
541	0.0000353787
542	0.0000357041
543	0.0000361497
544	0.0000367233
545	0.0000373078
546	0.0000378814
547	0.0000384197
548	0.0000389097
549	0.0000393837
550	0.0000397818
551	0.0000400155
552	0.0000401039
553	0.0000401398
554	0.0000401724
555	0.0000401572
556	0.0000400299
557	0.0000398880
558	0.0000398449
559	0.0000398378
560	0.0000398516
561	0.0000398750
562	0.0000398449
563	0.0000398161
564	0.0000398064
565	0.0000397148
566	0.0000395053
567	0.0000392534
568	0.0000389996
569	0.0000386947
570	0.0000382791
571	0.0000377891
572	0.0000373415
573	0.0000369574
574	0.0000366352
575	0.0000363774
576	0.0000361465
577	0.0000360110
578	0.0000359815
579	0.0000359756
580	0.0000359948
581	0.0000360537
582	0.0000361684
583	0.0000363122
584	0.0000363985
585	0.0000364447
586	0.0000365377
587	0.0000366321
588	0.0000366380
589	0.0000365776
590	0.0000365180
591	0.0000365251
592	0.0000365683
593	0.0000366060
594	0.0000367024
595	0.0000368687
596	0.0000371309
597	0.0000374800
598	0.0000377935
599	0.0000381028
600	0.0000384917
601	0.0000388576
602	0.0000391111
603	0.0000393278
604	0.0000395377
605	0.0000396843
606	0.0000397442
607	0.0000397175
608	0.0000396699
609	0.0000396065
610	0.0000394625
611	0.0000392473
612	0.0000389730
613	0.0000387028
614	0.0000384614
615	0.0000381755
616	0.0000378881
617	0.0000376753
618	0.0000375200
619	0.0000373769
620	0.0000372173
621	0.0000370783
622	0.0000370229
623	0.0000370168
624	0.0000370104
625	0.0000370256
626	0.0000370186
627	0.0000369229
628	0.0000367459
629	0.0000365334
630	0.0000363460
631	0.0000361855
632	0.0000360193
633	0.0000358136
634	0.0000355308
635	0.0000351660
636	0.0000347276
637	0.0000342813
638	0.0000339142
639	0.0000335901
640	0.0000332380
641	0.0000329190
642	0.0000326831
643	0.0000324914
644	0.0000323476
645	0.0000322318
646	0.0000321176
647	0.0000320166
648	0.0000319153
649	0.0000318506
650	0.0000318597
651	0.0000319209
652	0.0000319872
653	0.0000320289
654	0.0000320946
655	0.0000321794
656	0.0000321910
657	0.0000321214
658	0.0000320159
659	0.0000318621
660	0.0000316681
661	0.0000314716
662	0.0000312891
663	0.0000311232
664	0.0000309179
665	0.0000307187
666	0.0000306303
667	0.0000305743
668	0.0000304866
669	0.0000303872
670	0.0000303015
671	0.0000302693
672	0.0000302513
673	0.0000302124
674	0.0000301873
675	0.0000301965
676	0.0000302230
677	0.0000302582
678	0.0000303288
679	0.0000304334
680	0.0000305220
681	0.0000305799
682	0.0000306707
683	0.0000307879
684	0.0000308732
685	0.0000309652
686	0.0000310682
687	0.0000311498
688	0.0000312109
689	0.0000312434
690	0.0000312814
691	0.0000313520
692	0.0000314318
693	0.0000314996
694	0.0000315258
695	0.0000314794
696	0.0000313688
697	0.0000312414
698	0.0000311395
699	0.0000310561
700	0.0000309694
701	0.0000309009
702	0.0000308239
703	0.0000306772
704	0.0000304909
705	0.0000303317
706	0.0000302465
707	0.0000302251
708	0.0000302242
709	0.0000302423
710	0.0000302622
711	0.0000302678
712	0.0000302760
713	0.0000302822
714	0.0000302747
715	0.0000302593
716	0.0000302451
717	0.0000302329
718	0.0000302194
719	0.0000302079
720	0.0000302053
721	0.0000302053
722	0.0000302076
723	0.0000302219
724	0.0000302450
725	0.0000302571
726	0.0000302552
727	0.0000302819
728	0.0000303038
729	0.0000302501
730	0.0000301381
731	0.0000299389
732	0.0000296427
733	0.0000293535
734	0.0000291029
735	0.0000288495
736	0.0000285842
737	0.0000283134
738	0.0000281010
739	0.0000280002
740	0.0000279100
741	0.0000277535
742	0.0000275733
743	0.0000273888
744	0.0000271895
745	0.0000269672
746	0.0000267658
747	0.0000265814
748	0.0000263910
749	0.0000263048
750	0.0000263412
751	0.0000264297
752	0.0000265630
753	0.0000267247
754	0.0000268986
755	0.0000270520
756	0.0000271786
757	0.0000272964
758	0.0000273565
759	0.0000273594
760	0.0000274106
761	0.0000275340
762	0.0000276483
763	0.0000277444
764	0.0000278740
765	0.0000280850
766	0.0000283508
767	0.0000285889
768	0.0000288018
769	0.0000289838
770	0.0000291084
771	0.0000291842
772	0.0000291939
773	0.0000291324
774	0.0000290280
775	0.0000289437
776	0.0000288790
777	0.0000287908
778	0.0000287633
779	0.0000288412
780	0.0000289428
781	0.0000290746
782	0.0000292445
783	0.0000293681
784	0.0000294708
785	0.0000295823
786	0.0000296615
787	0.0000297006
788	0.0000296577
789	0.0000296090
790	0.0000296484
791	0.0000296977
792	0.0000297299
793	0.0000298027
794	0.0000299768
795	0.0000302139
796	0.0000304547
797	0.0000307302
798	0.0000309955
799	0.0000312594
800	0.0000315830
801	0.0000318501
802	0.0000319741
803	0.0000320552
804	0.0000321467
805	0.0000321516
806	0.0000320219
807	0.0000318425
808	0.0000317022
809	0.0000315523
810	0.0000313504
811	0.0000311793
812	0.0000310485
813	0.0000309649
814	0.0000309756
815	0.0000310621
816	0.0000312293
817	0.0000314679
818	0.0000317460
819	0.0000320200
820	0.0000322296
821	0.0000324139
822	0.0000326504
823	0.0000329382
824	0.0000332392
825	0.0000335213
826	0.0000337460
827	0.0000339003
828	0.0000340315
829	0.0000342169
830	0.0000344964
831	0.0000348882
832	0.0000353809
833	0.0000358287
834	0.0000361622
835	0.0000364802
836	0.0000368113
837	0.0000371664
838	0.0000375520
839	0.0000379349
840	0.0000383007
841	0.0000386023
842	0.0000388229
843	0.0000389879
844	0.0000390995
845	0.0000391517
846	0.0000391426
847	0.0000390974
848	0.0000390666
849	0.0000390829
850	0.0000391179
851	0.0000391216
852	0.0000390979
853	0.0000390680
854	0.0000390246
855	0.0000390048
856	0.0000390358
857	0.0000390501
858	0.0000390461
859	0.0000390909
860	0.0000392069
861	0.0000393727
862	0.0000395269
863	0.0000396194
864	0.0000395851
865	0.0000394443
866	0.0000393291
867	0.0000392200
868	0.0000390338
869	0.0000388125
870	0.0000386278
871	0.0000385288
872	0.0000385370
873	0.0000386231
874	0.0000387464
875	0.0000388658
876	0.0000389560
877	0.0000390595
878	0.0000391856
879	0.0000392980
880	0.0000393720
881	0.0000393788
882	0.0000393866
883	0.0000394806
884	0.0000396423
885	0.0000397860
886	0.0000398618
887	0.0000399497
888	0.0000400492
889	0.0000400814
890	0.0000400622
891	0.0000399717
892	0.0000397959
893	0.0000395903
894	0.0000393730
895	0.0000391351
896	0.0000388735
897	0.0000386088
898	0.0000383975
899	0.0000382663
900	0.0000381813
901	0.0000381087
902	0.0000380406
903	0.0000380000
904	0.0000380017
905	0.0000380139
906	0.0000380144
907	0.0000380149
908	0.0000380298
909	0.0000380388
910	0.0000380320
911	0.0000380263
912	0.0000380001
913	0.0000379698
914	0.0000379795
915	0.0000380024
916	0.0000380127
917	0.0000380191
918	0.0000380257
919	0.0000380301
920	0.0000380309
921	0.0000380259
922	0.0000380057
923	0.0000379672
924	0.0000379256
925	0.0000378935
926	0.0000378616
927	0.0000378184
928	0.0000377631
929	0.0000376971
930	0.0000376222
931	0.0000375447
932	0.0000374602
933	0.0000373595
934	0.0000372492
935	0.0000371430
936	0.0000370559
937	0.0000369825
938	0.0000369124
939	0.0000368503
940	0.0000367911
941	0.0000367367
942	0.0000366884
943	0.0000366334
944	0.0000365644
945	0.0000364903
946	0.0000364271
947	0.0000363363
948	0.0000361771
949	0.0000359904
950	0.0000357989
951	0.0000355867
952	0.0000353816
953	0.0000352004
954	0.0000350511
955	0.0000349682
956	0.0000349231
957	0.0000348702
958	0.0000348109
959	0.0000347678
960	0.0000347761
961	0.0000348291
962	0.0000348959
963	0.0000349472
964	0.0000349626
965	0.0000349514
966	0.0000349108
967	0.0000348396
968	0.0000347515
969	0.0000346717
970	0.0000345958
971	0.0000344794
972	0.0000343383
973	0.0000342082
974	0.0000340846
975	0.0000339600
976	0.0000337991
977	0.0000335876
978	0.0000334029
979	0.0000332698
980	0.0000331280
981	0.0000329914
982	0.0000328899
983	0.0000327780
984	0.0000325962
985	0.0000323859
986	0.0000322093
987	0.0000320017
988	0.0000317619
989	0.0000314990
990	0.0000311634
991	0.0000308483
992	0.0000306097
993	0.0000303954
994	0.0000301629
995	0.0000299005
996	0.0000296791
997	0.0000295383
998	0.0000294451
999	0.0000293555
1000	0.0000292767
1001	0.0000292647
1002	0.0000292776
1003	0.0000292438
1004	0.0000291893
1005	0.0000291207
1006	0.0000289725
1007	0.0000287075
1008	0.0000283588
1009	0.0000279676
1010	0.0000274927
1011	0.0000269139
1012	0.0000262827
1013	0.0000256119
1014	0.0000249932
1015	0.0000244680
1016	0.0000239009
1017	0.0000232978
1018	0.0000227274
1019	0.0000221651
1020	0.0000216195
1021	0.0000211135
1022	0.0000206538
1023	0.0000202307
1024	0.0000198214
1025	0.0000194041
1026	0.0000189764
1027	0.0000185631
1028	0.0000181754
1029	0.0000178260
1030	0.0000175417
1031	0.0000173210
1032	0.0000171026
1033	0.0000168225
1034	0.0000164990
1035	0.0000162026
1036	0.0000159600
1037	0.0000157467
1038	0.0000155373
1039	0.0000153219
1040	0.0000151282
1041	0.0000149543
1042	0.0000147769
1043	0.0000146366
1044	0.0000145375
1045	0.0000144599
1046	0.0000144230
1047	0.0000144284
1048	0.0000144618
1049	0.0000145017
1050	0.0000145254
1051	0.0000145031
1052	0.0000144400
1053	0.0000143631
1054	0.0000142589
1055	0.0000141529
1056	0.0000140761
1057	0.0000139792
1058	0.0000138276
1059	0.0000136523
1060	0.0000134840
1061	0.0000133019
1062	0.0000130563
1063	0.0000127464
1064	0.0000124308
1065	0.0000121570
1066	0.0000119325
1067	0.0000117475
1068	0.0000116027
1069	0.0000114744
1070	0.0000113411
1071	0.0000112526
1072	0.0000112097
1073	0.0000111622
1074	0.0000111046
1075	0.0000110522
1076	0.0000110397
1077	0.0000110782
1078	0.0000111605
1079	0.0000112644
1080	0.0000113630
1081	0.0000114880
1082	0.0000116281
1083	0.0000117434
1084	0.0000118608
1085	0.0000119619
1086	0.0000119863
1087	0.0000119606
1088	0.0000119508
1089	0.0000119898
1090	0.0000120834
1091	0.0000121874
1092	0.0000122898
1093	0.0000124469
1094	0.0000126547
1095	0.0000128400
1096	0.0000129732
1097	0.0000130865
1098	0.0000131704
1099	0.0000132101
1100	0.0000132409
1101	0.0000132642
1102	0.0000132615
1103	0.0000132229
1104	0.0000131864
1105	0.0000132094
1106	0.0000132665
1107	0.0000133278
1108	0.0000133867
1109	0.0000134483
1110	0.0000135258
1111	0.0000135909
1112	0.0000136319
1113	0.0000136458
1114	0.0000136189
1115	0.0000135700
1116	0.0000135130
1117	0.0000134520
1118	0.0000133975
1119	0.0000133517
1120	0.0000133130
1121	0.0000132960
1122	0.0000133322
1123	0.0000133968
1124	0.0000134190
1125	0.0000134242
1126	0.0000134719
1127	0.0000135170
1128	0.0000135244
1129	0.0000135123
1130	0.0000134754
1131	0.0000134211
1132	0.0000133674
1133	0.0000133193
1134	0.0000132738
1135	0.0000132253
1136	0.0000131811
1137	0.0000131529
1138	0.0000131498
1139	0.0000131509
1140	0.0000131421
1141	0.0000131590
1142	0.0000132093
1143	0.0000132669
1144	0.0000133184
1145	0.0000133546
1146	0.0000133795
1147	0.0000134016
1148	0.0000134183
1149	0.0000134260
1150	0.0000134254
1151	0.0000134206
1152	0.0000134176
1153	0.0000134180
1154	0.0000134191
1155	0.0000134207
1156	0.0000134228
1157	0.0000134171
1158	0.0000133934
1159	0.0000133549
1160	0.0000133052
1161	0.0000132494
1162	0.0000132050
1163	0.0000131879
1164	0.0000132129
1165	0.0000132840
1166	0.0000133777
1167	0.0000134526
1168	0.0000135041
1169	0.0000135800
1170	0.0000136839
1171	0.0000138048
1172	0.0000139713
1173	0.0000141632
1174	0.0000143504
1175	0.0000145383
1176	0.0000147371
1177	0.0000149667
1178	0.0000152055
1179	0.0000154164
1180	0.0000155927
1181	0.0000157167
1182	0.0000157759
1183	0.0000157756
1184	0.0000157354
1185	0.0000157124
1186	0.0000157319
1187	0.0000157530
1188	0.0000157541
1189	0.0000157441
1190	0.0000157546
1191	0.0000158181
1192	0.0000158988
1193	0.0000159497
1194	0.0000159646
1195	0.0000159601
1196	0.0000159602
1197	0.0000159850
1198	0.0000160544
1199	0.0000161250
1200	0.0000161678
1201	0.0000162340
1202	0.0000162954
1203	0.0000163111
1204	0.0000163289
1205	0.0000163558
1206	0.0000163360
1207	0.0000162529
1208	0.0000161618
1209	0.0000161068
1210	0.0000160876
1211	0.0000160900
1212	0.0000161028
1213	0.0000161394
1214	0.0000162075
1215	0.0000162988
1216	0.0000164029
1217	0.0000164903
1218	0.0000165582
1219	0.0000166523
1220	0.0000167798
1221	0.0000169161
1222	0.0000170557
1223	0.0000171822
1224	0.0000172949
1225	0.0000173952
1226	0.0000174679
1227	0.0000175258
1228	0.0000175729
1229	0.0000176056
1230	0.0000176198
1231	0.0000176259
1232	0.0000176466
1233	0.0000176531
1234	0.0000176457
1235	0.0000176759
1236	0.0000177698
1237	0.0000179314
1238	0.0000181402
1239	0.0000183528
1240	0.0000185336
1241	0.0000187016
1242	0.0000188827
1243	0.0000190595
1244	0.0000192125
1245	0.0000193325
1246	0.0000194614
1247	0.0000196376
1248	0.0000198158
1249	0.0000199913
1250	0.0000201992
1251	0.0000204070
1252	0.0000205952
1253	0.0000207961
1254	0.0000210230
1255	0.0000212764
1256	0.0000215600
1257	0.0000218833
1258	0.0000222524
1259	0.0000226565
1260	0.0000230822
1261	0.0000234911
1262	0.0000238625
1263	0.0000242195
1264	0.0000245575
1265	0.0000248540
1266	0.0000250900
1267	0.0000252581
1268	0.0000253837
1269	0.0000254894
1270	0.0000255722
1271	0.0000256129
1272	0.0000256040
1273	0.0000255618
1274	0.0000254973
1275	0.0000254200
1276	0.0000253496
1277	0.0000252941
1278	0.0000252506
1279	0.0000252047
1280	0.0000251272
1281	0.0000250227
1282	0.0000249230
1283	0.0000248148
1284	0.0000246682
1285	0.0000245058
1286	0.0000243470
1287	0.0000241597
1288	0.0000239353
1289	0.0000237021
1290	0.0000234657
1291	0.0000232346
1292	0.0000230621
1293	0.0000229668
1294	0.0000228991
1295	0.0000228155
1296	0.0000226887
1297	0.0000225525
1298	0.0000224472
1299	0.0000223216
1300	0.0000221832
1301	0.0000220785
1302	0.0000219949
1303	0.0000219251
1304	0.0000218449
1305	0.0000217534
1306	0.0000216846
1307	0.0000216469
1308	0.0000216312
1309	0.0000216115
1310	0.0000215856
1311	0.0000215755
1312	0.0000216033
1313	0.0000216749
1314	0.0000217556
1315	0.0000218279
1316	0.0000218992
1317	0.0000219659
1318	0.0000220249
1319	0.0000220733
1320	0.0000220790
1321	0.0000220162
1322	0.0000219389
1323	0.0000218799
1324	0.0000217732
1325	0.0000216140
1326	0.0000214838
1327	0.0000214173
1328	0.0000214001
1329	0.0000213853
1330	0.0000213747
1331	0.0000214468
1332	0.0000215830
1333	0.0000217393
1334	0.0000219307
1335	0.0000221246
1336	0.0000223111
1337	0.0000225030
1338	0.0000226908
1339	0.0000228859
1340	0.0000231141
1341	0.0000233826
1342	0.0000236624
1343	0.0000239558
1344	0.0000242610
1345	0.0000245417
1346	0.0000248085
1347	0.0000250785
1348	0.0000253519
1349	0.0000256201
1350	0.0000258591
1351	0.0000260534
1352	0.0000261809
1353	0.0000262319
1354	0.0000262404
1355	0.0000262608
1356	0.0000263117
1357	0.0000263622
1358	0.0000263871
1359	0.0000263833
1360	0.0000263321
1361	0.0000262296
1362	0.0000261289
1363	0.0000260968
1364	0.0000261478
1365	0.0000262120
1366	0.0000262274
1367	0.0000261626
1368	0.0000260215
1369	0.0000259128
1370	0.0000258788
1371	0.0000258855
1372	0.0000259810
1373	0.0000261873
1374	0.0000264125
1375	0.0000266051
1376	0.0000268527
1377	0.0000271400
1378	0.0000273724
1379	0.0000275574
1380	0.0000276573
1381	0.0000277029
1382	0.0000278075
1383	0.0000279838
1384	0.0000282036
1385	0.0000283752
1386	0.0000284345
1387	0.0000284409
1388	0.0000284212
1389	0.0000283600
1390	0.0000282874
1391	0.0000282433
1392	0.0000282384
1393	0.0000282760
1394	0.0000283530
1395	0.0000284786
1396	0.0000286671
1397	0.0000288671
1398	0.0000289978
1399	0.0000290479
1400	0.0000290644
1401	0.0000290883
1402	0.0000291240
1403	0.0000291636
1404	0.0000292367
1405	0.0000293540
1406	0.0000294799
1407	0.0000296177
1408	0.0000297946
1409	0.0000299898
1410	0.0000301235
1411	0.0000301856
1412	0.0000302475
1413	0.0000303068
1414	0.0000303575
1415	0.0000304138
1416	0.0000304426
1417	0.0000304423
1418	0.0000304355
1419	0.0000304328
1420	0.0000304390
1421	0.0000304446
1422	0.0000304480
1423	0.0000304563
1424	0.0000304722
1425	0.0000304962
1426	0.0000305270
1427	0.0000305623
1428	0.0000306019
1429	0.0000306422
1430	0.0000306769
1431	0.0000306999
1432	0.0000306972
1433	0.0000306558
1434	0.0000305776
1435	0.0000304765
1436	0.0000303608
1437	0.0000302192
1438	0.0000300472
1439	0.0000298595
1440	0.0000296648
1441	0.0000294598
1442	0.0000292290
1443	0.0000289580
1444	0.0000286530
1445	0.0000283350
1446	0.0000280200
1447	0.0000276876
1448	0.0000273374
1449	0.0000270112
1450	0.0000267349
1451	0.0000265049
1452	0.0000262586
1453	0.0000259705
1454	0.0000256999
1455	0.0000254744
1456	0.0000252710
1457	0.0000250369
1458	0.0000247842
1459	0.0000245744
1460	0.0000244010
1461	0.0000242595
1462	0.0000241580
1463	0.0000240772
1464	0.0000239977
1465	0.0000239303
1466	0.0000238891
1467	0.0000238222
1468	0.0000237071
1469	0.0000235720
1470	0.0000234001
1471	0.0000232081
1472	0.0000230472
1473	0.0000229090
1474	0.0000227836
1475	0.0000226825
1476	0.0000225984
1477	0.0000225244
1478	0.0000224565
1479	0.0000224047
1480	0.0000223850
1481	0.0000223769
1482	0.0000223486
1483	0.0000222941
1484	0.0000222202
1485	0.0000221384
1486	0.0000220681
1487	0.0000220279
1488	0.0000220280
1489	0.0000220384
1490	0.0000220188
1491	0.0000219673
1492	0.0000218832
1493	0.0000217850
1494	0.0000217101
1495	0.0000216832
1496	0.0000216915
1497	0.0000216754
1498	0.0000216253
1499	0.0000215660
1500	0.0000215223
1501	0.0000215268
1502	0.0000215736
1503	0.0000216445
1504	0.0000217159
1505	0.0000217945
1506	0.0000219040
1507	0.0000220029
1508	0.0000220711
1509	0.0000221237
1510	0.0000221387
1511	0.0000221236
1512	0.0000221190
1513	0.0000221327
1514	0.0000221575
1515	0.0000221824
1516	0.0000221894
1517	0.0000221541
1518	0.0000220716
1519	0.0000220014
1520	0.0000219944
1521	0.0000220129
1522	0.0000219770
1523	0.0000218771
1524	0.0000217812
1525	0.0000217451
1526	0.0000217317
1527	0.0000215985
1528	0.0000213349
1529	0.0000210321
1530	0.0000206605
1531	0.0000202449
1532	0.0000198728
1533	0.0000195648
1534	0.0000193048
1535	0.0000190808
1536	0.0000189075
1537	0.0000187904
1538	0.0000187462
1539	0.0000187435
1540	0.0000187222
1541	0.0000186796
1542	0.0000186212
1543	0.0000185984
1544	0.0000186458
1545	0.0000187381
1546	0.0000188545
1547	0.0000189905
1548	0.0000191943
1549	0.0000194751
1550	0.0000197591
1551	0.0000199825
1552	0.0000201567
1553	0.0000203477
1554	0.0000205743
1555	0.0000208204
1556	0.0000210484
1557	0.0000211875
1558	0.0000212279
1559	0.0000212037
1560	0.0000211363
1561	0.0000210650
1562	0.0000210084
1563	0.0000209497
1564	0.0000208692
1565	0.0000208076
1566	0.0000208243
1567	0.0000208495
1568	0.0000209075
1569	0.0000211236
1570	0.0000214155
1571	0.0000217400
1572	0.0000221741
1573	0.0000226089
1574	0.0000228827
1575	0.0000230255
1576	0.0000231221
1577	0.0000232060
1578	0.0000232537
1579	0.0000231615
1580	0.0000230065
1581	0.0000229471
1582	0.0000229661
1583	0.0000230349
1584	0.0000230719
1585	0.0000230330
1586	0.0000229690
1587	0.0000229108
1588	0.0000229450
1589	0.0000230427
1590	0.0000231352
1591	0.0000232923
1592	0.0000235394
1593	0.0000238406
1594	0.0000241727
1595	0.0000245346
1596	0.0000248883
1597	0.0000251675
1598	0.0000254044
1599	0.0000256390
1600	0.0000258588
1601	0.0000260787
1602	0.0000262573
1603	0.0000263590
1604	0.0000264602
1605	0.0000265863
1606	0.0000266800
1607	0.0000266895
1608	0.0000266875
1609	0.0000267972
1610	0.0000269316
1611	0.0000270050
1612	0.0000270933
1613	0.0000272280
1614	0.0000273645
1615	0.0000274625
1616	0.0000274932
1617	0.0000274294
1618	0.0000273138
1619	0.0000271894
1620	0.0000270650
1621	0.0000269577
1622	0.0000268449
1623	0.0000267671
1624	0.0000267706
1625	0.0000268264
1626	0.0000269039
1627	0.0000269751
1628	0.0000270608
1629	0.0000271542
1630	0.0000272198
1631	0.0000272793
1632	0.0000273276
1633	0.0000273342
1634	0.0000273272
1635	0.0000273578
1636	0.0000273932
1637	0.0000273877
1638	0.0000273654
1639	0.0000273382
1640	0.0000273093
1641	0.0000272749
1642	0.0000272149
1643	0.0000271412
1644	0.0000270677
1645	0.0000269940
1646	0.0000269307
1647	0.0000268866
1648	0.0000268631
1649	0.0000268610
1650	0.0000268818
1651	0.0000269273
1652	0.0000270071
1653	0.0000271397
1654	0.0000273280
1655	0.0000275640
1656	0.0000278435
1657	0.0000281926
1658	0.0000286129
1659	0.0000290453
1660	0.0000294783
1661	0.0000299180
1662	0.0000303629
1663	0.0000308107
1664	0.0000312134
1665	0.0000315839
1666	0.0000319611
1667	0.0000323233
1668	0.0000326493
1669	0.0000329678
1670	0.0000333250
1671	0.0000337007
1672	0.0000340858
1673	0.0000345251
1674	0.0000349902
1675	0.0000353697
1676	0.0000356503
1677	0.0000359125
1678	0.0000361497
1679	0.0000363935
1680	0.0000366831
1681	0.0000369508
1682	0.0000372113
1683	0.0000374792
1684	0.0000377015
1685	0.0000378914
1686	0.0000380968
1687	0.0000383762
1688	0.0000387335
1689	0.0000390619
1690	0.0000392797
1691	0.0000394021
1692	0.0000394804
1693	0.0000395549
1694	0.0000396656
1695	0.0000398597
1696	0.0000401122
1697	0.0000403424
1698	0.0000405003
1699	0.0000405801
1700	0.0000406185
1701	0.0000406516
1702	0.0000406894
1703	0.0000407034
1704	0.0000406816
1705	0.0000406397
1706	0.0000405899
1707	0.0000405925
1708	0.0000406338
1709	0.0000406617
1710	0.0000407304
1711	0.0000408912
1712	0.0000411468
1713	0.0000414979
1714	0.0000419663
1715	0.0000424946
1716	0.0000429648
1717	0.0000433417
1718	0.0000436475
1719	0.0000439306
1720	0.0000442205
1721	0.0000445535
1722	0.0000449078
1723	0.0000451994
1724	0.0000454861
1725	0.0000458085
1726	0.0000460970
1727	0.0000463095
1728	0.0000464326
1729	0.0000464993
1730	0.0000465302
1731	0.0000465227
1732	0.0000465270
1733	0.0000465925
1734	0.0000466812
1735	0.0000467296
1736	0.0000467439
1737	0.0000467517
1738	0.0000467556
1739	0.0000467452
1740	0.0000467114
1741	0.0000466648
1742	0.0000466399
1743	0.0000466672
1744	0.0000466990
1745	0.0000466766
1746	0.0000466511
1747	0.0000466164
1748	0.0000465048
1749	0.0000463730
1750	0.0000462500
1751	0.0000461180
1752	0.0000460145
1753	0.0000459672
1754	0.0000460251
1755	0.0000462150
1756	0.0000464847
1757	0.0000467498
1758	0.0000469587
1759	0.0000470936
1760	0.0000471876
1761	0.0000473454
1762	0.0000475269
1763	0.0000476123
1764	0.0000476304
1765	0.0000476852
1766	0.0000478261
1767	0.0000479602
1768	0.0000480062
1769	0.0000480105
1770	0.0000480213
1771	0.0000479996
1772	0.0000478998
1773	0.0000477748
1774	0.0000476492
1775	0.0000474922
1776	0.0000472918
1777	0.0000470850
1778	0.0000468987
1779	0.0000466367
1780	0.0000462704
1781	0.0000458342
1782	0.0000453184
1783	0.0000447757
1784	0.0000442010
1785	0.0000435545
1786	0.0000429058
1787	0.0000423843
1788	0.0000420603
1789	0.0000418148
1790	0.0000416024
1791	0.0000415287
1792	0.0000414834
1793	0.0000414184
1794	0.0000414390
1795	0.0000414316
1796	0.0000413504
1797	0.0000412707
1798	0.0000411879
1799	0.0000411233
1800	0.0000410820
1801	0.0000410576
1802	0.0000410666
1803	0.0000411348
1804	0.0000412733
1805	0.0000415078
1806	0.0000417968
1807	0.0000419496
1808	0.0000419390
1809	0.0000418772
1810	0.0000418103
1811	0.0000417378
1812	0.0000416164
1813	0.0000414662
1814	0.0000412854
1815	0.0000410272
1816	0.0000406795
1817	0.0000402730
1818	0.0000399203
1819	0.0000396898
1820	0.0000395885
1821	0.0000395737
1822	0.0000395461
1823	0.0000394204
1824	0.0000391908
1825	0.0000389636
1826	0.0000388083
1827	0.0000387997
1828	0.0000389744
1829	0.0000391961
1830	0.0000394398
1831	0.0000397858
1832	0.0000401795
1833	0.0000405214
1834	0.0000408069
1835	0.0000411041
1836	0.0000414048
1837	0.0000416284
1838	0.0000417700
1839	0.0000418706
1840	0.0000419459
1841	0.0000420187
1842	0.0000420930
1843	0.0000421465
1844	0.0000421861
1845	0.0000422335
1846	0.0000422850
1847	0.0000423187
1848	0.0000423081
1849	0.0000422464
1850	0.0000421459
1851	0.0000420201
1852	0.0000419018
1853	0.0000417962
1854	0.0000416790
1855	0.0000415691
1856	0.0000414827
1857	0.0000414188
1858	0.0000413616
1859	0.0000412772
1860	0.0000411436
1861	0.0000409552
1862	0.0000407473
1863	0.0000405328
1864	0.0000403024
1865	0.0000400897
1866	0.0000398832
1867	0.0000396105
1868	0.0000392859
1869	0.0000389938
1870	0.0000387066
1871	0.0000383543
1872	0.0000379261
1873	0.0000374470
1874	0.0000369910
1875	0.0000365761
1876	0.0000362019
1877	0.0000359097
1878	0.0000356530
1879	0.0000353571
1880	0.0000350480
1881	0.0000347880
1882	0.0000345404
1883	0.0000342414
1884	0.0000339084
1885	0.0000335906
1886	0.0000333525
1887	0.0000332110
1888	0.0000331247
1889	0.0000330746
1890	0.0000330381
1891	0.0000329972
1892	0.0000329544
1893	0.0000329046
1894	0.0000328534
1895	0.0000327886
1896	0.0000326918
1897	0.0000325720
1898	0.0000324614
1899	0.0000323968
1900	0.0000323478
1901	0.0000323023
1902	0.0000322799
1903	0.0000322604
1904	0.0000322556
1905	0.0000322243
1906	0.0000321053
1907	0.0000319159
1908	0.0000317032
1909	0.0000315176
1910	0.0000313204
1911	0.0000310896
1912	0.0000308658
1913	0.0000306197
1914	0.0000303572
1915	0.0000301331
1916	0.0000298805
1917	0.0000295185
1918	0.0000291535
1919	0.0000288566
1920	0.0000285853
1921	0.0000283640
1922	0.0000281880
1923	0.0000280413
1924	0.0000279148
1925	0.0000277671
1926	0.0000276226
1927	0.0000275071
1928	0.0000273825
1929	0.0000272218
1930	0.0000270697
1931	0.0000269758
1932	0.0000269463
1933	0.0000269519
1934	0.0000269416
1935	0.0000269341
1936	0.0000269674
1937	0.0000270306
1938	0.0000271062
1939	0.0000271835
1940	0.0000272662
1941	0.0000273507
1942	0.0000274447
1943	0.0000275512
1944	0.0000276318
1945	0.0000276826
1946	0.0000277430
1947	0.0000278427
1948	0.0000279635
1949	0.0000280416
1950	0.0000281121
1951	0.0000282559
1952	0.0000284099
1953	0.0000285180
1954	0.0000285975
1955	0.0000286190
1956	0.0000285763
1957	0.0000285067
1958	0.0000283826
1959	0.0000281661
1960	0.0000279288
1961	0.0000277266
1962	0.0000275374
1963	0.0000273683
1964	0.0000272470
1965	0.0000271626
1966	0.0000270841
1967	0.0000270563
1968	0.0000270963
1969	0.0000271693
1970	0.0000273058
1971	0.0000275158
1972	0.0000278297
1973	0.0000282571
1974	0.0000287118
1975	0.0000291386
1976	0.0000295267
1977	0.0000298785
1978	0.0000301795
1979	0.0000303894
1980	0.0000304698
1981	0.0000304456
1982	0.0000303916
1983	0.0000303864
1984	0.0000304682
1985	0.0000305228
1986	0.0000305252
1987	0.0000306581
1988	0.0000309870
1989	0.0000313633
1990	0.0000316672
1991	0.0000320236
1992	0.0000324985
1993	0.0000329703
1994	0.0000334646
1995	0.0000340184
1996	0.0000345640
1997	0.0000350966
1998	0.0000356081
1999	0.0000360616
2000	0.0000364518
2001	0.0000367824
2002	0.0000370741
2003	0.0000373715
2004	0.0000376616
2005	0.0000378637
2006	0.0000379910
2007	0.0000380613
2008	0.0000380587
2009	0.0000381210
2010	0.0000382778
2011	0.0000384822
2012	0.0000387598
2013	0.0000389563
2014	0.0000389791
2015	0.0000388339
2016	0.0000385362
2017	0.0000382375
2018	0.0000380284
2019	0.0000379358
2020	0.0000378608
2021	0.0000376291
2022	0.0000372422
2023	0.0000367884
2024	0.0000363597
2025	0.0000359973
2026	0.0000357443
2027	0.0000356466
2028	0.0000356170
2029	0.0000354987
2030	0.0000352163
2031	0.0000348317
2032	0.0000344457
2033	0.0000341276
2034	0.0000338340
2035	0.0000335219
2036	0.0000332658
2037	0.0000330557
2038	0.0000328502
2039	0.0000326444
2040	0.0000324157
2041	0.0000321317
2042	0.0000317772
2043	0.0000314481
2044	0.0000311682
2045	0.0000308834
2046	0.0000306780
2047	0.0000305886
2048	0.0000305219
2049	0.0000304407
2050	0.0000303666
2051	0.0000303125
2052	0.0000303158
2053	0.0000303771
2054	0.0000304405
2055	0.0000304973
2056	0.0000305477
2057	0.0000305812
2058	0.0000306097
2059	0.0000306163
2060	0.0000305822
2061	0.0000305288
2062	0.0000304939
2063	0.0000305099
2064	0.0000305550
2065	0.0000305913
2066	0.0000306252
2067	0.0000306492
2068	0.0000306358
2069	0.0000305882
2070	0.0000305409
2071	0.0000305129
2072	0.0000304973
2073	0.0000305055
2074	0.0000305609
2075	0.0000306833
2076	0.0000308603
2077	0.0000310427
2078	0.0000312000
2079	0.0000313501
2080	0.0000315235
2081	0.0000317116
2082	0.0000318954
2083	0.0000320659
2084	0.0000322477
2085	0.0000324585
2086	0.0000326657
2087	0.0000328898
2088	0.0000331275
2089	0.0000333170
2090	0.0000334562
2091	0.0000335456
2092	0.0000335939
2093	0.0000336583
2094	0.0000337649
2095	0.0000338739
2096	0.0000339506
2097	0.0000340107
2098	0.0000340678
2099	0.0000341097
2100	0.0000341229
2101	0.0000341059
2102	0.0000340640
2103	0.0000340118
2104	0.0000339645
2105	0.0000339242
2106	0.0000338888
2107	0.0000338445
2108	0.0000338123
2109	0.0000338184
2110	0.0000338261
2111	0.0000338220
2112	0.0000338266
2113	0.0000338407
2114	0.0000338556
2115	0.0000338616
2116	0.0000338769
2117	0.0000339127
2118	0.0000339425
2119	0.0000339638
2120	0.0000339888
2121	0.0000340064
2122	0.0000339989
2123	0.0000339650
2124	0.0000339058
2125	0.0000338156
2126	0.0000337156
2127	0.0000336060
2128	0.0000334578
2129	0.0000332890
2130	0.0000331334
2131	0.0000329829
2132	0.0000328098
2133	0.0000326351
2134	0.0000324848
2135	0.0000323582
2136	0.0000322648
2137	0.0000321651
2138	0.0000320472
2139	0.0000319512
2140	0.0000318749
2141	0.0000318360
2142	0.0000318515
2143	0.0000318972
2144	0.0000319371
2145	0.0000319172
2146	0.0000318113
2147	0.0000316600
2148	0.0000315131
2149	0.0000313874
2150	0.0000312978
2151	0.0000312238
2152	0.0000311355
2153	0.0000310456
2154	0.0000309608
2155	0.0000308887
2156	0.0000308395
2157	0.0000308281
2158	0.0000308541
2159	0.0000308744
2160	0.0000308542
2161	0.0000307797
2162	0.0000306662
2163	0.0000305393
2164	0.0000304170
2165	0.0000303130
2166	0.0000302142
2167	0.0000301222
2168	0.0000300552
2169	0.0000300176
2170	0.0000300018
2171	0.0000299781
2172	0.0000299193
2173	0.0000298321
2174	0.0000297453
2175	0.0000296835
2176	0.0000296501
2177	0.0000296156
2178	0.0000295515
2179	0.0000294633
2180	0.0000293544
2181	0.0000292094
2182	0.0000290444
2183	0.0000289014
2184	0.0000287616
2185	0.0000285665
2186	0.0000283303
2187	0.0000281017
2188	0.0000279026
2189	0.0000277426
2190	0.0000275390
2191	0.0000272559
2192	0.0000270173
2193	0.0000268350
2194	0.0000266735
2195	0.0000265712
2196	0.0000264566
2197	0.0000262594
2198	0.0000260232
2199	0.0000257783
2200	0.0000255231
2201	0.0000252731
2202	0.0000250001
2203	0.0000246962
2204	0.0000244376
2205	0.0000242649
2206	0.0000242189
2207	0.0000242796
2208	0.0000244070
2209	0.0000246504
2210	0.0000249375
2211	0.0000251331
2212	0.0000251928
2213	0.0000251714
2214	0.0000251208
2215	0.0000250111
2216	0.0000248861
2217	0.0000247846
2218	0.0000247280
2219	0.0000247655
2220	0.0000248282
2221	0.0000248247
2222	0.0000247624
2223	0.0000247406
2224	0.0000248689
2225	0.0000251657
2226	0.0000255237
2227	0.0000258261
2228	0.0000260662
2229	0.0000262654
2230	0.0000264449
2231	0.0000265676
2232	0.0000266207
2233	0.0000266839
2234	0.0000266790
2235	0.0000265566
2236	0.0000264435
2237	0.0000263354
2238	0.0000261404
2239	0.0000258662
2240	0.0000256076
2241	0.0000254132
2242	0.0000252462
2243	0.0000251076
2244	0.0000250006
2245	0.0000249231
2246	0.0000248760
2247	0.0000247988
2248	0.0000246984
2249	0.0000246159
2250	0.0000245460
2251	0.0000245188
2252	0.0000245476
2253	0.0000246295
2254	0.0000247745
2255	0.0000249543
2256	0.0000251043
2257	0.0000252180
2258	0.0000253537
2259	0.0000254847
2260	0.0000255551
2261	0.0000255793
2262	0.0000255962
2263	0.0000256172
2264	0.0000256251
2265	0.0000256176
2266	0.0000255421
2267	0.0000253674
2268	0.0000251729
2269	0.0000250133
2270	0.0000248691
2271	0.0000247136
2272	0.0000245584
2273	0.0000244100
2274	0.0000242784
2275	0.0000241831
2276	0.0000240755
2277	0.0000238975
2278	0.0000236755
2279	0.0000234601
2280	0.0000232444
2281	0.0000230440
2282	0.0000228712
2283	0.0000226979
2284	0.0000225757
2285	0.0000225105
2286	0.0000224566
2287	0.0000224431
2288	0.0000224691
2289	0.0000225043
2290	0.0000225350
2291	0.0000225507
2292	0.0000225505
2293	0.0000225299
2294	0.0000224904
2295	0.0000224438
2296	0.0000224010
2297	0.0000223605
2298	0.0000223153
2299	0.0000222621
2300	0.0000222114
2301	0.0000221892
2302	0.0000221954
2303	0.0000222034
2304	0.0000222089
2305	0.0000222219
2306	0.0000222349
2307	0.0000222338
2308	0.0000222118
2309	0.0000221734
2310	0.0000221280
2311	0.0000220791
2312	0.0000220366
2313	0.0000220065
2314	0.0000219794
2315	0.0000219585
2316	0.0000219581
2317	0.0000219711
2318	0.0000219805
2319	0.0000219908
2320	0.0000220166
2321	0.0000220463
2322	0.0000220624
2323	0.0000220869
2324	0.0000221299
2325	0.0000221780
2326	0.0000222392
2327	0.0000223152
2328	0.0000223932
2329	0.0000224589
2330	0.0000225069
2331	0.0000225397
2332	0.0000225607
2333	0.0000225840
2334	0.0000226142
2335	0.0000226398
2336	0.0000226564
2337	0.0000226694
2338	0.0000226778
2339	0.0000226797
2340	0.0000226797
2341	0.0000226798
2342	0.0000226808
2343	0.0000226747
2344	0.0000226637
2345	0.0000226627
2346	0.0000226784
2347	0.0000227230
2348	0.0000227926
2349	0.0000228627
2350	0.0000229212
2351	0.0000229686
2352	0.0000230029
2353	0.0000230319
2354	0.0000230786
2355	0.0000231507
2356	0.0000232503
2357	0.0000233737
2358	0.0000234953
2359	0.0000235856
2360	0.0000236306
2361	0.0000236588
2362	0.0000237054
2363	0.0000237605
2364	0.0000237909
2365	0.0000237771
2366	0.0000237316
2367	0.0000236656
2368	0.0000235696
2369	0.0000234513
2370	0.0000233248
2371	0.0000231851
2372	0.0000230316
2373	0.0000228642
2374	0.0000226835
2375	0.0000225091
2376	0.0000223422
2377	0.0000221680
2378	0.0000220009
2379	0.0000218640
2380	0.0000217603
2381	0.0000216575
2382	0.0000215356
2383	0.0000214285
2384	0.0000213358
2385	0.0000212359
2386	0.0000211495
2387	0.0000210761
2388	0.0000209813
2389	0.0000208570
2390	0.0000207404
2391	0.0000206301
2392	0.0000205047
2393	0.0000203991
2394	0.0000202872
2395	0.0000200891
2396	0.0000198077
2397	0.0000194918
2398	0.0000191519
2399	0.0000188106
2400	0.0000185391
2401	0.0000183299
2402	0.0000181025
2403	0.0000177960
2404	0.0000174218
2405	0.0000170926
2406	0.0000168279
2407	0.0000165185
2408	0.0000161380
2409	0.0000157517
2410	0.0000154010
2411	0.0000151012
2412	0.0000148701
2413	0.0000146654
2414	0.0000144703
2415	0.0000143398
2416	0.0000142677
2417	0.0000142089
2418	0.0000141267
2419	0.0000140158
2420	0.0000138711
2421	0.0000136720
2422	0.0000134652
2423	0.0000132841
2424	0.0000131358
2425	0.0000130446
2426	0.0000129962
2427	0.0000129611
2428	0.0000129138
2429	0.0000128657
2430	0.0000128339
2431	0.0000127903
2432	0.0000127172
2433	0.0000126000
2434	0.0000124457
2435	0.0000123109
2436	0.0000121984
2437	0.0000120683
2438	0.0000119369
2439	0.0000117971
2440	0.0000116218
2441	0.0000114588
2442	0.0000113241
2443	0.0000111902
2444	0.0000110656
2445	0.0000109467
2446	0.0000108420
2447	0.0000107890
2448	0.0000107738
2449	0.0000107622
2450	0.0000107680
2451	0.0000107998
2452	0.0000108243
2453	0.0000108159
2454	0.0000107939
2455	0.0000107700
2456	0.0000107101
2457	0.0000106000
2458	0.0000104909
2459	0.0000104293
2460	0.0000103797
2461	0.0000103115
2462	0.0000102413
2463	0.0000101584
2464	0.0000100713
2465	0.0000099932
2466	0.0000099110
2467	0.0000098098
2468	0.0000096692
2469	0.0000095236
2470	0.0000094020
2471	0.0000092597
2472	0.0000090774
2473	0.0000089154
2474	0.0000088259
2475	0.0000087896
2476	0.0000087829
2477	0.0000087910
2478	0.0000087891
2479	0.0000087448
2480	0.0000086665
2481	0.0000086189
2482	0.0000086221
2483	0.0000086757
2484	0.0000087447
2485	0.0000087760
2486	0.0000088025
2487	0.0000088514
2488	0.0000088997
2489	0.0000089250
2490	0.0000089502
2491	0.0000090099
2492	0.0000090824
2493	0.0000091569
2494	0.0000092352
2495	0.0000093159
2496	0.0000094200
2497	0.0000095588
2498	0.0000097064
2499	0.0000098404
2500	0.0000099682
2501	0.0000100586
2502	0.0000101092
2503	0.0000101721
2504	0.0000102404
2505	0.0000103035
2506	0.0000103662
2507	0.0000104351
2508	0.0000105337
2509	0.0000106447
2510	0.0000107467
2511	0.0000108504
2512	0.0000109576
2513	0.0000110651
2514	0.0000111910
2515	0.0000113458
2516	0.0000114970
2517	0.0000116308
2518	0.0000117690
2519	0.0000119114
2520	0.0000120639
2521	0.0000122308
2522	0.0000123835
2523	0.0000125122
2524	0.0000126244
2525	0.0000127312
2526	0.0000128476
2527	0.0000129561
2528	0.0000130382
2529	0.0000131058
2530	0.0000131708
2531	0.0000132295
2532	0.0000132649
2533	0.0000132670
2534	0.0000132455
2535	0.0000132082
2536	0.0000131603
2537	0.0000131112
2538	0.0000130611
2539	0.0000130103
2540	0.0000129674
2541	0.0000129368
2542	0.0000129230
2543	0.0000129273
2544	0.0000129463
2545	0.0000129690
2546	0.0000129808
2547	0.0000129794
2548	0.0000129663
2549	0.0000129439
2550	0.0000129274
2551	0.0000129313
2552	0.0000129405
2553	0.0000129329
2554	0.0000129166
2555	0.0000129097
2556	0.0000129176
2557	0.0000129321
2558	0.0000129501
2559	0.0000129808
2560	0.0000130138
2561	0.0000130253
2562	0.0000130136
2563	0.0000129933
2564	0.0000129633
2565	0.0000129240
2566	0.0000128888
2567	0.0000128713
2568	0.0000128886
2569	0.0000129383
2570	0.0000130244
2571	0.0000131526
2572	0.0000132860
2573	0.0000134115
2574	0.0000135519
2575	0.0000137173
2576	0.0000139317
2577	0.0000142258
2578	0.0000145782
2579	0.0000149512
2580	0.0000153605
2581	0.0000158073
2582	0.0000162292
2583	0.0000165910
2584	0.0000169296
2585	0.0000172478
2586	0.0000175143
2587	0.0000177783
2588	0.0000180647
2589	0.0000183229
2590	0.0000185517
2591	0.0000187823
2592	0.0000190336
2593	0.0000192806
2594	0.0000194698
2595	0.0000196172
2596	0.0000197893
2597	0.0000200273
2598	0.0000203125
2599	0.0000206103
2600	0.0000209490
2601	0.0000213226
2602	0.0000216697
2603	0.0000220130
2604	0.0000223811
2605	0.0000227638
2606	0.0000231712
2607	0.0000235660
2608	0.0000239000
2609	0.0000241890
2610	0.0000244571
2611	0.0000246972
2612	0.0000249017
2613	0.0000250583
2614	0.0000251718
2615	0.0000253059
2616	0.0000254677
2617	0.0000256259
2618	0.0000258080
2619	0.0000260235
2620	0.0000262532
2621	0.0000265110
2622	0.0000268320
2623	0.0000271814
2624	0.0000274684
2625	0.0000276586
2626	0.0000278038
2627	0.0000279664
2628	0.0000281154
2629	0.0000282360
2630	0.0000283603
2631	0.0000284762
2632	0.0000286005
2633	0.0000287399
2634	0.0000288707
2635	0.0000289804
2636	0.0000290524
2637	0.0000291004
2638	0.0000291289
2639	0.0000291304
2640	0.0000291219
2641	0.0000291231
2642	0.0000291482
2643	0.0000291959
2644	0.0000292569
2645	0.0000293199
2646	0.0000294013
2647	0.0000295242
2648	0.0000296614
2649	0.0000297806
2650	0.0000298802
2651	0.0000299937
2652	0.0000301306
2653	0.0000302440
2654	0.0000303439
2655	0.0000304632
2656	0.0000305898
2657	0.0000307262
2658	0.0000308684
2659	0.0000310117
2660	0.0000311627
2661	0.0000313039
2662	0.0000314165
2663	0.0000314872
2664	0.0000315303
2665	0.0000315832
2666	0.0000316497
2667	0.0000317522
2668	0.0000319144
2669	0.0000320737
2670	0.0000321918
2671	0.0000322928
2672	0.0000323739
2673	0.0000324513
2674	0.0000325416
2675	0.0000326199
2676	0.0000326867
2677	0.0000327530
2678	0.0000327920
2679	0.0000327645
2680	0.0000326808
2681	0.0000326174
2682	0.0000326412
2683	0.0000327283
2684	0.0000328110
2685	0.0000328741
2686	0.0000329092
2687	0.0000329024
2688	0.0000329022
2689	0.0000329268
2690	0.0000329429
2691	0.0000329616
2692	0.0000329699
2693	0.0000329323
2694	0.0000328506
2695	0.0000327307
2696	0.0000326004
2697	0.0000324682
2698	0.0000323258
2699	0.0000321788
2700	0.0000320209
2701	0.0000318559
2702	0.0000316899
2703	0.0000315339
2704	0.0000313676
2705	0.0000311407
2706	0.0000308365
2707	0.0000305258
2708	0.0000303325
2709	0.0000302681
2710	0.0000303063
2711	0.0000303858
2712	0.0000304044
2713	0.0000303975
2714	0.0000304025
2715	0.0000304448
2716	0.0000305536
2717	0.0000306769
2718	0.0000308136
2719	0.0000310121
2720	0.0000312979
2721	0.0000316278
2722	0.0000319638
2723	0.0000323125
2724	0.0000326218
2725	0.0000328528
2726	0.0000330179
2727	0.0000331585
2728	0.0000333453
2729	0.0000336063
2730	0.0000338645
2731	0.0000340484
2732	0.0000342344
2733	0.0000344958
2734	0.0000347719
2735	0.0000350118
2736	0.0000352608
2737	0.0000355016
2738	0.0000356879
2739	0.0000358651
2740	0.0000360176
2741	0.0000361556
2742	0.0000363290
2743	0.0000364753
2744	0.0000365896
2745	0.0000367192
2746	0.0000368617
2747	0.0000370189
2748	0.0000371979
2749	0.0000373972
2750	0.0000375678
2751	0.0000376745
2752	0.0000377645
2753	0.0000378419
2754	0.0000378249
2755	0.0000376852
2756	0.0000375018
2757	0.0000373514
2758	0.0000372503
2759	0.0000372033
2760	0.0000371894
2761	0.0000371874
2762	0.0000372146
2763	0.0000372525
2764	0.0000372782
2765	0.0000372956
2766	0.0000372702
2767	0.0000371845
2768	0.0000370918
2769	0.0000370313
2770	0.0000369963
2771	0.0000369595
2772	0.0000368958
2773	0.0000368257
2774	0.0000367485
2775	0.0000366333
2776	0.0000364784
2777	0.0000363212
2778	0.0000362020
2779	0.0000360344
2780	0.0000358007
2781	0.0000356405
2782	0.0000355794
2783	0.0000355819
2784	0.0000356323
2785	0.0000356997
2786	0.0000357663
2787	0.0000358637
2788	0.0000359732
2789	0.0000359738
2790	0.0000358594
2791	0.0000356993
2792	0.0000355868
2793	0.0000355468
2794	0.0000354411
2795	0.0000352992
2796	0.0000351960
2797	0.0000350500
2798	0.0000348519
2799	0.0000346585
2800	0.0000344598
2801	0.0000342410
2802	0.0000340930
2803	0.0000340439
2804	0.0000340124
2805	0.0000339486
2806	0.0000338711
2807	0.0000338406
2808	0.0000338241
2809	0.0000338074
2810	0.0000338103
2811	0.0000337712
2812	0.0000336548
2813	0.0000334296
2814	0.0000331430
2815	0.0000329288
2816	0.0000328137
2817	0.0000327424
2818	0.0000326684
2819	0.0000325893
2820	0.0000324925
2821	0.0000323337
2822	0.0000321385
2823	0.0000319493
2824	0.0000317286
2825	0.0000314738
2826	0.0000312491
2827	0.0000310827
2828	0.0000309567
2829	0.0000308368
2830	0.0000307465
2831	0.0000307261
2832	0.0000307688
2833	0.0000308597
2834	0.0000309445
2835	0.0000310340
2836	0.0000312113
2837	0.0000314715
2838	0.0000317700
2839	0.0000320569
2840	0.0000322847
2841	0.0000324454
2842	0.0000325509
2843	0.0000326326
2844	0.0000327077
2845	0.0000327730
2846	0.0000328344
2847	0.0000328948
2848	0.0000329664
2849	0.0000330628
2850	0.0000331729
2851	0.0000332805
2852	0.0000333700
2853	0.0000334289
2854	0.0000334703
2855	0.0000335141
2856	0.0000335487
2857	0.0000335550
2858	0.0000335476
2859	0.0000335430
2860	0.0000335368
2861	0.0000335271
2862	0.0000335187
2863	0.0000335109
2864	0.0000335051
2865	0.0000335109
2866	0.0000335333
2867	0.0000335715
2868	0.0000336048
2869	0.0000336018
2870	0.0000335740
2871	0.0000335733
2872	0.0000335911
2873	0.0000335857
2874	0.0000336211
2875	0.0000337242
2876	0.0000338310
2877	0.0000339381
2878	0.0000340390
2879	0.0000341291
2880	0.0000342310
2881	0.0000343337
2882	0.0000344343
2883	0.0000345450
2884	0.0000346647
2885	0.0000347657
2886	0.0000348130
2887	0.0000347974
2888	0.0000347493
2889	0.0000347213
2890	0.0000347434
2891	0.0000347996
2892	0.0000348549
2893	0.0000349062
2894	0.0000349552
2895	0.0000350028
2896	0.0000350372
2897	0.0000350299
2898	0.0000349992
2899	0.0000349708
2900	0.0000349475
2901	0.0000349202
2902	0.0000348926
2903	0.0000348737
2904	0.0000348493
2905	0.0000348280
2906	0.0000348164
2907	0.0000348335
2908	0.0000348847
2909	0.0000349507
2910	0.0000350468
2911	0.0000351034
2912	0.0000350596
2913	0.0000349987
2914	0.0000349659
2915	0.0000349008
2916	0.0000347841
2917	0.0000347082
2918	0.0000347099
2919	0.0000346938
2920	0.0000346229
2921	0.0000345424
2922	0.0000344352
2923	0.0000342700
2924	0.0000340247
2925	0.0000337103
2926	0.0000334745
2927	0.0000333306
2928	0.0000331420
2929	0.0000329881
2930	0.0000329370
2931	0.0000328486
2932	0.0000326235
2933	0.0000322694
2934	0.0000318707
2935	0.0000315388
2936	0.0000313111
2937	0.0000311038
2938	0.0000308315
2939	0.0000305648
2940	0.0000303688
2941	0.0000302191
2942	0.0000300913
2943	0.0000299569
2944	0.0000298404
2945	0.0000297563
2946	0.0000297304
2947	0.0000297849
2948	0.0000298351
2949	0.0000298925
2950	0.0000299947
2951	0.0000300925
2952	0.0000301937
2953	0.0000303022
2954	0.0000303601
2955	0.0000303411
2956	0.0000303083
2957	0.0000302941
2958	0.0000303020
2959	0.0000303449
2960	0.0000303919
2961	0.0000304310
2962	0.0000304460
2963	0.0000304510
2964	0.0000304849
2965	0.0000305409
2966	0.0000305993
2967	0.0000306623
2968	0.0000307762
2969	0.0000309458
2970	0.0000311621
2971	0.0000313887
2972	0.0000315215
2973	0.0000315746
2974	0.0000316597
2975	0.0000317824
2976	0.0000318974
2977	0.0000320814
2978	0.0000323420
2979	0.0000326194
2980	0.0000329646
2981	0.0000333219
2982	0.0000335874
2983	0.0000337319
2984	0.0000337620
2985	0.0000337147
2986	0.0000334897
2987	0.0000330233
2988	0.0000325190
2989	0.0000320940
2990	0.0000316808
2991	0.0000313448
2992	0.0000311294
2993	0.0000309983
2994	0.0000309406
2995	0.0000308699
2996	0.0000307889
2997	0.0000307498
2998	0.0000308070
2999	0.0000310261
