0	0.0000000000
1	0.0000000000
2	0.0000000000
3	0.0000000000
4	0.0000000000
5	0.0000000000
6	0.0000000000
7	0.0000000000
8	0.0000000000
9	0.0000000000
10	0.0000000000
11	0.0000000000
12	0.0000000000
13	0.0000000000
14	0.0000000000
15	0.0000000000
16	0.0000000000
17	0.0000000000
18	0.0000000000
19	0.0000000000
20	0.0000000000
21	0.0000000000
22	0.0000000000
23	0.0000000000
24	0.0000000000
25	0.0000000000
26	0.0000000000
27	0.0000000000
28	0.0000000000
29	0.0000000000
30	0.0000000000
31	0.0000000000
32	0.0000000001
33	0.0000000005
34	0.0000000015
35	0.0000000045
36	0.0000000124
37	0.0000000316
38	0.0000000740
39	0.0000001583
40	0.0000003096
41	0.0000005523
42	0.0000008966
43	0.0000013230
44	0.0000017755
45	0.0000021793
46	0.0000024824
47	0.0000027006
48	0.0000029192
49	0.0000032325
50	0.0000036581
51	0.0000041120
52	0.0000044911
53	0.0000047898
54	0.0000051117
55	0.0000055431
56	0.0000060373
57	0.0000064752
58	0.0000068345
59	0.0000072245
60	0.0000077194
61	0.0000082401
62	0.0000086811
63	0.0000090870
64	0.0000095754
65	0.0000101306
66	0.0000106311
67	0.0000110717
68	0.0000115720
69	0.0000121480
70	0.0000126814
71	0.0000131521
72	0.0000136766
73	0.0000142702
74	0.0000148163
75	0.0000153093
76	0.0000158640
77	0.0000164688
78	0.0000170120
79	0.0000175253
80	0.0000181110
81	0.0000187128
82	0.0000192441
83	0.0000197836
84	0.0000203915
85	0.0000209708
86	0.0000214947
87	0.0000220667
88	0.0000226735
89	0.0000232183
90	0.0000237532
91	0.0000243497
92	0.0000249247
93	0.0000254458
94	0.0000260089
95	0.0000265982
96	0.0000271273
97	0.0000276555
98	0.0000282339
99	0.0000287761
100	0.0000292797
101	0.0000298306
102	0.0000303830
103	0.0000308835
104	0.0000314116
105	0.0000319701
106	0.0000324751
107	0.0000329682
108	0.0000334946
109	0.0000339799
110	0.0000344346
111	0.0000349353
112	0.0000354313
113	0.0000358895
114	0.0000363783
115	0.0000368695
116	0.0000373089
117	0.0000377655
118	0.0000382504
119	0.0000386966
120	0.0000391425
121	0.0000396137
122	0.0000400426
123	0.0000404546
124	0.0000408985
125	0.0000413133
126	0.0000416985
127	0.0000421113
128	0.0000425105
129	0.0000428866
130	0.0000432952
131	0.0000436953
132	0.0000440582
133	0.0000444442
134	0.0000448326
135	0.0000451839
136	0.0000455453
137	0.0000459040
138	0.0000462253
139	0.0000465604
140	0.0000469031
141	0.0000472080
142	0.0000475208
143	0.0000478500
144	0.0000481540
145	0.0000484670
146	0.0000487934
147	0.0000490931
148	0.0000494046
149	0.0000497340
150	0.0000500317
151	0.0000503300
152	0.0000506450
153	0.0000509329
154	0.0000512165
155	0.0000515062
156	0.0000517638
157	0.0000520166
158	0.0000522736
159	0.0000524966
160	0.0000527215
161	0.0000529729
162	0.0000532212
163	0.0000534914
164	0.0000537828
165	0.0000540355
166	0.0000542336
167	0.0000543454
168	0.0000543377
169	0.0000542850
170	0.0000542737
171	0.0000543723
172	0.0000546788
173	0.0000551748
174	0.0000557117
175	0.0000561525
176	0.0000563681
177	0.0000563095
178	0.0000560908
179	0.0000558520
180	0.0000556907
181	0.0000556433
182	0.0000556045
183	0.0000554672
184	0.0000552601
185	0.0000550606
186	0.0000549767
187	0.0000550934
188	0.0000553371
189	0.0000555853
190	0.0000557912
191	0.0000559411
192	0.0000560766
193	0.0000562419
194	0.0000563845
195	0.0000564555
196	0.0000564702
197	0.0000564496
198	0.0000564049
199	0.0000562985
200	0.0000560768
201	0.0000557735
202	0.0000554690
203	0.0000552166
204	0.0000549943
205	0.0000546843
206	0.0000542494
207	0.0000538132
208	0.0000534756
209	0.0000532394
210	0.0000530168
211	0.0000526802
212	0.0000522767
213	0.0000519817
214	0.0000518266
215	0.0000517153
216	0.0000515372
217	0.0000512596
218	0.0000510324
219	0.0000509681
220	0.0000509476
221	0.0000508490
222	0.0000506791
223	0.0000505145
224	0.0000504586
225	0.0000504714
226	0.0000503952
227	0.0000502260
228	0.0000500761
229	0.0000499932
230	0.0000499452
231	0.0000498327
232	0.0000496222
233	0.0000494275
234	0.0000493026
235	0.0000491684
236	0.0000489643
237	0.0000486932
238	0.0000484134
239	0.0000481838
240	0.0000479494
241	0.0000476296
242	0.0000472625
243	0.0000469238
244	0.0000466223
245	0.0000463075
246	0.0000459241
247	0.0000455088
248	0.0000451525
249	0.0000448321
250	0.0000444529
251	0.0000440128
252	0.0000435768
253	0.0000431794
254	0.0000427805
255	0.0000423046
256	0.0000417905
257	0.0000413509
258	0.0000409635
259	0.0000405351
260	0.0000400720
261	0.0000396486
262	0.0000393021
263	0.0000389487
264	0.0000385001
265	0.0000380599
266	0.0000377234
267	0.0000373811
268	0.0000369447
269	0.0000364698
270	0.0000360376
271	0.0000356446
272	0.0000351930
273	0.0000346962
274	0.0000342899
275	0.0000339468
276	0.0000335553
277	0.0000331554
278	0.0000328483
279	0.0000326434
280	0.0000324216
281	0.0000321233
282	0.0000318964
283	0.0000317764
284	0.0000315947
285	0.0000313368
286	0.0000311113
287	0.0000309117
288	0.0000306488
289	0.0000302826
290	0.0000299232
291	0.0000296477
292	0.0000293420
293	0.0000289900
294	0.0000287209
295	0.0000285228
296	0.0000282750
297	0.0000279266
298	0.0000275396
299	0.0000271479
300	0.0000266531
301	0.0000261105
302	0.0000257615
303	0.0000256411
304	0.0000256439
305	0.0000257584
306	0.0000259432
307	0.0000260499
308	0.0000259359
309	0.0000256679
310	0.0000254544
311	0.0000252792
312	0.0000250335
313	0.0000248093
314	0.0000246410
315	0.0000243928
316	0.0000240019
317	0.0000235731
318	0.0000232672
319	0.0000230901
320	0.0000229464
321	0.0000228430
322	0.0000227579
323	0.0000226189
324	0.0000224849
325	0.0000224318
326	0.0000224153
327	0.0000223590
328	0.0000222695
329	0.0000221915
330	0.0000220762
331	0.0000219416
332	0.0000219356
333	0.0000219976
334	0.0000219369
335	0.0000217782
336	0.0000216601
337	0.0000216347
338	0.0000216451
339	0.0000216547
340	0.0000217120
341	0.0000217376
342	0.0000216482
343	0.0000216193
344	0.0000217405
345	0.0000218526
346	0.0000218884
347	0.0000219157
348	0.0000219676
349	0.0000220151
350	0.0000220478
351	0.0000221017
352	0.0000221402
353	0.0000221164
354	0.0000220956
355	0.0000221007
356	0.0000220755
357	0.0000220155
358	0.0000219511
359	0.0000218919
360	0.0000218300
361	0.0000217710
362	0.0000216947
363	0.0000215584
364	0.0000214448
365	0.0000214301
366	0.0000214002
367	0.0000212979
368	0.0000212065
369	0.0000211438
370	0.0000210720
371	0.0000210005
372	0.0000209791
373	0.0000209887
374	0.0000210153
375	0.0000212263
376	0.0000216570
377	0.0000220414
378	0.0000222557
379	0.0000223562
380	0.0000223128
381	0.0000221174
382	0.0000219013
383	0.0000218801
384	0.0000222091
385	0.0000229453
386	0.0000240980
387	0.0000253936
388	0.0000263824
389	0.0000269692
390	0.0000272691
391	0.0000272946
392	0.0000271589
393	0.0000270761
394	0.0000271291
395	0.0000272553
396	0.0000274059
397	0.0000276154
398	0.0000278855
399	0.0000282788
400	0.0000289731
401	0.0000299011
402	0.0000307812
403	0.0000315007
404	0.0000320622
405	0.0000324591
406	0.0000327371
407	0.0000329676
408	0.0000331780
409	0.0000333229
410	0.0000333678
411	0.0000333516
412	0.0000333092
413	0.0000332793
414	0.0000333046
415	0.0000333524
416	0.0000333841
417	0.0000334237
418	0.0000334987
419	0.0000336105
420	0.0000337463
421	0.0000338850
422	0.0000339938
423	0.0000340470
424	0.0000340572
425	0.0000340623
426	0.0000340952
427	0.0000341617
428	0.0000342559
429	0.0000343872
430	0.0000345487
431	0.0000347135
432	0.0000348870
433	0.0000351216
434	0.0000354518
435	0.0000358198
436	0.0000361593
437	0.0000364519
438	0.0000366738
439	0.0000368924
440	0.0000372076
441	0.0000375264
442	0.0000377299
443	0.0000378533
444	0.0000379384
445	0.0000379832
446	0.0000380078
447	0.0000380243
448	0.0000379731
449	0.0000378265
450	0.0000376941
451	0.0000376070
452	0.0000374925
453	0.0000373877
454	0.0000373037
455	0.0000372352
456	0.0000373245
457	0.0000375848
458	0.0000378284
459	0.0000380132
460	0.0000383167
461	0.0000388607
462	0.0000395360
463	0.0000402366
464	0.0000409897
465	0.0000418040
466	0.0000427468
467	0.0000438305
468	0.0000448390
469	0.0000456981
470	0.0000465414
471	0.0000473971
472	0.0000482463
473	0.0000490828
474	0.0000498323
475	0.0000504365
476	0.0000510053
477	0.0000516666
478	0.0000522458
479	0.0000525783
480	0.0000528385
481	0.0000531060
482	0.0000532915
483	0.0000533839
484	0.0000533223
485	0.0000531433
486	0.0000530465
487	0.0000530196
488	0.0000528842
489	0.0000526570
490	0.0000525281
491	0.0000525218
492	0.0000524985
493	0.0000524730
494	0.0000524933
495	0.0000525305
496	0.0000526619
497	0.0000528846
498	0.0000530874
499	0.0000533121
500	0.0000536097
501	0.0000539240
502	0.0000542183
503	0.0000545012
504	0.0000548133
505	0.0000552379
506	0.0000558562
507	0.0000565918
508	0.0000573202
509	0.0000581069
510	0.0000588858
511	0.0000593865
512	0.0000596138
513	0.0000597660
514	0.0000599948
515	0.0000604535
516	0.0000611532
517	0.0000619728
518	0.0000628166
519	0.0000635286
520	0.0000638667
521	0.0000637368
522	0.0000633464
523	0.0000629254
524	0.0000625571
525	0.0000623432
526	0.0000622273
527	0.0000620121
528	0.0000617570
529	0.0000615832
530	0.0000614695
531	0.0000615035
532	0.0000617881
533	0.0000621954
534	0.0000624513
535	0.0000623843
536	0.0000620288
537	0.0000615262
538	0.0000610156
539	0.0000604703
540	0.0000597650
541	0.0000589443
542	0.0000579952
543	0.0000568034
544	0.0000556023
545	0.0000547227
546	0.0000541306
547	0.0000536495
548	0.0000531935
549	0.0000527513
550	0.0000523725
551	0.0000521190
552	0.0000519924
553	0.0000519314
554	0.0000518795
555	0.0000517659
556	0.0000515524
557	0.0000513448
558	0.0000512019
559	0.0000510407
560	0.0000508180
561	0.0000504892
562	0.0000500206
563	0.0000495427
564	0.0000491864
565	0.0000489039
566	0.0000485937
567	0.0000482450
568	0.0000478958
569	0.0000475528
570	0.0000472468
571	0.0000470405
572	0.0000469280
573	0.0000468573
574	0.0000467956
575	0.0000467040
576	0.0000465675
577	0.0000464529
578	0.0000464177
579	0.0000464152
580	0.0000463908
581	0.0000463568
582	0.0000463151
583	0.0000462384
584	0.0000461486
585	0.0000461196
586	0.0000461655
587	0.0000462239
588	0.0000462506
589	0.0000462283
590	0.0000461826
591	0.0000461653
592	0.0000461554
593	0.0000461285
594	0.0000461216
595	0.0000461534
596	0.0000462232
597	0.0000462855
598	0.0000462453
599	0.0000460920
600	0.0000459047
601	0.0000457329
602	0.0000455858
603	0.0000454848
604	0.0000453906
605	0.0000452430
606	0.0000451838
607	0.0000453053
608	0.0000453828
609	0.0000452902
610	0.0000451272
611	0.0000449841
612	0.0000449205
613	0.0000447940
614	0.0000443903
615	0.0000438106
616	0.0000432332
617	0.0000426943
618	0.0000422942
619	0.0000420964
620	0.0000418879
621	0.0000415080
622	0.0000412366
623	0.0000412884
624	0.0000414229
625	0.0000414601
626	0.0000414179
627	0.0000413273
628	0.0000412955
629	0.0000412578
630	0.0000410269
631	0.0000406688
632	0.0000403079
633	0.0000399523
634	0.0000395984
635	0.0000392118
636	0.0000387987
637	0.0000384831
638	0.0000383644
639	0.0000383747
640	0.0000384109
641	0.0000384577
642	0.0000385032
643	0.0000385960
644	0.0000387250
645	0.0000386654
646	0.0000384263
647	0.0000382758
648	0.0000382229
649	0.0000381348
650	0.0000379826
651	0.0000377808
652	0.0000375759
653	0.0000373851
654	0.0000372048
655	0.0000370890
656	0.0000370967
657	0.0000372354
658	0.0000375072
659	0.0000378797
660	0.0000381589
661	0.0000383366
662	0.0000387791
663	0.0000394691
664	0.0000400115
665	0.0000404206
666	0.0000408746
667	0.0000413671
668	0.0000418423
669	0.0000421412
670	0.0000422286
671	0.0000423095
672	0.0000424480
673	0.0000425043
674	0.0000423738
675	0.0000420840
676	0.0000417371
677	0.0000414516
678	0.0000412740
679	0.0000410779
680	0.0000407996
681	0.0000405490
682	0.0000403411
683	0.0000401577
684	0.0000400228
685	0.0000399135
686	0.0000398923
687	0.0000399681
688	0.0000399757
689	0.0000399133
690	0.0000399370
691	0.0000400442
692	0.0000401227
693	0.0000401429
694	0.0000401376
695	0.0000401199
696	0.0000401040
697	0.0000400975
698	0.0000400833
699	0.0000400653
700	0.0000400600
701	0.0000400762
702	0.0000401253
703	0.0000402409
704	0.0000404478
705	0.0000406787
706	0.0000409034
707	0.0000412320
708	0.0000417060
709	0.0000422503
710	0.0000428207
711	0.0000434163
712	0.0000440294
713	0.0000446193
714	0.0000451539
715	0.0000456717
716	0.0000462663
717	0.0000469925
718	0.0000478129
719	0.0000487068
720	0.0000496403
721	0.0000504596
722	0.0000510566
723	0.0000513975
724	0.0000514787
725	0.0000514693
726	0.0000515705
727	0.0000518537
728	0.0000523455
729	0.0000530085
730	0.0000537485
731	0.0000544124
732	0.0000547798
733	0.0000548261
734	0.0000548055
735	0.0000548976
736	0.0000550621
737	0.0000553158
738	0.0000557464
739	0.0000562599
740	0.0000567619
741	0.0000573200
742	0.0000579817
743	0.0000588055
744	0.0000598019
745	0.0000607992
746	0.0000616425
747	0.0000622613
748	0.0000626520
749	0.0000629176
750	0.0000631277
751	0.0000633224
752	0.0000635615
753	0.0000637911
754	0.0000639156
755	0.0000639714
756	0.0000640513
757	0.0000641655
758	0.0000642640
759	0.0000642929
760	0.0000642030
761	0.0000639848
762	0.0000636456
763	0.0000632250
764	0.0000628045
765	0.0000623350
766	0.0000617145
767	0.0000610190
768	0.0000603836
769	0.0000598740
770	0.0000594701
771	0.0000590944
772	0.0000587751
773	0.0000585960
774	0.0000585346
775	0.0000585446
776	0.0000586311
777	0.0000587642
778	0.0000588300
779	0.0000587288
780	0.0000584814
781	0.0000582298
782	0.0000580785
783	0.0000579356
784	0.0000577527
785	0.0000576349
786	0.0000575359
787	0.0000574218
788	0.0000574440
789	0.0000576161
790	0.0000578329
791	0.0000580333
792	0.0000581921
793	0.0000583928
794	0.0000586919
795	0.0000589939
796	0.0000591830
797	0.0000592280
798	0.0000592003
799	0.0000591552
800	0.0000590322
801	0.0000587668
802	0.0000583629
803	0.0000577781
804	0.0000569737
805	0.0000561651
806	0.0000555140
807	0.0000547892
808	0.0000539100
809	0.0000530759
810	0.0000523216
811	0.0000516352
812	0.0000509985
813	0.0000503609
814	0.0000498051
815	0.0000492986
816	0.0000487453
817	0.0000483325
818	0.0000482385
819	0.0000483325
820	0.0000483931
821	0.0000483762
822	0.0000484103
823	0.0000486076
824	0.0000488878
825	0.0000490234
826	0.0000489776
827	0.0000488763
828	0.0000487121
829	0.0000485296
830	0.0000484084
831	0.0000482777
832	0.0000481270
833	0.0000479792
834	0.0000479319
835	0.0000481445
836	0.0000483718
837	0.0000483528
838	0.0000483633
839	0.0000486069
840	0.0000489322
841	0.0000492546
842	0.0000495813
843	0.0000498778
844	0.0000501477
845	0.0000504358
846	0.0000507224
847	0.0000509585
848	0.0000511433
849	0.0000513170
850	0.0000515440
851	0.0000517963
852	0.0000519339
853	0.0000518407
854	0.0000514916
855	0.0000509879
856	0.0000504116
857	0.0000497841
858	0.0000492704
859	0.0000489712
860	0.0000487915
861	0.0000487124
862	0.0000486567
863	0.0000483785
864	0.0000477941
865	0.0000470883
866	0.0000464925
867	0.0000460603
868	0.0000456761
869	0.0000452878
870	0.0000449844
871	0.0000447716
872	0.0000445067
873	0.0000441991
874	0.0000439984
875	0.0000439142
876	0.0000438706
877	0.0000437572
878	0.0000434615
879	0.0000429920
880	0.0000424072
881	0.0000418343
882	0.0000413707
883	0.0000408911
884	0.0000403292
885	0.0000397636
886	0.0000392017
887	0.0000386516
888	0.0000381379
889	0.0000377267
890	0.0000375368
891	0.0000374485
892	0.0000371882
893	0.0000367495
894	0.0000362562
895	0.0000356745
896	0.0000350678
897	0.0000345996
898	0.0000340996
899	0.0000333306
900	0.0000324116
901	0.0000315367
902	0.0000308169
903	0.0000302929
904	0.0000298747
905	0.0000295139
906	0.0000292083
907	0.0000289239
908	0.0000286810
909	0.0000285075
910	0.0000284317
911	0.0000284734
912	0.0000285622
913	0.0000286447
914	0.0000287276
915	0.0000288148
916	0.0000289311
917	0.0000290630
918	0.0000291152
919	0.0000290748
920	0.0000290622
921	0.0000291165
922	0.0000291635
923	0.0000291835
924	0.0000291925
925	0.0000291899
926	0.0000291826
927	0.0000292017
928	0.0000292926
929	0.0000294282
930	0.0000295896
931	0.0000298205
932	0.0000300583
933	0.0000302376
934	0.0000303696
935	0.0000303800
936	0.0000302165
937	0.0000299686
938	0.0000298295
939	0.0000300026
940	0.0000304556
941	0.0000309422
942	0.0000313136
943	0.0000315687
944	0.0000317186
945	0.0000317713
946	0.0000317568
947	0.0000316972
948	0.0000316295
949	0.0000315913
950	0.0000316074
951	0.0000317308
952	0.0000319163
953	0.0000321250
954	0.0000324687
955	0.0000328525
956	0.0000331337
957	0.0000334870
958	0.0000338935
959	0.0000340491
960	0.0000339206
961	0.0000337730
962	0.0000338677
963	0.0000342141
964	0.0000346140
965	0.0000349343
966	0.0000351807
967	0.0000354868
968	0.0000359676
969	0.0000365135
970	0.0000369151
971	0.0000370890
972	0.0000370694
973	0.0000368818
974	0.0000365544
975	0.0000361235
976	0.0000356112
977	0.0000351048
978	0.0000345877
979	0.0000340345
980	0.0000337134
981	0.0000336383
982	0.0000335077
983	0.0000334458
984	0.0000337293
985	0.0000343206
986	0.0000350163
987	0.0000356208
988	0.0000361761
989	0.0000367762
990	0.0000373579
991	0.0000379522
992	0.0000384859
993	0.0000387115
994	0.0000387568
995	0.0000390282
996	0.0000396072
997	0.0000403165
998	0.0000411159
999	0.0000420288
1000	0.0000430325
1001	0.0000441540
1002	0.0000454237
1003	0.0000468522
1004	0.0000482988
1005	0.0000494855
1006	0.0000504048
1007	0.0000511793
1008	0.0000517881
1009	0.0000522300
1010	0.0000524347
1011	0.0000523982
1012	0.0000523358
1013	0.0000523128
1014	0.0000522796
1015	0.0000522208
1016	0.0000521071
1017	0.0000520860
1018	0.0000522662
1019	0.0000524640
1020	0.0000526270
1021	0.0000529574
1022	0.0000534809
1023	0.0000540241
1024	0.0000545452
1025	0.0000550860
1026	0.0000556281
1027	0.0000561900
1028	0.0000567737
1029	0.0000573035
1030	0.0000577254
1031	0.0000580683
1032	0.0000584245
1033	0.0000588064
1034	0.0000591715
1035	0.0000595091
1036	0.0000597421
1037	0.0000598776
1038	0.0000600430
1039	0.0000602288
1040	0.0000603634
1041	0.0000604079
1042	0.0000603894
1043	0.0000604430
1044	0.0000605545
1045	0.0000605967
1046	0.0000606089
1047	0.0000606521
1048	0.0000606826
1049	0.0000606693
1050	0.0000606066
1051	0.0000604887
1052	0.0000603542
1053	0.0000602663
1054	0.0000602162
1055	0.0000601204
1056	0.0000599306
1057	0.0000596971
1058	0.0000594360
1059	0.0000591190
1060	0.0000589107
1061	0.0000589965
1062	0.0000593753
1063	0.0000601154
1064	0.0000612118
1065	0.0000623840
1066	0.0000633877
1067	0.0000641440
1068	0.0000647183
1069	0.0000651930
1070	0.0000655825
1071	0.0000661244
1072	0.0000671188
1073	0.0000685294
1074	0.0000701138
1075	0.0000715629
1076	0.0000727037
1077	0.0000736646
1078	0.0000745231
1079	0.0000751705
1080	0.0000756106
1081	0.0000759985
1082	0.0000764412
1083	0.0000769048
1084	0.0000772357
1085	0.0000773669
1086	0.0000775243
1087	0.0000779007
1088	0.0000784169
1089	0.0000790639
1090	0.0000798147
1091	0.0000804209
1092	0.0000807928
1093	0.0000810513
1094	0.0000812659
1095	0.0000814645
1096	0.0000816851
1097	0.0000819581
1098	0.0000822198
1099	0.0000823808
1100	0.0000824718
1101	0.0000825306
1102	0.0000825599
1103	0.0000825480
1104	0.0000824098
1105	0.0000821056
1106	0.0000816905
1107	0.0000812094
1108	0.0000806862
1109	0.0000801276
1110	0.0000795406
1111	0.0000789432
1112	0.0000782973
1113	0.0000775899
1114	0.0000769819
1115	0.0000766155
1116	0.0000764334
1117	0.0000763763
1118	0.0000764050
1119	0.0000764266
1120	0.0000764446
1121	0.0000764684
1122	0.0000764273
1123	0.0000763044
1124	0.0000761223
1125	0.0000759075
1126	0.0000756211
1127	0.0000752228
1128	0.0000748485
1129	0.0000745701
1130	0.0000742984
1131	0.0000740093
1132	0.0000736648
1133	0.0000732410
1134	0.0000728669
1135	0.0000726081
1136	0.0000722808
1137	0.0000716381
1138	0.0000707004
1139	0.0000696624
1140	0.0000685324
1141	0.0000672598
1142	0.0000659701
1143	0.0000647328
1144	0.0000634167
1145	0.0000619417
1146	0.0000603607
1147	0.0000587764
1148	0.0000573692
1149	0.0000561371
1150	0.0000548679
1151	0.0000536323
1152	0.0000526491
1153	0.0000519523
1154	0.0000515123
1155	0.0000511943
1156	0.0000508824
1157	0.0000505970
1158	0.0000502978
1159	0.0000500181
1160	0.0000498201
1161	0.0000495744
1162	0.0000492373
1163	0.0000489156
1164	0.0000486102
1165	0.0000482747
1166	0.0000479963
1167	0.0000478445
1168	0.0000476320
1169	0.0000472272
1170	0.0000468239
1171	0.0000465349
1172	0.0000462440
1173	0.0000459073
1174	0.0000455577
1175	0.0000452429
1176	0.0000451092
1177	0.0000451986
1178	0.0000453808
1179	0.0000456945
1180	0.0000461471
1181	0.0000464897
1182	0.0000467089
1183	0.0000470204
1184	0.0000475133
1185	0.0000481099
1186	0.0000485236
1187	0.0000486781
1188	0.0000488507
1189	0.0000491051
1190	0.0000493553
1191	0.0000495305
1192	0.0000494845
1193	0.0000493067
1194	0.0000492741
1195	0.0000495151
1196	0.0000499804
1197	0.0000505169
1198	0.0000510470
1199	0.0000515378
1200	0.0000519026
1201	0.0000521792
1202	0.0000524621
1203	0.0000527202
1204	0.0000529176
1205	0.0000530673
1206	0.0000531515
1207	0.0000531827
1208	0.0000531702
1209	0.0000530268
1210	0.0000528390
1211	0.0000528832
1212	0.0000531396
1213	0.0000532991
1214	0.0000532164
1215	0.0000530519
1216	0.0000528972
1217	0.0000525802
1218	0.0000521846
1219	0.0000519482
1220	0.0000517063
1221	0.0000513140
1222	0.0000508092
1223	0.0000501568
1224	0.0000494624
1225	0.0000487530
1226	0.0000479388
1227	0.0000472379
1228	0.0000468442
1229	0.0000466142
1230	0.0000463209
1231	0.0000458236
1232	0.0000451874
1233	0.0000446351
1234	0.0000443116
1235	0.0000441887
1236	0.0000440923
1237	0.0000438117
1238	0.0000433191
1239	0.0000427974
1240	0.0000423218
1241	0.0000418290
1242	0.0000413743
1243	0.0000409808
1244	0.0000405174
1245	0.0000399881
1246	0.0000396285
1247	0.0000395185
1248	0.0000394109
1249	0.0000392907
1250	0.0000394343
1251	0.0000397601
1252	0.0000400089
1253	0.0000401257
1254	0.0000401113
1255	0.0000400891
1256	0.0000401798
1257	0.0000402793
1258	0.0000403048
1259	0.0000402855
1260	0.0000402435
1261	0.0000401899
1262	0.0000401336
1263	0.0000400978
1264	0.0000400882
1265	0.0000401033
1266	0.0000401733
1267	0.0000402997
1268	0.0000404473
1269	0.0000405952
1270	0.0000407281
1271	0.0000408284
1272	0.0000409105
1273	0.0000410270
1274	0.0000412530
1275	0.0000416885
1276	0.0000423720
1277	0.0000431882
1278	0.0000439219
1279	0.0000444259
1280	0.0000447573
1281	0.0000449871
1282	0.0000450566
1283	0.0000449912
1284	0.0000448762
1285	0.0000447763
1286	0.0000448157
1287	0.0000450014
1288	0.0000452105
1289	0.0000453878
1290	0.0000455100
1291	0.0000455718
1292	0.0000456174
1293	0.0000456827
1294	0.0000457367
1295	0.0000457282
1296	0.0000457193
1297	0.0000457681
1298	0.0000458132
1299	0.0000458830
1300	0.0000460648
1301	0.0000462986
1302	0.0000464807
1303	0.0000465797
1304	0.0000466008
1305	0.0000465844
1306	0.0000465653
1307	0.0000465295
1308	0.0000464853
1309	0.0000464659
1310	0.0000464984
1311	0.0000466268
1312	0.0000468353
1313	0.0000470532
1314	0.0000472632
1315	0.0000474900
1316	0.0000477509
1317	0.0000479532
1318	0.0000479649
1319	0.0000478244
1320	0.0000476638
1321	0.0000476193
1322	0.0000477203
1323	0.0000477798
1324	0.0000476608
1325	0.0000473927
1326	0.0000470746
1327	0.0000467677
1328	0.0000463865
1329	0.0000460262
1330	0.0000458309
1331	0.0000455030
1332	0.0000449118
1333	0.0000443631
1334	0.0000439028
1335	0.0000433813
1336	0.0000427834
1337	0.0000420971
1338	0.0000413753
1339	0.0000407999
1340	0.0000405221
1341	0.0000406407
1342	0.0000411804
1343	0.0000419276
1344	0.0000426642
1345	0.0000435509
1346	0.0000448469
1347	0.0000464440
1348	0.0000479528
1349	0.0000492176
1350	0.0000503953
1351	0.0000514089
1352	0.0000520520
1353	0.0000523853
1354	0.0000525078
1355	0.0000525756
1356	0.0000527702
1357	0.0000530454
1358	0.0000533335
1359	0.0000535982
1360	0.0000538602
1361	0.0000542441
1362	0.0000547160
1363	0.0000552632
1364	0.0000559302
1365	0.0000565564
1366	0.0000570939
1367	0.0000576273
1368	0.0000581416
1369	0.0000586830
1370	0.0000592423
1371	0.0000596546
1372	0.0000598251
1373	0.0000598201
1374	0.0000598218
1375	0.0000599394
1376	0.0000600705
1377	0.0000600577
1378	0.0000599065
1379	0.0000598236
1380	0.0000599587
1381	0.0000601328
1382	0.0000601182
1383	0.0000600304
1384	0.0000599724
1385	0.0000597902
1386	0.0000595135
1387	0.0000592320
1388	0.0000587990
1389	0.0000582278
1390	0.0000576822
1391	0.0000571548
1392	0.0000565737
1393	0.0000558972
1394	0.0000551470
1395	0.0000543883
1396	0.0000536581
1397	0.0000530155
1398	0.0000525073
1399	0.0000521471
1400	0.0000519224
1401	0.0000517752
1402	0.0000516846
1403	0.0000516169
1404	0.0000515064
1405	0.0000513780
1406	0.0000513084
1407	0.0000513796
1408	0.0000516225
1409	0.0000519507
1410	0.0000522747
1411	0.0000525360
1412	0.0000526657
1413	0.0000526319
1414	0.0000524600
1415	0.0000522538
1416	0.0000521293
1417	0.0000520720
1418	0.0000520135
1419	0.0000519323
1420	0.0000517541
1421	0.0000514707
1422	0.0000512582
1423	0.0000511249
1424	0.0000508863
1425	0.0000505628
1426	0.0000502820
1427	0.0000500426
1428	0.0000497623
1429	0.0000493822
1430	0.0000489848
1431	0.0000487014
1432	0.0000485675
1433	0.0000485479
1434	0.0000485556
1435	0.0000485282
1436	0.0000484261
1437	0.0000482383
1438	0.0000480893
1439	0.0000480271
1440	0.0000479205
1441	0.0000477222
1442	0.0000474841
1443	0.0000472524
1444	0.0000470519
1445	0.0000468744
1446	0.0000467364
1447	0.0000466665
1448	0.0000466695
1449	0.0000467343
1450	0.0000467918
1451	0.0000467807
1452	0.0000467396
1453	0.0000467241
1454	0.0000467293
1455	0.0000467186
1456	0.0000466661
1457	0.0000465906
1458	0.0000465235
1459	0.0000464468
1460	0.0000463596
1461	0.0000463054
1462	0.0000462736
1463	0.0000462078
1464	0.0000460724
1465	0.0000458965
1466	0.0000457419
1467	0.0000455975
1468	0.0000454393
1469	0.0000452724
1470	0.0000450969
1471	0.0000449519
1472	0.0000448448
1473	0.0000447770
1474	0.0000448017
1475	0.0000448689
1476	0.0000449210
1477	0.0000449967
1478	0.0000450642
1479	0.0000450770
1480	0.0000450604
1481	0.0000449668
1482	0.0000446568
1483	0.0000441460
1484	0.0000436227
1485	0.0000431317
1486	0.0000426941
1487	0.0000424823
1488	0.0000424263
1489	0.0000422071
1490	0.0000416679
1491	0.0000409080
1492	0.0000402012
1493	0.0000397046
1494	0.0000392598
1495	0.0000387415
1496	0.0000382757
1497	0.0000379715
1498	0.0000378002
1499	0.0000376791
1500	0.0000374757
1501	0.0000371485
1502	0.0000367379
1503	0.0000361698
1504	0.0000354361
1505	0.0000346092
1506	0.0000337210
1507	0.0000329397
1508	0.0000323256
1509	0.0000317653
1510	0.0000313227
1511	0.0000310883
1512	0.0000311918
1513	0.0000317088
1514	0.0000322653
1515	0.0000325877
1516	0.0000328607
1517	0.0000331781
1518	0.0000334931
1519	0.0000339001
1520	0.0000344832
1521	0.0000350423
1522	0.0000354133
1523	0.0000358794
1524	0.0000366054
1525	0.0000373381
1526	0.0000379656
1527	0.0000385254
1528	0.0000389671
1529	0.0000392514
1530	0.0000393622
1531	0.0000393938
1532	0.0000395323
1533	0.0000397484
1534	0.0000398525
1535	0.0000398376
1536	0.0000398315
1537	0.0000398773
1538	0.0000399495
1539	0.0000400041
1540	0.0000400323
1541	0.0000401056
1542	0.0000402747
1543	0.0000405075
1544	0.0000407485
1545	0.0000410171
1546	0.0000413213
1547	0.0000415493
1548	0.0000417190
1549	0.0000419672
1550	0.0000422489
1551	0.0000424502
1552	0.0000425312
1553	0.0000425848
1554	0.0000428152
1555	0.0000432479
1556	0.0000437498
1557	0.0000442099
1558	0.0000445903
1559	0.0000449896
1560	0.0000454388
1561	0.0000458673
1562	0.0000462700
1563	0.0000465680
1564	0.0000467085
1565	0.0000468132
1566	0.0000469520
1567	0.0000471068
1568	0.0000472709
1569	0.0000474600
1570	0.0000477320
1571	0.0000481174
1572	0.0000485577
1573	0.0000489903
1574	0.0000494164
1575	0.0000498002
1576	0.0000500614
1577	0.0000502339
1578	0.0000503824
1579	0.0000504761
1580	0.0000505048
1581	0.0000504754
1582	0.0000503714
1583	0.0000502836
1584	0.0000503084
1585	0.0000503452
1586	0.0000503395
1587	0.0000504450
1588	0.0000507205
1589	0.0000510892
1590	0.0000514909
1591	0.0000518850
1592	0.0000523245
1593	0.0000528221
1594	0.0000532751
1595	0.0000536726
1596	0.0000539937
1597	0.0000541752
1598	0.0000542754
1599	0.0000543523
1600	0.0000544461
1601	0.0000546042
1602	0.0000547758
1603	0.0000549067
1604	0.0000549877
1605	0.0000550183
1606	0.0000550457
1607	0.0000550932
1608	0.0000551273
1609	0.0000551355
1610	0.0000551344
1611	0.0000551367
1612	0.0000551426
1613	0.0000551487
1614	0.0000551606
1615	0.0000551925
1616	0.0000552597
1617	0.0000553816
1618	0.0000555701
1619	0.0000557946
1620	0.0000560187
1621	0.0000562396
1622	0.0000564084
1623	0.0000564431
1624	0.0000563885
1625	0.0000563545
1626	0.0000563448
1627	0.0000563737
1628	0.0000565095
1629	0.0000566915
1630	0.0000568091
1631	0.0000568474
1632	0.0000568449
1633	0.0000568228
1634	0.0000567013
1635	0.0000564174
1636	0.0000560681
1637	0.0000557680
1638	0.0000555279
1639	0.0000552553
1640	0.0000549099
1641	0.0000546053
1642	0.0000544291
1643	0.0000544094
1644	0.0000544993
1645	0.0000545465
1646	0.0000545261
1647	0.0000544588
1648	0.0000542784
1649	0.0000540454
1650	0.0000538588
1651	0.0000536758
1652	0.0000534153
1653	0.0000530727
1654	0.0000527137
1655	0.0000523502
1656	0.0000519777
1657	0.0000516253
1658	0.0000512031
1659	0.0000505620
1660	0.0000496491
1661	0.0000484866
1662	0.0000471832
1663	0.0000459436
1664	0.0000449394
1665	0.0000441740
1666	0.0000434921
1667	0.0000427077
1668	0.0000418714
1669	0.0000412923
1670	0.0000410243
1671	0.0000407942
1672	0.0000405307
1673	0.0000404377
1674	0.0000406790
1675	0.0000411721
1676	0.0000416693
1677	0.0000420208
1678	0.0000422839
1679	0.0000426444
1680	0.0000431174
1681	0.0000435870
1682	0.0000440754
1683	0.0000444784
1684	0.0000447713
1685	0.0000451962
1686	0.0000456510
1687	0.0000460932
1688	0.0000467668
1689	0.0000473884
1690	0.0000477322
1691	0.0000481577
1692	0.0000487241
1693	0.0000491266
1694	0.0000492758
1695	0.0000492969
1696	0.0000492042
1697	0.0000488429
1698	0.0000483087
1699	0.0000479403
1700	0.0000478798
1701	0.0000480649
1702	0.0000483412
1703	0.0000485360
1704	0.0000486220
1705	0.0000486820
1706	0.0000487590
1707	0.0000488083
1708	0.0000487294
1709	0.0000484401
1710	0.0000479482
1711	0.0000473182
1712	0.0000466102
1713	0.0000458647
1714	0.0000450437
1715	0.0000441028
1716	0.0000431510
1717	0.0000423428
1718	0.0000416935
1719	0.0000411169
1720	0.0000405917
1721	0.0000401822
1722	0.0000399115
1723	0.0000397707
1724	0.0000397322
1725	0.0000397407
1726	0.0000397896
1727	0.0000398570
1728	0.0000398869
1729	0.0000398537
1730	0.0000397491
1731	0.0000396316
1732	0.0000395269
1733	0.0000393586
1734	0.0000391523
1735	0.0000389851
1736	0.0000387916
1737	0.0000384553
1738	0.0000380205
1739	0.0000376666
1740	0.0000374290
1741	0.0000372368
1742	0.0000371089
1743	0.0000370313
1744	0.0000369475
1745	0.0000368290
1746	0.0000366065
1747	0.0000362472
1748	0.0000357727
1749	0.0000351950
1750	0.0000346040
1751	0.0000341456
1752	0.0000338743
1753	0.0000337447
1754	0.0000336920
1755	0.0000336714
1756	0.0000336616
1757	0.0000336645
1758	0.0000337010
1759	0.0000337999
1760	0.0000339597
1761	0.0000341380
1762	0.0000342975
1763	0.0000344287
1764	0.0000345341
1765	0.0000346320
1766	0.0000347745
1767	0.0000349664
1768	0.0000351123
1769	0.0000351642
1770	0.0000351337
1771	0.0000349981
1772	0.0000347937
1773	0.0000346305
1774	0.0000345795
1775	0.0000346121
1776	0.0000346459
1777	0.0000346732
1778	0.0000347408
1779	0.0000348811
1780	0.0000350900
1781	0.0000353182
1782	0.0000355828
1783	0.0000358820
1784	0.0000361264
1785	0.0000363313
1786	0.0000364974
1787	0.0000365637
1788	0.0000366069
1789	0.0000366925
1790	0.0000368272
1791	0.0000370156
1792	0.0000371682
1793	0.0000372777
1794	0.0000374322
1795	0.0000375966
1796	0.0000377414
1797	0.0000379330
1798	0.0000382051
1799	0.0000385679
1800	0.0000389791
1801	0.0000392872
1802	0.0000394489
1803	0.0000396377
1804	0.0000399315
1805	0.0000402030
1806	0.0000403683
1807	0.0000404310
1808	0.0000403962
1809	0.0000403229
1810	0.0000402819
1811	0.0000402256
1812	0.0000401102
1813	0.0000399994
1814	0.0000398866
1815	0.0000396821
1816	0.0000393565
1817	0.0000389534
1818	0.0000385530
1819	0.0000381505
1820	0.0000376588
1821	0.0000370314
1822	0.0000362748
1823	0.0000354644
1824	0.0000346070
1825	0.0000336248
1826	0.0000325675
1827	0.0000314737
1828	0.0000303311
1829	0.0000292023
1830	0.0000281936
1831	0.0000275745
1832	0.0000274413
1833	0.0000274076
1834	0.0000271540
1835	0.0000266179
1836	0.0000258753
1837	0.0000251766
1838	0.0000245663
1839	0.0000238597
1840	0.0000230584
1841	0.0000223331
1842	0.0000217876
1843	0.0000213307
1844	0.0000208476
1845	0.0000204019
1846	0.0000200697
1847	0.0000198130
1848	0.0000195247
1849	0.0000191455
1850	0.0000187251
1851	0.0000182501
1852	0.0000177097
1853	0.0000172727
1854	0.0000170075
1855	0.0000167575
1856	0.0000165013
1857	0.0000163832
1858	0.0000164021
1859	0.0000164564
1860	0.0000165126
1861	0.0000165470
1862	0.0000165389
1863	0.0000165036
1864	0.0000164932
1865	0.0000165626
1866	0.0000166764
1867	0.0000167834
1868	0.0000169213
1869	0.0000171794
1870	0.0000176230
1871	0.0000181864
1872	0.0000187298
1873	0.0000191764
1874	0.0000195152
1875	0.0000197881
1876	0.0000200460
1877	0.0000203638
1878	0.0000207977
1879	0.0000212476
1880	0.0000216371
1881	0.0000219998
1882	0.0000223076
1883	0.0000225528
1884	0.0000227715
1885	0.0000229383
1886	0.0000230144
1887	0.0000230262
1888	0.0000230759
1889	0.0000231660
1890	0.0000232137
1891	0.0000232735
1892	0.0000233753
1893	0.0000234595
1894	0.0000235502
1895	0.0000236446
1896	0.0000237274
1897	0.0000238727
1898	0.0000240890
1899	0.0000243191
1900	0.0000245503
1901	0.0000248044
1902	0.0000251469
1903	0.0000256023
1904	0.0000260654
1905	0.0000264665
1906	0.0000268653
1907	0.0000272952
1908	0.0000277109
1909	0.0000280395
1910	0.0000282189
1911	0.0000282944
1912	0.0000283686
1913	0.0000284736
1914	0.0000286142
1915	0.0000287928
1916	0.0000289681
1917	0.0000290889
1918	0.0000291469
1919	0.0000291707
1920	0.0000291833
1921	0.0000291906
1922	0.0000291852
1923	0.0000291555
1924	0.0000290949
1925	0.0000289990
1926	0.0000289194
1927	0.0000289064
1928	0.0000289091
1929	0.0000289184
1930	0.0000290103
1931	0.0000291783
1932	0.0000293647
1933	0.0000295709
1934	0.0000298248
1935	0.0000300980
1936	0.0000303150
1937	0.0000304384
1938	0.0000304635
1939	0.0000303836
1940	0.0000302124
1941	0.0000300064
1942	0.0000298446
1943	0.0000297348
1944	0.0000296174
1945	0.0000294828
1946	0.0000293516
1947	0.0000292177
1948	0.0000290730
1949	0.0000289223
1950	0.0000287958
1951	0.0000287138
1952	0.0000286408
1953	0.0000285377
1954	0.0000284170
1955	0.0000283109
1956	0.0000282213
1957	0.0000281218
1958	0.0000279783
1959	0.0000277737
1960	0.0000275316
1961	0.0000272957
1962	0.0000271087
1963	0.0000270246
1964	0.0000270805
1965	0.0000272478
1966	0.0000274575
1967	0.0000276584
1968	0.0000277833
1969	0.0000277903
1970	0.0000277776
1971	0.0000278531
1972	0.0000280060
1973	0.0000282031
1974	0.0000284238
1975	0.0000286800
1976	0.0000290103
1977	0.0000293607
1978	0.0000296675
1979	0.0000299870
1980	0.0000303676
1981	0.0000307641
1982	0.0000311245
1983	0.0000314671
1984	0.0000318502
1985	0.0000322603
1986	0.0000326193
1987	0.0000329017
1988	0.0000331366
1989	0.0000333483
1990	0.0000335548
1991	0.0000337821
1992	0.0000340622
1993	0.0000343751
1994	0.0000346301
1995	0.0000347781
1996	0.0000348590
1997	0.0000349565
1998	0.0000351480
1999	0.0000354171
2000	0.0000356980
2001	0.0000359903
2002	0.0000363170
2003	0.0000366768
2004	0.0000370258
2005	0.0000372833
2006	0.0000374394
2007	0.0000375738
2008	0.0000377724
2009	0.0000380527
2010	0.0000382994
2011	0.0000384017
2012	0.0000384102
2013	0.0000383688
2014	0.0000382488
2015	0.0000381458
2016	0.0000381476
2017	0.0000381511
2018	0.0000380922
2019	0.0000379715
2020	0.0000377420
2021	0.0000375039
2022	0.0000374014
2023	0.0000373797
2024	0.0000373552
2025	0.0000373342
2026	0.0000373504
2027	0.0000373993
2028	0.0000374216
2029	0.0000374264
2030	0.0000374819
2031	0.0000375939
2032	0.0000377280
2033	0.0000378940
2034	0.0000381321
2035	0.0000383861
2036	0.0000386111
2037	0.0000388728
2038	0.0000391179
2039	0.0000392389
2040	0.0000392053
2041	0.0000390113
2042	0.0000388357
2043	0.0000388237
2044	0.0000388715
2045	0.0000389614
2046	0.0000390972
2047	0.0000391951
2048	0.0000392652
2049	0.0000392609
2050	0.0000390959
2051	0.0000388156
2052	0.0000385082
2053	0.0000382470
2054	0.0000380148
2055	0.0000377215
2056	0.0000373289
2057	0.0000368859
2058	0.0000365503
2059	0.0000363852
2060	0.0000363046
2061	0.0000363634
2062	0.0000365574
2063	0.0000366207
2064	0.0000365015
2065	0.0000364700
2066	0.0000366099
2067	0.0000367418
2068	0.0000367844
2069	0.0000367948
2070	0.0000367937
2071	0.0000367653
2072	0.0000366906
2073	0.0000365504
2074	0.0000363376
2075	0.0000360393
2076	0.0000356479
2077	0.0000351962
2078	0.0000347683
2079	0.0000344244
2080	0.0000341357
2081	0.0000338539
2082	0.0000335478
2083	0.0000332055
2084	0.0000328501
2085	0.0000325121
2086	0.0000322379
2087	0.0000320494
2088	0.0000319258
2089	0.0000318797
2090	0.0000318889
2091	0.0000318982
2092	0.0000318987
2093	0.0000318349
2094	0.0000316482
2095	0.0000313654
2096	0.0000310352
2097	0.0000307442
2098	0.0000305632
2099	0.0000304531
2100	0.0000303371
2101	0.0000302007
2102	0.0000301104
2103	0.0000300779
2104	0.0000300137
2105	0.0000299058
2106	0.0000298037
2107	0.0000297269
2108	0.0000297146
2109	0.0000297676
2110	0.0000298380
2111	0.0000299011
2112	0.0000299098
2113	0.0000298467
2114	0.0000297988
2115	0.0000297991
2116	0.0000297533
2117	0.0000296159
2118	0.0000294618
2119	0.0000293563
2120	0.0000292758
2121	0.0000291704
2122	0.0000290432
2123	0.0000289237
2124	0.0000287960
2125	0.0000286323
2126	0.0000284564
2127	0.0000283139
2128	0.0000282344
2129	0.0000282386
2130	0.0000282926
2131	0.0000282942
2132	0.0000281824
2133	0.0000279672
2134	0.0000276781
2135	0.0000273692
2136	0.0000270600
2137	0.0000267351
2138	0.0000264276
2139	0.0000261283
2140	0.0000257741
2141	0.0000253675
2142	0.0000249430
2143	0.0000245718
2144	0.0000243298
2145	0.0000241464
2146	0.0000239187
2147	0.0000236803
2148	0.0000234826
2149	0.0000232834
2150	0.0000230303
2151	0.0000227396
2152	0.0000224568
2153	0.0000222373
2154	0.0000221143
2155	0.0000220346
2156	0.0000219434
2157	0.0000218328
2158	0.0000217126
2159	0.0000216516
2160	0.0000216795
2161	0.0000217449
2162	0.0000218317
2163	0.0000219286
2164	0.0000220233
2165	0.0000220932
2166	0.0000220772
2167	0.0000220218
2168	0.0000219833
2169	0.0000218761
2170	0.0000216956
2171	0.0000215405
2172	0.0000214422
2173	0.0000214152
2174	0.0000214945
2175	0.0000216765
2176	0.0000218658
2177	0.0000219127
2178	0.0000217400
2179	0.0000213673
2180	0.0000208837
2181	0.0000203925
2182	0.0000199238
2183	0.0000194866
2184	0.0000191145
2185	0.0000188042
2186	0.0000185252
2187	0.0000182738
2188	0.0000180816
2189	0.0000180050
2190	0.0000180534
2191	0.0000181193
2192	0.0000180898
2193	0.0000179784
2194	0.0000178200
2195	0.0000175998
2196	0.0000173200
2197	0.0000169980
2198	0.0000167062
2199	0.0000165238
2200	0.0000163668
2201	0.0000161355
2202	0.0000159276
2203	0.0000158517
2204	0.0000158239
2205	0.0000157344
2206	0.0000156333
2207	0.0000155434
2208	0.0000153562
2209	0.0000150871
2210	0.0000148604
2211	0.0000146900
2212	0.0000145371
2213	0.0000143733
2214	0.0000141789
2215	0.0000139940
2216	0.0000138705
2217	0.0000138248
2218	0.0000138334
2219	0.0000138387
2220	0.0000138259
2221	0.0000138195
2222	0.0000138195
2223	0.0000138171
2224	0.0000138105
2225	0.0000138088
2226	0.0000138327
2227	0.0000138856
2228	0.0000139524
2229	0.0000140089
2230	0.0000140382
2231	0.0000140507
2232	0.0000140606
2233	0.0000140678
2234	0.0000140752
2235	0.0000140856
2236	0.0000140980
2237	0.0000141206
2238	0.0000141525
2239	0.0000141651
2240	0.0000141419
2241	0.0000141099
2242	0.0000140963
2243	0.0000141023
2244	0.0000141207
2245	0.0000141344
2246	0.0000141320
2247	0.0000141456
2248	0.0000142207
2249	0.0000143567
2250	0.0000145085
2251	0.0000146233
2252	0.0000146873
2253	0.0000147354
2254	0.0000147761
2255	0.0000147944
2256	0.0000148256
2257	0.0000148786
2258	0.0000148780
2259	0.0000147921
2260	0.0000147099
2261	0.0000147197
2262	0.0000147657
2263	0.0000147656
2264	0.0000147939
2265	0.0000149328
2266	0.0000151381
2267	0.0000153671
2268	0.0000156170
2269	0.0000158691
2270	0.0000160922
2271	0.0000162718
2272	0.0000164314
2273	0.0000166066
2274	0.0000168363
2275	0.0000171326
2276	0.0000174418
2277	0.0000177237
2278	0.0000179878
2279	0.0000182494
2280	0.0000184984
2281	0.0000186890
2282	0.0000188381
2283	0.0000189959
2284	0.0000191259
2285	0.0000192182
2286	0.0000193041
2287	0.0000193629
2288	0.0000194063
2289	0.0000194607
2290	0.0000195084
2291	0.0000195455
2292	0.0000195613
2293	0.0000195417
2294	0.0000195140
2295	0.0000194995
2296	0.0000194954
2297	0.0000194935
2298	0.0000194709
2299	0.0000194101
2300	0.0000193172
2301	0.0000191984
2302	0.0000190667
2303	0.0000189430
2304	0.0000188003
2305	0.0000185704
2306	0.0000182020
2307	0.0000176841
2308	0.0000170650
2309	0.0000164435
2310	0.0000159297
2311	0.0000155928
2312	0.0000154340
2313	0.0000154226
2314	0.0000155000
2315	0.0000156166
2316	0.0000158073
2317	0.0000161104
2318	0.0000164743
2319	0.0000168731
2320	0.0000173689
2321	0.0000179381
2322	0.0000184541
2323	0.0000188796
2324	0.0000192300
2325	0.0000195222
2326	0.0000198137
2327	0.0000200910
2328	0.0000203547
2329	0.0000206911
2330	0.0000210880
2331	0.0000214635
2332	0.0000217376
2333	0.0000218672
2334	0.0000219533
2335	0.0000221312
2336	0.0000224437
2337	0.0000228203
2338	0.0000231658
2339	0.0000234706
2340	0.0000237230
2341	0.0000240225
2342	0.0000245177
2343	0.0000250774
2344	0.0000256224
2345	0.0000263100
2346	0.0000272033
2347	0.0000282160
2348	0.0000290824
2349	0.0000296623
2350	0.0000302258
2351	0.0000309031
2352	0.0000315243
2353	0.0000320716
2354	0.0000326453
2355	0.0000331500
2356	0.0000334390
2357	0.0000337252
2358	0.0000342772
2359	0.0000350027
2360	0.0000357940
2361	0.0000365894
2362	0.0000372931
2363	0.0000380132
2364	0.0000388481
2365	0.0000397361
2366	0.0000406595
2367	0.0000416841
2368	0.0000429080
2369	0.0000442565
2370	0.0000455196
2371	0.0000466603
2372	0.0000476697
2373	0.0000484793
2374	0.0000491490
2375	0.0000497354
2376	0.0000502383
2377	0.0000507318
2378	0.0000512108
2379	0.0000515624
2380	0.0000517911
2381	0.0000519528
2382	0.0000520559
2383	0.0000521385
2384	0.0000521865
2385	0.0000521938
2386	0.0000522975
2387	0.0000525820
2388	0.0000529991
2389	0.0000534747
2390	0.0000539118
2391	0.0000542258
2392	0.0000543854
2393	0.0000544235
2394	0.0000544033
2395	0.0000543636
2396	0.0000543346
2397	0.0000543088
2398	0.0000542734
2399	0.0000542703
2400	0.0000543156
2401	0.0000544246
2402	0.0000546230
2403	0.0000548636
2404	0.0000550989
2405	0.0000553255
2406	0.0000555448
2407	0.0000557167
2408	0.0000557173
2409	0.0000555063
2410	0.0000552324
2411	0.0000550245
2412	0.0000548633
2413	0.0000546773
2414	0.0000544647
2415	0.0000542766
2416	0.0000540999
2417	0.0000539018
2418	0.0000537050
2419	0.0000534843
2420	0.0000531955
2421	0.0000528822
2422	0.0000525620
2423	0.0000522095
2424	0.0000518715
2425	0.0000515969
2426	0.0000513947
2427	0.0000512834
2428	0.0000512575
2429	0.0000512763
2430	0.0000512863
2431	0.0000512574
2432	0.0000512168
2433	0.0000511927
2434	0.0000511841
2435	0.0000511991
2436	0.0000512392
2437	0.0000512770
2438	0.0000513107
2439	0.0000513650
2440	0.0000514070
2441	0.0000513807
2442	0.0000512786
2443	0.0000511246
2444	0.0000509864
2445	0.0000509100
2446	0.0000508585
2447	0.0000508270
2448	0.0000508278
2449	0.0000507973
2450	0.0000507209
2451	0.0000506894
2452	0.0000507393
2453	0.0000508246
2454	0.0000509300
2455	0.0000510536
2456	0.0000511745
2457	0.0000512816
2458	0.0000513532
2459	0.0000513893
2460	0.0000514411
2461	0.0000515407
2462	0.0000516102
2463	0.0000515262
2464	0.0000513556
2465	0.0000512766
2466	0.0000513355
2467	0.0000515158
2468	0.0000517331
2469	0.0000518752
2470	0.0000519568
2471	0.0000519692
2472	0.0000518682
2473	0.0000517031
2474	0.0000515422
2475	0.0000514247
2476	0.0000513810
2477	0.0000514846
2478	0.0000517044
2479	0.0000518790
2480	0.0000520164
2481	0.0000521173
2482	0.0000521078
2483	0.0000520732
2484	0.0000519962
2485	0.0000517939
2486	0.0000514600
2487	0.0000509369
2488	0.0000503722
2489	0.0000499638
2490	0.0000496447
2491	0.0000493336
2492	0.0000489851
2493	0.0000485773
2494	0.0000481012
2495	0.0000475057
2496	0.0000468963
2497	0.0000464762
2498	0.0000463327
2499	0.0000463212
2500	0.0000461737
2501	0.0000458889
2502	0.0000455341
2503	0.0000450020
2504	0.0000443039
2505	0.0000434844
2506	0.0000425514
2507	0.0000415855
2508	0.0000406499
2509	0.0000398836
2510	0.0000392687
2511	0.0000384133
2512	0.0000372334
2513	0.0000361389
2514	0.0000352700
2515	0.0000344865
2516	0.0000338801
2517	0.0000335360
2518	0.0000333620
2519	0.0000334142
2520	0.0000337542
2521	0.0000341739
2522	0.0000343855
2523	0.0000342723
2524	0.0000338619
2525	0.0000331991
2526	0.0000325280
2527	0.0000321743
2528	0.0000320349
2529	0.0000318782
2530	0.0000317433
2531	0.0000316234
2532	0.0000314724
2533	0.0000314113
2534	0.0000315258
2535	0.0000317297
2536	0.0000318741
2537	0.0000318059
2538	0.0000314281
2539	0.0000308477
2540	0.0000302552
2541	0.0000297158
2542	0.0000292432
2543	0.0000288408
2544	0.0000285498
2545	0.0000284534
2546	0.0000285181
2547	0.0000286754
2548	0.0000289354
2549	0.0000293275
2550	0.0000298080
2551	0.0000302158
2552	0.0000304894
2553	0.0000307378
2554	0.0000310812
2555	0.0000315659
2556	0.0000320732
2557	0.0000325330
2558	0.0000330210
2559	0.0000334705
2560	0.0000337846
2561	0.0000339590
2562	0.0000340170
2563	0.0000340586
2564	0.0000340898
2565	0.0000340897
2566	0.0000341700
2567	0.0000343291
2568	0.0000344631
2569	0.0000345360
2570	0.0000345910
2571	0.0000347353
2572	0.0000349685
2573	0.0000352267
2574	0.0000355608
2575	0.0000359652
2576	0.0000362905
2577	0.0000364692
2578	0.0000365812
2579	0.0000366769
2580	0.0000367603
2581	0.0000368862
2582	0.0000370559
2583	0.0000371823
2584	0.0000372327
2585	0.0000372338
2586	0.0000372069
2587	0.0000371676
2588	0.0000371316
2589	0.0000371067
2590	0.0000370872
2591	0.0000370651
2592	0.0000370325
2593	0.0000369872
2594	0.0000369374
2595	0.0000368889
2596	0.0000368532
2597	0.0000368477
2598	0.0000368667
2599	0.0000369020
2600	0.0000369409
2601	0.0000369132
2602	0.0000368045
2603	0.0000367227
2604	0.0000366926
2605	0.0000366556
2606	0.0000366332
2607	0.0000366680
2608	0.0000367472
2609	0.0000368018
2610	0.0000368323
2611	0.0000369874
2612	0.0000373106
2613	0.0000376384
2614	0.0000378294
2615	0.0000379118
2616	0.0000379583
2617	0.0000379524
2618	0.0000379653
2619	0.0000380681
2620	0.0000381295
2621	0.0000381497
2622	0.0000382620
2623	0.0000384560
2624	0.0000386759
2625	0.0000388368
2626	0.0000388612
2627	0.0000387465
2628	0.0000386400
2629	0.0000387989
2630	0.0000391129
2631	0.0000393101
2632	0.0000394392
2633	0.0000395374
2634	0.0000396310
2635	0.0000397677
2636	0.0000397892
2637	0.0000396799
2638	0.0000395897
2639	0.0000396214
2640	0.0000399086
2641	0.0000404575
2642	0.0000411347
2643	0.0000417694
2644	0.0000422106
2645	0.0000424509
2646	0.0000425210
2647	0.0000425345
2648	0.0000426662
2649	0.0000428791
2650	0.0000430884
2651	0.0000432918
2652	0.0000434389
2653	0.0000434984
2654	0.0000434843
2655	0.0000434234
2656	0.0000433327
2657	0.0000432031
2658	0.0000430768
2659	0.0000429889
2660	0.0000428772
2661	0.0000426948
2662	0.0000424702
2663	0.0000422306
2664	0.0000419972
2665	0.0000417700
2666	0.0000415170
2667	0.0000412320
2668	0.0000407816
2669	0.0000399728
2670	0.0000389664
2671	0.0000380545
2672	0.0000372822
2673	0.0000366302
2674	0.0000360661
2675	0.0000355319
2676	0.0000350548
2677	0.0000347035
2678	0.0000345666
2679	0.0000346797
2680	0.0000349446
2681	0.0000353055
2682	0.0000358197
2683	0.0000364140
2684	0.0000368798
2685	0.0000372034
2686	0.0000375117
2687	0.0000378042
2688	0.0000380595
2689	0.0000383491
2690	0.0000387065
2691	0.0000390225
2692	0.0000392154
2693	0.0000393040
2694	0.0000392797
2695	0.0000393508
2696	0.0000397053
2697	0.0000399659
2698	0.0000398702
2699	0.0000396733
2700	0.0000395557
2701	0.0000395625
2702	0.0000396964
2703	0.0000399110
2704	0.0000402129
2705	0.0000405901
2706	0.0000409526
2707	0.0000410893
2708	0.0000409543
2709	0.0000407999
2710	0.0000407002
2711	0.0000406471
2712	0.0000406914
2713	0.0000406686
2714	0.0000404368
2715	0.0000399621
2716	0.0000392798
2717	0.0000385895
2718	0.0000379421
2719	0.0000372970
2720	0.0000367843
2721	0.0000364827
2722	0.0000363137
2723	0.0000361476
2724	0.0000359648
2725	0.0000358653
2726	0.0000358467
2727	0.0000357862
2728	0.0000355985
2729	0.0000353821
2730	0.0000353372
2731	0.0000354849
2732	0.0000356956
2733	0.0000358617
2734	0.0000359622
2735	0.0000360387
2736	0.0000360675
2737	0.0000360306
2738	0.0000359722
2739	0.0000358885
2740	0.0000357999
2741	0.0000357647
2742	0.0000357859
2743	0.0000358465
2744	0.0000359201
2745	0.0000359979
2746	0.0000361309
2747	0.0000363519
2748	0.0000366484
2749	0.0000370176
2750	0.0000374369
2751	0.0000378243
2752	0.0000381059
2753	0.0000382876
2754	0.0000384241
2755	0.0000385535
2756	0.0000386785
2757	0.0000387754
2758	0.0000388143
2759	0.0000387874
2760	0.0000387176
2761	0.0000386647
2762	0.0000386669
2763	0.0000386961
2764	0.0000387857
2765	0.0000389918
2766	0.0000392213
2767	0.0000393651
2768	0.0000394555
2769	0.0000395735
2770	0.0000397165
2771	0.0000398392
2772	0.0000399393
2773	0.0000399870
2774	0.0000399789
2775	0.0000399243
2776	0.0000397398
2777	0.0000394894
2778	0.0000392688
2779	0.0000389916
2780	0.0000387255
2781	0.0000385582
2782	0.0000383423
2783	0.0000379736
2784	0.0000375438
2785	0.0000372751
2786	0.0000371875
2787	0.0000370947
2788	0.0000370507
2789	0.0000371709
2790	0.0000374449
2791	0.0000378827
2792	0.0000384766
2793	0.0000392181
2794	0.0000399562
2795	0.0000405527
2796	0.0000412111
2797	0.0000420671
2798	0.0000430512
2799	0.0000441067
2800	0.0000450783
2801	0.0000458638
2802	0.0000465442
2803	0.0000471992
2804	0.0000477627
2805	0.0000481249
2806	0.0000483751
2807	0.0000485872
2808	0.0000486731
2809	0.0000486686
2810	0.0000486595
2811	0.0000486843
2812	0.0000488118
2813	0.0000490067
2814	0.0000491596
2815	0.0000492454
2816	0.0000493128
2817	0.0000494366
2818	0.0000496609
2819	0.0000499182
2820	0.0000501366
2821	0.0000503955
2822	0.0000507599
2823	0.0000512076
2824	0.0000516935
2825	0.0000520891
2826	0.0000524005
2827	0.0000527159
2828	0.0000529087
2829	0.0000529535
2830	0.0000529896
2831	0.0000530323
2832	0.0000530781
2833	0.0000531540
2834	0.0000533354
2835	0.0000536482
2836	0.0000538263
2837	0.0000536944
2838	0.0000535180
2839	0.0000535223
2840	0.0000536200
2841	0.0000537442
2842	0.0000539393
2843	0.0000542612
2844	0.0000547078
2845	0.0000550218
2846	0.0000549513
2847	0.0000545776
2848	0.0000540476
2849	0.0000535318
2850	0.0000531788
2851	0.0000528963
2852	0.0000526470
2853	0.0000525534
2854	0.0000526612
2855	0.0000528443
2856	0.0000529022
2857	0.0000528757
2858	0.0000528642
2859	0.0000527668
2860	0.0000526132
2861	0.0000525883
2862	0.0000527777
2863	0.0000530311
2864	0.0000531046
2865	0.0000530386
2866	0.0000529416
2867	0.0000527621
2868	0.0000525098
2869	0.0000522012
2870	0.0000518493
2871	0.0000515516
2872	0.0000514025
2873	0.0000513804
2874	0.0000513459
2875	0.0000513138
2876	0.0000513869
2877	0.0000515369
2878	0.0000517983
2879	0.0000521219
2880	0.0000523044
2881	0.0000523532
2882	0.0000523527
2883	0.0000522464
2884	0.0000520578
2885	0.0000519914
2886	0.0000521715
2887	0.0000525163
2888	0.0000529249
2889	0.0000532966
2890	0.0000536276
2891	0.0000540969
2892	0.0000547133
2893	0.0000553454
2894	0.0000559424
2895	0.0000563811
2896	0.0000565748
2897	0.0000565839
2898	0.0000565183
2899	0.0000565147
2900	0.0000565866
2901	0.0000566432
2902	0.0000566794
2903	0.0000567238
2904	0.0000567745
2905	0.0000568260
2906	0.0000568814
2907	0.0000569594
2908	0.0000570627
2909	0.0000571601
2910	0.0000572108
2911	0.0000571964
2912	0.0000571279
2913	0.0000570298
2914	0.0000569402
2915	0.0000568937
2916	0.0000568685
2917	0.0000568097
2918	0.0000567247
2919	0.0000566447
2920	0.0000565846
2921	0.0000566035
2922	0.0000567191
2923	0.0000568810
2924	0.0000570641
2925	0.0000572089
2926	0.0000572474
2927	0.0000572244
2928	0.0000572261
2929	0.0000572657
2930	0.0000573002
2931	0.0000572745
2932	0.0000571440
2933	0.0000568798
2934	0.0000563992
2935	0.0000556730
2936	0.0000548336
2937	0.0000538852
2938	0.0000527605
2939	0.0000515602
2940	0.0000503047
2941	0.0000490281
2942	0.0000479220
2943	0.0000470570
2944	0.0000463335
2945	0.0000455512
2946	0.0000446793
2947	0.0000438871
2948	0.0000431718
2949	0.0000426079
2950	0.0000423258
2951	0.0000421178
2952	0.0000418540
2953	0.0000416575
2954	0.0000415968
2955	0.0000416341
2956	0.0000417188
2957	0.0000418706
2958	0.0000420041
2959	0.0000420108
2960	0.0000419331
2961	0.0000417391
2962	0.0000414890
2963	0.0000413972
2964	0.0000415431
2965	0.0000418829
2966	0.0000421953
2967	0.0000423692
2968	0.0000426676
2969	0.0000431796
2970	0.0000436377
2971	0.0000438614
2972	0.0000440080
2973	0.0000442712
2974	0.0000445063
2975	0.0000445599
2976	0.0000444616
2977	0.0000442032
2978	0.0000438283
2979	0.0000434264
2980	0.0000430166
2981	0.0000425484
2982	0.0000420217
2983	0.0000416435
2984	0.0000415264
2985	0.0000414668
2986	0.0000412418
2987	0.0000408224
2988	0.0000403001
2989	0.0000397284
2990	0.0000391576
2991	0.0000385982
2992	0.0000379965
2993	0.0000374961
2994	0.0000371643
2995	0.0000367876
2996	0.0000363328
2997	0.0000358295
2998	0.0000352293
2999	0.0000346978
