0	0.0000000000
1	0.0000000000
2	0.0000000000
3	0.0000000000
4	0.0000000000
5	0.0000000000
6	0.0000000000
7	0.0000000000
8	0.0000000000
9	0.0000000000
10	0.0000000000
11	0.0000000000
12	0.0000000000
13	0.0000000000
14	0.0000000000
15	0.0000000000
16	0.0000000000
17	0.0000000000
18	0.0000000000
19	0.0000000000
20	0.0000000000
21	0.0000000000
22	0.0000000000
23	0.0000000000
24	0.0000000000
25	0.0000000000
26	0.0000000000
27	0.0000000000
28	0.0000000000
29	0.0000000000
30	0.0000000001
31	0.0000000003
32	0.0000000009
33	0.0000000028
34	0.0000000081
35	0.0000000212
36	0.0000000506
37	0.0000001096
38	0.0000002142
39	0.0000003774
40	0.0000005979
41	0.0000008516
42	0.0000010950
43	0.0000012881
44	0.0000014280
45	0.0000015604
46	0.0000017469
47	0.0000020047
48	0.0000022830
49	0.0000025172
50	0.0000027104
51	0.0000029332
52	0.0000032282
53	0.0000035449
54	0.0000038147
55	0.0000040597
56	0.0000043585
57	0.0000047125
58	0.0000050417
59	0.0000053287
60	0.0000056515
61	0.0000060352
62	0.0000064026
63	0.0000067269
64	0.0000070862
65	0.0000075012
66	0.0000078915
67	0.0000082474
68	0.0000086499
69	0.0000090914
70	0.0000094925
71	0.0000098818
72	0.0000103287
73	0.0000107812
74	0.0000111887
75	0.0000116210
76	0.0000120989
77	0.0000125437
78	0.0000129699
79	0.0000134474
80	0.0000139259
81	0.0000143624
82	0.0000148284
83	0.0000153254
84	0.0000157814
85	0.0000162372
86	0.0000167373
87	0.0000172128
88	0.0000176642
89	0.0000181578
90	0.0000186471
91	0.0000190990
92	0.0000195817
93	0.0000200770
94	0.0000205306
95	0.0000210001
96	0.0000214936
97	0.0000219491
98	0.0000224096
99	0.0000229030
100	0.0000233649
101	0.0000238177
102	0.0000242973
103	0.0000247429
104	0.0000251678
105	0.0000256253
106	0.0000260694
107	0.0000265048
108	0.0000269769
109	0.0000274293
110	0.0000278509
111	0.0000282947
112	0.0000287249
113	0.0000291360
114	0.0000295746
115	0.0000299947
116	0.0000303835
117	0.0000307941
118	0.0000311945
119	0.0000315744
120	0.0000319744
121	0.0000323560
122	0.0000327187
123	0.0000331112
124	0.0000334933
125	0.0000338568
126	0.0000342398
127	0.0000346077
128	0.0000349666
129	0.0000353458
130	0.0000356991
131	0.0000360377
132	0.0000363963
133	0.0000367338
134	0.0000370609
135	0.0000373981
136	0.0000377124
137	0.0000380302
138	0.0000383595
139	0.0000386607
140	0.0000389674
141	0.0000392866
142	0.0000395833
143	0.0000398859
144	0.0000401890
145	0.0000404738
146	0.0000407718
147	0.0000410602
148	0.0000413270
149	0.0000416090
150	0.0000418791
151	0.0000421297
152	0.0000423894
153	0.0000426353
154	0.0000428770
155	0.0000431293
156	0.0000433656
157	0.0000436059
158	0.0000438451
159	0.0000440441
160	0.0000442280
161	0.0000444046
162	0.0000445830
163	0.0000448244
164	0.0000451359
165	0.0000454932
166	0.0000458447
167	0.0000460685
168	0.0000461096
169	0.0000460048
170	0.0000458472
171	0.0000458192
172	0.0000460339
173	0.0000464496
174	0.0000469575
175	0.0000473996
176	0.0000476914
177	0.0000478851
178	0.0000480350
179	0.0000481618
180	0.0000482251
181	0.0000481455
182	0.0000479644
183	0.0000478020
184	0.0000477447
185	0.0000478183
186	0.0000479398
187	0.0000480396
188	0.0000481613
189	0.0000483566
190	0.0000486438
191	0.0000489697
192	0.0000492357
193	0.0000494460
194	0.0000496469
195	0.0000498258
196	0.0000499460
197	0.0000499701
198	0.0000499281
199	0.0000498868
200	0.0000498315
201	0.0000497120
202	0.0000495146
203	0.0000493022
204	0.0000491684
205	0.0000490775
206	0.0000489442
207	0.0000487839
208	0.0000486625
209	0.0000486438
210	0.0000486958
211	0.0000487128
212	0.0000487116
213	0.0000487767
214	0.0000489197
215	0.0000490911
216	0.0000492204
217	0.0000493283
218	0.0000494895
219	0.0000496752
220	0.0000498298
221	0.0000499497
222	0.0000500487
223	0.0000501495
224	0.0000502369
225	0.0000502814
226	0.0000502917
227	0.0000502728
228	0.0000502222
229	0.0000501471
230	0.0000500494
231	0.0000499173
232	0.0000497414
233	0.0000495510
234	0.0000493682
235	0.0000491616
236	0.0000489032
237	0.0000486124
238	0.0000483390
239	0.0000480738
240	0.0000477557
241	0.0000474169
242	0.0000471274
243	0.0000468632
244	0.0000465545
245	0.0000461870
246	0.0000458493
247	0.0000455791
248	0.0000452870
249	0.0000449800
250	0.0000447447
251	0.0000445607
252	0.0000443499
253	0.0000440803
254	0.0000438333
255	0.0000436600
256	0.0000434454
257	0.0000431593
258	0.0000429100
259	0.0000427182
260	0.0000425244
261	0.0000423077
262	0.0000421534
263	0.0000420936
264	0.0000420000
265	0.0000418733
266	0.0000418287
267	0.0000418252
268	0.0000417704
269	0.0000416611
270	0.0000415714
271	0.0000415170
272	0.0000413928
273	0.0000412190
274	0.0000410996
275	0.0000409887
276	0.0000408335
277	0.0000406858
278	0.0000406044
279	0.0000405500
280	0.0000404504
281	0.0000403890
282	0.0000404205
283	0.0000404317
284	0.0000404135
285	0.0000404406
286	0.0000404876
287	0.0000404782
288	0.0000403942
289	0.0000403162
290	0.0000402503
291	0.0000401275
292	0.0000400241
293	0.0000400053
294	0.0000399802
295	0.0000398680
296	0.0000396616
297	0.0000393629
298	0.0000389315
299	0.0000384232
300	0.0000380401
301	0.0000378530
302	0.0000378042
303	0.0000378689
304	0.0000379541
305	0.0000379285
306	0.0000377701
307	0.0000375811
308	0.0000374330
309	0.0000372594
310	0.0000370510
311	0.0000368563
312	0.0000366157
313	0.0000363358
314	0.0000361479
315	0.0000361067
316	0.0000361358
317	0.0000361485
318	0.0000361561
319	0.0000361485
320	0.0000360886
321	0.0000360418
322	0.0000359790
323	0.0000357613
324	0.0000354073
325	0.0000350320
326	0.0000346733
327	0.0000342966
328	0.0000339001
329	0.0000335097
330	0.0000330850
331	0.0000326615
332	0.0000323596
333	0.0000321582
334	0.0000319731
335	0.0000318067
336	0.0000316945
337	0.0000316389
338	0.0000316256
339	0.0000316438
340	0.0000316340
341	0.0000315950
342	0.0000316173
343	0.0000316493
344	0.0000315944
345	0.0000314989
346	0.0000314064
347	0.0000313006
348	0.0000311805
349	0.0000310674
350	0.0000309144
351	0.0000306709
352	0.0000304681
353	0.0000303727
354	0.0000302406
355	0.0000300501
356	0.0000298978
357	0.0000297974
358	0.0000297178
359	0.0000296448
360	0.0000295766
361	0.0000294913
362	0.0000294246
363	0.0000294364
364	0.0000294604
365	0.0000294606
366	0.0000294871
367	0.0000295075
368	0.0000294721
369	0.0000293954
370	0.0000293105
371	0.0000292525
372	0.0000292544
373	0.0000292811
374	0.0000292302
375	0.0000290927
376	0.0000288995
377	0.0000286097
378	0.0000282799
379	0.0000280441
380	0.0000279359
381	0.0000278938
382	0.0000278308
383	0.0000276833
384	0.0000274290
385	0.0000271415
386	0.0000268808
387	0.0000265533
388	0.0000261467
389	0.0000257503
390	0.0000253434
391	0.0000249438
392	0.0000246593
393	0.0000245189
394	0.0000244669
395	0.0000244482
396	0.0000244262
397	0.0000243769
398	0.0000243760
399	0.0000244724
400	0.0000245231
401	0.0000244544
402	0.0000243479
403	0.0000242336
404	0.0000241158
405	0.0000240208
406	0.0000239544
407	0.0000239132
408	0.0000239235
409	0.0000240151
410	0.0000241658
411	0.0000243573
412	0.0000245562
413	0.0000247089
414	0.0000248565
415	0.0000250371
416	0.0000251931
417	0.0000252866
418	0.0000253263
419	0.0000253234
420	0.0000252911
421	0.0000252442
422	0.0000251845
423	0.0000251326
424	0.0000251186
425	0.0000251157
426	0.0000251212
427	0.0000251511
428	0.0000251552
429	0.0000251499
430	0.0000252089
431	0.0000253010
432	0.0000253429
433	0.0000253294
434	0.0000253130
435	0.0000252848
436	0.0000252002
437	0.0000250366
438	0.0000247818
439	0.0000244947
440	0.0000242039
441	0.0000238505
442	0.0000234652
443	0.0000231145
444	0.0000227827
445	0.0000224609
446	0.0000221823
447	0.0000219503
448	0.0000217557
449	0.0000216284
450	0.0000215346
451	0.0000214228
452	0.0000213302
453	0.0000212377
454	0.0000211361
455	0.0000210753
456	0.0000209731
457	0.0000207777
458	0.0000206034
459	0.0000204909
460	0.0000203365
461	0.0000200964
462	0.0000198514
463	0.0000196256
464	0.0000193826
465	0.0000191232
466	0.0000188362
467	0.0000185433
468	0.0000182625
469	0.0000179523
470	0.0000176402
471	0.0000173656
472	0.0000170891
473	0.0000167983
474	0.0000165325
475	0.0000162901
476	0.0000160569
477	0.0000158745
478	0.0000157220
479	0.0000155574
480	0.0000154495
481	0.0000154120
482	0.0000154080
483	0.0000154432
484	0.0000154834
485	0.0000155507
486	0.0000156961
487	0.0000158462
488	0.0000159434
489	0.0000160625
490	0.0000162535
491	0.0000164368
492	0.0000165678
493	0.0000166760
494	0.0000167262
495	0.0000166994
496	0.0000166172
497	0.0000164936
498	0.0000164036
499	0.0000163892
500	0.0000164058
501	0.0000164049
502	0.0000163157
503	0.0000160606
504	0.0000156427
505	0.0000151437
506	0.0000146490
507	0.0000142650
508	0.0000140819
509	0.0000140311
510	0.0000139994
511	0.0000139442
512	0.0000138125
513	0.0000136019
514	0.0000133784
515	0.0000131924
516	0.0000130624
517	0.0000129509
518	0.0000128252
519	0.0000127379
520	0.0000127517
521	0.0000128491
522	0.0000130011
523	0.0000132138
524	0.0000134267
525	0.0000135898
526	0.0000137617
527	0.0000139805
528	0.0000142422
529	0.0000145111
530	0.0000147211
531	0.0000148986
532	0.0000151241
533	0.0000154217
534	0.0000157805
535	0.0000161915
536	0.0000166140
537	0.0000169856
538	0.0000173252
539	0.0000176780
540	0.0000180460
541	0.0000184065
542	0.0000186433
543	0.0000187326
544	0.0000188447
545	0.0000190243
546	0.0000191960
547	0.0000193509
548	0.0000194833
549	0.0000195920
550	0.0000197166
551	0.0000199071
552	0.0000201835
553	0.0000205054
554	0.0000207832
555	0.0000209796
556	0.0000211934
557	0.0000214610
558	0.0000216791
559	0.0000218120
560	0.0000218684
561	0.0000218592
562	0.0000218392
563	0.0000217970
564	0.0000216761
565	0.0000214819
566	0.0000212586
567	0.0000210443
568	0.0000208627
569	0.0000207021
570	0.0000205219
571	0.0000203424
572	0.0000202162
573	0.0000201420
574	0.0000201025
575	0.0000200752
576	0.0000200589
577	0.0000200775
578	0.0000201211
579	0.0000201816
580	0.0000202423
581	0.0000202703
582	0.0000202851
583	0.0000203050
584	0.0000202892
585	0.0000202381
586	0.0000202412
587	0.0000203405
588	0.0000204791
589	0.0000205813
590	0.0000206218
591	0.0000206824
592	0.0000208030
593	0.0000209202
594	0.0000210427
595	0.0000211753
596	0.0000212992
597	0.0000214905
598	0.0000217862
599	0.0000221361
600	0.0000225264
601	0.0000229878
602	0.0000235057
603	0.0000240148
604	0.0000244651
605	0.0000248745
606	0.0000253425
607	0.0000258392
608	0.0000262310
609	0.0000265825
610	0.0000270002
611	0.0000275116
612	0.0000281307
613	0.0000287696
614	0.0000294032
615	0.0000300929
616	0.0000308382
617	0.0000316545
618	0.0000324829
619	0.0000331807
620	0.0000337972
621	0.0000344974
622	0.0000351985
623	0.0000357402
624	0.0000362356
625	0.0000367856
626	0.0000373285
627	0.0000378387
628	0.0000383218
629	0.0000388480
630	0.0000394471
631	0.0000400377
632	0.0000406078
633	0.0000411556
634	0.0000416698
635	0.0000421758
636	0.0000426086
637	0.0000428826
638	0.0000430371
639	0.0000431357
640	0.0000431533
641	0.0000431031
642	0.0000430673
643	0.0000431083
644	0.0000432653
645	0.0000434372
646	0.0000435531
647	0.0000437430
648	0.0000440062
649	0.0000442629
650	0.0000445480
651	0.0000448570
652	0.0000451741
653	0.0000454829
654	0.0000457196
655	0.0000458794
656	0.0000460393
657	0.0000462602
658	0.0000465108
659	0.0000466982
660	0.0000467883
661	0.0000469005
662	0.0000470940
663	0.0000472374
664	0.0000473532
665	0.0000475604
666	0.0000477986
667	0.0000480197
668	0.0000482442
669	0.0000484921
670	0.0000487891
671	0.0000490917
672	0.0000493527
673	0.0000495774
674	0.0000497754
675	0.0000499467
676	0.0000500710
677	0.0000501280
678	0.0000501273
679	0.0000500843
680	0.0000499975
681	0.0000498919
682	0.0000497719
683	0.0000495935
684	0.0000493790
685	0.0000491720
686	0.0000490045
687	0.0000489002
688	0.0000487780
689	0.0000486140
690	0.0000485047
691	0.0000484468
692	0.0000483759
693	0.0000482845
694	0.0000481748
695	0.0000480503
696	0.0000479368
697	0.0000478301
698	0.0000477342
699	0.0000476872
700	0.0000476048
701	0.0000473658
702	0.0000469837
703	0.0000465543
704	0.0000461865
705	0.0000458439
706	0.0000454987
707	0.0000453402
708	0.0000453684
709	0.0000453474
710	0.0000451906
711	0.0000449008
712	0.0000444915
713	0.0000440731
714	0.0000437851
715	0.0000436942
716	0.0000437866
717	0.0000439740
718	0.0000441283
719	0.0000442099
720	0.0000442582
721	0.0000442930
722	0.0000443090
723	0.0000442896
724	0.0000442773
725	0.0000442933
726	0.0000442631
727	0.0000442192
728	0.0000442647
729	0.0000443944
730	0.0000445719
731	0.0000447617
732	0.0000449181
733	0.0000450282
734	0.0000450913
735	0.0000451096
736	0.0000451167
737	0.0000451470
738	0.0000451968
739	0.0000452556
740	0.0000453300
741	0.0000454166
742	0.0000454881
743	0.0000455346
744	0.0000455744
745	0.0000456006
746	0.0000456170
747	0.0000456525
748	0.0000456950
749	0.0000457203
750	0.0000457273
751	0.0000457741
752	0.0000459322
753	0.0000461465
754	0.0000463489
755	0.0000465643
756	0.0000467644
757	0.0000468921
758	0.0000470096
759	0.0000471773
760	0.0000473076
761	0.0000473178
762	0.0000472173
763	0.0000470399
764	0.0000468376
765	0.0000465860
766	0.0000462384
767	0.0000458727
768	0.0000455750
769	0.0000453706
770	0.0000452337
771	0.0000451280
772	0.0000450472
773	0.0000449149
774	0.0000447135
775	0.0000445578
776	0.0000444193
777	0.0000441672
778	0.0000438163
779	0.0000434219
780	0.0000429634
781	0.0000424718
782	0.0000419986
783	0.0000415604
784	0.0000411780
785	0.0000407934
786	0.0000404702
787	0.0000403695
788	0.0000403468
789	0.0000402511
790	0.0000401654
791	0.0000401877
792	0.0000404068
793	0.0000407237
794	0.0000409695
795	0.0000412022
796	0.0000414876
797	0.0000417992
798	0.0000420992
799	0.0000423273
800	0.0000424163
801	0.0000423380
802	0.0000421831
803	0.0000420377
804	0.0000417980
805	0.0000413698
806	0.0000409297
807	0.0000406060
808	0.0000402703
809	0.0000399642
810	0.0000397856
811	0.0000396212
812	0.0000394817
813	0.0000394389
814	0.0000394625
815	0.0000395017
816	0.0000394583
817	0.0000393549
818	0.0000393024
819	0.0000392607
820	0.0000391149
821	0.0000388281
822	0.0000384553
823	0.0000380201
824	0.0000374694
825	0.0000368083
826	0.0000361268
827	0.0000354634
828	0.0000348527
829	0.0000343815
830	0.0000339312
831	0.0000333459
832	0.0000327402
833	0.0000321943
834	0.0000316965
835	0.0000312917
836	0.0000310698
837	0.0000311753
838	0.0000315212
839	0.0000318404
840	0.0000320341
841	0.0000320705
842	0.0000319768
843	0.0000319023
844	0.0000319488
845	0.0000321270
846	0.0000324035
847	0.0000327115
848	0.0000329804
849	0.0000331601
850	0.0000332235
851	0.0000332232
852	0.0000332549
853	0.0000333162
854	0.0000333515
855	0.0000333425
856	0.0000333199
857	0.0000333340
858	0.0000334004
859	0.0000335202
860	0.0000336189
861	0.0000336129
862	0.0000335671
863	0.0000335117
864	0.0000334097
865	0.0000333413
866	0.0000333815
867	0.0000334816
868	0.0000335727
869	0.0000336507
870	0.0000337616
871	0.0000339309
872	0.0000341209
873	0.0000342685
874	0.0000343333
875	0.0000342964
876	0.0000341871
877	0.0000340572
878	0.0000339087
879	0.0000337269
880	0.0000335049
881	0.0000332580
882	0.0000330256
883	0.0000328300
884	0.0000327007
885	0.0000326310
886	0.0000325508
887	0.0000324368
888	0.0000323066
889	0.0000321711
890	0.0000320453
891	0.0000319225
892	0.0000317894
893	0.0000316366
894	0.0000314548
895	0.0000312941
896	0.0000312276
897	0.0000312322
898	0.0000312413
899	0.0000312655
900	0.0000313331
901	0.0000314139
902	0.0000314942
903	0.0000315907
904	0.0000317021
905	0.0000318225
906	0.0000319120
907	0.0000319245
908	0.0000318862
909	0.0000318393
910	0.0000318071
911	0.0000318090
912	0.0000318348
913	0.0000318635
914	0.0000318833
915	0.0000318962
916	0.0000319116
917	0.0000319257
918	0.0000319550
919	0.0000320293
920	0.0000321266
921	0.0000322205
922	0.0000323395
923	0.0000324719
924	0.0000325428
925	0.0000325438
926	0.0000325237
927	0.0000325121
928	0.0000325246
929	0.0000325429
930	0.0000325450
931	0.0000325440
932	0.0000325552
933	0.0000325804
934	0.0000325907
935	0.0000325600
936	0.0000324981
937	0.0000324081
938	0.0000322850
939	0.0000321118
940	0.0000318733
941	0.0000315823
942	0.0000312348
943	0.0000308503
944	0.0000304860
945	0.0000301104
946	0.0000296556
947	0.0000291711
948	0.0000287293
949	0.0000283150
950	0.0000279087
951	0.0000275091
952	0.0000271010
953	0.0000266954
954	0.0000263170
955	0.0000260064
956	0.0000257706
957	0.0000255075
958	0.0000251885
959	0.0000249010
960	0.0000246512
961	0.0000243995
962	0.0000241385
963	0.0000238784
964	0.0000236459
965	0.0000234333
966	0.0000231908
967	0.0000228584
968	0.0000224209
969	0.0000219279
970	0.0000214231
971	0.0000209392
972	0.0000205026
973	0.0000200968
974	0.0000197042
975	0.0000193465
976	0.0000190321
977	0.0000187196
978	0.0000183778
979	0.0000180446
980	0.0000178310
981	0.0000177630
982	0.0000177031
983	0.0000176149
984	0.0000175680
985	0.0000175337
986	0.0000174962
987	0.0000174568
988	0.0000173799
989	0.0000172760
990	0.0000171640
991	0.0000170369
992	0.0000168739
993	0.0000166945
994	0.0000165588
995	0.0000164584
996	0.0000163608
997	0.0000162505
998	0.0000160878
999	0.0000158825
1000	0.0000157004
1001	0.0000155533
1002	0.0000153841
1003	0.0000151450
1004	0.0000148596
1005	0.0000146062
1006	0.0000144031
1007	0.0000142077
1008	0.0000140330
1009	0.0000138914
1010	0.0000137715
1011	0.0000136888
1012	0.0000136231
1013	0.0000135658
1014	0.0000135442
1015	0.0000135395
1016	0.0000135127
1017	0.0000134585
1018	0.0000134113
1019	0.0000133715
1020	0.0000133012
1021	0.0000132074
1022	0.0000130964
1023	0.0000129593
1024	0.0000128288
1025	0.0000127350
1026	0.0000126665
1027	0.0000126214
1028	0.0000126157
1029	0.0000126262
1030	0.0000126073
1031	0.0000125479
1032	0.0000124949
1033	0.0000125040
1034	0.0000125610
1035	0.0000126207
1036	0.0000126575
1037	0.0000126836
1038	0.0000127313
1039	0.0000127633
1040	0.0000127281
1041	0.0000126509
1042	0.0000125789
1043	0.0000125397
1044	0.0000125402
1045	0.0000125665
1046	0.0000125865
1047	0.0000125869
1048	0.0000126053
1049	0.0000126829
1050	0.0000128475
1051	0.0000131103
1052	0.0000134290
1053	0.0000137379
1054	0.0000139959
1055	0.0000141855
1056	0.0000143128
1057	0.0000144125
1058	0.0000145090
1059	0.0000145859
1060	0.0000146280
1061	0.0000146489
1062	0.0000146608
1063	0.0000146644
1064	0.0000146682
1065	0.0000146697
1066	0.0000146566
1067	0.0000146336
1068	0.0000146090
1069	0.0000145778
1070	0.0000145316
1071	0.0000144871
1072	0.0000144453
1073	0.0000143701
1074	0.0000142678
1075	0.0000141527
1076	0.0000140239
1077	0.0000138808
1078	0.0000136611
1079	0.0000133534
1080	0.0000130594
1081	0.0000128302
1082	0.0000126506
1083	0.0000125466
1084	0.0000125625
1085	0.0000126714
1086	0.0000128196
1087	0.0000130189
1088	0.0000132990
1089	0.0000136258
1090	0.0000139668
1091	0.0000143105
1092	0.0000145341
1093	0.0000146084
1094	0.0000147528
1095	0.0000150475
1096	0.0000153829
1097	0.0000157048
1098	0.0000160305
1099	0.0000164197
1100	0.0000168814
1101	0.0000174114
1102	0.0000180261
1103	0.0000186671
1104	0.0000192560
1105	0.0000197043
1106	0.0000200044
1107	0.0000202655
1108	0.0000204845
1109	0.0000206046
1110	0.0000206508
1111	0.0000206539
1112	0.0000206446
1113	0.0000206414
1114	0.0000206422
1115	0.0000206487
1116	0.0000206481
1117	0.0000206447
1118	0.0000206562
1119	0.0000206671
1120	0.0000206828
1121	0.0000206920
1122	0.0000206274
1123	0.0000205350
1124	0.0000205129
1125	0.0000205297
1126	0.0000205285
1127	0.0000205194
1128	0.0000205545
1129	0.0000206648
1130	0.0000208331
1131	0.0000210081
1132	0.0000211256
1133	0.0000212219
1134	0.0000213341
1135	0.0000213989
1136	0.0000214359
1137	0.0000214806
1138	0.0000214725
1139	0.0000213962
1140	0.0000213118
1141	0.0000212762
1142	0.0000212655
1143	0.0000212188
1144	0.0000211557
1145	0.0000211334
1146	0.0000211645
1147	0.0000212319
1148	0.0000213080
1149	0.0000213735
1150	0.0000214496
1151	0.0000215557
1152	0.0000216746
1153	0.0000217885
1154	0.0000218751
1155	0.0000219198
1156	0.0000219299
1157	0.0000219174
1158	0.0000218949
1159	0.0000218652
1160	0.0000218260
1161	0.0000217730
1162	0.0000217162
1163	0.0000216573
1164	0.0000215686
1165	0.0000214907
1166	0.0000214857
1167	0.0000215198
1168	0.0000215408
1169	0.0000215349
1170	0.0000214830
1171	0.0000213476
1172	0.0000211539
1173	0.0000209924
1174	0.0000208873
1175	0.0000208375
1176	0.0000208918
1177	0.0000210738
1178	0.0000213569
1179	0.0000216493
1180	0.0000218364
1181	0.0000219484
1182	0.0000221116
1183	0.0000223393
1184	0.0000225979
1185	0.0000228901
1186	0.0000231823
1187	0.0000234745
1188	0.0000237978
1189	0.0000241440
1190	0.0000245102
1191	0.0000248788
1192	0.0000252598
1193	0.0000256844
1194	0.0000260978
1195	0.0000264717
1196	0.0000268258
1197	0.0000271259
1198	0.0000273720
1199	0.0000276234
1200	0.0000278877
1201	0.0000280860
1202	0.0000281747
1203	0.0000282213
1204	0.0000282717
1205	0.0000283158
1206	0.0000283528
1207	0.0000283793
1208	0.0000284231
1209	0.0000284959
1210	0.0000285193
1211	0.0000284776
1212	0.0000284824
1213	0.0000285752
1214	0.0000287074
1215	0.0000288715
1216	0.0000290434
1217	0.0000291843
1218	0.0000293226
1219	0.0000295001
1220	0.0000297377
1221	0.0000299740
1222	0.0000301136
1223	0.0000301645
1224	0.0000301600
1225	0.0000301497
1226	0.0000301707
1227	0.0000301559
1228	0.0000300887
1229	0.0000300181
1230	0.0000299611
1231	0.0000299368
1232	0.0000299579
1233	0.0000300318
1234	0.0000301407
1235	0.0000302464
1236	0.0000303331
1237	0.0000303881
1238	0.0000304393
1239	0.0000305246
1240	0.0000306294
1241	0.0000307480
1242	0.0000308756
1243	0.0000309819
1244	0.0000310693
1245	0.0000311403
1246	0.0000311600
1247	0.0000311556
1248	0.0000312062
1249	0.0000313002
1250	0.0000313587
1251	0.0000313550
1252	0.0000312704
1253	0.0000310508
1254	0.0000307349
1255	0.0000303993
1256	0.0000300635
1257	0.0000297704
1258	0.0000294857
1259	0.0000291779
1260	0.0000289323
1261	0.0000287238
1262	0.0000285102
1263	0.0000283036
1264	0.0000280564
1265	0.0000278010
1266	0.0000275991
1267	0.0000274663
1268	0.0000274007
1269	0.0000273441
1270	0.0000272873
1271	0.0000272973
1272	0.0000274275
1273	0.0000276386
1274	0.0000277791
1275	0.0000277729
1276	0.0000277290
1277	0.0000277574
1278	0.0000278286
1279	0.0000279203
1280	0.0000280673
1281	0.0000282425
1282	0.0000284516
1283	0.0000287793
1284	0.0000291884
1285	0.0000295417
1286	0.0000298328
1287	0.0000300849
1288	0.0000302679
1289	0.0000304504
1290	0.0000306443
1291	0.0000308472
1292	0.0000311404
1293	0.0000314224
1294	0.0000316557
1295	0.0000319887
1296	0.0000323681
1297	0.0000326367
1298	0.0000327780
1299	0.0000328754
1300	0.0000329377
1301	0.0000328985
1302	0.0000327919
1303	0.0000326728
1304	0.0000325916
1305	0.0000325965
1306	0.0000326177
1307	0.0000326055
1308	0.0000326191
1309	0.0000327203
1310	0.0000329088
1311	0.0000331007
1312	0.0000332077
1313	0.0000332347
1314	0.0000332387
1315	0.0000332320
1316	0.0000331800
1317	0.0000330655
1318	0.0000329129
1319	0.0000327425
1320	0.0000325812
1321	0.0000324856
1322	0.0000324562
1323	0.0000324510
1324	0.0000324308
1325	0.0000323735
1326	0.0000323405
1327	0.0000323616
1328	0.0000323694
1329	0.0000323405
1330	0.0000323100
1331	0.0000322996
1332	0.0000323052
1333	0.0000323231
1334	0.0000323399
1335	0.0000323660
1336	0.0000324121
1337	0.0000324036
1338	0.0000323272
1339	0.0000322405
1340	0.0000321239
1341	0.0000319459
1342	0.0000316777
1343	0.0000313329
1344	0.0000310141
1345	0.0000307484
1346	0.0000304840
1347	0.0000302414
1348	0.0000300671
1349	0.0000299485
1350	0.0000298696
1351	0.0000298202
1352	0.0000297829
1353	0.0000297452
1354	0.0000296835
1355	0.0000296169
1356	0.0000295790
1357	0.0000295510
1358	0.0000294947
1359	0.0000294106
1360	0.0000293661
1361	0.0000293546
1362	0.0000292831
1363	0.0000291285
1364	0.0000289302
1365	0.0000287615
1366	0.0000286750
1367	0.0000286755
1368	0.0000286785
1369	0.0000285611
1370	0.0000284123
1371	0.0000282951
1372	0.0000280673
1373	0.0000277502
1374	0.0000274830
1375	0.0000273264
1376	0.0000272833
1377	0.0000272689
1378	0.0000272273
1379	0.0000271826
1380	0.0000271531
1381	0.0000271957
1382	0.0000274130
1383	0.0000278420
1384	0.0000284532
1385	0.0000292091
1386	0.0000299981
1387	0.0000306680
1388	0.0000311872
1389	0.0000316102
1390	0.0000319780
1391	0.0000323609
1392	0.0000327945
1393	0.0000331783
1394	0.0000334415
1395	0.0000336418
1396	0.0000338473
1397	0.0000340790
1398	0.0000343048
1399	0.0000345016
1400	0.0000346669
1401	0.0000347737
1402	0.0000348272
1403	0.0000348690
1404	0.0000349586
1405	0.0000351215
1406	0.0000352947
1407	0.0000354443
1408	0.0000355982
1409	0.0000357638
1410	0.0000359232
1411	0.0000360686
1412	0.0000362291
1413	0.0000364117
1414	0.0000365844
1415	0.0000367334
1416	0.0000368746
1417	0.0000370498
1418	0.0000372809
1419	0.0000375573
1420	0.0000378521
1421	0.0000381005
1422	0.0000382832
1423	0.0000384648
1424	0.0000386614
1425	0.0000388405
1426	0.0000390169
1427	0.0000391774
1428	0.0000392543
1429	0.0000392695
1430	0.0000392995
1431	0.0000393545
1432	0.0000394270
1433	0.0000395180
1434	0.0000396208
1435	0.0000397149
1436	0.0000397524
1437	0.0000397265
1438	0.0000396848
1439	0.0000396566
1440	0.0000396090
1441	0.0000394803
1442	0.0000392677
1443	0.0000389974
1444	0.0000386851
1445	0.0000383478
1446	0.0000379971
1447	0.0000376906
1448	0.0000374633
1449	0.0000372955
1450	0.0000371895
1451	0.0000371289
1452	0.0000371313
1453	0.0000371970
1454	0.0000372321
1455	0.0000372311
1456	0.0000372726
1457	0.0000374074
1458	0.0000375761
1459	0.0000376067
1460	0.0000375164
1461	0.0000374531
1462	0.0000373868
1463	0.0000373363
1464	0.0000374363
1465	0.0000376153
1466	0.0000377521
1467	0.0000379007
1468	0.0000381024
1469	0.0000383295
1470	0.0000385297
1471	0.0000386471
1472	0.0000386715
1473	0.0000385835
1474	0.0000383861
1475	0.0000381620
1476	0.0000379909
1477	0.0000378245
1478	0.0000375862
1479	0.0000373801
1480	0.0000372838
1481	0.0000372622
1482	0.0000373076
1483	0.0000373064
1484	0.0000372056
1485	0.0000371323
1486	0.0000371082
1487	0.0000370453
1488	0.0000369334
1489	0.0000368490
1490	0.0000367837
1491	0.0000366748
1492	0.0000365645
1493	0.0000364788
1494	0.0000363960
1495	0.0000362989
1496	0.0000361792
1497	0.0000360970
1498	0.0000360904
1499	0.0000361262
1500	0.0000361666
1501	0.0000361926
1502	0.0000362321
1503	0.0000363134
1504	0.0000364152
1505	0.0000365087
1506	0.0000365957
1507	0.0000366934
1508	0.0000367745
1509	0.0000367687
1510	0.0000366797
1511	0.0000365799
1512	0.0000365216
1513	0.0000365552
1514	0.0000366779
1515	0.0000368243
1516	0.0000369135
1517	0.0000368810
1518	0.0000367709
1519	0.0000365932
1520	0.0000363422
1521	0.0000361263
1522	0.0000359198
1523	0.0000356784
1524	0.0000355364
1525	0.0000355124
1526	0.0000354810
1527	0.0000354800
1528	0.0000356987
1529	0.0000361272
1530	0.0000365912
1531	0.0000370081
1532	0.0000373690
1533	0.0000377549
1534	0.0000382068
1535	0.0000386644
1536	0.0000391072
1537	0.0000394569
1538	0.0000396487
1539	0.0000397443
1540	0.0000398270
1541	0.0000399649
1542	0.0000401022
1543	0.0000401189
1544	0.0000400540
1545	0.0000400271
1546	0.0000400698
1547	0.0000401078
1548	0.0000400722
1549	0.0000399913
1550	0.0000398555
1551	0.0000395930
1552	0.0000392281
1553	0.0000388070
1554	0.0000383648
1555	0.0000379426
1556	0.0000375056
1557	0.0000370248
1558	0.0000364772
1559	0.0000359057
1560	0.0000354513
1561	0.0000350801
1562	0.0000346873
1563	0.0000342852
1564	0.0000338567
1565	0.0000333778
1566	0.0000329644
1567	0.0000327316
1568	0.0000325305
1569	0.0000322352
1570	0.0000319604
1571	0.0000317989
1572	0.0000318004
1573	0.0000318854
1574	0.0000319693
1575	0.0000321390
1576	0.0000322735
1577	0.0000321577
1578	0.0000317741
1579	0.0000312097
1580	0.0000306666
1581	0.0000302474
1582	0.0000298225
1583	0.0000293782
1584	0.0000291908
1585	0.0000293663
1586	0.0000295814
1587	0.0000296468
1588	0.0000296369
1589	0.0000295626
1590	0.0000296022
1591	0.0000300545
1592	0.0000308657
1593	0.0000317900
1594	0.0000326958
1595	0.0000334884
1596	0.0000341833
1597	0.0000348433
1598	0.0000354125
1599	0.0000358537
1600	0.0000361668
1601	0.0000364136
1602	0.0000366647
1603	0.0000368745
1604	0.0000370685
1605	0.0000372958
1606	0.0000375325
1607	0.0000377128
1608	0.0000377265
1609	0.0000376224
1610	0.0000374722
1611	0.0000372538
1612	0.0000370210
1613	0.0000367883
1614	0.0000365908
1615	0.0000365041
1616	0.0000364857
1617	0.0000364821
1618	0.0000364569
1619	0.0000364153
1620	0.0000364268
1621	0.0000364895
1622	0.0000365490
1623	0.0000365970
1624	0.0000366454
1625	0.0000366855
1626	0.0000368287
1627	0.0000372189
1628	0.0000376971
1629	0.0000380809
1630	0.0000384754
1631	0.0000389223
1632	0.0000393123
1633	0.0000396207
1634	0.0000398487
1635	0.0000399750
1636	0.0000400089
1637	0.0000399550
1638	0.0000398529
1639	0.0000397759
1640	0.0000397368
1641	0.0000397123
1642	0.0000396751
1643	0.0000396243
1644	0.0000396027
1645	0.0000396222
1646	0.0000396808
1647	0.0000397679
1648	0.0000398310
1649	0.0000398532
1650	0.0000398575
1651	0.0000398737
1652	0.0000399183
1653	0.0000399682
1654	0.0000400206
1655	0.0000400925
1656	0.0000401855
1657	0.0000402907
1658	0.0000403868
1659	0.0000404698
1660	0.0000405511
1661	0.0000406331
1662	0.0000406824
1663	0.0000406576
1664	0.0000405940
1665	0.0000405536
1666	0.0000405430
1667	0.0000404947
1668	0.0000403832
1669	0.0000403325
1670	0.0000403763
1671	0.0000404165
1672	0.0000404816
1673	0.0000406230
1674	0.0000407809
1675	0.0000409137
1676	0.0000410261
1677	0.0000411185
1678	0.0000411928
1679	0.0000412428
1680	0.0000412590
1681	0.0000412554
1682	0.0000412579
1683	0.0000412866
1684	0.0000413469
1685	0.0000414331
1686	0.0000415480
1687	0.0000417090
1688	0.0000419198
1689	0.0000421216
1690	0.0000422201
1691	0.0000421855
1692	0.0000421583
1693	0.0000422428
1694	0.0000422905
1695	0.0000422795
1696	0.0000423361
1697	0.0000424289
1698	0.0000425803
1699	0.0000427636
1700	0.0000428117
1701	0.0000427237
1702	0.0000426139
1703	0.0000425684
1704	0.0000425895
1705	0.0000426674
1706	0.0000427873
1707	0.0000428067
1708	0.0000426756
1709	0.0000424359
1710	0.0000420961
1711	0.0000417800
1712	0.0000416561
1713	0.0000418352
1714	0.0000422857
1715	0.0000428292
1716	0.0000433475
1717	0.0000437939
1718	0.0000441420
1719	0.0000444573
1720	0.0000449118
1721	0.0000456329
1722	0.0000465844
1723	0.0000476502
1724	0.0000486963
1725	0.0000496380
1726	0.0000504480
1727	0.0000510839
1728	0.0000516181
1729	0.0000522120
1730	0.0000528467
1731	0.0000533904
1732	0.0000538352
1733	0.0000543250
1734	0.0000549986
1735	0.0000557411
1736	0.0000564180
1737	0.0000570977
1738	0.0000576575
1739	0.0000579768
1740	0.0000581886
1741	0.0000582885
1742	0.0000582924
1743	0.0000583626
1744	0.0000584920
1745	0.0000585025
1746	0.0000583007
1747	0.0000580334
1748	0.0000578461
1749	0.0000577318
1750	0.0000575741
1751	0.0000572373
1752	0.0000568160
1753	0.0000564400
1754	0.0000561336
1755	0.0000559811
1756	0.0000560054
1757	0.0000561168
1758	0.0000561458
1759	0.0000559987
1760	0.0000557421
1761	0.0000553932
1762	0.0000549443
1763	0.0000544307
1764	0.0000539156
1765	0.0000534418
1766	0.0000529774
1767	0.0000525638
1768	0.0000523039
1769	0.0000522774
1770	0.0000524536
1771	0.0000525912
1772	0.0000525773
1773	0.0000525720
1774	0.0000526346
1775	0.0000526714
1776	0.0000526243
1777	0.0000524502
1778	0.0000521174
1779	0.0000516383
1780	0.0000510953
1781	0.0000506067
1782	0.0000501530
1783	0.0000497110
1784	0.0000493298
1785	0.0000489002
1786	0.0000483600
1787	0.0000478465
1788	0.0000474330
1789	0.0000470486
1790	0.0000466499
1791	0.0000463263
1792	0.0000461381
1793	0.0000460712
1794	0.0000460590
1795	0.0000459957
1796	0.0000459252
1797	0.0000458744
1798	0.0000457978
1799	0.0000457474
1800	0.0000457019
1801	0.0000456228
1802	0.0000454896
1803	0.0000452427
1804	0.0000449428
1805	0.0000446282
1806	0.0000442873
1807	0.0000440031
1808	0.0000437858
1809	0.0000435597
1810	0.0000433441
1811	0.0000432181
1812	0.0000431816
1813	0.0000431897
1814	0.0000432153
1815	0.0000432098
1816	0.0000431552
1817	0.0000430801
1818	0.0000429821
1819	0.0000428469
1820	0.0000426693
1821	0.0000424505
1822	0.0000422330
1823	0.0000420762
1824	0.0000419829
1825	0.0000419167
1826	0.0000418639
1827	0.0000418259
1828	0.0000417873
1829	0.0000417328
1830	0.0000416724
1831	0.0000416240
1832	0.0000415961
1833	0.0000416016
1834	0.0000416564
1835	0.0000417448
1836	0.0000418309
1837	0.0000419028
1838	0.0000419587
1839	0.0000419984
1840	0.0000420166
1841	0.0000420108
1842	0.0000420067
1843	0.0000420112
1844	0.0000420317
1845	0.0000420963
1846	0.0000421705
1847	0.0000422105
1848	0.0000422255
1849	0.0000422366
1850	0.0000422691
1851	0.0000423205
1852	0.0000423640
1853	0.0000423936
1854	0.0000424038
1855	0.0000423911
1856	0.0000423877
1857	0.0000424227
1858	0.0000424611
1859	0.0000424687
1860	0.0000424832
1861	0.0000425212
1862	0.0000425494
1863	0.0000425753
1864	0.0000426183
1865	0.0000426484
1866	0.0000426175
1867	0.0000425038
1868	0.0000423282
1869	0.0000421341
1870	0.0000419525
1871	0.0000417806
1872	0.0000416130
1873	0.0000414700
1874	0.0000413396
1875	0.0000411748
1876	0.0000409702
1877	0.0000407603
1878	0.0000405668
1879	0.0000403697
1880	0.0000401270
1881	0.0000398279
1882	0.0000394713
1883	0.0000390354
1884	0.0000385583
1885	0.0000380957
1886	0.0000376337
1887	0.0000371281
1888	0.0000364885
1889	0.0000357074
1890	0.0000349184
1891	0.0000342008
1892	0.0000336091
1893	0.0000331111
1894	0.0000325429
1895	0.0000318893
1896	0.0000312884
1897	0.0000308355
1898	0.0000304609
1899	0.0000300653
1900	0.0000297108
1901	0.0000294175
1902	0.0000291281
1903	0.0000288419
1904	0.0000285914
1905	0.0000283720
1906	0.0000281189
1907	0.0000278865
1908	0.0000276707
1909	0.0000273278
1910	0.0000269778
1911	0.0000267858
1912	0.0000267288
1913	0.0000267914
1914	0.0000268780
1915	0.0000268521
1916	0.0000266718
1917	0.0000263422
1918	0.0000259502
1919	0.0000256378
1920	0.0000254344
1921	0.0000252860
1922	0.0000252112
1923	0.0000252304
1924	0.0000252798
1925	0.0000252141
1926	0.0000248727
1927	0.0000242857
1928	0.0000236445
1929	0.0000231167
1930	0.0000227573
1931	0.0000224164
1932	0.0000219621
1933	0.0000215324
1934	0.0000211796
1935	0.0000207541
1936	0.0000203355
1937	0.0000200691
1938	0.0000198477
1939	0.0000195691
1940	0.0000192717
1941	0.0000190586
1942	0.0000190102
1943	0.0000191071
1944	0.0000192629
1945	0.0000194079
1946	0.0000195206
1947	0.0000195216
1948	0.0000194227
1949	0.0000193799
1950	0.0000193757
1951	0.0000193509
1952	0.0000193397
1953	0.0000193665
1954	0.0000194817
1955	0.0000196548
1956	0.0000198298
1957	0.0000199916
1958	0.0000201146
1959	0.0000202222
1960	0.0000202722
1961	0.0000201874
1962	0.0000200092
1963	0.0000198337
1964	0.0000197509
1965	0.0000197733
1966	0.0000198161
1967	0.0000198110
1968	0.0000197701
1969	0.0000196890
1970	0.0000195433
1971	0.0000193901
1972	0.0000192364
1973	0.0000190348
1974	0.0000188444
1975	0.0000187348
1976	0.0000187138
1977	0.0000187597
1978	0.0000188379
1979	0.0000189312
1980	0.0000190089
1981	0.0000190583
1982	0.0000191264
1983	0.0000192223
1984	0.0000193032
1985	0.0000193660
1986	0.0000194235
1987	0.0000194669
1988	0.0000194881
1989	0.0000194707
1990	0.0000194052
1991	0.0000193193
1992	0.0000192453
1993	0.0000191907
1994	0.0000191507
1995	0.0000191127
1996	0.0000190866
1997	0.0000191031
1998	0.0000191608
1999	0.0000192621
2000	0.0000193994
2001	0.0000195439
2002	0.0000197061
2003	0.0000198948
2004	0.0000201169
2005	0.0000203559
2006	0.0000205688
2007	0.0000207579
2008	0.0000209228
2009	0.0000210847
2010	0.0000212475
2011	0.0000213646
2012	0.0000214720
2013	0.0000216117
2014	0.0000217786
2015	0.0000219379
2016	0.0000220500
2017	0.0000221647
2018	0.0000223038
2019	0.0000224443
2020	0.0000225524
2021	0.0000226038
2022	0.0000227007
2023	0.0000228534
2024	0.0000229765
2025	0.0000231370
2026	0.0000233773
2027	0.0000236705
2028	0.0000240498
2029	0.0000245134
2030	0.0000249978
2031	0.0000254544
2032	0.0000258533
2033	0.0000261422
2034	0.0000262512
2035	0.0000261910
2036	0.0000260819
2037	0.0000259877
2038	0.0000258747
2039	0.0000257479
2040	0.0000256229
2041	0.0000254926
2042	0.0000253739
2043	0.0000252629
2044	0.0000251550
2045	0.0000250925
2046	0.0000250933
2047	0.0000251321
2048	0.0000251609
2049	0.0000250996
2050	0.0000249253
2051	0.0000246994
2052	0.0000244996
2053	0.0000243847
2054	0.0000243284
2055	0.0000242992
2056	0.0000243177
2057	0.0000243501
2058	0.0000243456
2059	0.0000242837
2060	0.0000242076
2061	0.0000241891
2062	0.0000241872
2063	0.0000241662
2064	0.0000241816
2065	0.0000242471
2066	0.0000242995
2067	0.0000242862
2068	0.0000242595
2069	0.0000242747
2070	0.0000243011
2071	0.0000243207
2072	0.0000243209
2073	0.0000242737
2074	0.0000241952
2075	0.0000241184
2076	0.0000240494
2077	0.0000239800
2078	0.0000239103
2079	0.0000238513
2080	0.0000238124
2081	0.0000238042
2082	0.0000238388
2083	0.0000239044
2084	0.0000239801
2085	0.0000240675
2086	0.0000241706
2087	0.0000243036
2088	0.0000244861
2089	0.0000247025
2090	0.0000249203
2091	0.0000251192
2092	0.0000253045
2093	0.0000255027
2094	0.0000257207
2095	0.0000259455
2096	0.0000261756
2097	0.0000264093
2098	0.0000266236
2099	0.0000268034
2100	0.0000269488
2101	0.0000270410
2102	0.0000270782
2103	0.0000271061
2104	0.0000271638
2105	0.0000272686
2106	0.0000273942
2107	0.0000274843
2108	0.0000275471
2109	0.0000276095
2110	0.0000276676
2111	0.0000277303
2112	0.0000278132
2113	0.0000279111
2114	0.0000279296
2115	0.0000278042
2116	0.0000276422
2117	0.0000275401
2118	0.0000274785
2119	0.0000274259
2120	0.0000274341
2121	0.0000275008
2122	0.0000275021
2123	0.0000274594
2124	0.0000274285
2125	0.0000273671
2126	0.0000273492
2127	0.0000274299
2128	0.0000275635
2129	0.0000277314
2130	0.0000279158
2131	0.0000281017
2132	0.0000283130
2133	0.0000285640
2134	0.0000287460
2135	0.0000288005
2136	0.0000288715
2137	0.0000290559
2138	0.0000293281
2139	0.0000295865
2140	0.0000297394
2141	0.0000298521
2142	0.0000300020
2143	0.0000301770
2144	0.0000303265
2145	0.0000304087
2146	0.0000304415
2147	0.0000304489
2148	0.0000304653
2149	0.0000305448
2150	0.0000306854
2151	0.0000308494
2152	0.0000309976
2153	0.0000310912
2154	0.0000311519
2155	0.0000312406
2156	0.0000313611
2157	0.0000314947
2158	0.0000316308
2159	0.0000317568
2160	0.0000319083
2161	0.0000321097
2162	0.0000323453
2163	0.0000326320
2164	0.0000329516
2165	0.0000332238
2166	0.0000334240
2167	0.0000335728
2168	0.0000336579
2169	0.0000336707
2170	0.0000336276
2171	0.0000335504
2172	0.0000334606
2173	0.0000333674
2174	0.0000332576
2175	0.0000331125
2176	0.0000329232
2177	0.0000326315
2178	0.0000321949
2179	0.0000316598
2180	0.0000310516
2181	0.0000304315
2182	0.0000298828
2183	0.0000294116
2184	0.0000290523
2185	0.0000287945
2186	0.0000285213
2187	0.0000281400
2188	0.0000277257
2189	0.0000274790
2190	0.0000274021
2191	0.0000273344
2192	0.0000272265
2193	0.0000271594
2194	0.0000272163
2195	0.0000273335
2196	0.0000274490
2197	0.0000275645
2198	0.0000276301
2199	0.0000276806
2200	0.0000277971
2201	0.0000279543
2202	0.0000280625
2203	0.0000281002
2204	0.0000281916
2205	0.0000283974
2206	0.0000286241
2207	0.0000288815
2208	0.0000292856
2209	0.0000297552
2210	0.0000301306
2211	0.0000304662
2212	0.0000308292
2213	0.0000312055
2214	0.0000315769
2215	0.0000318261
2216	0.0000319276
2217	0.0000320126
2218	0.0000321088
2219	0.0000321889
2220	0.0000322447
2221	0.0000322404
2222	0.0000322018
2223	0.0000321655
2224	0.0000321313
2225	0.0000321160
2226	0.0000320747
2227	0.0000319727
2228	0.0000318638
2229	0.0000317870
2230	0.0000317189
2231	0.0000315997
2232	0.0000315013
2233	0.0000315461
2234	0.0000317001
2235	0.0000319209
2236	0.0000321872
2237	0.0000324850
2238	0.0000328207
2239	0.0000331211
2240	0.0000333029
2241	0.0000333365
2242	0.0000332647
2243	0.0000331740
2244	0.0000331545
2245	0.0000332612
2246	0.0000334200
2247	0.0000335495
2248	0.0000335665
2249	0.0000334241
2250	0.0000332337
2251	0.0000330447
2252	0.0000328909
2253	0.0000328034
2254	0.0000326741
2255	0.0000325015
2256	0.0000323467
2257	0.0000321369
2258	0.0000317751
2259	0.0000313493
2260	0.0000311256
2261	0.0000311747
2262	0.0000313614
2263	0.0000316562
2264	0.0000320760
2265	0.0000325070
2266	0.0000328317
2267	0.0000330994
2268	0.0000333243
2269	0.0000334450
2270	0.0000335132
2271	0.0000335564
2272	0.0000335644
2273	0.0000335912
2274	0.0000336297
2275	0.0000336555
2276	0.0000337273
2277	0.0000338604
2278	0.0000339955
2279	0.0000341036
2280	0.0000341892
2281	0.0000342930
2282	0.0000344890
2283	0.0000347886
2284	0.0000351301
2285	0.0000354510
2286	0.0000357178
2287	0.0000359179
2288	0.0000360555
2289	0.0000361559
2290	0.0000362305
2291	0.0000362655
2292	0.0000362559
2293	0.0000362105
2294	0.0000361338
2295	0.0000360261
2296	0.0000359020
2297	0.0000357793
2298	0.0000356430
2299	0.0000354919
2300	0.0000353640
2301	0.0000352596
2302	0.0000351875
2303	0.0000351856
2304	0.0000352285
2305	0.0000352784
2306	0.0000353018
2307	0.0000352717
2308	0.0000352162
2309	0.0000351470
2310	0.0000350616
2311	0.0000349573
2312	0.0000348380
2313	0.0000347508
2314	0.0000346984
2315	0.0000346189
2316	0.0000344637
2317	0.0000342679
2318	0.0000340967
2319	0.0000339155
2320	0.0000337044
2321	0.0000335441
2322	0.0000334696
2323	0.0000334003
2324	0.0000332566
2325	0.0000330495
2326	0.0000328146
2327	0.0000326035
2328	0.0000324406
2329	0.0000322591
2330	0.0000320170
2331	0.0000317276
2332	0.0000314346
2333	0.0000311967
2334	0.0000309916
2335	0.0000307580
2336	0.0000305021
2337	0.0000302586
2338	0.0000300190
2339	0.0000297883
2340	0.0000296059
2341	0.0000294607
2342	0.0000293180
2343	0.0000291853
2344	0.0000290959
2345	0.0000290497
2346	0.0000290005
2347	0.0000289449
2348	0.0000289049
2349	0.0000288610
2350	0.0000288134
2351	0.0000287862
2352	0.0000287768
2353	0.0000287737
2354	0.0000287749
2355	0.0000287861
2356	0.0000287931
2357	0.0000287901
2358	0.0000287884
2359	0.0000287357
2360	0.0000286349
2361	0.0000285525
2362	0.0000284424
2363	0.0000282798
2364	0.0000280946
2365	0.0000278913
2366	0.0000277535
2367	0.0000277518
2368	0.0000277926
2369	0.0000277190
2370	0.0000275311
2371	0.0000272999
2372	0.0000269773
2373	0.0000265505
2374	0.0000260791
2375	0.0000256517
2376	0.0000253707
2377	0.0000252154
2378	0.0000251117
2379	0.0000249828
2380	0.0000247757
2381	0.0000245311
2382	0.0000242964
2383	0.0000240904
2384	0.0000239044
2385	0.0000237434
2386	0.0000235979
2387	0.0000234155
2388	0.0000232219
2389	0.0000230579
2390	0.0000229604
2391	0.0000230070
2392	0.0000232091
2393	0.0000234922
2394	0.0000237255
2395	0.0000238344
2396	0.0000238688
2397	0.0000238749
2398	0.0000237923
2399	0.0000235620
2400	0.0000232602
2401	0.0000229352
2402	0.0000225470
2403	0.0000221162
2404	0.0000217600
2405	0.0000216136
2406	0.0000216063
2407	0.0000215759
2408	0.0000215637
2409	0.0000216247
2410	0.0000216935
2411	0.0000217508
2412	0.0000218511
2413	0.0000220148
2414	0.0000222155
2415	0.0000224346
2416	0.0000226021
2417	0.0000225938
2418	0.0000224211
2419	0.0000222334
2420	0.0000220519
2421	0.0000218111
2422	0.0000215415
2423	0.0000212219
2424	0.0000208525
2425	0.0000206171
2426	0.0000205844
2427	0.0000206367
2428	0.0000207380
2429	0.0000208427
2430	0.0000208705
2431	0.0000208868
2432	0.0000208982
2433	0.0000208414
2434	0.0000207783
2435	0.0000207293
2436	0.0000206516
2437	0.0000205185
2438	0.0000203381
2439	0.0000201559
2440	0.0000199814
2441	0.0000198076
2442	0.0000195500
2443	0.0000192005
2444	0.0000189126
2445	0.0000186890
2446	0.0000184622
2447	0.0000182107
2448	0.0000179309
2449	0.0000176792
2450	0.0000174352
2451	0.0000172321
2452	0.0000172241
2453	0.0000174040
2454	0.0000175823
2455	0.0000176188
2456	0.0000175312
2457	0.0000174142
2458	0.0000173550
2459	0.0000173448
2460	0.0000173620
2461	0.0000174583
2462	0.0000175789
2463	0.0000176438
2464	0.0000176669
2465	0.0000176810
2466	0.0000177073
2467	0.0000177227
2468	0.0000177798
2469	0.0000179450
2470	0.0000181689
2471	0.0000184236
2472	0.0000186992
2473	0.0000189350
2474	0.0000190508
2475	0.0000190579
2476	0.0000190462
2477	0.0000190111
2478	0.0000189275
2479	0.0000188255
2480	0.0000187304
2481	0.0000186940
2482	0.0000187700
2483	0.0000188921
2484	0.0000189244
2485	0.0000189291
2486	0.0000190424
2487	0.0000191881
2488	0.0000193643
2489	0.0000197389
2490	0.0000203632
2491	0.0000212189
2492	0.0000221900
2493	0.0000231321
2494	0.0000241717
2495	0.0000254575
2496	0.0000270057
2497	0.0000287414
2498	0.0000303574
2499	0.0000317264
2500	0.0000330867
2501	0.0000346913
2502	0.0000365620
2503	0.0000383955
2504	0.0000400965
2505	0.0000417920
2506	0.0000432791
2507	0.0000444618
2508	0.0000455223
2509	0.0000464494
2510	0.0000470993
2511	0.0000475023
2512	0.0000478549
2513	0.0000482697
2514	0.0000487419
2515	0.0000492414
2516	0.0000497538
2517	0.0000502452
2518	0.0000506539
2519	0.0000510533
2520	0.0000514549
2521	0.0000517791
2522	0.0000521132
2523	0.0000524772
2524	0.0000528457
2525	0.0000532709
2526	0.0000536870
2527	0.0000540420
2528	0.0000543949
2529	0.0000547657
2530	0.0000550956
2531	0.0000553604
2532	0.0000555996
2533	0.0000557966
2534	0.0000559236
2535	0.0000559946
2536	0.0000560464
2537	0.0000561444
2538	0.0000562773
2539	0.0000563610
2540	0.0000563785
2541	0.0000563840
2542	0.0000564014
2543	0.0000564104
2544	0.0000564092
2545	0.0000564101
2546	0.0000564257
2547	0.0000564527
2548	0.0000564677
2549	0.0000564925
2550	0.0000565533
2551	0.0000566179
2552	0.0000566664
2553	0.0000567135
2554	0.0000567692
2555	0.0000568419
2556	0.0000569362
2557	0.0000570507
2558	0.0000571766
2559	0.0000572768
2560	0.0000573112
2561	0.0000573116
2562	0.0000573592
2563	0.0000574534
2564	0.0000575075
2565	0.0000574773
2566	0.0000574053
2567	0.0000573472
2568	0.0000573074
2569	0.0000572712
2570	0.0000572477
2571	0.0000572404
2572	0.0000572436
2573	0.0000572951
2574	0.0000574108
2575	0.0000575444
2576	0.0000576995
2577	0.0000578327
2578	0.0000578190
2579	0.0000576439
2580	0.0000573900
2581	0.0000571592
2582	0.0000569745
2583	0.0000568428
2584	0.0000568475
2585	0.0000568898
2586	0.0000568452
2587	0.0000567458
2588	0.0000565630
2589	0.0000563589
2590	0.0000562592
2591	0.0000562387
2592	0.0000562773
2593	0.0000563858
2594	0.0000564551
2595	0.0000563756
2596	0.0000562720
2597	0.0000563010
2598	0.0000564472
2599	0.0000566796
2600	0.0000569908
2601	0.0000574069
2602	0.0000579301
2603	0.0000584214
2604	0.0000587248
2605	0.0000588873
2606	0.0000590627
2607	0.0000592252
2608	0.0000593496
2609	0.0000594696
2610	0.0000595311
2611	0.0000596558
2612	0.0000599983
2613	0.0000604965
2614	0.0000610144
2615	0.0000614187
2616	0.0000616949
2617	0.0000618636
2618	0.0000618981
2619	0.0000618490
2620	0.0000617993
2621	0.0000617792
2622	0.0000617552
2623	0.0000617188
2624	0.0000617183
2625	0.0000618115
2626	0.0000620190
2627	0.0000622829
2628	0.0000626252
2629	0.0000630454
2630	0.0000633626
2631	0.0000635429
2632	0.0000637514
2633	0.0000641090
2634	0.0000646431
2635	0.0000652540
2636	0.0000657780
2637	0.0000661097
2638	0.0000662604
2639	0.0000663504
2640	0.0000664336
2641	0.0000664951
2642	0.0000665923
2643	0.0000667606
2644	0.0000670182
2645	0.0000673957
2646	0.0000678517
2647	0.0000683118
2648	0.0000687055
2649	0.0000690418
2650	0.0000693206
2651	0.0000694694
2652	0.0000695127
2653	0.0000694187
2654	0.0000691087
2655	0.0000686427
2656	0.0000680163
2657	0.0000671581
2658	0.0000661614
2659	0.0000652089
2660	0.0000643121
2661	0.0000633687
2662	0.0000623252
2663	0.0000611966
2664	0.0000600649
2665	0.0000589688
2666	0.0000580315
2667	0.0000573285
2668	0.0000566632
2669	0.0000559574
2670	0.0000552286
2671	0.0000545071
2672	0.0000538449
2673	0.0000531715
2674	0.0000525147
2675	0.0000517676
2676	0.0000508338
2677	0.0000500043
2678	0.0000493014
2679	0.0000485354
2680	0.0000478500
2681	0.0000473913
2682	0.0000469448
2683	0.0000462946
2684	0.0000456335
2685	0.0000452085
2686	0.0000449725
2687	0.0000446645
2688	0.0000441976
2689	0.0000438101
2690	0.0000436462
2691	0.0000437780
2692	0.0000441282
2693	0.0000444691
2694	0.0000448572
2695	0.0000452625
2696	0.0000455558
2697	0.0000459126
2698	0.0000464158
2699	0.0000468806
2700	0.0000472338
2701	0.0000476228
2702	0.0000480221
2703	0.0000483078
2704	0.0000485190
2705	0.0000485347
2706	0.0000483395
2707	0.0000482239
2708	0.0000483164
2709	0.0000486738
2710	0.0000493151
2711	0.0000500390
2712	0.0000507479
2713	0.0000514848
2714	0.0000521020
2715	0.0000524729
2716	0.0000527907
2717	0.0000532778
2718	0.0000538803
2719	0.0000543905
2720	0.0000547493
2721	0.0000550810
2722	0.0000554190
2723	0.0000556792
2724	0.0000558936
2725	0.0000561558
2726	0.0000564450
2727	0.0000567723
2728	0.0000571661
2729	0.0000575041
2730	0.0000577067
2731	0.0000578202
2732	0.0000579525
2733	0.0000581918
2734	0.0000584624
2735	0.0000586954
2736	0.0000589120
2737	0.0000591124
2738	0.0000593140
2739	0.0000595141
2740	0.0000596986
2741	0.0000598750
2742	0.0000600259
2743	0.0000601279
2744	0.0000601603
2745	0.0000601333
2746	0.0000600997
2747	0.0000600825
2748	0.0000600622
2749	0.0000600310
2750	0.0000600038
2751	0.0000599901
2752	0.0000599900
2753	0.0000600004
2754	0.0000600209
2755	0.0000600549
2756	0.0000601089
2757	0.0000601843
2758	0.0000602620
2759	0.0000603290
2760	0.0000603833
2761	0.0000604101
2762	0.0000604135
2763	0.0000604203
2764	0.0000604288
2765	0.0000604140
2766	0.0000603498
2767	0.0000602183
2768	0.0000600307
2769	0.0000598195
2770	0.0000596428
2771	0.0000595151
2772	0.0000593768
2773	0.0000592590
2774	0.0000592249
2775	0.0000592422
2776	0.0000593064
2777	0.0000594311
2778	0.0000595842
2779	0.0000597254
2780	0.0000598132
2781	0.0000598392
2782	0.0000598537
2783	0.0000598779
2784	0.0000598301
2785	0.0000596820
2786	0.0000594757
2787	0.0000591648
2788	0.0000587859
2789	0.0000584932
2790	0.0000583131
2791	0.0000581940
2792	0.0000581170
2793	0.0000580568
2794	0.0000579616
2795	0.0000577740
2796	0.0000575238
2797	0.0000573114
2798	0.0000571660
2799	0.0000570526
2800	0.0000568995
2801	0.0000566508
2802	0.0000563519
2803	0.0000560299
2804	0.0000556613
2805	0.0000552335
2806	0.0000547229
2807	0.0000541685
2808	0.0000536704
2809	0.0000533183
2810	0.0000531037
2811	0.0000529028
2812	0.0000526561
2813	0.0000523777
2814	0.0000520889
2815	0.0000518186
2816	0.0000515309
2817	0.0000511908
2818	0.0000508753
2819	0.0000506402
2820	0.0000504300
2821	0.0000502691
2822	0.0000502045
2823	0.0000501628
2824	0.0000500777
2825	0.0000498744
2826	0.0000495634
2827	0.0000492531
2828	0.0000489825
2829	0.0000487655
2830	0.0000485416
2831	0.0000483434
2832	0.0000483064
2833	0.0000483611
2834	0.0000484784
2835	0.0000487328
2836	0.0000490372
2837	0.0000492517
2838	0.0000493701
2839	0.0000494679
2840	0.0000495692
2841	0.0000497075
2842	0.0000498967
2843	0.0000500826
2844	0.0000502252
2845	0.0000502943
2846	0.0000502838
2847	0.0000502269
2848	0.0000502183
2849	0.0000501989
2850	0.0000500174
2851	0.0000498690
2852	0.0000499675
2853	0.0000502585
2854	0.0000505615
2855	0.0000507274
2856	0.0000508535
2857	0.0000508785
2858	0.0000506370
2859	0.0000503416
2860	0.0000501446
2861	0.0000499229
2862	0.0000495995
2863	0.0000492365
2864	0.0000489005
2865	0.0000486268
2866	0.0000484274
2867	0.0000481125
2868	0.0000475599
2869	0.0000469739
2870	0.0000465166
2871	0.0000460721
2872	0.0000453703
2873	0.0000443578
2874	0.0000432889
2875	0.0000423518
2876	0.0000415412
2877	0.0000407496
2878	0.0000398983
2879	0.0000390653
2880	0.0000383043
2881	0.0000375474
2882	0.0000368341
2883	0.0000362010
2884	0.0000355405
2885	0.0000348894
2886	0.0000343340
2887	0.0000337653
2888	0.0000331362
2889	0.0000325390
2890	0.0000319400
2891	0.0000312607
2892	0.0000305389
2893	0.0000297824
2894	0.0000290317
2895	0.0000283111
2896	0.0000275176
2897	0.0000267426
2898	0.0000261110
2899	0.0000255653
2900	0.0000251477
2901	0.0000248634
2902	0.0000245624
2903	0.0000241936
2904	0.0000239007
2905	0.0000238367
2906	0.0000239269
2907	0.0000240268
2908	0.0000241723
2909	0.0000244002
2910	0.0000246071
2911	0.0000247618
2912	0.0000248908
2913	0.0000249572
2914	0.0000249791
2915	0.0000250061
2916	0.0000251089
2917	0.0000253083
2918	0.0000254714
2919	0.0000254741
2920	0.0000252702
2921	0.0000249484
2922	0.0000245952
2923	0.0000241868
2924	0.0000238275
2925	0.0000236080
2926	0.0000234975
2927	0.0000234215
2928	0.0000233024
2929	0.0000232099
2930	0.0000231897
2931	0.0000232343
2932	0.0000233912
2933	0.0000236324
2934	0.0000238931
2935	0.0000241236
2936	0.0000243048
2937	0.0000244191
2938	0.0000244838
2939	0.0000246152
2940	0.0000248307
2941	0.0000250602
2942	0.0000252866
2943	0.0000255342
2944	0.0000258425
2945	0.0000262077
2946	0.0000266076
2947	0.0000269813
2948	0.0000272746
2949	0.0000275200
2950	0.0000277038
2951	0.0000277931
2952	0.0000278483
2953	0.0000279546
2954	0.0000281323
2955	0.0000283506
2956	0.0000285791
2957	0.0000287672
2958	0.0000288943
2959	0.0000289930
2960	0.0000290523
2961	0.0000290621
2962	0.0000290632
2963	0.0000290701
2964	0.0000290700
2965	0.0000290628
2966	0.0000290398
2967	0.0000289776
2968	0.0000288666
2969	0.0000287371
2970	0.0000286347
2971	0.0000285731
2972	0.0000285535
2973	0.0000285576
2974	0.0000285806
2975	0.0000286941
2976	0.0000288960
2977	0.0000290626
2978	0.0000291734
2979	0.0000293278
2980	0.0000295684
2981	0.0000298819
2982	0.0000302468
2983	0.0000306188
2984	0.0000309715
2985	0.0000313203
2986	0.0000316818
2987	0.0000320184
2988	0.0000322761
2989	0.0000324580
2990	0.0000325870
2991	0.0000327126
2992	0.0000328829
2993	0.0000330708
2994	0.0000332384
2995	0.0000333675
2996	0.0000334659
2997	0.0000335619
2998	0.0000336640
2999	0.0000337794
