0	0.0000000000
1	0.0000000000
2	0.0000000000
3	0.0000000000
4	0.0000000000
5	0.0000000000
6	0.0000000000
7	0.0000000000
8	0.0000000000
9	0.0000000000
10	0.0000000000
11	0.0000000000
12	0.0000000000
13	0.0000000000
14	0.0000000000
15	0.0000000000
16	0.0000000000
17	0.0000000000
18	0.0000000000
19	0.0000000000
20	0.0000000000
21	0.0000000000
22	0.0000000000
23	0.0000000000
24	0.0000000000
25	0.0000000000
26	0.0000000000
27	0.0000000000
28	0.0000000000
29	0.0000000000
30	0.0000000000
31	0.0000000000
32	0.0000000001
33	0.0000000004
34	0.0000000012
35	0.0000000038
36	0.0000000106
37	0.0000000273
38	0.0000000647
39	0.0000001407
40	0.0000002799
41	0.0000005085
42	0.0000008421
43	0.0000012691
44	0.0000017404
45	0.0000021801
46	0.0000025238
47	0.0000027666
48	0.0000029810
49	0.0000032708
50	0.0000036829
51	0.0000041562
52	0.0000045769
53	0.0000049011
54	0.0000052110
55	0.0000056181
56	0.0000061196
57	0.0000065984
58	0.0000069849
59	0.0000073593
60	0.0000078324
61	0.0000083734
62	0.0000088571
63	0.0000092693
64	0.0000097304
65	0.0000102871
66	0.0000108299
67	0.0000112898
68	0.0000117645
69	0.0000123339
70	0.0000129076
71	0.0000134006
72	0.0000138994
73	0.0000144871
74	0.0000150744
75	0.0000155845
76	0.0000161111
77	0.0000167184
78	0.0000173044
79	0.0000178219
80	0.0000183791
81	0.0000189989
82	0.0000195688
83	0.0000200942
84	0.0000206831
85	0.0000212973
86	0.0000218427
87	0.0000223869
88	0.0000229975
89	0.0000235828
90	0.0000241113
91	0.0000246846
92	0.0000252902
93	0.0000258338
94	0.0000263694
95	0.0000269634
96	0.0000275309
97	0.0000280484
98	0.0000286093
99	0.0000291867
100	0.0000297025
101	0.0000302245
102	0.0000307908
103	0.0000313160
104	0.0000318165
105	0.0000323697
106	0.0000329138
107	0.0000334074
108	0.0000339274
109	0.0000344550
110	0.0000349212
111	0.0000353913
112	0.0000358981
113	0.0000363686
114	0.0000368284
115	0.0000373277
116	0.0000377965
117	0.0000382287
118	0.0000386994
119	0.0000391700
120	0.0000396049
121	0.0000400667
122	0.0000405317
123	0.0000409453
124	0.0000413685
125	0.0000418111
126	0.0000422107
127	0.0000426066
128	0.0000430264
129	0.0000434141
130	0.0000437985
131	0.0000442169
132	0.0000446062
133	0.0000449729
134	0.0000453675
135	0.0000457434
136	0.0000460920
137	0.0000464594
138	0.0000468059
139	0.0000471213
140	0.0000474611
141	0.0000477931
142	0.0000480921
143	0.0000484105
144	0.0000487315
145	0.0000490299
146	0.0000493492
147	0.0000496696
148	0.0000499634
149	0.0000502796
150	0.0000506025
151	0.0000508929
152	0.0000511933
153	0.0000515004
154	0.0000517793
155	0.0000520649
156	0.0000523500
157	0.0000526025
158	0.0000528590
159	0.0000531103
160	0.0000533186
161	0.0000535236
162	0.0000537359
163	0.0000539398
164	0.0000541845
165	0.0000544794
166	0.0000547907
167	0.0000551126
168	0.0000553743
169	0.0000554827
170	0.0000554365
171	0.0000552538
172	0.0000550067
173	0.0000548687
174	0.0000549505
175	0.0000552656
176	0.0000557772
177	0.0000563267
178	0.0000567437
179	0.0000569916
180	0.0000570968
181	0.0000571327
182	0.0000571856
183	0.0000572135
184	0.0000571154
185	0.0000568548
186	0.0000564547
187	0.0000560454
188	0.0000557847
189	0.0000556815
190	0.0000556552
191	0.0000556154
192	0.0000554877
193	0.0000553400
194	0.0000553070
195	0.0000553978
196	0.0000555535
197	0.0000557101
198	0.0000558000
199	0.0000558427
200	0.0000558972
201	0.0000559538
202	0.0000559885
203	0.0000559921
204	0.0000559583
205	0.0000558947
206	0.0000557773
207	0.0000555777
208	0.0000553309
209	0.0000550895
210	0.0000548713
211	0.0000546275
212	0.0000542740
213	0.0000538366
214	0.0000534285
215	0.0000530948
216	0.0000527890
217	0.0000524021
218	0.0000518925
219	0.0000514068
220	0.0000510556
221	0.0000507494
222	0.0000503736
223	0.0000498991
224	0.0000494196
225	0.0000490861
226	0.0000488420
227	0.0000485003
228	0.0000480598
229	0.0000476499
230	0.0000473609
231	0.0000471557
232	0.0000468594
233	0.0000464474
234	0.0000461134
235	0.0000459104
236	0.0000457117
237	0.0000454261
238	0.0000450658
239	0.0000447683
240	0.0000445954
241	0.0000443822
242	0.0000440440
243	0.0000437037
244	0.0000434519
245	0.0000432586
246	0.0000430125
247	0.0000426773
248	0.0000424060
249	0.0000422619
250	0.0000420938
251	0.0000418213
252	0.0000415021
253	0.0000412027
254	0.0000409272
255	0.0000405912
256	0.0000402015
257	0.0000399113
258	0.0000397462
259	0.0000395813
260	0.0000393538
261	0.0000390972
262	0.0000388745
263	0.0000386573
264	0.0000383396
265	0.0000379589
266	0.0000376329
267	0.0000373309
268	0.0000369723
269	0.0000365724
270	0.0000362086
271	0.0000359259
272	0.0000356568
273	0.0000353459
274	0.0000350705
275	0.0000348639
276	0.0000346495
277	0.0000343960
278	0.0000341470
279	0.0000339447
280	0.0000337458
281	0.0000334601
282	0.0000331329
283	0.0000328658
284	0.0000326096
285	0.0000322889
286	0.0000319422
287	0.0000316256
288	0.0000313288
289	0.0000309916
290	0.0000306133
291	0.0000302724
292	0.0000299733
293	0.0000296726
294	0.0000294174
295	0.0000292652
296	0.0000291886
297	0.0000291168
298	0.0000290193
299	0.0000289039
300	0.0000286784
301	0.0000282259
302	0.0000276454
303	0.0000271161
304	0.0000266809
305	0.0000263536
306	0.0000261831
307	0.0000261667
308	0.0000261969
309	0.0000261342
310	0.0000259752
311	0.0000257813
312	0.0000255153
313	0.0000251800
314	0.0000248654
315	0.0000245614
316	0.0000241535
317	0.0000235742
318	0.0000229104
319	0.0000223154
320	0.0000218141
321	0.0000213870
322	0.0000210831
323	0.0000208705
324	0.0000206525
325	0.0000204345
326	0.0000202906
327	0.0000202508
328	0.0000202858
329	0.0000203757
330	0.0000204966
331	0.0000205800
332	0.0000206568
333	0.0000208323
334	0.0000210564
335	0.0000212085
336	0.0000212808
337	0.0000213437
338	0.0000214390
339	0.0000215212
340	0.0000215988
341	0.0000217377
342	0.0000218085
343	0.0000217087
344	0.0000216366
345	0.0000217081
346	0.0000217871
347	0.0000217872
348	0.0000217534
349	0.0000217372
350	0.0000217029
351	0.0000216362
352	0.0000216468
353	0.0000217133
354	0.0000216748
355	0.0000215672
356	0.0000215255
357	0.0000215383
358	0.0000215394
359	0.0000215132
360	0.0000214829
361	0.0000214596
362	0.0000214372
363	0.0000214311
364	0.0000214322
365	0.0000214146
366	0.0000214007
367	0.0000214079
368	0.0000214222
369	0.0000214372
370	0.0000214516
371	0.0000214594
372	0.0000214709
373	0.0000215179
374	0.0000215778
375	0.0000216232
376	0.0000217755
377	0.0000221157
378	0.0000225141
379	0.0000228683
380	0.0000231664
381	0.0000233467
382	0.0000233371
383	0.0000231556
384	0.0000229536
385	0.0000229021
386	0.0000231586
387	0.0000239464
388	0.0000252174
389	0.0000265504
390	0.0000276979
391	0.0000286236
392	0.0000291974
393	0.0000293857
394	0.0000293835
395	0.0000294039
396	0.0000294758
397	0.0000295315
398	0.0000295980
399	0.0000296337
400	0.0000296109
401	0.0000298606
402	0.0000306400
403	0.0000317495
404	0.0000329526
405	0.0000341501
406	0.0000352467
407	0.0000361939
408	0.0000370547
409	0.0000379612
410	0.0000388669
411	0.0000395744
412	0.0000400454
413	0.0000402502
414	0.0000401492
415	0.0000399876
416	0.0000399747
417	0.0000399815
418	0.0000398721
419	0.0000397124
420	0.0000396384
421	0.0000397192
422	0.0000399965
423	0.0000404684
424	0.0000409559
425	0.0000413730
426	0.0000418982
427	0.0000425781
428	0.0000433239
429	0.0000441545
430	0.0000449916
431	0.0000456475
432	0.0000461025
433	0.0000465078
434	0.0000469651
435	0.0000473878
436	0.0000476723
437	0.0000478379
438	0.0000479041
439	0.0000479261
440	0.0000479909
441	0.0000480354
442	0.0000479757
443	0.0000478653
444	0.0000477548
445	0.0000476325
446	0.0000475051
447	0.0000473979
448	0.0000472965
449	0.0000471852
450	0.0000471176
451	0.0000471028
452	0.0000470783
453	0.0000470613
454	0.0000470800
455	0.0000471119
456	0.0000471998
457	0.0000473715
458	0.0000475411
459	0.0000476454
460	0.0000477346
461	0.0000478878
462	0.0000480968
463	0.0000482962
464	0.0000484714
465	0.0000486260
466	0.0000487572
467	0.0000488959
468	0.0000490413
469	0.0000491422
470	0.0000491804
471	0.0000491697
472	0.0000491315
473	0.0000490941
474	0.0000490531
475	0.0000489683
476	0.0000488279
477	0.0000486754
478	0.0000485316
479	0.0000483599
480	0.0000481529
481	0.0000479366
482	0.0000477098
483	0.0000474705
484	0.0000472141
485	0.0000469248
486	0.0000466322
487	0.0000463759
488	0.0000461236
489	0.0000458241
490	0.0000455059
491	0.0000452338
492	0.0000449868
493	0.0000447097
494	0.0000444316
495	0.0000441861
496	0.0000439470
497	0.0000437120
498	0.0000435036
499	0.0000433275
500	0.0000431909
501	0.0000430899
502	0.0000430004
503	0.0000429131
504	0.0000428375
505	0.0000427650
506	0.0000426646
507	0.0000425304
508	0.0000423908
509	0.0000422611
510	0.0000421247
511	0.0000419709
512	0.0000418220
513	0.0000417047
514	0.0000416257
515	0.0000415880
516	0.0000415833
517	0.0000415871
518	0.0000415731
519	0.0000414976
520	0.0000412951
521	0.0000409418
522	0.0000405216
523	0.0000401282
524	0.0000397496
525	0.0000393982
526	0.0000391382
527	0.0000389030
528	0.0000385933
529	0.0000382328
530	0.0000378609
531	0.0000375212
532	0.0000373061
533	0.0000372538
534	0.0000372830
535	0.0000372610
536	0.0000371088
537	0.0000368111
538	0.0000364182
539	0.0000360270
540	0.0000356113
541	0.0000350957
542	0.0000345154
543	0.0000337744
544	0.0000327252
545	0.0000315657
546	0.0000305982
547	0.0000298517
548	0.0000291998
549	0.0000285524
550	0.0000279005
551	0.0000272877
552	0.0000267788
553	0.0000264146
554	0.0000261992
555	0.0000261449
556	0.0000261492
557	0.0000260339
558	0.0000258645
559	0.0000257929
560	0.0000257733
561	0.0000257332
562	0.0000256139
563	0.0000253208
564	0.0000248863
565	0.0000244499
566	0.0000240605
567	0.0000236396
568	0.0000231200
569	0.0000224829
570	0.0000216971
571	0.0000208467
572	0.0000200996
573	0.0000194657
574	0.0000188783
575	0.0000182842
576	0.0000176196
577	0.0000169737
578	0.0000164988
579	0.0000161708
580	0.0000159185
581	0.0000157525
582	0.0000156684
583	0.0000156288
584	0.0000156374
585	0.0000157133
586	0.0000158243
587	0.0000159476
588	0.0000161125
589	0.0000163617
590	0.0000167081
591	0.0000170586
592	0.0000173202
593	0.0000175542
594	0.0000177980
595	0.0000179734
596	0.0000180506
597	0.0000180369
598	0.0000179285
599	0.0000177837
600	0.0000177047
601	0.0000177298
602	0.0000178025
603	0.0000178601
604	0.0000178686
605	0.0000177916
606	0.0000176587
607	0.0000175529
608	0.0000174746
609	0.0000173679
610	0.0000172239
611	0.0000170645
612	0.0000169188
613	0.0000168269
614	0.0000167919
615	0.0000167612
616	0.0000166987
617	0.0000166147
618	0.0000165174
619	0.0000164129
620	0.0000163384
621	0.0000163175
622	0.0000162906
623	0.0000162109
624	0.0000161533
625	0.0000161848
626	0.0000162853
627	0.0000164312
628	0.0000165786
629	0.0000167134
630	0.0000169105
631	0.0000171698
632	0.0000173970
633	0.0000175642
634	0.0000176955
635	0.0000178058
636	0.0000179100
637	0.0000180077
638	0.0000180668
639	0.0000180559
640	0.0000179958
641	0.0000179299
642	0.0000178706
643	0.0000178350
644	0.0000178386
645	0.0000178528
646	0.0000178550
647	0.0000178590
648	0.0000178711
649	0.0000178761
650	0.0000178620
651	0.0000178316
652	0.0000178000
653	0.0000177831
654	0.0000177869
655	0.0000178139
656	0.0000178723
657	0.0000179719
658	0.0000181109
659	0.0000182911
660	0.0000185430
661	0.0000188526
662	0.0000191450
663	0.0000194515
664	0.0000198603
665	0.0000203071
666	0.0000206838
667	0.0000209902
668	0.0000212787
669	0.0000216122
670	0.0000219921
671	0.0000223373
672	0.0000226150
673	0.0000228625
674	0.0000231002
675	0.0000233196
676	0.0000235216
677	0.0000237098
678	0.0000238614
679	0.0000239829
680	0.0000241187
681	0.0000242490
682	0.0000243326
683	0.0000243884
684	0.0000244301
685	0.0000244520
686	0.0000244546
687	0.0000244164
688	0.0000243262
689	0.0000242219
690	0.0000241463
691	0.0000240996
692	0.0000240497
693	0.0000239732
694	0.0000238753
695	0.0000237783
696	0.0000237070
697	0.0000236650
698	0.0000236294
699	0.0000235846
700	0.0000235248
701	0.0000234427
702	0.0000233428
703	0.0000232238
704	0.0000231057
705	0.0000230364
706	0.0000229577
707	0.0000227705
708	0.0000225541
709	0.0000224396
710	0.0000224130
711	0.0000224037
712	0.0000223831
713	0.0000223588
714	0.0000223569
715	0.0000223856
716	0.0000223897
717	0.0000223186
718	0.0000222467
719	0.0000222610
720	0.0000223714
721	0.0000226466
722	0.0000231280
723	0.0000237381
724	0.0000244108
725	0.0000250144
726	0.0000253724
727	0.0000254780
728	0.0000254106
729	0.0000252308
730	0.0000250156
731	0.0000248346
732	0.0000247988
733	0.0000249993
734	0.0000253027
735	0.0000254620
736	0.0000254278
737	0.0000252974
738	0.0000250656
739	0.0000247271
740	0.0000243905
741	0.0000240797
742	0.0000237432
743	0.0000233747
744	0.0000229761
745	0.0000226265
746	0.0000224470
747	0.0000224493
748	0.0000225846
749	0.0000227724
750	0.0000229415
751	0.0000231093
752	0.0000232547
753	0.0000233078
754	0.0000233294
755	0.0000234391
756	0.0000236147
757	0.0000237437
758	0.0000238001
759	0.0000238295
760	0.0000238590
761	0.0000239313
762	0.0000240909
763	0.0000243394
764	0.0000246626
765	0.0000250018
766	0.0000253012
767	0.0000256086
768	0.0000259790
769	0.0000264071
770	0.0000269065
771	0.0000274639
772	0.0000279828
773	0.0000283817
774	0.0000286574
775	0.0000288389
776	0.0000289609
777	0.0000290850
778	0.0000292704
779	0.0000294947
780	0.0000296843
781	0.0000298150
782	0.0000299251
783	0.0000300733
784	0.0000302532
785	0.0000303866
786	0.0000304658
787	0.0000305356
788	0.0000305800
789	0.0000305994
790	0.0000306338
791	0.0000306890
792	0.0000307594
793	0.0000308345
794	0.0000309003
795	0.0000309759
796	0.0000310926
797	0.0000312591
798	0.0000314495
799	0.0000316248
800	0.0000317786
801	0.0000319272
802	0.0000320681
803	0.0000321859
804	0.0000322877
805	0.0000323508
806	0.0000323100
807	0.0000321945
808	0.0000320748
809	0.0000319262
810	0.0000317323
811	0.0000315171
812	0.0000312856
813	0.0000310536
814	0.0000308094
815	0.0000305417
816	0.0000302997
817	0.0000300882
818	0.0000298619
819	0.0000296411
820	0.0000294958
821	0.0000294428
822	0.0000294242
823	0.0000293851
824	0.0000293372
825	0.0000293633
826	0.0000294913
827	0.0000296110
828	0.0000296672
829	0.0000296940
830	0.0000296696
831	0.0000296051
832	0.0000295424
833	0.0000294720
834	0.0000293901
835	0.0000292585
836	0.0000290952
837	0.0000290344
838	0.0000290296
839	0.0000289025
840	0.0000286807
841	0.0000284861
842	0.0000283232
843	0.0000281580
844	0.0000279939
845	0.0000278290
846	0.0000276732
847	0.0000275772
848	0.0000275532
849	0.0000275646
850	0.0000275706
851	0.0000275150
852	0.0000273814
853	0.0000272073
854	0.0000270207
855	0.0000268386
856	0.0000266472
857	0.0000264173
858	0.0000261656
859	0.0000259263
860	0.0000257181
861	0.0000255375
862	0.0000253775
863	0.0000252713
864	0.0000252447
865	0.0000252487
866	0.0000252006
867	0.0000250603
868	0.0000248560
869	0.0000246360
870	0.0000243994
871	0.0000241179
872	0.0000238358
873	0.0000236078
874	0.0000233486
875	0.0000229662
876	0.0000224986
877	0.0000220147
878	0.0000215998
879	0.0000213324
880	0.0000211987
881	0.0000211594
882	0.0000211758
883	0.0000211967
884	0.0000212141
885	0.0000212318
886	0.0000212453
887	0.0000212722
888	0.0000213234
889	0.0000213762
890	0.0000213712
891	0.0000212809
892	0.0000211933
893	0.0000212049
894	0.0000212769
895	0.0000213341
896	0.0000213801
897	0.0000213919
898	0.0000213425
899	0.0000213245
900	0.0000213765
901	0.0000213997
902	0.0000213215
903	0.0000211141
904	0.0000208138
905	0.0000205029
906	0.0000201921
907	0.0000198992
908	0.0000196511
909	0.0000194037
910	0.0000191316
911	0.0000187943
912	0.0000183640
913	0.0000179661
914	0.0000177007
915	0.0000175294
916	0.0000174314
917	0.0000173564
918	0.0000171636
919	0.0000168730
920	0.0000167313
921	0.0000167974
922	0.0000168412
923	0.0000167711
924	0.0000166745
925	0.0000165730
926	0.0000164620
927	0.0000163535
928	0.0000162934
929	0.0000163383
930	0.0000163962
931	0.0000163516
932	0.0000162276
933	0.0000160442
934	0.0000158103
935	0.0000155645
936	0.0000152892
937	0.0000149557
938	0.0000145806
939	0.0000142158
940	0.0000139499
941	0.0000138105
942	0.0000137079
943	0.0000135631
944	0.0000133871
945	0.0000132094
946	0.0000130479
947	0.0000129519
948	0.0000129701
949	0.0000130927
950	0.0000132731
951	0.0000134915
952	0.0000137568
953	0.0000140486
954	0.0000143750
955	0.0000147693
956	0.0000151392
957	0.0000154159
958	0.0000157045
959	0.0000160181
960	0.0000162377
961	0.0000163633
962	0.0000165354
963	0.0000168892
964	0.0000174186
965	0.0000179969
966	0.0000185225
967	0.0000189681
968	0.0000193923
969	0.0000198843
970	0.0000204338
971	0.0000209375
972	0.0000213258
973	0.0000216165
974	0.0000218379
975	0.0000220399
976	0.0000223250
977	0.0000227412
978	0.0000233362
979	0.0000241042
980	0.0000248728
981	0.0000256967
982	0.0000267979
983	0.0000280233
984	0.0000291576
985	0.0000303019
986	0.0000315976
987	0.0000330382
988	0.0000344639
989	0.0000357666
990	0.0000370225
991	0.0000382400
992	0.0000393860
993	0.0000405056
994	0.0000414872
995	0.0000421452
996	0.0000425836
997	0.0000430717
998	0.0000436713
999	0.0000443043
1000	0.0000449504
1001	0.0000455813
1002	0.0000461744
1003	0.0000467399
1004	0.0000473009
1005	0.0000479481
1006	0.0000486522
1007	0.0000492236
1008	0.0000496151
1009	0.0000498866
1010	0.0000500715
1011	0.0000501974
1012	0.0000502337
1013	0.0000501795
1014	0.0000501035
1015	0.0000500428
1016	0.0000500209
1017	0.0000500262
1018	0.0000500433
1019	0.0000501472
1020	0.0000503749
1021	0.0000506538
1022	0.0000509701
1023	0.0000513816
1024	0.0000518448
1025	0.0000522610
1026	0.0000526239
1027	0.0000529542
1028	0.0000532570
1029	0.0000535517
1030	0.0000538301
1031	0.0000540612
1032	0.0000542195
1033	0.0000543324
1034	0.0000544644
1035	0.0000546201
1036	0.0000548072
1037	0.0000550131
1038	0.0000551541
1039	0.0000552606
1040	0.0000554205
1041	0.0000556231
1042	0.0000558220
1043	0.0000559438
1044	0.0000560218
1045	0.0000562164
1046	0.0000564981
1047	0.0000567127
1048	0.0000568760
1049	0.0000570555
1050	0.0000572080
1051	0.0000572928
1052	0.0000573223
1053	0.0000572638
1054	0.0000570928
1055	0.0000568973
1056	0.0000568071
1057	0.0000568480
1058	0.0000569146
1059	0.0000569716
1060	0.0000570522
1061	0.0000570335
1062	0.0000568657
1063	0.0000566869
1064	0.0000565457
1065	0.0000565466
1066	0.0000569098
1067	0.0000576862
1068	0.0000587446
1069	0.0000598429
1070	0.0000608167
1071	0.0000616673
1072	0.0000622755
1073	0.0000625259
1074	0.0000625967
1075	0.0000627616
1076	0.0000632142
1077	0.0000639921
1078	0.0000649250
1079	0.0000658530
1080	0.0000667711
1081	0.0000676795
1082	0.0000684932
1083	0.0000691473
1084	0.0000696608
1085	0.0000701220
1086	0.0000706123
1087	0.0000710233
1088	0.0000711928
1089	0.0000711870
1090	0.0000710987
1091	0.0000709441
1092	0.0000708452
1093	0.0000708708
1094	0.0000709240
1095	0.0000709259
1096	0.0000708888
1097	0.0000708404
1098	0.0000707304
1099	0.0000705288
1100	0.0000703275
1101	0.0000701583
1102	0.0000699688
1103	0.0000697145
1104	0.0000692982
1105	0.0000687199
1106	0.0000681732
1107	0.0000677799
1108	0.0000675044
1109	0.0000673114
1110	0.0000671801
1111	0.0000670719
1112	0.0000669567
1113	0.0000667989
1114	0.0000666026
1115	0.0000664622
1116	0.0000663964
1117	0.0000663008
1118	0.0000661337
1119	0.0000658747
1120	0.0000654958
1121	0.0000650558
1122	0.0000645377
1123	0.0000638169
1124	0.0000628659
1125	0.0000617838
1126	0.0000607111
1127	0.0000596525
1128	0.0000585337
1129	0.0000574789
1130	0.0000565937
1131	0.0000557675
1132	0.0000549326
1133	0.0000540581
1134	0.0000530825
1135	0.0000520824
1136	0.0000512050
1137	0.0000504282
1138	0.0000495219
1139	0.0000483218
1140	0.0000469534
1141	0.0000455850
1142	0.0000441873
1143	0.0000427508
1144	0.0000414305
1145	0.0000402788
1146	0.0000391703
1147	0.0000380524
1148	0.0000369394
1149	0.0000359044
1150	0.0000351233
1151	0.0000345771
1152	0.0000341024
1153	0.0000337268
1154	0.0000335294
1155	0.0000335227
1156	0.0000336645
1157	0.0000338161
1158	0.0000339078
1159	0.0000339359
1160	0.0000338709
1161	0.0000337644
1162	0.0000336510
1163	0.0000334669
1164	0.0000332134
1165	0.0000329575
1166	0.0000326955
1167	0.0000323900
1168	0.0000321080
1169	0.0000319108
1170	0.0000316832
1171	0.0000313395
1172	0.0000309813
1173	0.0000306865
1174	0.0000304207
1175	0.0000301676
1176	0.0000299248
1177	0.0000296922
1178	0.0000295415
1179	0.0000294828
1180	0.0000294379
1181	0.0000294302
1182	0.0000294496
1183	0.0000293723
1184	0.0000291792
1185	0.0000289388
1186	0.0000287430
1187	0.0000286386
1188	0.0000285159
1189	0.0000283107
1190	0.0000280792
1191	0.0000278395
1192	0.0000275867
1193	0.0000272691
1194	0.0000268312
1195	0.0000263634
1196	0.0000260228
1197	0.0000258686
1198	0.0000258346
1199	0.0000258484
1200	0.0000258833
1201	0.0000258559
1202	0.0000257058
1203	0.0000255041
1204	0.0000253029
1205	0.0000250853
1206	0.0000249033
1207	0.0000248200
1208	0.0000247975
1209	0.0000248143
1210	0.0000247997
1211	0.0000245566
1212	0.0000241223
1213	0.0000237827
1214	0.0000236167
1215	0.0000233914
1216	0.0000228649
1217	0.0000221430
1218	0.0000214083
1219	0.0000204924
1220	0.0000193676
1221	0.0000182966
1222	0.0000173330
1223	0.0000164900
1224	0.0000158333
1225	0.0000152913
1226	0.0000148553
1227	0.0000145127
1228	0.0000141499
1229	0.0000138137
1230	0.0000136622
1231	0.0000137478
1232	0.0000139911
1233	0.0000142299
1234	0.0000143455
1235	0.0000143534
1236	0.0000143448
1237	0.0000143961
1238	0.0000145232
1239	0.0000146350
1240	0.0000146277
1241	0.0000145571
1242	0.0000145136
1243	0.0000144893
1244	0.0000145046
1245	0.0000146125
1246	0.0000147741
1247	0.0000148995
1248	0.0000150438
1249	0.0000153244
1250	0.0000156018
1251	0.0000157339
1252	0.0000158855
1253	0.0000161577
1254	0.0000164662
1255	0.0000167446
1256	0.0000169073
1257	0.0000169441
1258	0.0000169645
1259	0.0000170028
1260	0.0000170265
1261	0.0000170324
1262	0.0000170317
1263	0.0000170293
1264	0.0000170288
1265	0.0000170428
1266	0.0000170747
1267	0.0000171248
1268	0.0000172308
1269	0.0000174317
1270	0.0000177136
1271	0.0000180321
1272	0.0000183569
1273	0.0000186638
1274	0.0000189281
1275	0.0000191362
1276	0.0000192677
1277	0.0000193265
1278	0.0000193801
1279	0.0000195339
1280	0.0000198715
1281	0.0000203404
1282	0.0000208001
1283	0.0000212285
1284	0.0000216525
1285	0.0000220301
1286	0.0000223386
1287	0.0000225337
1288	0.0000225563
1289	0.0000224813
1290	0.0000224279
1291	0.0000224515
1292	0.0000225954
1293	0.0000228740
1294	0.0000232454
1295	0.0000236046
1296	0.0000238912
1297	0.0000242496
1298	0.0000247909
1299	0.0000253678
1300	0.0000258975
1301	0.0000264934
1302	0.0000271442
1303	0.0000276848
1304	0.0000280394
1305	0.0000282370
1306	0.0000283442
1307	0.0000284691
1308	0.0000286650
1309	0.0000288964
1310	0.0000291467
1311	0.0000293981
1312	0.0000296413
1313	0.0000299329
1314	0.0000302857
1315	0.0000306479
1316	0.0000309777
1317	0.0000312623
1318	0.0000315293
1319	0.0000317501
1320	0.0000318407
1321	0.0000317964
1322	0.0000316707
1323	0.0000315615
1324	0.0000315562
1325	0.0000316205
1326	0.0000316847
1327	0.0000317135
1328	0.0000317252
1329	0.0000317707
1330	0.0000318080
1331	0.0000318190
1332	0.0000318917
1333	0.0000320014
1334	0.0000320643
1335	0.0000321167
1336	0.0000322079
1337	0.0000323309
1338	0.0000324758
1339	0.0000326236
1340	0.0000327578
1341	0.0000329063
1342	0.0000331136
1343	0.0000334218
1344	0.0000338652
1345	0.0000343832
1346	0.0000348442
1347	0.0000352134
1348	0.0000355725
1349	0.0000359723
1350	0.0000363509
1351	0.0000366447
1352	0.0000368869
1353	0.0000371038
1354	0.0000372608
1355	0.0000373370
1356	0.0000373427
1357	0.0000372950
1358	0.0000372209
1359	0.0000371648
1360	0.0000371505
1361	0.0000371644
1362	0.0000371862
1363	0.0000371862
1364	0.0000371764
1365	0.0000371826
1366	0.0000371352
1367	0.0000369984
1368	0.0000368176
1369	0.0000365736
1370	0.0000362645
1371	0.0000359588
1372	0.0000356592
1373	0.0000353222
1374	0.0000349764
1375	0.0000347272
1376	0.0000346606
1377	0.0000347515
1378	0.0000348773
1379	0.0000349470
1380	0.0000350192
1381	0.0000352232
1382	0.0000355143
1383	0.0000356224
1384	0.0000354490
1385	0.0000352099
1386	0.0000349513
1387	0.0000345763
1388	0.0000342063
1389	0.0000338628
1390	0.0000334238
1391	0.0000329807
1392	0.0000326556
1393	0.0000324264
1394	0.0000322142
1395	0.0000319558
1396	0.0000316812
1397	0.0000314092
1398	0.0000311463
1399	0.0000309871
1400	0.0000309995
1401	0.0000311864
1402	0.0000314702
1403	0.0000317241
1404	0.0000319390
1405	0.0000321288
1406	0.0000322356
1407	0.0000322474
1408	0.0000321983
1409	0.0000321596
1410	0.0000322065
1411	0.0000323127
1412	0.0000324128
1413	0.0000324776
1414	0.0000324832
1415	0.0000324132
1416	0.0000322738
1417	0.0000320980
1418	0.0000319427
1419	0.0000318236
1420	0.0000317281
1421	0.0000317022
1422	0.0000317636
1423	0.0000318534
1424	0.0000319748
1425	0.0000321440
1426	0.0000323025
1427	0.0000324218
1428	0.0000325141
1429	0.0000325690
1430	0.0000325603
1431	0.0000324747
1432	0.0000323350
1433	0.0000321591
1434	0.0000319395
1435	0.0000316901
1436	0.0000314578
1437	0.0000312702
1438	0.0000311121
1439	0.0000310171
1440	0.0000310386
1441	0.0000311154
1442	0.0000311848
1443	0.0000312812
1444	0.0000314223
1445	0.0000315794
1446	0.0000317330
1447	0.0000318932
1448	0.0000320714
1449	0.0000322668
1450	0.0000324945
1451	0.0000327078
1452	0.0000327817
1453	0.0000327175
1454	0.0000326878
1455	0.0000327925
1456	0.0000329559
1457	0.0000330585
1458	0.0000330186
1459	0.0000328570
1460	0.0000326761
1461	0.0000324985
1462	0.0000323276
1463	0.0000322287
1464	0.0000322068
1465	0.0000321913
1466	0.0000320822
1467	0.0000318929
1468	0.0000317941
1469	0.0000318435
1470	0.0000319920
1471	0.0000321891
1472	0.0000323582
1473	0.0000325524
1474	0.0000328095
1475	0.0000330423
1476	0.0000333090
1477	0.0000336389
1478	0.0000338972
1479	0.0000340797
1480	0.0000342353
1481	0.0000342845
1482	0.0000341880
1483	0.0000340272
1484	0.0000337763
1485	0.0000333130
1486	0.0000327408
1487	0.0000322272
1488	0.0000317693
1489	0.0000314889
1490	0.0000315855
1491	0.0000319788
1492	0.0000323631
1493	0.0000324552
1494	0.0000322345
1495	0.0000319857
1496	0.0000319205
1497	0.0000319397
1498	0.0000319294
1499	0.0000319479
1500	0.0000320540
1501	0.0000322724
1502	0.0000325687
1503	0.0000328264
1504	0.0000330377
1505	0.0000332256
1506	0.0000333380
1507	0.0000333986
1508	0.0000334318
1509	0.0000334490
1510	0.0000335210
1511	0.0000336321
1512	0.0000337484
1513	0.0000338930
1514	0.0000340582
1515	0.0000342796
1516	0.0000345952
1517	0.0000349307
1518	0.0000351983
1519	0.0000353762
1520	0.0000354801
1521	0.0000355341
1522	0.0000355744
1523	0.0000356156
1524	0.0000356241
1525	0.0000355987
1526	0.0000355717
1527	0.0000355441
1528	0.0000355186
1529	0.0000355071
1530	0.0000355054
1531	0.0000355004
1532	0.0000354707
1533	0.0000354184
1534	0.0000353607
1535	0.0000352540
1536	0.0000350660
1537	0.0000349049
1538	0.0000348858
1539	0.0000349877
1540	0.0000351386
1541	0.0000352726
1542	0.0000353446
1543	0.0000353378
1544	0.0000352517
1545	0.0000350764
1546	0.0000347225
1547	0.0000342106
1548	0.0000337557
1549	0.0000333766
1550	0.0000329836
1551	0.0000327037
1552	0.0000326286
1553	0.0000326990
1554	0.0000327895
1555	0.0000327568
1556	0.0000326626
1557	0.0000326852
1558	0.0000328784
1559	0.0000331907
1560	0.0000334930
1561	0.0000337251
1562	0.0000339575
1563	0.0000342034
1564	0.0000344420
1565	0.0000346867
1566	0.0000348956
1567	0.0000350063
1568	0.0000350146
1569	0.0000349543
1570	0.0000348670
1571	0.0000347857
1572	0.0000347233
1573	0.0000346734
1574	0.0000346198
1575	0.0000345566
1576	0.0000344892
1577	0.0000343944
1578	0.0000342553
1579	0.0000341316
1580	0.0000340669
1581	0.0000340196
1582	0.0000339605
1583	0.0000338724
1584	0.0000337025
1585	0.0000335037
1586	0.0000334180
1587	0.0000333884
1588	0.0000332596
1589	0.0000330826
1590	0.0000329664
1591	0.0000329304
1592	0.0000329542
1593	0.0000329725
1594	0.0000330089
1595	0.0000331396
1596	0.0000332848
1597	0.0000333255
1598	0.0000332253
1599	0.0000330125
1600	0.0000327843
1601	0.0000326043
1602	0.0000324758
1603	0.0000324008
1604	0.0000323603
1605	0.0000323361
1606	0.0000323245
1607	0.0000323261
1608	0.0000323666
1609	0.0000324557
1610	0.0000325517
1611	0.0000326145
1612	0.0000326432
1613	0.0000326347
1614	0.0000325496
1615	0.0000323451
1616	0.0000320443
1617	0.0000317525
1618	0.0000315504
1619	0.0000314454
1620	0.0000314582
1621	0.0000315867
1622	0.0000317437
1623	0.0000318855
1624	0.0000320254
1625	0.0000320652
1626	0.0000319253
1627	0.0000317484
1628	0.0000316464
1629	0.0000315898
1630	0.0000316131
1631	0.0000317095
1632	0.0000317616
1633	0.0000316921
1634	0.0000315359
1635	0.0000314417
1636	0.0000314341
1637	0.0000313732
1638	0.0000312567
1639	0.0000312081
1640	0.0000313557
1641	0.0000316997
1642	0.0000320968
1643	0.0000325869
1644	0.0000333016
1645	0.0000342773
1646	0.0000355246
1647	0.0000368065
1648	0.0000378637
1649	0.0000387499
1650	0.0000394255
1651	0.0000397429
1652	0.0000398076
1653	0.0000398444
1654	0.0000399269
1655	0.0000399512
1656	0.0000398778
1657	0.0000397909
1658	0.0000397077
1659	0.0000396776
1660	0.0000398500
1661	0.0000402685
1662	0.0000408250
1663	0.0000413535
1664	0.0000416764
1665	0.0000417147
1666	0.0000415950
1667	0.0000415151
1668	0.0000416278
1669	0.0000420065
1670	0.0000424760
1671	0.0000428304
1672	0.0000431871
1673	0.0000437181
1674	0.0000443638
1675	0.0000449716
1676	0.0000455130
1677	0.0000461011
1678	0.0000467946
1679	0.0000475289
1680	0.0000481650
1681	0.0000486326
1682	0.0000490361
1683	0.0000494160
1684	0.0000497427
1685	0.0000500401
1686	0.0000502263
1687	0.0000502893
1688	0.0000503311
1689	0.0000503121
1690	0.0000502634
1691	0.0000502772
1692	0.0000502528
1693	0.0000501314
1694	0.0000499973
1695	0.0000498667
1696	0.0000496731
1697	0.0000494060
1698	0.0000491133
1699	0.0000487562
1700	0.0000482837
1701	0.0000477933
1702	0.0000474159
1703	0.0000471971
1704	0.0000471028
1705	0.0000470070
1706	0.0000467760
1707	0.0000464327
1708	0.0000461280
1709	0.0000459593
1710	0.0000459135
1711	0.0000459162
1712	0.0000459128
1713	0.0000459201
1714	0.0000459743
1715	0.0000461056
1716	0.0000463022
1717	0.0000464860
1718	0.0000466121
1719	0.0000467175
1720	0.0000468783
1721	0.0000471097
1722	0.0000473685
1723	0.0000476900
1724	0.0000480874
1725	0.0000485070
1726	0.0000489398
1727	0.0000493186
1728	0.0000495981
1729	0.0000498347
1730	0.0000500006
1731	0.0000500535
1732	0.0000499622
1733	0.0000496833
1734	0.0000493525
1735	0.0000491009
1736	0.0000488414
1737	0.0000485160
1738	0.0000482339
1739	0.0000480741
1740	0.0000479032
1741	0.0000475874
1742	0.0000472181
1743	0.0000468786
1744	0.0000465504
1745	0.0000462587
1746	0.0000460240
1747	0.0000458423
1748	0.0000457094
1749	0.0000455774
1750	0.0000453982
1751	0.0000451389
1752	0.0000447477
1753	0.0000442222
1754	0.0000436661
1755	0.0000432024
1756	0.0000428801
1757	0.0000426854
1758	0.0000425654
1759	0.0000424648
1760	0.0000423794
1761	0.0000423222
1762	0.0000422726
1763	0.0000422014
1764	0.0000421092
1765	0.0000420215
1766	0.0000419526
1767	0.0000419026
1768	0.0000418729
1769	0.0000418570
1770	0.0000418503
1771	0.0000418555
1772	0.0000418658
1773	0.0000418816
1774	0.0000419116
1775	0.0000419408
1776	0.0000419177
1777	0.0000417779
1778	0.0000415214
1779	0.0000411966
1780	0.0000407974
1781	0.0000403109
1782	0.0000397496
1783	0.0000391404
1784	0.0000385645
1785	0.0000380153
1786	0.0000374039
1787	0.0000367711
1788	0.0000361441
1789	0.0000354959
1790	0.0000349267
1791	0.0000344986
1792	0.0000341704
1793	0.0000338886
1794	0.0000335227
1795	0.0000330365
1796	0.0000325758
1797	0.0000321869
1798	0.0000318081
1799	0.0000314466
1800	0.0000311041
1801	0.0000307756
1802	0.0000304884
1803	0.0000301326
1804	0.0000296033
1805	0.0000291011
1806	0.0000288165
1807	0.0000286120
1808	0.0000283325
1809	0.0000280072
1810	0.0000276199
1811	0.0000271047
1812	0.0000266202
1813	0.0000263187
1814	0.0000260203
1815	0.0000255823
1816	0.0000250680
1817	0.0000244775
1818	0.0000237803
1819	0.0000230120
1820	0.0000222833
1821	0.0000216949
1822	0.0000212492
1823	0.0000209452
1824	0.0000206952
1825	0.0000204213
1826	0.0000202397
1827	0.0000201389
1828	0.0000200240
1829	0.0000199347
1830	0.0000198620
1831	0.0000198301
1832	0.0000198494
1833	0.0000198671
1834	0.0000200607
1835	0.0000205480
1836	0.0000211160
1837	0.0000215396
1838	0.0000217060
1839	0.0000216547
1840	0.0000215665
1841	0.0000215390
1842	0.0000215629
1843	0.0000216540
1844	0.0000218554
1845	0.0000221442
1846	0.0000224493
1847	0.0000227448
1848	0.0000230544
1849	0.0000234201
1850	0.0000238194
1851	0.0000241846
1852	0.0000245361
1853	0.0000248781
1854	0.0000251673
1855	0.0000255162
1856	0.0000260110
1857	0.0000264420
1858	0.0000266980
1859	0.0000270063
1860	0.0000274094
1861	0.0000276854
1862	0.0000277734
1863	0.0000277265
1864	0.0000275955
1865	0.0000274245
1866	0.0000272550
1867	0.0000272663
1868	0.0000275676
1869	0.0000280129
1870	0.0000284329
1871	0.0000287828
1872	0.0000292027
1873	0.0000298315
1874	0.0000305703
1875	0.0000312300
1876	0.0000316413
1877	0.0000317674
1878	0.0000317016
1879	0.0000314888
1880	0.0000312708
1881	0.0000312001
1882	0.0000312056
1883	0.0000312133
1884	0.0000312209
1885	0.0000312574
1886	0.0000314098
1887	0.0000316929
1888	0.0000320288
1889	0.0000323469
1890	0.0000327321
1891	0.0000333073
1892	0.0000339613
1893	0.0000346449
1894	0.0000354639
1895	0.0000363348
1896	0.0000371770
1897	0.0000380174
1898	0.0000387931
1899	0.0000395315
1900	0.0000403418
1901	0.0000411791
1902	0.0000419593
1903	0.0000426354
1904	0.0000431950
1905	0.0000437897
1906	0.0000444962
1907	0.0000450916
1908	0.0000454566
1909	0.0000457261
1910	0.0000460089
1911	0.0000463352
1912	0.0000466348
1913	0.0000468312
1914	0.0000470194
1915	0.0000472988
1916	0.0000476729
1917	0.0000481424
1918	0.0000486748
1919	0.0000491725
1920	0.0000495625
1921	0.0000498999
1922	0.0000502671
1923	0.0000506846
1924	0.0000511399
1925	0.0000515329
1926	0.0000518317
1927	0.0000521171
1928	0.0000523350
1929	0.0000524894
1930	0.0000527127
1931	0.0000529431
1932	0.0000530806
1933	0.0000531933
1934	0.0000533434
1935	0.0000534878
1936	0.0000535958
1937	0.0000537854
1938	0.0000541040
1939	0.0000543623
1940	0.0000544757
1941	0.0000545572
1942	0.0000546659
1943	0.0000547857
1944	0.0000548701
1945	0.0000548662
1946	0.0000547948
1947	0.0000547217
1948	0.0000546790
1949	0.0000546623
1950	0.0000546718
1951	0.0000547271
1952	0.0000548364
1953	0.0000549735
1954	0.0000550979
1955	0.0000551912
1956	0.0000552535
1957	0.0000552747
1958	0.0000552583
1959	0.0000552371
1960	0.0000552386
1961	0.0000552866
1962	0.0000553929
1963	0.0000555135
1964	0.0000555754
1965	0.0000555420
1966	0.0000553905
1967	0.0000550317
1968	0.0000543913
1969	0.0000535281
1970	0.0000525071
1971	0.0000514360
1972	0.0000505895
1973	0.0000501136
1974	0.0000499145
1975	0.0000498366
1976	0.0000497294
1977	0.0000496479
1978	0.0000497119
1979	0.0000498064
1980	0.0000499056
1981	0.0000501541
1982	0.0000504975
1983	0.0000507533
1984	0.0000509475
1985	0.0000512644
1986	0.0000516501
1987	0.0000519570
1988	0.0000523360
1989	0.0000529147
1990	0.0000536473
1991	0.0000545115
1992	0.0000554042
1993	0.0000562254
1994	0.0000568813
1995	0.0000572429
1996	0.0000574520
1997	0.0000577476
1998	0.0000581568
1999	0.0000586142
2000	0.0000589917
2001	0.0000592455
2002	0.0000595181
2003	0.0000598750
2004	0.0000602519
2005	0.0000605833
2006	0.0000608076
2007	0.0000608611
2008	0.0000606859
2009	0.0000602672
2010	0.0000596407
2011	0.0000589028
2012	0.0000582639
2013	0.0000578682
2014	0.0000575810
2015	0.0000572271
2016	0.0000568102
2017	0.0000563621
2018	0.0000559200
2019	0.0000555377
2020	0.0000552005
2021	0.0000549180
2022	0.0000546869
2023	0.0000544386
2024	0.0000542187
2025	0.0000541228
2026	0.0000541234
2027	0.0000541230
2028	0.0000540693
2029	0.0000539906
2030	0.0000538990
2031	0.0000537655
2032	0.0000535884
2033	0.0000533743
2034	0.0000531055
2035	0.0000527621
2036	0.0000523980
2037	0.0000520272
2038	0.0000515509
2039	0.0000510048
2040	0.0000504478
2041	0.0000498007
2042	0.0000490511
2043	0.0000481977
2044	0.0000473484
2045	0.0000467664
2046	0.0000464308
2047	0.0000461571
2048	0.0000458718
2049	0.0000454958
2050	0.0000450390
2051	0.0000445496
2052	0.0000440048
2053	0.0000434597
2054	0.0000430384
2055	0.0000428309
2056	0.0000427730
2057	0.0000426770
2058	0.0000424326
2059	0.0000420348
2060	0.0000416225
2061	0.0000413320
2062	0.0000410343
2063	0.0000406434
2064	0.0000402684
2065	0.0000398097
2066	0.0000391251
2067	0.0000384744
2068	0.0000381096
2069	0.0000378506
2070	0.0000375139
2071	0.0000371573
2072	0.0000368172
2073	0.0000364595
2074	0.0000360305
2075	0.0000354869
2076	0.0000348690
2077	0.0000342512
2078	0.0000336649
2079	0.0000331065
2080	0.0000326414
2081	0.0000323731
2082	0.0000322723
2083	0.0000322465
2084	0.0000322351
2085	0.0000321924
2086	0.0000321131
2087	0.0000320024
2088	0.0000318896
2089	0.0000317991
2090	0.0000317066
2091	0.0000316391
2092	0.0000316196
2093	0.0000316337
2094	0.0000316808
2095	0.0000316759
2096	0.0000315626
2097	0.0000314253
2098	0.0000313563
2099	0.0000314325
2100	0.0000316592
2101	0.0000319145
2102	0.0000320655
2103	0.0000320895
2104	0.0000320854
2105	0.0000320968
2106	0.0000320733
2107	0.0000320325
2108	0.0000320061
2109	0.0000319979
2110	0.0000320248
2111	0.0000320532
2112	0.0000320537
2113	0.0000320370
2114	0.0000319934
2115	0.0000319517
2116	0.0000319627
2117	0.0000319940
2118	0.0000319937
2119	0.0000319880
2120	0.0000320169
2121	0.0000320449
2122	0.0000320008
2123	0.0000318671
2124	0.0000316790
2125	0.0000314551
2126	0.0000311814
2127	0.0000308743
2128	0.0000305944
2129	0.0000303548
2130	0.0000301006
2131	0.0000297728
2132	0.0000293104
2133	0.0000287354
2134	0.0000281944
2135	0.0000277712
2136	0.0000274594
2137	0.0000272093
2138	0.0000269193
2139	0.0000265878
2140	0.0000262265
2141	0.0000257712
2142	0.0000252964
2143	0.0000248729
2144	0.0000244463
2145	0.0000239714
2146	0.0000232918
2147	0.0000223107
2148	0.0000212626
2149	0.0000203662
2150	0.0000195282
2151	0.0000185979
2152	0.0000176524
2153	0.0000168359
2154	0.0000161664
2155	0.0000156506
2156	0.0000152538
2157	0.0000149158
2158	0.0000146966
2159	0.0000146293
2160	0.0000146814
2161	0.0000148190
2162	0.0000149460
2163	0.0000150167
2164	0.0000150723
2165	0.0000151458
2166	0.0000152599
2167	0.0000154164
2168	0.0000156339
2169	0.0000159079
2170	0.0000161556
2171	0.0000163573
2172	0.0000165658
2173	0.0000167824
2174	0.0000169714
2175	0.0000171201
2176	0.0000172473
2177	0.0000173837
2178	0.0000175629
2179	0.0000177960
2180	0.0000180392
2181	0.0000182287
2182	0.0000183229
2183	0.0000183335
2184	0.0000183199
2185	0.0000183301
2186	0.0000183914
2187	0.0000185206
2188	0.0000187044
2189	0.0000189163
2190	0.0000191353
2191	0.0000193218
2192	0.0000194402
2193	0.0000194974
2194	0.0000194747
2195	0.0000193360
2196	0.0000191043
2197	0.0000188074
2198	0.0000184733
2199	0.0000181371
2200	0.0000178087
2201	0.0000175651
2202	0.0000174739
2203	0.0000174343
2204	0.0000173509
2205	0.0000173093
2206	0.0000173994
2207	0.0000175136
2208	0.0000175568
2209	0.0000176124
2210	0.0000176822
2211	0.0000176984
2212	0.0000177097
2213	0.0000177425
2214	0.0000177602
2215	0.0000177360
2216	0.0000176708
2217	0.0000176144
2218	0.0000175879
2219	0.0000175548
2220	0.0000174420
2221	0.0000172059
2222	0.0000169342
2223	0.0000167245
2224	0.0000165934
2225	0.0000165435
2226	0.0000165627
2227	0.0000166516
2228	0.0000168011
2229	0.0000169536
2230	0.0000170609
2231	0.0000171171
2232	0.0000171769
2233	0.0000172566
2234	0.0000172851
2235	0.0000172566
2236	0.0000171931
2237	0.0000170883
2238	0.0000169883
2239	0.0000169161
2240	0.0000168442
2241	0.0000167504
2242	0.0000165934
2243	0.0000163897
2244	0.0000162334
2245	0.0000161550
2246	0.0000161132
2247	0.0000160592
2248	0.0000159394
2249	0.0000157646
2250	0.0000156146
2251	0.0000155118
2252	0.0000154105
2253	0.0000152609
2254	0.0000150653
2255	0.0000148942
2256	0.0000147750
2257	0.0000146848
2258	0.0000146279
2259	0.0000145812
2260	0.0000145009
2261	0.0000144181
2262	0.0000144133
2263	0.0000144877
2264	0.0000145894
2265	0.0000147814
2266	0.0000151106
2267	0.0000154495
2268	0.0000157106
2269	0.0000159324
2270	0.0000161455
2271	0.0000163403
2272	0.0000164973
2273	0.0000166156
2274	0.0000166971
2275	0.0000167315
2276	0.0000167217
2277	0.0000166874
2278	0.0000166531
2279	0.0000166247
2280	0.0000165810
2281	0.0000164920
2282	0.0000163780
2283	0.0000162903
2284	0.0000162204
2285	0.0000162279
2286	0.0000164121
2287	0.0000167427
2288	0.0000172515
2289	0.0000179593
2290	0.0000187648
2291	0.0000197118
2292	0.0000207878
2293	0.0000218644
2294	0.0000229697
2295	0.0000239754
2296	0.0000246966
2297	0.0000254288
2298	0.0000265806
2299	0.0000281122
2300	0.0000297542
2301	0.0000313862
2302	0.0000329574
2303	0.0000344146
2304	0.0000358147
2305	0.0000371778
2306	0.0000384404
2307	0.0000396306
2308	0.0000408233
2309	0.0000420679
2310	0.0000433655
2311	0.0000446233
2312	0.0000456390
2313	0.0000461990
2314	0.0000463187
2315	0.0000462158
2316	0.0000461232
2317	0.0000462976
2318	0.0000469011
2319	0.0000478163
2320	0.0000488128
2321	0.0000498653
2322	0.0000510064
2323	0.0000520850
2324	0.0000530897
2325	0.0000541534
2326	0.0000552159
2327	0.0000561587
2328	0.0000568609
2329	0.0000572747
2330	0.0000575627
2331	0.0000577929
2332	0.0000579224
2333	0.0000580001
2334	0.0000581221
2335	0.0000584084
2336	0.0000588573
2337	0.0000593204
2338	0.0000596592
2339	0.0000598309
2340	0.0000599469
2341	0.0000600805
2342	0.0000602223
2343	0.0000603702
2344	0.0000604138
2345	0.0000603620
2346	0.0000603855
2347	0.0000604855
2348	0.0000605911
2349	0.0000606814
2350	0.0000608209
2351	0.0000610979
2352	0.0000613373
2353	0.0000613308
2354	0.0000611937
2355	0.0000611143
2356	0.0000610725
2357	0.0000610129
2358	0.0000610641
2359	0.0000612385
2360	0.0000613195
2361	0.0000612960
2362	0.0000613094
2363	0.0000613954
2364	0.0000615617
2365	0.0000617510
2366	0.0000618837
2367	0.0000619801
2368	0.0000620818
2369	0.0000621821
2370	0.0000622402
2371	0.0000622845
2372	0.0000623910
2373	0.0000625036
2374	0.0000625326
2375	0.0000625015
2376	0.0000624301
2377	0.0000623337
2378	0.0000622851
2379	0.0000623096
2380	0.0000624336
2381	0.0000627218
2382	0.0000630813
2383	0.0000633714
2384	0.0000636035
2385	0.0000637984
2386	0.0000639651
2387	0.0000641280
2388	0.0000642375
2389	0.0000642793
2390	0.0000643333
2391	0.0000644642
2392	0.0000646712
2393	0.0000648962
2394	0.0000650777
2395	0.0000651729
2396	0.0000651740
2397	0.0000651238
2398	0.0000650605
2399	0.0000650121
2400	0.0000649965
2401	0.0000649992
2402	0.0000650081
2403	0.0000650142
2404	0.0000649975
2405	0.0000649468
2406	0.0000648681
2407	0.0000647706
2408	0.0000646539
2409	0.0000645058
2410	0.0000642891
2411	0.0000640212
2412	0.0000638212
2413	0.0000637328
2414	0.0000636310
2415	0.0000633757
2416	0.0000630149
2417	0.0000627340
2418	0.0000625453
2419	0.0000623560
2420	0.0000622082
2421	0.0000621017
2422	0.0000619683
2423	0.0000618421
2424	0.0000617473
2425	0.0000616556
2426	0.0000615730
2427	0.0000615106
2428	0.0000614680
2429	0.0000614449
2430	0.0000614262
2431	0.0000613919
2432	0.0000613207
2433	0.0000611700
2434	0.0000609110
2435	0.0000605848
2436	0.0000602481
2437	0.0000598889
2438	0.0000594830
2439	0.0000590553
2440	0.0000585813
2441	0.0000579788
2442	0.0000572387
2443	0.0000563803
2444	0.0000554133
2445	0.0000543781
2446	0.0000532824
2447	0.0000521947
2448	0.0000512962
2449	0.0000506267
2450	0.0000500630
2451	0.0000495544
2452	0.0000490460
2453	0.0000483352
2454	0.0000473969
2455	0.0000465248
2456	0.0000458308
2457	0.0000451161
2458	0.0000442282
2459	0.0000431605
2460	0.0000420021
2461	0.0000408275
2462	0.0000396529
2463	0.0000384994
2464	0.0000374126
2465	0.0000365366
2466	0.0000358902
2467	0.0000352454
2468	0.0000345182
2469	0.0000338050
2470	0.0000332188
2471	0.0000327726
2472	0.0000322453
2473	0.0000315583
2474	0.0000309115
2475	0.0000304106
2476	0.0000299676
2477	0.0000294355
2478	0.0000288346
2479	0.0000282190
2480	0.0000275796
2481	0.0000271394
2482	0.0000269903
2483	0.0000269269
2484	0.0000268973
2485	0.0000269001
2486	0.0000269745
2487	0.0000272200
2488	0.0000275707
2489	0.0000279738
2490	0.0000283573
2491	0.0000286166
2492	0.0000288556
2493	0.0000291991
2494	0.0000296566
2495	0.0000301377
2496	0.0000305240
2497	0.0000308322
2498	0.0000311022
2499	0.0000313595
2500	0.0000316389
2501	0.0000320422
2502	0.0000327840
2503	0.0000337479
2504	0.0000346045
2505	0.0000353668
2506	0.0000360366
2507	0.0000364389
2508	0.0000365939
2509	0.0000366576
2510	0.0000367899
2511	0.0000370286
2512	0.0000372704
2513	0.0000376497
2514	0.0000383769
2515	0.0000391569
2516	0.0000396063
2517	0.0000398680
2518	0.0000401610
2519	0.0000404764
2520	0.0000408485
2521	0.0000412715
2522	0.0000416365
2523	0.0000419182
2524	0.0000421820
2525	0.0000424217
2526	0.0000424893
2527	0.0000423247
2528	0.0000419785
2529	0.0000414565
2530	0.0000409286
2531	0.0000406254
2532	0.0000405022
2533	0.0000404311
2534	0.0000403864
2535	0.0000403432
2536	0.0000402936
2537	0.0000403135
2538	0.0000404491
2539	0.0000406545
2540	0.0000408705
2541	0.0000409617
2542	0.0000408800
2543	0.0000408478
2544	0.0000410236
2545	0.0000414217
2546	0.0000420074
2547	0.0000426355
2548	0.0000433031
2549	0.0000441228
2550	0.0000450374
2551	0.0000458969
2552	0.0000465831
2553	0.0000471358
2554	0.0000476522
2555	0.0000480624
2556	0.0000482846
2557	0.0000483098
2558	0.0000481950
2559	0.0000480763
2560	0.0000479836
2561	0.0000478822
2562	0.0000477941
2563	0.0000477306
2564	0.0000476998
2565	0.0000476948
2566	0.0000477054
2567	0.0000477466
2568	0.0000478155
2569	0.0000479224
2570	0.0000480844
2571	0.0000482757
2572	0.0000484431
2573	0.0000485576
2574	0.0000486718
2575	0.0000488208
2576	0.0000489303
2577	0.0000489758
2578	0.0000490511
2579	0.0000491459
2580	0.0000491162
2581	0.0000489744
2582	0.0000488507
2583	0.0000487457
2584	0.0000486723
2585	0.0000487165
2586	0.0000488359
2587	0.0000489188
2588	0.0000489437
2589	0.0000489686
2590	0.0000490379
2591	0.0000491330
2592	0.0000492424
2593	0.0000493812
2594	0.0000495369
2595	0.0000496995
2596	0.0000498727
2597	0.0000500220
2598	0.0000501061
2599	0.0000501378
2600	0.0000501386
2601	0.0000501023
2602	0.0000500381
2603	0.0000499488
2604	0.0000498123
2605	0.0000496620
2606	0.0000495628
2607	0.0000495006
2608	0.0000494207
2609	0.0000493052
2610	0.0000491690
2611	0.0000490317
2612	0.0000488534
2613	0.0000486012
2614	0.0000483709
2615	0.0000482756
2616	0.0000482939
2617	0.0000482692
2618	0.0000481359
2619	0.0000480425
2620	0.0000480586
2621	0.0000482024
2622	0.0000485814
2623	0.0000490828
2624	0.0000494940
2625	0.0000497864
2626	0.0000499846
2627	0.0000501025
2628	0.0000500937
2629	0.0000499477
2630	0.0000496961
2631	0.0000493204
2632	0.0000490632
2633	0.0000491211
2634	0.0000492309
2635	0.0000492062
2636	0.0000490392
2637	0.0000487601
2638	0.0000485264
2639	0.0000483111
2640	0.0000479760
2641	0.0000475314
2642	0.0000470740
2643	0.0000467814
2644	0.0000467507
2645	0.0000469367
2646	0.0000471753
2647	0.0000472534
2648	0.0000471726
2649	0.0000469528
2650	0.0000466254
2651	0.0000464809
2652	0.0000465803
2653	0.0000466760
2654	0.0000466599
2655	0.0000464710
2656	0.0000460344
2657	0.0000453218
2658	0.0000443345
2659	0.0000432242
2660	0.0000421582
2661	0.0000411202
2662	0.0000401616
2663	0.0000394821
2664	0.0000390609
2665	0.0000387022
2666	0.0000383302
2667	0.0000379188
2668	0.0000375079
2669	0.0000371545
2670	0.0000368249
2671	0.0000366109
2672	0.0000365428
2673	0.0000363898
2674	0.0000360975
2675	0.0000358759
2676	0.0000358730
2677	0.0000360745
2678	0.0000363696
2679	0.0000366586
2680	0.0000368747
2681	0.0000369733
2682	0.0000369751
2683	0.0000369072
2684	0.0000366662
2685	0.0000361697
2686	0.0000355776
2687	0.0000349615
2688	0.0000341518
2689	0.0000331726
2690	0.0000322702
2691	0.0000315872
2692	0.0000310755
2693	0.0000307170
2694	0.0000305939
2695	0.0000306089
2696	0.0000306846
2697	0.0000308112
2698	0.0000307274
2699	0.0000305002
2700	0.0000305527
2701	0.0000308251
2702	0.0000310383
2703	0.0000311765
2704	0.0000313448
2705	0.0000316199
2706	0.0000319845
2707	0.0000324187
2708	0.0000328900
2709	0.0000333703
2710	0.0000338617
2711	0.0000342492
2712	0.0000345408
2713	0.0000349018
2714	0.0000353506
2715	0.0000358660
2716	0.0000363765
2717	0.0000367531
2718	0.0000369775
2719	0.0000370570
2720	0.0000370811
2721	0.0000372083
2722	0.0000374638
2723	0.0000378199
2724	0.0000382961
2725	0.0000388814
2726	0.0000394227
2727	0.0000397395
2728	0.0000398422
2729	0.0000398779
2730	0.0000399578
2731	0.0000399996
2732	0.0000398866
2733	0.0000397860
2734	0.0000399158
2735	0.0000402692
2736	0.0000406520
2737	0.0000408531
2738	0.0000409133
2739	0.0000409384
2740	0.0000409127
2741	0.0000409337
2742	0.0000410900
2743	0.0000413432
2744	0.0000417124
2745	0.0000422172
2746	0.0000428065
2747	0.0000433922
2748	0.0000438549
2749	0.0000442038
2750	0.0000445997
2751	0.0000450726
2752	0.0000455397
2753	0.0000459797
2754	0.0000462481
2755	0.0000462396
2756	0.0000462431
2757	0.0000465762
2758	0.0000472317
2759	0.0000480303
2760	0.0000488169
2761	0.0000495640
2762	0.0000502816
2763	0.0000509804
2764	0.0000516798
2765	0.0000522896
2766	0.0000527372
2767	0.0000530688
2768	0.0000532895
2769	0.0000533790
2770	0.0000534111
2771	0.0000534923
2772	0.0000536338
2773	0.0000538175
2774	0.0000540641
2775	0.0000543418
2776	0.0000546027
2777	0.0000548128
2778	0.0000549332
2779	0.0000549584
2780	0.0000548707
2781	0.0000546937
2782	0.0000544963
2783	0.0000542886
2784	0.0000540770
2785	0.0000538514
2786	0.0000535495
2787	0.0000530672
2788	0.0000523710
2789	0.0000516781
2790	0.0000511596
2791	0.0000507308
2792	0.0000503162
2793	0.0000499060
2794	0.0000495356
2795	0.0000492024
2796	0.0000488271
2797	0.0000484559
2798	0.0000481042
2799	0.0000476678
2800	0.0000471832
2801	0.0000467555
2802	0.0000464121
2803	0.0000461291
2804	0.0000458726
2805	0.0000456183
2806	0.0000454018
2807	0.0000453759
2808	0.0000455635
2809	0.0000458491
2810	0.0000462911
2811	0.0000469003
2812	0.0000475366
2813	0.0000481880
2814	0.0000488515
2815	0.0000494690
2816	0.0000501095
2817	0.0000508329
2818	0.0000514980
2819	0.0000519585
2820	0.0000522105
2821	0.0000522955
2822	0.0000523726
2823	0.0000525778
2824	0.0000528077
2825	0.0000530152
2826	0.0000532529
2827	0.0000535440
2828	0.0000539982
2829	0.0000545945
2830	0.0000551873
2831	0.0000557916
2832	0.0000563994
2833	0.0000569018
2834	0.0000572749
2835	0.0000575773
2836	0.0000578749
2837	0.0000581663
2838	0.0000584068
2839	0.0000586111
2840	0.0000587576
2841	0.0000587085
2842	0.0000584363
2843	0.0000580857
2844	0.0000577685
2845	0.0000575341
2846	0.0000573656
2847	0.0000572543
2848	0.0000572588
2849	0.0000572560
2850	0.0000570724
2851	0.0000567218
2852	0.0000562584
2853	0.0000558469
2854	0.0000556599
2855	0.0000556470
2856	0.0000556907
2857	0.0000557129
2858	0.0000557589
2859	0.0000558477
2860	0.0000558101
2861	0.0000556502
2862	0.0000555079
2863	0.0000553621
2864	0.0000551317
2865	0.0000548229
2866	0.0000546392
2867	0.0000546632
2868	0.0000546212
2869	0.0000543524
2870	0.0000539350
2871	0.0000534555
2872	0.0000529714
2873	0.0000525040
2874	0.0000520643
2875	0.0000516407
2876	0.0000512909
2877	0.0000510991
2878	0.0000509563
2879	0.0000507800
2880	0.0000506160
2881	0.0000504432
2882	0.0000502537
2883	0.0000500339
2884	0.0000497070
2885	0.0000493061
2886	0.0000489523
2887	0.0000486346
2888	0.0000482905
2889	0.0000480233
2890	0.0000479170
2891	0.0000479276
2892	0.0000479720
2893	0.0000478746
2894	0.0000476323
2895	0.0000474470
2896	0.0000473138
2897	0.0000471109
2898	0.0000467302
2899	0.0000460850
2900	0.0000452308
2901	0.0000442830
2902	0.0000435177
2903	0.0000432396
2904	0.0000433016
2905	0.0000433660
2906	0.0000433455
2907	0.0000432679
2908	0.0000430964
2909	0.0000427285
2910	0.0000421406
2911	0.0000414694
2912	0.0000408179
2913	0.0000401688
2914	0.0000395913
2915	0.0000392012
2916	0.0000389275
2917	0.0000386508
2918	0.0000383431
2919	0.0000380595
2920	0.0000379680
2921	0.0000380779
2922	0.0000382030
2923	0.0000382879
2924	0.0000383452
2925	0.0000383699
2926	0.0000384173
2927	0.0000385080
2928	0.0000386080
2929	0.0000387132
2930	0.0000388347
2931	0.0000389098
2932	0.0000388557
2933	0.0000386929
2934	0.0000384891
2935	0.0000382936
2936	0.0000381035
2937	0.0000379063
2938	0.0000377517
2939	0.0000376143
2940	0.0000374348
2941	0.0000372710
2942	0.0000371934
2943	0.0000372300
2944	0.0000373853
2945	0.0000376557
2946	0.0000380128
2947	0.0000383989
2948	0.0000387935
2949	0.0000391227
2950	0.0000393280
2951	0.0000394753
2952	0.0000395751
2953	0.0000396870
2954	0.0000399541
2955	0.0000403272
2956	0.0000406154
2957	0.0000407196
2958	0.0000407366
2959	0.0000407324
2960	0.0000406542
2961	0.0000405809
2962	0.0000405144
2963	0.0000403471
2964	0.0000401241
2965	0.0000398469
2966	0.0000395348
2967	0.0000393245
2968	0.0000393272
2969	0.0000396403
2970	0.0000400781
2971	0.0000402143
2972	0.0000399191
2973	0.0000394444
2974	0.0000390078
2975	0.0000384391
2976	0.0000376522
2977	0.0000370048
2978	0.0000366362
2979	0.0000363680
2980	0.0000361880
2981	0.0000362312
2982	0.0000365856
2983	0.0000371895
2984	0.0000379598
2985	0.0000388009
2986	0.0000394827
2987	0.0000399300
2988	0.0000403326
2989	0.0000408526
2990	0.0000414031
2991	0.0000417680
2992	0.0000419208
2993	0.0000419073
2994	0.0000417995
2995	0.0000417862
2996	0.0000418048
2997	0.0000417287
2998	0.0000417186
2999	0.0000417852
