0	2.5912592505
1	2.5940538463
2	2.5995479327
3	2.6059889165
4	2.6132638184
5	2.6206003006
6	2.6280189218
7	2.6349413327
8	2.6414478526
9	2.6471339623
10	2.6520907301
11	2.6560957279
12	2.6592328343
13	2.6614412429
14	2.6628011639
15	2.6633711682
16	2.6632344928
17	2.6625243614
18	2.6613231861
19	2.6598044325
20	2.6580340331
21	2.6562021654
22	2.6543404968
23	2.6526359271
24	2.6510782083
25	2.6498278880
26	2.6488414065
27	2.6482271478
28	2.6479294730
29	2.6479834940
30	2.6483449704
31	2.6489687412
32	2.6498372802
33	2.6508374386
34	2.6519809295
35	2.6531157608
36	2.6542743975
37	2.6553015164
38	2.6562340009
39	2.6569414848
40	2.6574484992
41	2.6576732317
42	2.6576303892
43	2.6573117923
44	2.6567259647
45	2.6559228412
46	2.6548792574
47	2.6536828191
48	2.6523048819
49	2.6508833410
50	2.6493847896
51	2.6479348849
52	2.6464892964
53	2.6451696765
54	2.6439625993
55	2.6429334168
56	2.6420721809
57	2.6413928246
58	2.6409340386
59	2.6406345139
60	2.6405388030
61	2.6405542476
62	2.6407625714
63	2.6410183513
64	2.6413529457
65	2.6416332505
66	2.6419113980
67	2.6421245684
68	2.6422927392
69	2.6423476683
70	2.6421808022
71	2.6418069735
72	2.6412330581
73	2.6405616726
74	2.6396252803
75	2.6384709086
76	2.6370607932
77	2.6355790861
78	2.6339765037
79	2.6323426415
80	2.6306723039
81	2.6290279511
82	2.6273835750
83	2.6256842999
84	2.6240236645
85	2.6223991046
86	2.6209148257
87	2.6195093221
88	2.6183870799
89	2.6174529078
90	2.6167515147
91	2.6161955551
92	2.6158282020
93	2.6154976484
94	2.6151660300
95	2.6148585881
96	2.6144797355
97	2.6140706659
98	2.6135936323
99	2.6131570017
100	2.6126093248
101	2.6120848340
102	2.6114635895
103	2.6107660941
104	2.6098812817
105	2.6088457895
106	2.6075695381
107	2.6060168131
108	2.6042609589
109	2.6022516102
110	2.6001051027
111	2.5978239385
112	2.5955968621
113	2.5933427228
114	2.5912833464
115	2.5893694571
116	2.5876797357
117	2.5861975852
118	2.5849621566
119	2.5838781442
120	2.5828814913
121	2.5819678358
122	2.5809689551
123	2.5800928368
124	2.5793354920
125	2.5787452964
126	2.5779877572
127	2.5768673858
128	2.5752282261
129	2.5737609626
130	2.5732201050
131	2.5737514833
132	2.5745534413
133	2.5742678097
134	2.5724918862
135	2.5701440426
136	2.5687242147
137	2.5684594734
138	2.5687724239
139	2.5687244539
140	2.5683109854
141	2.5675314455
142	2.5658335206
143	2.5626464650
144	2.5585278447
145	2.5546957248
146	2.5516845028
147	2.5494099735
148	2.5476816600
149	2.5471035675
150	2.5474545506
151	2.5478371578
152	2.5475378737
153	2.5469166662
154	2.5460520861
155	2.5446296753
156	2.5426616968
157	2.5409329630
158	2.5401030036
159	2.5397368142
160	2.5398683263
161	2.5408613308
162	2.5426516226
163	2.5442625568
164	2.5454575316
165	2.5462216462
166	2.5462374872
167	2.5448521204
168	2.5423133456
169	2.5393165137
170	2.5357346335
171	2.5317380472
172	2.5280998178
173	2.5253932265
174	2.5233022575
175	2.5222109799
176	2.5224815762
177	2.5239680497
178	2.5259744041
179	2.5285309207
180	2.5315457246
181	2.5341259393
182	2.5359458664
183	2.5370824121
184	2.5371637523
185	2.5356922913
186	2.5332199828
187	2.5298623961
188	2.5255786396
189	2.5206455399
190	2.5159760149
191	2.5117389740
192	2.5080665807
193	2.5056385240
194	2.5043979462
195	2.5040419945
196	2.5050805963
197	2.5081749130
198	2.5127498987
199	2.5182321013
200	2.5235782318
201	2.5278903524
202	2.5312972691
203	2.5352337871
204	2.5398757491
205	2.5434933970
206	2.5444810353
207	2.5421412874
208	2.5373059105
209	2.5318854812
210	2.5268768781
211	2.5213428219
212	2.5152705111
213	2.5092268621
214	2.5032731294
215	2.4968999229
216	2.4904386051
217	2.4849382456
218	2.4817448984
219	2.4818318890
220	2.4843890416
221	2.4885919775
222	2.4946090729
223	2.5020340495
224	2.5091791870
225	2.5157699731
226	2.5222408760
227	2.5289265224
228	2.5356933471
229	2.5421208685
230	2.5479890855
231	2.5532183896
232	2.5570236100
233	2.5579226365
234	2.5560326710
235	2.5519047504
236	2.5452953022
237	2.5364167601
238	2.5267928990
239	2.5171592871
240	2.5079365057
241	2.4993826297
242	2.4917603463
243	2.4854870567
244	2.4801177193
245	2.4751320572
246	2.4709614336
247	2.4683437571
248	2.4667128179
249	2.4664530003
250	2.4687085951
251	2.4735470360
252	2.4804324931
253	2.4896152607
254	2.5007898699
255	2.5130291116
256	2.5254419283
257	2.5371527914
258	2.5479743106
259	2.5570634397
260	2.5637654351
261	2.5683546089
262	2.5711351868
263	2.5717115528
264	2.5707528469
265	2.5690905184
266	2.5664481891
267	2.5627659504
268	2.5584114507
269	2.5531543355
270	2.5467389882
271	2.5394548805
272	2.5313263544
273	2.5225955645
274	2.5131045489
275	2.5035189500
276	2.4946199657
277	2.4864387631
278	2.4794822475
279	2.4747838376
280	2.4723103572
281	2.4719265543
282	2.4743000029
283	2.4788872150
284	2.4848777857
285	2.4921156103
286	2.5002349264
287	2.5082096993
288	2.5157849039
289	2.5227325597
290	2.5289171018
291	2.5341706265
292	2.5385040788
293	2.5424555836
294	2.5458183455
295	2.5487793730
296	2.5518994852
297	2.5550040155
298	2.5578368395
299	2.5609643808
300	2.5639487633
301	2.5662864826
302	2.5682031744
303	2.5694725239
304	2.5696505396
305	2.5689319397
306	2.5674179065
307	2.5649634540
308	2.5619009547
309	2.5584158131
310	2.5548931616
311	2.5513788607
312	2.5483622916
313	2.5461532119
314	2.5445696059
315	2.5440250403
316	2.5447844570
317	2.5462453677
318	2.5483524154
319	2.5511333133
320	2.5537618366
321	2.5563169103
322	2.5588805375
323	2.5607952782
324	2.5614482616
325	2.5606631640
326	2.5583338644
327	2.5554664896
328	2.5530996476
329	2.5511916790
330	2.5488343819
331	2.5451104186
332	2.5407367351
333	2.5373827839
334	2.5370185075
335	2.5396492965
336	2.5426722709
337	2.5439681552
338	2.5438619398
339	2.5436664180
340	2.5450558792
341	2.5480652730
342	2.5508200654
343	2.5525617529
344	2.5535219999
345	2.5534737863
346	2.5519127152
347	2.5489746620
348	2.5456221577
349	2.5438927562
350	2.5443034005
351	2.5456362655
352	2.5467850599
353	2.5478347229
354	2.5493830002
355	2.5511073959
356	2.5529011115
357	2.5553163247
358	2.5592152671
359	2.5649691434
360	2.5713455564
361	2.5766220292
362	2.5809845970
363	2.5843881969
364	2.5860385848
365	2.5859091850
366	2.5847253885
367	2.5836823948
368	2.5833362806
369	2.5829956545
370	2.5823110062
371	2.5818916750
372	2.5812077799
373	2.5794908555
374	2.5767625132
375	2.5740112897
376	2.5720313380
377	2.5708389401
378	2.5705822672
379	2.5717548688
380	2.5746235800
381	2.5782193484
382	2.5813491905
383	2.5841569741
384	2.5867045654
385	2.5879479399
386	2.5880599349
387	2.5877988380
388	2.5877047676
389	2.5878872547
390	2.5880569068
391	2.5885661401
392	2.5896991824
393	2.5904748623
394	2.5902635518
395	2.5896047875
396	2.5883572843
397	2.5862535001
398	2.5834412634
399	2.5808850897
400	2.5792688251
401	2.5784265453
402	2.5784048271
403	2.5795380896
404	2.5815247730
405	2.5833717568
406	2.5848983173
407	2.5864954439
408	2.5874024699
409	2.5867599124
410	2.5852674613
411	2.5833976279
412	2.5814454119
413	2.5796853755
414	2.5785669112
415	2.5786243282
416	2.5794114450
417	2.5804943210
418	2.5822484648
419	2.5842735581
420	2.5856385720
421	2.5866698946
422	2.5875170014
423	2.5879129585
424	2.5875770452
425	2.5869738478
426	2.5868426736
427	2.5870465950
428	2.5876046479
429	2.5891585223
430	2.5917612153
431	2.5946521652
432	2.5975950427
433	2.6005930569
434	2.6028551581
435	2.6038006423
436	2.6039746505
437	2.6032345745
438	2.6014891964
439	2.5992397067
440	2.5969940044
441	2.5950910521
442	2.5933838080
443	2.5922917138
444	2.5923939709
445	2.5932944201
446	2.5947942911
447	2.5974347294
448	2.6006508525
449	2.6038738106
450	2.6070812737
451	2.6101261842
452	2.6126747105
453	2.6144642382
454	2.6157310840
455	2.6163906157
456	2.6163298624
457	2.6162361270
458	2.6167748011
459	2.6177021353
460	2.6187972455
461	2.6199884964
462	2.6208519107
463	2.6211975054
464	2.6218309469
465	2.6227414843
466	2.6230505117
467	2.6225030053
468	2.6211408090
469	2.6194064846
470	2.6178239826
471	2.6168969214
472	2.6166699247
473	2.6166819815
474	2.6170313675
475	2.6182954984
476	2.6201036325
477	2.6223027212
478	2.6252453454
479	2.6287500955
480	2.6326951846
481	2.6367513710
482	2.6402701737
483	2.6426192762
484	2.6438237537
485	2.6441394273
486	2.6432954378
487	2.6412329621
488	2.6385549369
489	2.6354580799
490	2.6319357792
491	2.6282784357
492	2.6246552297
493	2.6211574278
494	2.6184363294
495	2.6168955676
496	2.6159778905
497	2.6157927029
498	2.6165346778
499	2.6178078185
500	2.6191711819
501	2.6205182511
502	2.6220059150
503	2.6236547477
504	2.6254309680
505	2.6274572904
506	2.6296167029
507	2.6319306704
508	2.6346101341
509	2.6370112826
510	2.6389881363
511	2.6408120237
512	2.6422221702
513	2.6430513258
514	2.6434796411
515	2.6435966843
516	2.6432551922
517	2.6423601984
518	2.6407996542
519	2.6383511627
520	2.6350793066
521	2.6309154169
522	2.6254760234
523	2.6192470956
524	2.6130310758
525	2.6070184175
526	2.6012378425
527	2.5962602791
528	2.5921436987
529	2.5889430712
530	2.5874846594
531	2.5880422503
532	2.5903905853
533	2.5939374398
534	2.5978534839
535	2.6020151999
536	2.6072162696
537	2.6138357549
538	2.6211717734
539	2.6279104637
540	2.6334251525
541	2.6373799248
542	2.6398191060
543	2.6415236345
544	2.6423074609
545	2.6417690869
546	2.6400607224
547	2.6373441872
548	2.6338778352
549	2.6298808071
550	2.6254240732
551	2.6210848725
552	2.6176208723
553	2.6148791929
554	2.6119185024
555	2.6086336954
556	2.6054005441
557	2.6022405439
558	2.5995107435
559	2.5975387481
560	2.5963226218
561	2.5959308372
562	2.5964968927
563	2.5971704048
564	2.5973447482
565	2.5971321880
566	2.5965635800
567	2.5960769749
568	2.5958157409
569	2.5953274297
570	2.5949309038
571	2.5951485251
572	2.5954300744
573	2.5953660930
574	2.5953433910
575	2.5962144925
576	2.5979606582
577	2.6004824332
578	2.6040054398
579	2.6081562677
580	2.6127371906
581	2.6169745149
582	2.6199250120
583	2.6216847915
584	2.6223167180
585	2.6217448891
586	2.6204259125
587	2.6185889463
588	2.6164162274
589	2.6142390824
590	2.6120084035
591	2.6093297442
592	2.6066209592
593	2.6043429896
594	2.6020659798
595	2.5999013030
596	2.5985513186
597	2.5984139348
598	2.5993271332
599	2.6010771985
600	2.6032858463
601	2.6058462537
602	2.6083787020
603	2.6101539447
604	2.6115581159
605	2.6130569459
606	2.6141459088
607	2.6148644212
608	2.6155495087
609	2.6158625189
610	2.6156614998
611	2.6145598350
612	2.6123740829
613	2.6092211412
614	2.6053625619
615	2.6009042931
616	2.5959496545
617	2.5914040498
618	2.5875888272
619	2.5845186526
620	2.5825691088
621	2.5816956607
622	2.5819046650
623	2.5829435325
624	2.5841173448
625	2.5857274784
626	2.5878084564
627	2.5897303858
628	2.5917626937
629	2.5946008120
630	2.5979736432
631	2.6015434180
632	2.6055795922
633	2.6097593674
634	2.6135429467
635	2.6164601535
636	2.6182796706
637	2.6190151812
638	2.6186908568
639	2.6172718058
640	2.6152525808
641	2.6131591566
642	2.6109151311
643	2.6088405669
644	2.6072797706
645	2.6059704414
646	2.6049460818
647	2.6043360085
648	2.6039522684
649	2.6043373858
650	2.6053605309
651	2.6066139540
652	2.6083845174
653	2.6106517863
654	2.6133176275
655	2.6164712481
656	2.6201814069
657	2.6235163539
658	2.6253977978
659	2.6258095943
660	2.6251910114
661	2.6240260202
662	2.6222488477
663	2.6192660300
664	2.6148398763
665	2.6089105338
666	2.6029094674
667	2.5989936004
668	2.5971795074
669	2.5962891378
670	2.5955860239
671	2.5947958481
672	2.5943627319
673	2.5952613212
674	2.5973005723
675	2.5996232866
676	2.6016084223
677	2.6030307050
678	2.6041393861
679	2.6048694258
680	2.6048573658
681	2.6046189114
682	2.6052526586
683	2.6068992024
684	2.6088933893
685	2.6102347009
686	2.6103608511
687	2.6096947319
688	2.6088795774
689	2.6078443860
690	2.6067761207
691	2.6056586306
692	2.6045686097
693	2.6041826486
694	2.6035583164
695	2.6020518545
696	2.6005986058
697	2.6000066179
698	2.6002701973
699	2.6009840679
700	2.6018686965
701	2.6025929026
702	2.6029422108
703	2.6027069342
704	2.6014633141
705	2.5995888779
706	2.5981895332
707	2.5982452159
708	2.5997687587
709	2.6019538302
710	2.6051271894
711	2.6093030284
712	2.6133256293
713	2.6166423079
714	2.6192806561
715	2.6213153413
716	2.6229963080
717	2.6239906322
718	2.6237945627
719	2.6227321923
720	2.6208531603
721	2.6179851850
722	2.6141602508
723	2.6096950591
724	2.6055454308
725	2.6025087738
726	2.6003897494
727	2.5993366032
728	2.5998667103
729	2.6016731707
730	2.6037691947
731	2.6054743558
732	2.6069701822
733	2.6085894863
734	2.6102040039
735	2.6113603025
736	2.6124639090
737	2.6133870878
738	2.6137842001
739	2.6138136039
740	2.6128884498
741	2.6112595510
742	2.6092111332
743	2.6059974707
744	2.6018778082
745	2.5981442324
746	2.5953325342
747	2.5930790636
748	2.5912947948
749	2.5903309056
750	2.5899563113
751	2.5896287874
752	2.5890392977
753	2.5885544066
754	2.5887040637
755	2.5896480221
756	2.5916203864
757	2.5944987183
758	2.5984528331
759	2.6033899007
760	2.6083040929
761	2.6128264719
762	2.6170444734
763	2.6201074461
764	2.6214031285
765	2.6210547123
766	2.6192593227
767	2.6162406557
768	2.6118878434
769	2.6067694706
770	2.6019382582
771	2.5972311186
772	2.5922901973
773	2.5877060459
774	2.5836431437
775	2.5800259261
776	2.5768063724
777	2.5742776313
778	2.5731659037
779	2.5737658880
780	2.5758318544
781	2.5790330049
782	2.5833980675
783	2.5882668033
784	2.5929432597
785	2.5970079648
786	2.6006125396
787	2.6038773958
788	2.6058769513
789	2.6070799793
790	2.6084015784
791	2.6096296782
792	2.6112054037
793	2.6135605096
794	2.6162440476
795	2.6189572426
796	2.6215934697
797	2.6243981608
798	2.6275388006
799	2.6304988415
800	2.6324519742
801	2.6332092986
802	2.6330323862
803	2.6319173595
804	2.6300997059
805	2.6280239108
806	2.6259251293
807	2.6234293601
808	2.6205582126
809	2.6179547204
810	2.6153306812
811	2.6120976982
812	2.6087468486
813	2.6057886295
814	2.6032585870
815	2.6010836701
816	2.5992434002
817	2.5982416684
818	2.5982219265
819	2.5990182759
820	2.6008672547
821	2.6034075028
822	2.6059487018
823	2.6085832040
824	2.6111498031
825	2.6135222443
826	2.6156973452
827	2.6176896446
828	2.6202059984
829	2.6235027417
830	2.6272077419
831	2.6310988276
832	2.6353536614
833	2.6395636551
834	2.6431818897
835	2.6461271934
836	2.6482446453
837	2.6493410971
838	2.6492847027
839	2.6483984904
840	2.6464996203
841	2.6432860587
842	2.6394778602
843	2.6353882155
844	2.6310059525
845	2.6268554340
846	2.6232864764
847	2.6208996846
848	2.6198012521
849	2.6194067721
850	2.6198008549
851	2.6210877341
852	2.6228318409
853	2.6247844592
854	2.6270327010
855	2.6291416119
856	2.6306951086
857	2.6318529698
858	2.6328885572
859	2.6338833482
860	2.6348764778
861	2.6358918151
862	2.6363264135
863	2.6356797376
864	2.6346516507
865	2.6339984932
866	2.6335101943
867	2.6326702478
868	2.6309613736
869	2.6283326185
870	2.6253331376
871	2.6227378719
872	2.6213180661
873	2.6210623576
874	2.6213471574
875	2.6221811989
876	2.6236627320
877	2.6258256280
878	2.6288085050
879	2.6321699999
880	2.6356637252
881	2.6389387209
882	2.6417126520
883	2.6440130418
884	2.6454318145
885	2.6458405560
886	2.6460278245
887	2.6466071350
888	2.6471722028
889	2.6474359971
890	2.6473615355
891	2.6468994506
892	2.6461468186
893	2.6452759745
894	2.6445463401
895	2.6440185687
896	2.6438588165
897	2.6442366915
898	2.6446593799
899	2.6448188951
900	2.6447301534
901	2.6444023364
902	2.6441807366
903	2.6439462437
904	2.6436913342
905	2.6436387539
906	2.6435939866
907	2.6436802859
908	2.6440496229
909	2.6443889102
910	2.6448045100
911	2.6458894545
912	2.6475466966
913	2.6492497346
914	2.6507976766
915	2.6521989706
916	2.6531980808
917	2.6534170381
918	2.6528433159
919	2.6516807922
920	2.6502654352
921	2.6489908697
922	2.6478105220
923	2.6464402476
924	2.6449997511
925	2.6436317176
926	2.6422126034
927	2.6407285614
928	2.6394206898
929	2.6386025517
930	2.6382663379
931	2.6382124532
932	2.6386005780
933	2.6393102136
934	2.6401603258
935	2.6412219425
936	2.6422463509
937	2.6432213762
938	2.6443077117
939	2.6458512223
940	2.6479787718
941	2.6503114009
942	2.6528703026
943	2.6557953335
944	2.6586604179
945	2.6610308262
946	2.6628937700
947	2.6641388528
948	2.6647805342
949	2.6649791548
950	2.6646676913
951	2.6639627960
952	2.6630738077
953	2.6618982879
954	2.6603277775
955	2.6584864297
956	2.6566901750
957	2.6549627615
958	2.6533032179
959	2.6521063105
960	2.6514712370
961	2.6513379088
962	2.6515153661
963	2.6519312079
964	2.6526783050
965	2.6534958627
966	2.6543343924
967	2.6553391378
968	2.6564209716
969	2.6576768278
970	2.6591726787
971	2.6605847737
972	2.6619344861
973	2.6632756884
974	2.6642786409
975	2.6647606554
976	2.6647372956
977	2.6642614177
978	2.6633922494
979	2.6622850660
980	2.6611181286
981	2.6599679640
982	2.6589079276
983	2.6580008934
984	2.6572277289
985	2.6567252846
986	2.6565880366
987	2.6564051767
988	2.6557849072
989	2.6548431908
990	2.6538677274
991	2.6531478982
992	2.6528169193
993	2.6529744326
994	2.6533377693
995	2.6534053156
996	2.6535150319
997	2.6541581376
998	2.6554396954
999	2.6569624589
1000	2.6580780905
1001	2.6585973514
1002	2.6587124675
1003	2.6589008494
1004	2.6594095414
1005	2.6599792211
1006	2.6603229611
1007	2.6601243090
1008	2.6591530014
1009	2.6577678898
1010	2.6562100451
1011	2.6542836336
1012	2.6523634174
1013	2.6511009330
1014	2.6505251376
1015	2.6505015551
1016	2.6508300206
1017	2.6513618751
1018	2.6522832873
1019	2.6537284181
1020	2.6556009685
1021	2.6574032521
1022	2.6588880317
1023	2.6600384380
1024	2.6607918488
1025	2.6612860635
1026	2.6615552101
1027	2.6616515297
1028	2.6617608896
1029	2.6620509195
1030	2.6623925812
1031	2.6622759163
1032	2.6615655255
1033	2.6606917530
1034	2.6596454026
1035	2.6583563049
1036	2.6569335641
1037	2.6553948392
1038	2.6540845434
1039	2.6529580422
1040	2.6516029295
1041	2.6500999769
1042	2.6487163422
1043	2.6474687009
1044	2.6464533793
1045	2.6457200680
1046	2.6449236741
1047	2.6439144529
1048	2.6429886920
1049	2.6421926328
1050	2.6412295552
1051	2.6403812423
1052	2.6404314366
1053	2.6414336098
1054	2.6430333879
1055	2.6450005815
1056	2.6471598052
1057	2.6495242449
1058	2.6518026700
1059	2.6537837253
1060	2.6553929994
1061	2.6567104091
1062	2.6579632805
1063	2.6589905503
1064	2.6597560667
1065	2.6601916644
1066	2.6600869397
1067	2.6592979279
1068	2.6575756369
1069	2.6549492414
1070	2.6519088368
1071	2.6488862057
1072	2.6456743069
1073	2.6418042121
1074	2.6374892290
1075	2.6331360550
1076	2.6287181538
1077	2.6244041981
1078	2.6205799234
1079	2.6175109760
1080	2.6157619153
1081	2.6152841498
1082	2.6155053187
1083	2.6168447252
1084	2.6191998266
1085	2.6218878027
1086	2.6247117980
1087	2.6275777798
1088	2.6303864680
1089	2.6329552778
1090	2.6354087653
1091	2.6378653665
1092	2.6403675941
1093	2.6430775645
1094	2.6457240384
1095	2.6476822205
1096	2.6488134914
1097	2.6492734370
1098	2.6491006129
1099	2.6481393706
1100	2.6466318564
1101	2.6453529595
1102	2.6443959327
1103	2.6436201174
1104	2.6428821664
1105	2.6423433628
1106	2.6423606195
1107	2.6424242712
1108	2.6424106757
1109	2.6427695772
1110	2.6432511924
1111	2.6435893809
1112	2.6437365695
1113	2.6432826457
1114	2.6421714681
1115	2.6407321207
1116	2.6389750709
1117	2.6370507958
1118	2.6354364663
1119	2.6343441766
1120	2.6336972750
1121	2.6336009333
1122	2.6344853570
1123	2.6361523036
1124	2.6380452416
1125	2.6397590079
1126	2.6409633385
1127	2.6417456439
1128	2.6417419317
1129	2.6408087366
1130	2.6393490091
1131	2.6374545867
1132	2.6351100749
1133	2.6325529551
1134	2.6306126609
1135	2.6295998393
1136	2.6290207773
1137	2.6286399662
1138	2.6284278589
1139	2.6284018904
1140	2.6285525593
1141	2.6288031802
1142	2.6293486494
1143	2.6305615461
1144	2.6324860105
1145	2.6348215932
1146	2.6373500997
1147	2.6399084028
1148	2.6421994856
1149	2.6439938432
1150	2.6454044160
1151	2.6464141016
1152	2.6470588879
1153	2.6474104909
1154	2.6471940631
1155	2.6468980777
1156	2.6466884511
1157	2.6458841153
1158	2.6446096585
1159	2.6432237301
1160	2.6415238524
1161	2.6394044294
1162	2.6371071747
1163	2.6349372723
1164	2.6330105737
1165	2.6314623488
1166	2.6305895213
1167	2.6302970027
1168	2.6304619548
1169	2.6309987439
1170	2.6319778292
1171	2.6334226461
1172	2.6349598146
1173	2.6365556020
1174	2.6381939882
1175	2.6398688490
1176	2.6414426005
1177	2.6426702106
1178	2.6437380291
1179	2.6447860407
1180	2.6458223452
1181	2.6466499367
1182	2.6471449820
1183	2.6478328534
1184	2.6486330097
1185	2.6487763420
1186	2.6481972553
1187	2.6468329600
1188	2.6443874860
1189	2.6414093354
1190	2.6386324759
1191	2.6362056777
1192	2.6341220207
1193	2.6322135267
1194	2.6307441291
1195	2.6301908082
1196	2.6307133141
1197	2.6323537970
1198	2.6348105134
1199	2.6376549220
1200	2.6403882939
1201	2.6432506545
1202	2.6468866122
1203	2.6512089798
1204	2.6557033749
1205	2.6596701419
1206	2.6627250464
1207	2.6648801074
1208	2.6661366639
1209	2.6664756338
1210	2.6659769876
1211	2.6648067816
1212	2.6631104258
1213	2.6610684168
1214	2.6589242534
1215	2.6568390502
1216	2.6550549595
1217	2.6539833409
1218	2.6537129472
1219	2.6539330395
1220	2.6543070194
1221	2.6546914249
1222	2.6551495116
1223	2.6556948464
1224	2.6563816080
1225	2.6572810541
1226	2.6581974922
1227	2.6589083356
1228	2.6595004241
1229	2.6601540564
1230	2.6605335850
1231	2.6604702884
1232	2.6604895145
1233	2.6607497948
1234	2.6610184333
1235	2.6612151805
1236	2.6611928547
1237	2.6610793604
1238	2.6611269343
1239	2.6612614207
1240	2.6615425849
1241	2.6619529531
1242	2.6624383807
1243	2.6630130820
1244	2.6635552386
1245	2.6639216397
1246	2.6640407041
1247	2.6641620917
1248	2.6644699138
1249	2.6648750654
1250	2.6652649601
1251	2.6656844913
1252	2.6661779251
1253	2.6664397374
1254	2.6663314863
1255	2.6660735599
1256	2.6658105172
1257	2.6656371564
1258	2.6656610710
1259	2.6658974785
1260	2.6661185127
1261	2.6661915045
1262	2.6662449140
1263	2.6662060289
1264	2.6660073730
1265	2.6658313318
1266	2.6657756716
1267	2.6658318696
1268	2.6660423344
1269	2.6663276407
1270	2.6667468815
1271	2.6673178449
1272	2.6678235433
1273	2.6683032041
1274	2.6687693392
1275	2.6691964443
1276	2.6695792095
1277	2.6698049371
1278	2.6698120819
1279	2.6696803432
1280	2.6695698598
1281	2.6695095659
1282	2.6695123551
1283	2.6696520666
1284	2.6700349638
1285	2.6706853353
1286	2.6713798658
1287	2.6719346183
1288	2.6723712274
1289	2.6725840511
1290	2.6724406068
1291	2.6720158648
1292	2.6713980661
1293	2.6706131552
1294	2.6697470256
1295	2.6689241324
1296	2.6681212927
1297	2.6672986636
1298	2.6665366255
1299	2.6658816081
1300	2.6653171058
1301	2.6649029321
1302	2.6648419028
1303	2.6652325358
1304	2.6659119109
1305	2.6667984735
1306	2.6679245647
1307	2.6691216189
1308	2.6702060365
1309	2.6711881962
1310	2.6720878138
1311	2.6728572151
1312	2.6734912816
1313	2.6740362921
1314	2.6745105366
1315	2.6749593161
1316	2.6754511862
1317	2.6758997925
1318	2.6762261472
1319	2.6764383407
1320	2.6765224163
1321	2.6765568313
1322	2.6765929528
1323	2.6766192854
1324	2.6766632447
1325	2.6767094894
1326	2.6767336296
1327	2.6767563306
1328	2.6767839989
1329	2.6768001828
1330	2.6767987494
1331	2.6767956875
1332	2.6768223326
1333	2.6768696084
1334	2.6769111521
1335	2.6769355635
1336	2.6769154119
1337	2.6768540402
1338	2.6767738021
1339	2.6766686104
1340	2.6765375624
1341	2.6763985878
1342	2.6762472761
1343	2.6760536104
1344	2.6758338103
1345	2.6756200236
1346	2.6753910179
1347	2.6750999756
1348	2.6747271217
1349	2.6743396208
1350	2.6740049632
1351	2.6737506189
1352	2.6735779992
1353	2.6734097688
1354	2.6732704483
1355	2.6732004169
1356	2.6731730169
1357	2.6732478060
1358	2.6733975830
1359	2.6735854289
1360	2.6738899817
1361	2.6743167910
1362	2.6748046026
1363	2.6753010631
1364	2.6757306999
1365	2.6760473672
1366	2.6762632759
1367	2.6764403297
1368	2.6766379669
1369	2.6768585682
1370	2.6771029335
1371	2.6773761403
1372	2.6776588348
1373	2.6778564169
1374	2.6779142954
1375	2.6778507645
1376	2.6776576112
1377	2.6773486560
1378	2.6769309675
1379	2.6764373812
1380	2.6759808518
1381	2.6756641189
1382	2.6755224175
1383	2.6755563036
1384	2.6757883603
1385	2.6761847066
1386	2.6765927419
1387	2.6769095478
1388	2.6771027377
1389	2.6771518387
1390	2.6771203591
1391	2.6770916916
1392	2.6769672588
1393	2.6765538106
1394	2.6759248323
1395	2.6752134679
1396	2.6742604854
1397	2.6729638616
1398	2.6714188247
1399	2.6697775261
1400	2.6681326082
1401	2.6664726815
1402	2.6649721210
1403	2.6638065568
1404	2.6630079096
1405	2.6623715025
1406	2.6617836529
1407	2.6614842873
1408	2.6614926972
1409	2.6620182401
1410	2.6631081967
1411	2.6644053918
1412	2.6659213123
1413	2.6675704642
1414	2.6691304297
1415	2.6705541885
1416	2.6717748110
1417	2.6727668398
1418	2.6736310059
1419	2.6743117302
1420	2.6745139748
1421	2.6740888071
1422	2.6731739093
1423	2.6719212209
1424	2.6702990421
1425	2.6684301092
1426	2.6666561570
1427	2.6651421846
1428	2.6639125312
1429	2.6630490662
1430	2.6625469802
1431	2.6623546764
1432	2.6624830687
1433	2.6626833008
1434	2.6628352861
1435	2.6630801605
1436	2.6633635122
1437	2.6636145421
1438	2.6638882971
1439	2.6643886919
1440	2.6650555899
1441	2.6656346256
1442	2.6659972783
1443	2.6660172118
1444	2.6656604813
1445	2.6648080612
1446	2.6635155689
1447	2.6619893144
1448	2.6602088640
1449	2.6584294607
1450	2.6566761041
1451	2.6545045551
1452	2.6521820338
1453	2.6501613736
1454	2.6485366740
1455	2.6472562802
1456	2.6462400429
1457	2.6457434301
1458	2.6457371599
1459	2.6458239394
1460	2.6458122718
1461	2.6457159383
1462	2.6454503365
1463	2.6449267906
1464	2.6442074124
1465	2.6435479567
1466	2.6434814173
1467	2.6439690965
1468	2.6445158460
1469	2.6452762531
1470	2.6463516873
1471	2.6473479796
1472	2.6483417307
1473	2.6494288185
1474	2.6503019515
1475	2.6509472562
1476	2.6514901539
1477	2.6517325517
1478	2.6514230255
1479	2.6507562120
1480	2.6499121842
1481	2.6487043690
1482	2.6472169445
1483	2.6455702314
1484	2.6435854254
1485	2.6411192768
1486	2.6384739455
1487	2.6360736817
1488	2.6339011298
1489	2.6320654732
1490	2.6305736460
1491	2.6296617687
1492	2.6294248145
1493	2.6292591590
1494	2.6290828407
1495	2.6290167324
1496	2.6291505053
1497	2.6291721252
1498	2.6288088820
1499	2.6282744952
1500	2.6275904233
1501	2.6266581754
1502	2.6252443645
1503	2.6237896486
1504	2.6226261327
1505	2.6213417409
1506	2.6202910949
1507	2.6199541127
1508	2.6202494109
1509	2.6215252158
1510	2.6236754931
1511	2.6261356794
1512	2.6289699328
1513	2.6317467648
1514	2.6338662635
1515	2.6354764749
1516	2.6368753510
1517	2.6380717344
1518	2.6388165407
1519	2.6390765235
1520	2.6392417937
1521	2.6398455996
1522	2.6409569888
1523	2.6419872462
1524	2.6422109691
1525	2.6414543937
1526	2.6399979457
1527	2.6381612738
1528	2.6367713664
1529	2.6362617015
1530	2.6359337571
1531	2.6354420830
1532	2.6351157303
1533	2.6353098420
1534	2.6360636139
1535	2.6371681974
1536	2.6383582132
1537	2.6390108394
1538	2.6388985602
1539	2.6386057099
1540	2.6386070520
1541	2.6388676229
1542	2.6390963721
1543	2.6394725338
1544	2.6402313141
1545	2.6412694373
1546	2.6425870434
1547	2.6439395767
1548	2.6455312637
1549	2.6476794590
1550	2.6499417306
1551	2.6518317572
1552	2.6528269119
1553	2.6527137872
1554	2.6518727027
1555	2.6506806148
1556	2.6493913635
1557	2.6481434397
1558	2.6468491411
1559	2.6455238618
1560	2.6443299235
1561	2.6433374866
1562	2.6424558961
1563	2.6415774355
1564	2.6411382498
1565	2.6414523113
1566	2.6418590484
1567	2.6419070756
1568	2.6419517030
1569	2.6418911069
1570	2.6415804056
1571	2.6415033677
1572	2.6415084062
1573	2.6412570719
1574	2.6407431061
1575	2.6399771920
1576	2.6392156464
1577	2.6385418528
1578	2.6380432388
1579	2.6380099036
1580	2.6389053358
1581	2.6406744188
1582	2.6426921536
1583	2.6447968613
1584	2.6469548728
1585	2.6490099886
1586	2.6506708360
1587	2.6519984030
1588	2.6532879189
1589	2.6546905434
1590	2.6563591366
1591	2.6579901543
1592	2.6593653077
1593	2.6605531738
1594	2.6616412654
1595	2.6626837511
1596	2.6634937640
1597	2.6638630212
1598	2.6637017720
1599	2.6629815908
1600	2.6616919450
1601	2.6597958048
1602	2.6574417149
1603	2.6550029715
1604	2.6527322183
1605	2.6506271276
1606	2.6486967221
1607	2.6472062487
1608	2.6460602132
1609	2.6451508748
1610	2.6447755243
1611	2.6449766269
1612	2.6459659761
1613	2.6478702456
1614	2.6504012886
1615	2.6534584988
1616	2.6567064646
1617	2.6596827240
1618	2.6623819951
1619	2.6646528094
1620	2.6661784852
1621	2.6671264243
1622	2.6678356647
1623	2.6682795550
1624	2.6683385805
1625	2.6681277331
1626	2.6677853293
1627	2.6672786606
1628	2.6665950119
1629	2.6658444750
1630	2.6650514933
1631	2.6643663318
1632	2.6639164582
1633	2.6636066315
1634	2.6635221430
1635	2.6637005515
1636	2.6640679555
1637	2.6645792683
1638	2.6651661495
1639	2.6658782111
1640	2.6667354314
1641	2.6676853912
1642	2.6684937837
1643	2.6689560600
1644	2.6691897311
1645	2.6692800373
1646	2.6692018231
1647	2.6689047713
1648	2.6685182295
1649	2.6681269419
1650	2.6676254046
1651	2.6671407095
1652	2.6668581806
1653	2.6667504620
1654	2.6665558516
1655	2.6660927105
1656	2.6656453530
1657	2.6655037746
1658	2.6656607907
1659	2.6661011443
1660	2.6664997236
1661	2.6664834481
1662	2.6661269341
1663	2.6656668734
1664	2.6652819639
1665	2.6650131853
1666	2.6649511776
1667	2.6650747133
1668	2.6653385423
1669	2.6658819562
1670	2.6667120359
1671	2.6675410720
1672	2.6680803094
1673	2.6683012407
1674	2.6681910241
1675	2.6678573202
1676	2.6672159109
1677	2.6662493458
1678	2.6653657335
1679	2.6645763123
1680	2.6637489162
1681	2.6627977602
1682	2.6615358593
1683	2.6600479744
1684	2.6587152475
1685	2.6577151304
1686	2.6569309743
1687	2.6563822626
1688	2.6560304131
1689	2.6558383187
1690	2.6558758710
1691	2.6561475203
1692	2.6566694272
1693	2.6574120128
1694	2.6583259790
1695	2.6593714055
1696	2.6604828164
1697	2.6614694197
1698	2.6620731102
1699	2.6625155889
1700	2.6631882896
1701	2.6639185720
1702	2.6644429348
1703	2.6647661167
1704	2.6650572108
1705	2.6653712045
1706	2.6656088999
1707	2.6658545822
1708	2.6661681597
1709	2.6665441092
1710	2.6669363375
1711	2.6671504864
1712	2.6669491196
1713	2.6662694707
1714	2.6652602334
1715	2.6640211372
1716	2.6627336662
1717	2.6616820389
1718	2.6610175091
1719	2.6607973216
1720	2.6608789081
1721	2.6611693489
1722	2.6616138604
1723	2.6620675791
1724	2.6628279085
1725	2.6638445448
1726	2.6644883842
1727	2.6646792347
1728	2.6646283688
1729	2.6643673820
1730	2.6638549731
1731	2.6628909263
1732	2.6614032595
1733	2.6596627211
1734	2.6577029851
1735	2.6555554750
1736	2.6535577278
1737	2.6518578082
1738	2.6504055575
1739	2.6490424619
1740	2.6478600549
1741	2.6468827845
1742	2.6460817011
1743	2.6457318655
1744	2.6454514096
1745	2.6449451471
1746	2.6445367951
1747	2.6443848136
1748	2.6445174588
1749	2.6449343861
1750	2.6458022881
1751	2.6470922860
1752	2.6484935554
1753	2.6497482944
1754	2.6505678172
1755	2.6507983836
1756	2.6508240894
1757	2.6511839837
1758	2.6518250642
1759	2.6523229791
1760	2.6526939781
1761	2.6530269462
1762	2.6528760254
1763	2.6519190697
1764	2.6501664818
1765	2.6480754730
1766	2.6459220840
1767	2.6437931186
1768	2.6417143049
1769	2.6394502411
1770	2.6374761834
1771	2.6357455116
1772	2.6337318991
1773	2.6315478455
1774	2.6292948835
1775	2.6266695392
1776	2.6233436118
1777	2.6194957308
1778	2.6154407072
1779	2.6116009989
1780	2.6082719144
1781	2.6058918987
1782	2.6049200516
1783	2.6052924918
1784	2.6070421231
1785	2.6102100328
1786	2.6147153072
1787	2.6199597523
1788	2.6252847615
1789	2.6304355261
1790	2.6343958468
1791	2.6366494161
1792	2.6377776697
1793	2.6376850279
1794	2.6362100637
1795	2.6336640529
1796	2.6304990546
1797	2.6273799567
1798	2.6242481845
1799	2.6204764375
1800	2.6162896514
1801	2.6120833013
1802	2.6075827714
1803	2.6030688609
1804	2.5990904686
1805	2.5961001800
1806	2.5946058478
1807	2.5940849626
1808	2.5938510775
1809	2.5939827778
1810	2.5945296626
1811	2.5948594902
1812	2.5946409936
1813	2.5947126498
1814	2.5952330480
1815	2.5956702544
1816	2.5958362802
1817	2.5953665044
1818	2.5941510893
1819	2.5923949722
1820	2.5904364071
1821	2.5883494780
1822	2.5860099617
1823	2.5841868083
1824	2.5832489272
1825	2.5826109881
1826	2.5821513490
1827	2.5822774850
1828	2.5832298769
1829	2.5846336198
1830	2.5864133017
1831	2.5883924540
1832	2.5899267640
1833	2.5906391598
1834	2.5901874514
1835	2.5887782417
1836	2.5864472271
1837	2.5832583077
1838	2.5793247248
1839	2.5745517705
1840	2.5698255515
1841	2.5653339568
1842	2.5608155417
1843	2.5568954149
1844	2.5535491007
1845	2.5500078438
1846	2.5461596743
1847	2.5421356085
1848	2.5386633989
1849	2.5363533625
1850	2.5335068485
1851	2.5298446189
1852	2.5268274160
1853	2.5247773513
1854	2.5244790954
1855	2.5267107413
1856	2.5309434221
1857	2.5358042702
1858	2.5408126051
1859	2.5467273885
1860	2.5538506376
1861	2.5619160499
1862	2.5698291242
1863	2.5755124183
1864	2.5786308280
1865	2.5803869929
1866	2.5815448894
1867	2.5825863820
1868	2.5830775357
1869	2.5825554290
1870	2.5805176693
1871	2.5767926279
1872	2.5718147265
1873	2.5658035179
1874	2.5592462438
1875	2.5522809867
1876	2.5450773794
1877	2.5378355602
1878	2.5311413159
1879	2.5245683875
1880	2.5170928713
1881	2.5103014031
1882	2.5056348185
1883	2.5023595594
1884	2.4992243813
1885	2.4967601282
1886	2.4963057075
1887	2.4976985939
1888	2.5006975922
1889	2.5048126586
1890	2.5087421325
1891	2.5116904959
1892	2.5134980412
1893	2.5144836031
1894	2.5152010368
1895	2.5158344455
1896	2.5169249421
1897	2.5193076954
1898	2.5221991131
1899	2.5238956014
1900	2.5233682292
1901	2.5202022242
1902	2.5155006665
1903	2.5103517673
1904	2.5047836153
1905	2.4991749863
1906	2.4938831527
1907	2.4892269268
1908	2.4851205390
1909	2.4817217917
1910	2.4791805359
1911	2.4772187579
1912	2.4765858992
1913	2.4773085765
1914	2.4787406763
1915	2.4809067177
1916	2.4834155552
1917	2.4863323193
1918	2.4904374973
1919	2.4955761224
1920	2.5014090765
1921	2.5079229807
1922	2.5145519082
1923	2.5207826505
1924	2.5250258435
1925	2.5256489034
1926	2.5243315640
1927	2.5222818423
1928	2.5184869856
1929	2.5131721450
1930	2.5065543111
1931	2.4985043491
1932	2.4898222030
1933	2.4814533225
1934	2.4737933863
1935	2.4668922894
1936	2.4616589172
1937	2.4585063740
1938	2.4571921990
1939	2.4571837675
1940	2.4572812311
1941	2.4579925839
1942	2.4603119895
1943	2.4644179290
1944	2.4698775244
1945	2.4768437729
1946	2.4864112514
1947	2.4973253626
1948	2.5075645372
1949	2.5164280262
1950	2.5238197631
1951	2.5290026726
1952	2.5312610592
1953	2.5309637647
1954	2.5283242161
1955	2.5238970849
1956	2.5179328890
1957	2.5104897166
1958	2.5022411157
1959	2.4943300816
1960	2.4878370041
1961	2.4829369177
1962	2.4794930347
1963	2.4774521582
1964	2.4764398802
1965	2.4760203959
1966	2.4764009684
1967	2.4773951948
1968	2.4789601588
1969	2.4813046212
1970	2.4846148553
1971	2.4889294148
1972	2.4927105684
1973	2.4956556198
1974	2.4985828654
1975	2.4997163720
1976	2.4978961360
1977	2.4946691042
1978	2.4910575432
1979	2.4885089392
1980	2.4873380434
1981	2.4862602930
1982	2.4857139965
1983	2.4857148107
1984	2.4863894290
1985	2.4883045793
1986	2.4913467482
1987	2.4944381153
1988	2.4968214203
1989	2.4998599460
1990	2.5036151093
1991	2.5076918537
1992	2.5124281486
1993	2.5162863263
1994	2.5167343921
1995	2.5132212744
1996	2.5078950168
1997	2.5023142525
1998	2.4965231849
1999	2.4907248662
2000	2.4855633743
2001	2.4817160612
2002	2.4797113489
2003	2.4799701976
2004	2.4820720605
2005	2.4860752654
2006	2.4923730686
2007	2.4998341388
2008	2.5076667217
2009	2.5151933842
2010	2.5211710899
2011	2.5251197388
2012	2.5273117381
2013	2.5281302360
2014	2.5273492287
2015	2.5247409502
2016	2.5203420214
2017	2.5147036281
2018	2.5088019635
2019	2.5028927633
2020	2.4962868846
2021	2.4885221054
2022	2.4802889920
2023	2.4728145092
2024	2.4669354392
2025	2.4620524454
2026	2.4581252942
2027	2.4561235789
2028	2.4554933328
2029	2.4548584306
2030	2.4527354001
2031	2.4493020429
2032	2.4463187154
2033	2.4442606515
2034	2.4438387885
2035	2.4463908848
2036	2.4517066772
2037	2.4588255781
2038	2.4675938696
2039	2.4780142473
2040	2.4886537452
2041	2.4981491967
2042	2.5066341541
2043	2.5140620978
2044	2.5201363428
2045	2.5244800048
2046	2.5267029863
2047	2.5268314067
2048	2.5250314122
2049	2.5220679946
2050	2.5187359843
2051	2.5150150084
2052	2.5111818797
2053	2.5080216460
2054	2.5048352371
2055	2.5013039644
2056	2.4979994223
2057	2.4957274667
2058	2.4965022703
2059	2.4987359605
2060	2.4997400728
2061	2.4997492299
2062	2.4989213276
2063	2.4975376563
2064	2.4960806683
2065	2.4947001914
2066	2.4931057831
2067	2.4918836711
2068	2.4915151975
2069	2.4917356160
2070	2.4929438904
2071	2.4947586420
2072	2.4962517955
2073	2.4970086197
2074	2.4971115233
2075	2.4964754575
2076	2.4952055595
2077	2.4942149953
2078	2.4940930244
2079	2.4943672562
2080	2.4948803965
2081	2.4959036441
2082	2.4971677396
2083	2.4989311495
2084	2.5016751135
2085	2.5052602005
2086	2.5094475024
2087	2.5143372532
2088	2.5187855982
2089	2.5211498802
2090	2.5216656906
2091	2.5215470827
2092	2.5208253466
2093	2.5180139606
2094	2.5132976359
2095	2.5081231035
2096	2.5026215092
2097	2.4962748243
2098	2.4895293081
2099	2.4834098496
2100	2.4783149389
2101	2.4742335859
2102	2.4705774217
2103	2.4666984120
2104	2.4623141728
2105	2.4586195828
2106	2.4568200221
2107	2.4571555589
2108	2.4603908443
2109	2.4662232650
2110	2.4745735679
2111	2.4844493888
2112	2.4940147901
2113	2.5039009158
2114	2.5135850699
2115	2.5226697378
2116	2.5321563347
2117	2.5408069336
2118	2.5477665698
2119	2.5537803979
2120	2.5588287412
2121	2.5618916114
2122	2.5626154999
2123	2.5612931887
2124	2.5580402927
2125	2.5534334746
2126	2.5475956139
2127	2.5406588670
2128	2.5332593198
2129	2.5253107661
2130	2.5162629095
2131	2.5067544104
2132	2.4980487875
2133	2.4898988997
2134	2.4820795651
2135	2.4755565624
2136	2.4715721483
2137	2.4705086537
2138	2.4723488913
2139	2.4775240924
2140	2.4857121572
2141	2.4965292759
2142	2.5093147650
2143	2.5223853685
2144	2.5347604314
2145	2.5464297833
2146	2.5573215424
2147	2.5673231185
2148	2.5762531623
2149	2.5840114522
2150	2.5907856078
2151	2.5958981966
2152	2.5985734404
2153	2.5992706176
2154	2.5985243450
2155	2.5963116690
2156	2.5927814408
2157	2.5884503444
2158	2.5834282014
2159	2.5776705816
2160	2.5718327228
2161	2.5663172106
2162	2.5614066452
2163	2.5583798362
2164	2.5583453908
2165	2.5611296834
2166	2.5653382916
2167	2.5704478901
2168	2.5766493022
2169	2.5828296805
2170	2.5883626126
2171	2.5932746455
2172	2.5977030639
2173	2.6016320838
2174	2.6044946043
2175	2.6062892139
2176	2.6076602352
2177	2.6088954878
2178	2.6091619138
2179	2.6078748504
2180	2.6051440399
2181	2.6016537486
2182	2.5981925794
2183	2.5950374323
2184	2.5923061168
2185	2.5897220630
2186	2.5873765128
2187	2.5856453638
2188	2.5855499941
2189	2.5874909557
2190	2.5902316228
2191	2.5925732020
2192	2.5938621264
2193	2.5947566835
2194	2.5958085750
2195	2.5970873979
2196	2.5989180338
2197	2.6005454664
2198	2.6016899814
2199	2.6033096106
2200	2.6057680331
2201	2.6094798958
2202	2.6143422017
2203	2.6192599183
2204	2.6239548897
2205	2.6280949081
2206	2.6311000418
2207	2.6331882486
2208	2.6345538674
2209	2.6349721003
2210	2.6350738014
2211	2.6354021878
2212	2.6351909567
2213	2.6340918047
2214	2.6326581465
2215	2.6315197314
2216	2.6307180177
2217	2.6301795557
2218	2.6297445918
2219	2.6289289289
2220	2.6276701755
2221	2.6262214950
2222	2.6246844202
2223	2.6230450308
2224	2.6214800721
2225	2.6199666465
2226	2.6187723367
2227	2.6184848726
2228	2.6189660553
2229	2.6198011913
2230	2.6211614616
2231	2.6236623123
2232	2.6269836183
2233	2.6300005827
2234	2.6324054797
2235	2.6347077848
2236	2.6371299446
2237	2.6393249142
2238	2.6410530859
2239	2.6419508458
2240	2.6417241804
2241	2.6404471987
2242	2.6381733859
2243	2.6353168885
2244	2.6322818907
2245	2.6296812729
2246	2.6277683535
2247	2.6262178610
2248	2.6249970029
2249	2.6235303501
2250	2.6215073842
2251	2.6190280433
2252	2.6165304833
2253	2.6146594449
2254	2.6134941586
2255	2.6135964597
2256	2.6149797340
2257	2.6170071180
2258	2.6193740183
2259	2.6215209668
2260	2.6237153315
2261	2.6267114878
2262	2.6299450469
2263	2.6328079223
2264	2.6353262340
2265	2.6372017804
2266	2.6385480069
2267	2.6393366619
2268	2.6389783504
2269	2.6376801958
2270	2.6359188776
2271	2.6335727258
2272	2.6306623640
2273	2.6276285966
2274	2.6245125324
2275	2.6214077213
2276	2.6190951416
2277	2.6178637950
2278	2.6171630472
2279	2.6167608092
2280	2.6170080698
2281	2.6179819456
2282	2.6191057778
2283	2.6202369788
2284	2.6220442985
2285	2.6248272955
2286	2.6283301814
2287	2.6322549943
2288	2.6365080712
2289	2.6406157389
2290	2.6437784782
2291	2.6457413432
2292	2.6464789368
2293	2.6460085224
2294	2.6448059442
2295	2.6432707297
2296	2.6412368690
2297	2.6389929319
2298	2.6367696692
2299	2.6346946660
2300	2.6331247162
2301	2.6318938658
2302	2.6308749918
2303	2.6300135701
2304	2.6293679692
2305	2.6284763265
2306	2.6269404441
2307	2.6250035953
2308	2.6226218104
2309	2.6197005897
2310	2.6162153050
2311	2.6127610134
2312	2.6099987708
2313	2.6080939507
2314	2.6067033366
2315	2.6052194964
2316	2.6039028788
2317	2.6037637559
2318	2.6052434094
2319	2.6078590979
2320	2.6112337103
2321	2.6150318582
2322	2.6190229856
2323	2.6230730844
2324	2.6270875453
2325	2.6312232174
2326	2.6348372763
2327	2.6371408582
2328	2.6383588990
2329	2.6388221297
2330	2.6386051053
2331	2.6378609795
2332	2.6368087114
2333	2.6353966536
2334	2.6334485779
2335	2.6315653119
2336	2.6302656249
2337	2.6294829916
2338	2.6288684666
2339	2.6282775687
2340	2.6279861742
2341	2.6272558236
2342	2.6252258819
2343	2.6216699633
2344	2.6171687441
2345	2.6128206290
2346	2.6088004710
2347	2.6052862837
2348	2.6024344800
2349	2.6002223942
2350	2.5988111149
2351	2.5977457573
2352	2.5968197755
2353	2.5963892719
2354	2.5959673491
2355	2.5956679085
2356	2.5966300896
2357	2.5985823016
2358	2.6013934281
2359	2.6055154574
2360	2.6101648040
2361	2.6149088383
2362	2.6197951343
2363	2.6240024622
2364	2.6267851339
2365	2.6284233488
2366	2.6293431072
2367	2.6293812098
2368	2.6281419792
2369	2.6252646040
2370	2.6208299206
2371	2.6153639407
2372	2.6095961165
2373	2.6035215395
2374	2.5968680583
2375	2.5905459328
2376	2.5851267586
2377	2.5803506687
2378	2.5758295288
2379	2.5718357495
2380	2.5688759653
2381	2.5668137837
2382	2.5659101821
2383	2.5666236338
2384	2.5694094771
2385	2.5739810321
2386	2.5795994459
2387	2.5855669372
2388	2.5913304125
2389	2.5972395729
2390	2.6035109195
2391	2.6106247276
2392	2.6184252423
2393	2.6254809354
2394	2.6308802987
2395	2.6343877910
2396	2.6362981259
2397	2.6367032262
2398	2.6354675058
2399	2.6326573739
2400	2.6281829981
2401	2.6228007126
2402	2.6175868042
2403	2.6126358386
2404	2.6078568184
2405	2.6034745203
2406	2.5999785123
2407	2.5968903687
2408	2.5932301121
2409	2.5893654921
2410	2.5860352189
2411	2.5834471191
2412	2.5814020519
2413	2.5802107794
2414	2.5805699449
2415	2.5819439712
2416	2.5840366559
2417	2.5875126786
2418	2.5915406333
2419	2.5954678362
2420	2.5993850189
2421	2.6019973983
2422	2.6030476343
2423	2.6033010596
2424	2.6030841207
2425	2.6028213421
2426	2.6026527641
2427	2.6023466956
2428	2.6017689299
2429	2.6009977159
2430	2.5996249409
2431	2.5975742003
2432	2.5951961124
2433	2.5930867387
2434	2.5918037840
2435	2.5910106024
2436	2.5902987292
2437	2.5894953992
2438	2.5887050354
2439	2.5881063129
2440	2.5881465109
2441	2.5884925962
2442	2.5883391271
2443	2.5878562301
2444	2.5873890088
2445	2.5870932883
2446	2.5866293962
2447	2.5864464965
2448	2.5872516706
2449	2.5888952783
2450	2.5905028992
2451	2.5909844386
2452	2.5911959324
2453	2.5919963849
2454	2.5924105727
2455	2.5922045604
2456	2.5921373635
2457	2.5921637101
2458	2.5919312296
2459	2.5912495463
2460	2.5897120912
2461	2.5869954395
2462	2.5835002955
2463	2.5799520209
2464	2.5766896455
2465	2.5738748972
2466	2.5716324667
2467	2.5698433727
2468	2.5679496358
2469	2.5657544949
2470	2.5633525743
2471	2.5607760169
2472	2.5582325858
2473	2.5564334710
2474	2.5559815560
2475	2.5567721846
2476	2.5586442222
2477	2.5613854589
2478	2.5651453717
2479	2.5697207080
2480	2.5750547179
2481	2.5812731293
2482	2.5877079579
2483	2.5940652705
2484	2.5998199358
2485	2.6047466632
2486	2.6087829191
2487	2.6110593664
2488	2.6113914733
2489	2.6101316933
2490	2.6074205943
2491	2.6029994158
2492	2.5971524934
2493	2.5911354345
2494	2.5857878952
2495	2.5816946569
2496	2.5793757297
2497	2.5793116435
2498	2.5813230735
2499	2.5840703311
2500	2.5864512479
2501	2.5880816612
2502	2.5893068643
2503	2.5904973643
2504	2.5911978620
2505	2.5910916308
2506	2.5904653020
2507	2.5890844619
2508	2.5868184481
2509	2.5841614652
2510	2.5817102835
2511	2.5798507376
2512	2.5783486472
2513	2.5775337610
2514	2.5775159548
2515	2.5789956317
2516	2.5828721603
2517	2.5870585038
2518	2.5899343125
2519	2.5919771643
2520	2.5933099920
2521	2.5943381166
2522	2.5957915353
2523	2.5966899342
2524	2.5959414660
2525	2.5939600240
2526	2.5912749815
2527	2.5888041669
2528	2.5868298081
2529	2.5851404112
2530	2.5837675533
2531	2.5821351339
2532	2.5802358596
2533	2.5787915938
2534	2.5784874991
2535	2.5791494155
2536	2.5801022060
2537	2.5817056942
2538	2.5845166895
2539	2.5882210430
2540	2.5923118688
2541	2.5969942775
2542	2.6025254449
2543	2.6085028563
2544	2.6144777230
2545	2.6195436419
2546	2.6227329505
2547	2.6240538714
2548	2.6241567405
2549	2.6236183841
2550	2.6224694796
2551	2.6210950783
2552	2.6193624654
2553	2.6168139172
2554	2.6142200208
2555	2.6120447612
2556	2.6100043606
2557	2.6077298235
2558	2.6056663153
2559	2.6044548427
2560	2.6036126479
2561	2.6026719188
2562	2.6020627098
2563	2.6024756078
2564	2.6042858282
2565	2.6074938466
2566	2.6118083847
2567	2.6168952099
2568	2.6222158861
2569	2.6276702583
2570	2.6330820950
2571	2.6380219128
2572	2.6420861740
2573	2.6446092548
2574	2.6460690999
2575	2.6471232628
2576	2.6478388929
2577	2.6482447437
2578	2.6486542934
2579	2.6494026933
2580	2.6501249625
2581	2.6507536249
2582	2.6511009369
2583	2.6506990644
2584	2.6499510442
2585	2.6492619057
2586	2.6484141974
2587	2.6476866258
2588	2.6473208138
2589	2.6471373206
2590	2.6469108562
2591	2.6459471561
2592	2.6444106671
2593	2.6431488268
2594	2.6423136818
2595	2.6418454518
2596	2.6415190483
2597	2.6409380912
2598	2.6400294858
2599	2.6389704844
2600	2.6379793095
2601	2.6373851644
2602	2.6374619801
2603	2.6382077742
2604	2.6396279440
2605	2.6416223253
2606	2.6438663419
2607	2.6459571442
2608	2.6474157486
2609	2.6486624892
2610	2.6503698420
2611	2.6522406765
2612	2.6540964012
2613	2.6563307152
2614	2.6591156170
2615	2.6619637094
2616	2.6644825178
2617	2.6665414335
2618	2.6679498673
2619	2.6687534995
2620	2.6689079364
2621	2.6682735352
2622	2.6670058972
2623	2.6652437947
2624	2.6629574757
2625	2.6603855109
2626	2.6577005635
2627	2.6550731427
2628	2.6528290190
2629	2.6509553495
2630	2.6494734834
2631	2.6484471206
2632	2.6480133445
2633	2.6483280661
2634	2.6493267646
2635	2.6509059821
2636	2.6527956177
2637	2.6548331645
2638	2.6568818885
2639	2.6587861206
2640	2.6604618209
2641	2.6618597450
2642	2.6631577132
2643	2.6643343140
2644	2.6653955705
2645	2.6663543015
2646	2.6670176680
2647	2.6671456407
2648	2.6663553545
2649	2.6646295348
2650	2.6623227985
2651	2.6600108405
2652	2.6579612754
2653	2.6558713617
2654	2.6536700670
2655	2.6516130906
2656	2.6498851459
2657	2.6485300416
2658	2.6474369530
2659	2.6464421250
2660	2.6455294484
2661	2.6445893367
2662	2.6437207182
2663	2.6431310355
2664	2.6428662006
2665	2.6428890195
2666	2.6432491071
2667	2.6441684967
2668	2.6453615942
2669	2.6467362287
2670	2.6485399790
2671	2.6507338202
2672	2.6530407983
2673	2.6553542913
2674	2.6580024258
2675	2.6606821772
2676	2.6628568563
2677	2.6645654683
2678	2.6658567323
2679	2.6666795023
2680	2.6668486060
2681	2.6660927534
2682	2.6644616168
2683	2.6623761124
2684	2.6601442513
2685	2.6577358765
2686	2.6554546468
2687	2.6537074548
2688	2.6523806178
2689	2.6514855532
2690	2.6510930910
2691	2.6508315309
2692	2.6505800035
2693	2.6505342871
2694	2.6506542153
2695	2.6510322425
2696	2.6513468696
2697	2.6515305646
2698	2.6521893908
2699	2.6529900995
2700	2.6536732805
2701	2.6544080052
2702	2.6549893544
2703	2.6553048616
2704	2.6556231353
2705	2.6562242606
2706	2.6569680714
2707	2.6576585161
2708	2.6581262537
2709	2.6582910642
2710	2.6582276252
2711	2.6582000528
2712	2.6582271188
2713	2.6580763914
2714	2.6580628410
2715	2.6584728269
2716	2.6590741429
2717	2.6596008450
2718	2.6600469090
2719	2.6603431318
2720	2.6601731258
2721	2.6593168705
2722	2.6581780292
2723	2.6574852582
2724	2.6575129391
2725	2.6579618459
2726	2.6584035554
2727	2.6588524307
2728	2.6592845747
2729	2.6598448456
2730	2.6608018635
2731	2.6619774290
2732	2.6631665154
2733	2.6641956780
2734	2.6651204864
2735	2.6658794668
2736	2.6663432085
2737	2.6666094406
2738	2.6665957191
2739	2.6662003516
2740	2.6653303072
2741	2.6638589070
2742	2.6617639704
2743	2.6591810971
2744	2.6563905993
2745	2.6535725393
2746	2.6508428617
2747	2.6481938309
2748	2.6455389262
2749	2.6433672218
2750	2.6420057593
2751	2.6410516253
2752	2.6403513609
2753	2.6401234279
2754	2.6403165447
2755	2.6407209856
2756	2.6415074937
2757	2.6430501207
2758	2.6454345703
2759	2.6485402262
2760	2.6520860947
2761	2.6556152919
2762	2.6589287157
2763	2.6615426720
2764	2.6630700428
2765	2.6635190857
2766	2.6627880544
2767	2.6612683733
2768	2.6587752121
2769	2.6548728097
2770	2.6501824800
2771	2.6454130822
2772	2.6409339795
2773	2.6370714404
2774	2.6338543376
2775	2.6310663551
2776	2.6288709624
2777	2.6273927260
2778	2.6265685356
2779	2.6264222730
2780	2.6270234927
2781	2.6285075897
2782	2.6303293044
2783	2.6319361375
2784	2.6334255667
2785	2.6346472174
2786	2.6355956216
2787	2.6364428090
2788	2.6370119452
2789	2.6373287043
2790	2.6377424021
2791	2.6381851021
2792	2.6385225347
2793	2.6384952774
2794	2.6374878845
2795	2.6356335177
2796	2.6332856858
2797	2.6302328722
2798	2.6258125024
2799	2.6202292973
2800	2.6143875148
2801	2.6088693773
2802	2.6042086018
2803	2.6003579002
2804	2.5979857702
2805	2.5976634432
2806	2.5986558588
2807	2.6004795343
2808	2.6028350492
2809	2.6052504867
2810	2.6077043713
2811	2.6107533916
2812	2.6145541562
2813	2.6189417374
2814	2.6237774711
2815	2.6286770703
2816	2.6328277298
2817	2.6355064676
2818	2.6367642739
2819	2.6367078497
2820	2.6349919947
2821	2.6317754898
2822	2.6279078125
2823	2.6236162093
2824	2.6186628403
2825	2.6130732240
2826	2.6076187487
2827	2.6030366774
2828	2.5992955882
2829	2.5968631334
2830	2.5960823588
2831	2.5965127448
2832	2.5972846537
2833	2.5977232493
2834	2.5980037794
2835	2.5981192419
2836	2.5979156007
2837	2.5970981524
2838	2.5951881497
2839	2.5924206915
2840	2.5890422867
2841	2.5858101928
2842	2.5838396030
2843	2.5830612819
2844	2.5827172679
2845	2.5825135526
2846	2.5829121221
2847	2.5837524160
2848	2.5850544176
2849	2.5870326175
2850	2.5889140100
2851	2.5903865058
2852	2.5918057057
2853	2.5938311442
2854	2.5965787683
2855	2.5995028391
2856	2.6010930575
2857	2.6000209930
2858	2.5974802008
2859	2.5950633822
2860	2.5927351461
2861	2.5901385410
2862	2.5874963975
2863	2.5843137375
2864	2.5803949133
2865	2.5758346884
2866	2.5703788430
2867	2.5644560126
2868	2.5585988708
2869	2.5533199646
2870	2.5483291346
2871	2.5437289948
2872	2.5402601399
2873	2.5378333142
2874	2.5359988128
2875	2.5347158259
2876	2.5349314450
2877	2.5362709676
2878	2.5368087003
2879	2.5369800479
2880	2.5382101466
2881	2.5403266710
2882	2.5439124654
2883	2.5485807131
2884	2.5528948488
2885	2.5569797296
2886	2.5606381605
2887	2.5638536336
2888	2.5669537640
2889	2.5695554802
2890	2.5718704635
2891	2.5746908862
2892	2.5776765807
2893	2.5799618812
2894	2.5814285747
2895	2.5823301982
2896	2.5830150489
2897	2.5832624839
2898	2.5826618877
2899	2.5806374223
2900	2.5765935536
2901	2.5712746205
2902	2.5653444388
2903	2.5590539198
2904	2.5528845816
2905	2.5467654030
2906	2.5413428710
2907	2.5375202913
2908	2.5354596694
2909	2.5346925006
2910	2.5344881954
2911	2.5349445173
2912	2.5361393560
2913	2.5381831988
2914	2.5406413718
2915	2.5428550409
2916	2.5454097513
2917	2.5482790913
2918	2.5507677214
2919	2.5529400153
2920	2.5552655131
2921	2.5576048565
2922	2.5593117249
2923	2.5602888693
2924	2.5608400930
2925	2.5611332606
2926	2.5617530020
2927	2.5630854193
2928	2.5643549046
2929	2.5646116362
2930	2.5629367593
2931	2.5593311326
2932	2.5550838648
2933	2.5509861223
2934	2.5465401249
2935	2.5414464842
2936	2.5369816209
2937	2.5331268350
2938	2.5288739817
2939	2.5244544810
2940	2.5204126063
2941	2.5178752781
2942	2.5172444963
2943	2.5182398080
2944	2.5202325771
2945	2.5221377963
2946	2.5236592534
2947	2.5244795536
2948	2.5246058819
2949	2.5243441428
2950	2.5243488748
2951	2.5254135886
2952	2.5278536035
2953	2.5324484133
2954	2.5390466169
2955	2.5461777318
2956	2.5532478794
2957	2.5602391819
2958	2.5663696678
2959	2.5714557841
2960	2.5752396410
2961	2.5775472107
2962	2.5791340432
2963	2.5792325692
2964	2.5773408525
2965	2.5743553868
2966	2.5709708540
2967	2.5676162537
2968	2.5647105688
2969	2.5622116733
2970	2.5597625506
2971	2.5577312090
2972	2.5563451513
2973	2.5549638254
2974	2.5525183326
2975	2.5498835536
2976	2.5483969980
2977	2.5473687528
2978	2.5469970889
2979	2.5482071733
2980	2.5508464852
2981	2.5538111770
2982	2.5560683868
2983	2.5583155144
2984	2.5613845663
2985	2.5644643838
2986	2.5669924307
2987	2.5687481985
2988	2.5693945281
2989	2.5695101475
2990	2.5700824711
2991	2.5711612763
2992	2.5720475963
2993	2.5724104123
2994	2.5715833763
2995	2.5693046201
2996	2.5657663659
2997	2.5603371185
2998	2.5533606085
2999	2.5462845939
