0	2.5912592505
1	2.6025308923
2	2.6237915193
3	2.6463911379
4	2.6690114342
5	2.6878504318
6	2.7027410404
7	2.7121619167
8	2.7169872752
9	2.7174710163
10	2.7151386585
11	2.7110045780
12	2.7066670796
13	2.7029212029
14	2.7008113929
15	2.7004839450
16	2.7020545569
17	2.7051597420
18	2.7091084007
19	2.7134260139
20	2.7171501881
21	2.7200573316
22	2.7214785190
23	2.7216215029
24	2.7203444485
25	2.7182397439
26	2.7155387879
27	2.7129589143
28	2.7107857184
29	2.7095020544
30	2.7092216245
31	2.7099397575
32	2.7115712656
33	2.7136445105
34	2.7160014080
35	2.7179805875
36	2.7195276285
37	2.7201312078
38	2.7199690567
39	2.7188704548
40	2.7172404502
41	2.7152079273
42	2.7132259547
43	2.7115302914
44	2.7103649424
45	2.7099243001
46	2.7101244359
47	2.7111032966
48	2.7124722771
49	2.7142546502
50	2.7158321970
51	2.7171575671
52	2.7177467791
53	2.7177408773
54	2.7170035261
55	2.7157379024
56	2.7140234559
57	2.7120955542
58	2.7103367622
59	2.7088977657
60	2.7081153277
61	2.7078027945
62	2.7082561239
63	2.7091140495
64	2.7104406228
65	2.7116438432
66	2.7127359637
67	2.7134395493
68	2.7137469686
69	2.7134376598
70	2.7124197719
71	2.7109280391
72	2.7090445818
73	2.7072227738
74	2.7054587128
75	2.7042718838
76	2.7034287646
77	2.7031838597
78	2.7032789165
79	2.7040699612
80	2.7053243409
81	2.7066872733
82	2.7075180620
83	2.7075063616
84	2.7070449112
85	2.7062467468
86	2.7053596507
87	2.7039783614
88	2.7024516227
89	2.7004936327
90	2.6984767421
91	2.6965289260
92	2.6954327551
93	2.6952309728
94	2.6958361760
95	2.6970113083
96	2.6982210472
97	2.6990817599
98	2.6991082126
99	2.6987200413
100	2.6977415807
101	2.6967172812
102	2.6955739685
103	2.6946265048
104	2.6934180808
105	2.6920292760
106	2.6903184761
107	2.6883608799
108	2.6865297902
109	2.6851092491
110	2.6846129374
111	2.6848858463
112	2.6861710988
113	2.6876831110
114	2.6892112096
115	2.6899004981
116	2.6896592286
117	2.6881913894
118	2.6858909855
119	2.6831251954
120	2.6803319136
121	2.6780615844
122	2.6765021410
123	2.6762894139
124	2.6771387385
125	2.6787773798
126	2.6794937487
127	2.6783696921
128	2.6753131963
129	2.6728248664
130	2.6732637198
131	2.6767895753
132	2.6800403021
133	2.6787686617
134	2.6727074531
135	2.6659070348
136	2.6635259676
137	2.6659080739
138	2.6701156136
139	2.6725646750
140	2.6731435482
141	2.6718591702
142	2.6676808678
143	2.6600487459
144	2.6520890283
145	2.6483118936
146	2.6500542686
147	2.6555931396
148	2.6626907402
149	2.6711652549
150	2.6783888118
151	2.6805766165
152	2.6758061150
153	2.6665114633
154	2.6548391470
155	2.6420816881
156	2.6304989195
157	2.6243318370
158	2.6258379532
159	2.6329135853
160	2.6439886340
161	2.6578756233
162	2.6718703917
163	2.6810547566
164	2.6837347084
165	2.6800080088
166	2.6699718488
167	2.6537078966
168	2.6349467594
169	2.6181193413
170	2.6047946859
171	2.5967005261
172	2.5965027386
173	2.6049277263
174	2.6187109066
175	2.6359666616
176	2.6546585182
177	2.6713932539
178	2.6821409300
179	2.6862247801
180	2.6833498311
181	2.6724978440
182	2.6553128209
183	2.6352038422
184	2.6141232686
185	2.5937426929
186	2.5783202608
187	2.5696896460
188	2.5678347254
189	2.5726352781
190	2.5848479657
191	2.6017535053
192	2.6205112202
193	2.6401664114
194	2.6581928170
195	2.6714279457
196	2.6788801309
197	2.6804142044
198	2.6747889972
199	2.6636321773
200	2.6488528213
201	2.6311780417
202	2.6113940724
203	2.5932831324
204	2.5794551357
205	2.5717399191
206	2.5715448993
207	2.5761351724
208	2.5811848797
209	2.5873767688
210	2.5991243794
211	2.6165883302
212	2.6361426010
213	2.6501689445
214	2.6533794254
215	2.6485858002
216	2.6441048347
217	2.6426984627
218	2.6413716309
219	2.6382309409
220	2.6332961327
221	2.6281447109
222	2.6244134948
223	2.6228754675
224	2.6248464209
225	2.6336279140
226	2.6461889269
227	2.6554008388
228	2.6576375110
229	2.6538719405
230	2.6449012894
231	2.6320851491
232	2.6184929355
233	2.6073602082
234	2.6012668485
235	2.5981050793
236	2.5944822393
237	2.5912677790
238	2.5911589185
239	2.5922463310
240	2.5952564525
241	2.6035405723
242	2.6171104876
243	2.6324892178
244	2.6459173236
245	2.6551973608
246	2.6589755434
247	2.6562389796
248	2.6467922288
249	2.6356342180
250	2.6272743837
251	2.6223972796
252	2.6221333146
253	2.6285870288
254	2.6384802848
255	2.6476999814
256	2.6551589129
257	2.6598825547
258	2.6613212137
259	2.6593671295
260	2.6557260556
261	2.6521286280
262	2.6485586863
263	2.6443183686
264	2.6414975242
265	2.6392599425
266	2.6345448034
267	2.6280513390
268	2.6217506062
269	2.6152538979
270	2.6103804855
271	2.6104809887
272	2.6152010669
273	2.6234885307
274	2.6334698041
275	2.6433467831
276	2.6498645166
277	2.6500568927
278	2.6444694923
279	2.6356345779
280	2.6242111572
281	2.6130496160
282	2.6067948034
283	2.6058054472
284	2.6100787966
285	2.6201071681
286	2.6330582801
287	2.6446871992
288	2.6542530367
289	2.6602420009
290	2.6614673983
291	2.6585541728
292	2.6535686510
293	2.6486304062
294	2.6443722835
295	2.6425361626
296	2.6444254881
297	2.6483725314
298	2.6528213598
299	2.6580176945
300	2.6613661343
301	2.6620525640
302	2.6616156522
303	2.6599016897
304	2.6570220218
305	2.6552738028
306	2.6549674899
307	2.6554649536
308	2.6574167001
309	2.6600889041
310	2.6623878212
311	2.6629393209
312	2.6618209751
313	2.6586775937
314	2.6531504211
315	2.6469864185
316	2.6418914832
317	2.6378648199
318	2.6369500216
319	2.6398892201
320	2.6443789829
321	2.6502942165
322	2.6564534801
323	2.6600601006
324	2.6604324488
325	2.6578453064
326	2.6511159459
327	2.6417674325
328	2.6320838338
329	2.6240461149
330	2.6194421891
331	2.6188938803
332	2.6220297070
333	2.6274344663
334	2.6358677380
335	2.6480574338
336	2.6611674982
337	2.6705774913
338	2.6720670447
339	2.6632215459
340	2.6498467035
341	2.6393459447
342	2.6326156261
343	2.6269024182
344	2.6188910059
345	2.6094703503
346	2.6066454008
347	2.6168693406
348	2.6365006475
349	2.6576370982
350	2.6735796057
351	2.6825643473
352	2.6854328177
353	2.6825272348
354	2.6741367470
355	2.6626901392
356	2.6525715687
357	2.6442760625
358	2.6343256754
359	2.6228481589
360	2.6143246454
361	2.6130672885
362	2.6217090926
363	2.6369066157
364	2.6549902102
365	2.6750301128
366	2.6928001079
367	2.7022719757
368	2.7021256145
369	2.6952424584
370	2.6857065165
371	2.6758592830
372	2.6656388096
373	2.6572487631
374	2.6524184456
375	2.6494160008
376	2.6454939062
377	2.6421142558
378	2.6428794486
379	2.6481366697
380	2.6562196014
381	2.6664438281
382	2.6782385047
383	2.6900617768
384	2.6982497731
385	2.7002366078
386	2.6989630388
387	2.6957357327
388	2.6902289730
389	2.6847249098
390	2.6814856575
391	2.6803031746
392	2.6792779305
393	2.6763133005
394	2.6722821579
395	2.6676830298
396	2.6604897164
397	2.6526126454
398	2.6481872733
399	2.6488151391
400	2.6531052327
401	2.6606044241
402	2.6713741326
403	2.6829626101
404	2.6918073772
405	2.6965839585
406	2.6981193897
407	2.6970861900
408	2.6929573088
409	2.6878020561
410	2.6850298581
411	2.6828466167
412	2.6802156059
413	2.6786038737
414	2.6778583205
415	2.6768374945
416	2.6750438584
417	2.6730861955
418	2.6720604987
419	2.6711780673
420	2.6714066651
421	2.6757071882
422	2.6818678012
423	2.6861333595
424	2.6877130138
425	2.6874379108
426	2.6852844073
427	2.6817441284
428	2.6786710628
429	2.6770582224
430	2.6765847055
431	2.6781140602
432	2.6834312144
433	2.6922229665
434	2.7017147391
435	2.7103892254
436	2.7177779783
437	2.7200651470
438	2.7159784972
439	2.7078080760
440	2.6971737532
441	2.6859891853
442	2.6767126219
443	2.6711394729
444	2.6697086005
445	2.6712397388
446	2.6756916585
447	2.6830206784
448	2.6903153279
449	2.6970398050
450	2.7033885445
451	2.7071263714
452	2.7069205062
453	2.7042444286
454	2.7006033460
455	2.6962590805
456	2.6925538299
457	2.6917153213
458	2.6939195636
459	2.6977366038
460	2.7025055522
461	2.7074052071
462	2.7107742086
463	2.7119891280
464	2.7129344843
465	2.7137592297
466	2.7142766782
467	2.7153791218
468	2.7156360356
469	2.7140852552
470	2.7121047355
471	2.7106000821
472	2.7090446067
473	2.7066256309
474	2.7037210284
475	2.7014373005
476	2.6999153635
477	2.7009525958
478	2.7046903747
479	2.7079370326
480	2.7098156078
481	2.7116435397
482	2.7137723614
483	2.7160725862
484	2.7186647391
485	2.7207913151
486	2.7215284810
487	2.7209526413
488	2.7191413757
489	2.7156263235
490	2.7119337144
491	2.7105808178
492	2.7124319899
493	2.7164715796
494	2.7220889320
495	2.7280837698
496	2.7321420070
497	2.7341379080
498	2.7336202631
499	2.7299182264
500	2.7249594127
501	2.7204658287
502	2.7163660281
503	2.7130200652
504	2.7113246621
505	2.7119268230
506	2.7138475281
507	2.7164489446
508	2.7197037596
509	2.7222305128
510	2.7238280192
511	2.7240408691
512	2.7215161269
513	2.7170682831
514	2.7121837438
515	2.7066851825
516	2.7011702861
517	2.6974898497
518	2.6964949817
519	2.6977525195
520	2.7012780983
521	2.7065253661
522	2.7123167981
523	2.7181717065
524	2.7230049799
525	2.7254787655
526	2.7252572354
527	2.7230814472
528	2.7179905208
529	2.7100723820
530	2.7021455182
531	2.6951740891
532	2.6898870284
533	2.6886249879
534	2.6918790035
535	2.6988268190
536	2.7080892438
537	2.7171166564
538	2.7241748123
539	2.7279820222
540	2.7277100778
541	2.7223096231
542	2.7122302106
543	2.6998929032
544	2.6871207036
545	2.6770467809
546	2.6724215495
547	2.6713277982
548	2.6710601107
549	2.6716639822
550	2.6744284151
551	2.6809862875
552	2.6906766773
553	2.6993067947
554	2.7031468102
555	2.7031518582
556	2.7017551731
557	2.7005292960
558	2.6994294759
559	2.6955450327
560	2.6863227084
561	2.6734316715
562	2.6612201868
563	2.6509828122
564	2.6436659638
565	2.6420373713
566	2.6464695593
567	2.6556166374
568	2.6670787388
569	2.6771292090
570	2.6858928920
571	2.6947692570
572	2.7020268633
573	2.7058231043
574	2.7049627925
575	2.6998497544
576	2.6921963418
577	2.6844842052
578	2.6784352941
579	2.6748962829
580	2.6757910984
581	2.6802602233
582	2.6839744051
583	2.6848873173
584	2.6831106693
585	2.6798128447
586	2.6767477826
587	2.6741372814
588	2.6729600130
589	2.6752318226
590	2.6799275992
591	2.6837342811
592	2.6866929840
593	2.6896572503
594	2.6919111076
595	2.6931878408
596	2.6930743244
597	2.6912960900
598	2.6882211912
599	2.6839390292
600	2.6773620531
601	2.6694849658
602	2.6634972412
603	2.6604861752
604	2.6607577620
605	2.6646743290
606	2.6701323562
607	2.6753049330
608	2.6773267904
609	2.6741308079
610	2.6693640086
611	2.6656934569
612	2.6631905972
613	2.6631297328
614	2.6672540421
615	2.6747129785
616	2.6823385040
617	2.6883070404
618	2.6919495714
619	2.6930491030
620	2.6921529668
621	2.6890806783
622	2.6851388853
623	2.6822185397
624	2.6799631140
625	2.6787972846
626	2.6792317417
627	2.6801194075
628	2.6807730758
629	2.6814099472
630	2.6815973414
631	2.6821916052
632	2.6830060918
633	2.6819190184
634	2.6800764841
635	2.6791206811
636	2.6780533465
637	2.6764914693
638	2.6761000582
639	2.6777311693
640	2.6807757910
641	2.6852650249
642	2.6914998865
643	2.6985103245
644	2.7042442033
645	2.7061047461
646	2.7039493060
647	2.6980531276
648	2.6879343169
649	2.6770956706
650	2.6686049350
651	2.6636466385
652	2.6637069504
653	2.6683312539
654	2.6759114559
655	2.6843718679
656	2.6910314009
657	2.6941600411
658	2.6935689799
659	2.6895078966
660	2.6820890879
661	2.6736110488
662	2.6666504175
663	2.6617636366
664	2.6602845644
665	2.6626162730
666	2.6674817905
667	2.6732069605
668	2.6784779402
669	2.6838603524
670	2.6901307548
671	2.6950578563
672	2.6972842083
673	2.6982010700
674	2.6970315132
675	2.6941274357
676	2.6915812908
677	2.6881110029
678	2.6815529348
679	2.6729554224
680	2.6664237974
681	2.6663248097
682	2.6729578727
683	2.6824287324
684	2.6895401482
685	2.6915305883
686	2.6897751345
687	2.6878148880
688	2.6869356661
689	2.6836009212
690	2.6771046880
691	2.6701516079
692	2.6653361864
693	2.6658010012
694	2.6708751581
695	2.6785377553
696	2.6881488716
697	2.6970914531
698	2.7028559037
699	2.7038887540
700	2.6993072835
701	2.6918909102
702	2.6862387258
703	2.6831914961
704	2.6804048716
705	2.6783259101
706	2.6789105860
707	2.6825073855
708	2.6880457717
709	2.6939029869
710	2.6993966353
711	2.7033700804
712	2.7040144173
713	2.7004143637
714	2.6923313960
715	2.6816347633
716	2.6733356406
717	2.6685171545
718	2.6645187649
719	2.6621458933
720	2.6620736112
721	2.6627938170
722	2.6635982048
723	2.6642978522
724	2.6669479717
725	2.6739091665
726	2.6839359213
727	2.6944675293
728	2.7028084080
729	2.7073835501
730	2.7074538245
731	2.7023625702
732	2.6926216581
733	2.6816872085
734	2.6736178561
735	2.6679188712
736	2.6641214717
737	2.6633174040
738	2.6659595468
739	2.6717884368
740	2.6779957809
741	2.6841844707
742	2.6921267633
743	2.6999787885
744	2.7060495757
745	2.7093792475
746	2.7084052872
747	2.7035370244
748	2.6956320017
749	2.6849085689
750	2.6740327971
751	2.6666912409
752	2.6622383340
753	2.6589060750
754	2.6577364229
755	2.6600583996
756	2.6641031734
757	2.6662980678
758	2.6661824621
759	2.6659053489
760	2.6667008907
761	2.6699739983
762	2.6773735979
763	2.6871519830
764	2.6964788719
765	2.7031270356
766	2.7051649480
767	2.7044042302
768	2.7024161344
769	2.6970890239
770	2.6886481023
771	2.6795230396
772	2.6721389052
773	2.6677474573
774	2.6657051249
775	2.6675548668
776	2.6738023341
777	2.6817017416
778	2.6891280214
779	2.6960298646
780	2.7023428221
781	2.7070874486
782	2.7104491648
783	2.7120314049
784	2.7110425461
785	2.7070784011
786	2.7007115952
787	2.6950007814
788	2.6917593325
789	2.6913568153
790	2.6937184298
791	2.6977171376
792	2.7028944265
793	2.7061861308
794	2.7047827241
795	2.7012979911
796	2.6972611264
797	2.6914988245
798	2.6854980291
799	2.6816537501
800	2.6798485632
801	2.6794792852
802	2.6803052082
803	2.6826573203
804	2.6871417152
805	2.6931754721
806	2.6997087001
807	2.7056543802
808	2.7097921615
809	2.7114213686
810	2.7110243230
811	2.7103264509
812	2.7105208863
813	2.7103648238
814	2.7090838802
815	2.7077075760
816	2.7055687289
817	2.7025199582
818	2.7007278152
819	2.7001034704
820	2.6997530881
821	2.6998114147
822	2.7010447847
823	2.7042122962
824	2.7068175775
825	2.7075338678
826	2.7074891749
827	2.7067533077
828	2.7056875345
829	2.7052981487
830	2.7065665894
831	2.7096176180
832	2.7136497129
833	2.7170821851
834	2.7188087712
835	2.7183045686
836	2.7150373661
837	2.7107972017
838	2.7076147399
839	2.7055756951
840	2.7046392355
841	2.7048829822
842	2.7061547388
843	2.7066535109
844	2.7055794232
845	2.7043765629
846	2.7026062359
847	2.7006779931
848	2.7003057346
849	2.7002484071
850	2.6992982660
851	2.6982784752
852	2.6976187121
853	2.6979243677
854	2.6995516737
855	2.7024709912
856	2.7077254588
857	2.7146898322
858	2.7207456603
859	2.7246396792
860	2.7264313691
861	2.7258694513
862	2.7229222032
863	2.7192172789
864	2.7167060978
865	2.7156799080
866	2.7163103273
867	2.7193586004
868	2.7238832012
869	2.7280021520
870	2.7317271979
871	2.7344811163
872	2.7346968209
873	2.7326513407
874	2.7291727413
875	2.7255667105
876	2.7221680870
877	2.7189413714
878	2.7169051478
879	2.7155473651
880	2.7149603420
881	2.7161844535
882	2.7191853990
883	2.7232905348
884	2.7271036391
885	2.7297319272
886	2.7318010022
887	2.7342401782
888	2.7369742722
889	2.7389704310
890	2.7383225760
891	2.7344271746
892	2.7298358481
893	2.7263590939
894	2.7236156371
895	2.7210996941
896	2.7183393370
897	2.7155712787
898	2.7142720194
899	2.7167294331
900	2.7228040950
901	2.7292268952
902	2.7342085394
903	2.7373950101
904	2.7383416850
905	2.7373609383
906	2.7345950128
907	2.7306757651
908	2.7269420691
909	2.7232380557
910	2.7191447535
911	2.7145082243
912	2.7091152609
913	2.7052438027
914	2.7052948502
915	2.7084929261
916	2.7134291863
917	2.7196630355
918	2.7266826325
919	2.7333781717
920	2.7389455846
921	2.7430401914
922	2.7451962845
923	2.7455482470
924	2.7447054512
925	2.7426723735
926	2.7393204926
927	2.7361639588
928	2.7347067932
929	2.7350911983
930	2.7371133357
931	2.7395367847
932	2.7415333515
933	2.7426871700
934	2.7424451950
935	2.7410818296
936	2.7390316676
937	2.7378460383
938	2.7386820069
939	2.7405904468
940	2.7428031752
941	2.7452620990
942	2.7477048928
943	2.7492246480
944	2.7489619500
945	2.7473357100
946	2.7451366918
947	2.7424791523
948	2.7397608233
949	2.7374375702
950	2.7351782378
951	2.7336349034
952	2.7337146802
953	2.7347174835
954	2.7364486054
955	2.7394211332
956	2.7432030347
957	2.7466039371
958	2.7488223380
959	2.7499700116
960	2.7502799190
961	2.7501916044
962	2.7501952584
963	2.7502288938
964	2.7501116749
965	2.7491956595
966	2.7468006357
967	2.7434527720
968	2.7400433375
969	2.7373841262
970	2.7356861194
971	2.7345715266
972	2.7352175044
973	2.7379362660
974	2.7406478039
975	2.7423975665
976	2.7431086492
977	2.7426260265
978	2.7413883138
979	2.7400410307
980	2.7391002179
981	2.7391324287
982	2.7403030312
983	2.7416506341
984	2.7424788787
985	2.7429445870
986	2.7431317825
987	2.7425350975
988	2.7413959404
989	2.7408239976
990	2.7404015875
991	2.7398658252
992	2.7396766963
993	2.7398021677
994	2.7403883262
995	2.7411358113
996	2.7417339351
997	2.7418061408
998	2.7411633516
999	2.7402119048
1000	2.7387023878
1001	2.7370042579
1002	2.7361539906
1003	2.7361120093
1004	2.7363270978
1005	2.7367714606
1006	2.7379856964
1007	2.7398611050
1008	2.7416635022
1009	2.7432383651
1010	2.7440230066
1011	2.7427030776
1012	2.7391962925
1013	2.7341980000
1014	2.7283546997
1015	2.7226813348
1016	2.7171572300
1017	2.7126097946
1018	2.7119043452
1019	2.7158058623
1020	2.7224749844
1021	2.7298776527
1022	2.7361759533
1023	2.7398532974
1024	2.7408302834
1025	2.7405919403
1026	2.7397820932
1027	2.7374161854
1028	2.7333030789
1029	2.7287448331
1030	2.7256727471
1031	2.7253118823
1032	2.7269773967
1033	2.7297081939
1034	2.7325789577
1035	2.7349831151
1036	2.7368035486
1037	2.7371276920
1038	2.7362125269
1039	2.7346929790
1040	2.7325192936
1041	2.7301541882
1042	2.7269939777
1043	2.7221386966
1044	2.7168789086
1045	2.7134010186
1046	2.7121926094
1047	2.7129316235
1048	2.7151594305
1049	2.7183811319
1050	2.7226115213
1051	2.7270146187
1052	2.7301543747
1053	2.7312431729
1054	2.7309880649
1055	2.7295824765
1056	2.7261879163
1057	2.7219442892
1058	2.7175884855
1059	2.7134309093
1060	2.7112325518
1061	2.7114115737
1062	2.7126697847
1063	2.7137331743
1064	2.7153574347
1065	2.7183167130
1066	2.7209626618
1067	2.7224534705
1068	2.7234752992
1069	2.7242957340
1070	2.7238778931
1071	2.7204636924
1072	2.7138060205
1073	2.7055088608
1074	2.6972840129
1075	2.6905441671
1076	2.6868640964
1077	2.6878200903
1078	2.6937229188
1079	2.7025644770
1080	2.7123628556
1081	2.7213815490
1082	2.7276574247
1083	2.7313283101
1084	2.7322915408
1085	2.7295647998
1086	2.7242902221
1087	2.7180636346
1088	2.7116093724
1089	2.7055399049
1090	2.7001853178
1091	2.6968296098
1092	2.6972256637
1093	2.7014548777
1094	2.7083247307
1095	2.7162528279
1096	2.7236947857
1097	2.7283257087
1098	2.7291222607
1099	2.7276429430
1100	2.7248882665
1101	2.7213308820
1102	2.7165113511
1103	2.7104112774
1104	2.7045515331
1105	2.7004725808
1106	2.6994024255
1107	2.6994708445
1108	2.6988066231
1109	2.6988908233
1110	2.7007624124
1111	2.7044308834
1112	2.7098761000
1113	2.7163185659
1114	2.7227262980
1115	2.7277502498
1116	2.7295318227
1117	2.7285985360
1118	2.7266678399
1119	2.7238392960
1120	2.7210903283
1121	2.7197274016
1122	2.7190031371
1123	2.7170602109
1124	2.7138573186
1125	2.7106629784
1126	2.7074758777
1127	2.7050617983
1128	2.7035562414
1129	2.7022666042
1130	2.7026179110
1131	2.7053455803
1132	2.7096690378
1133	2.7146247105
1134	2.7197660042
1135	2.7249259775
1136	2.7286401921
1137	2.7292966765
1138	2.7269243803
1139	2.7229390466
1140	2.7186620772
1141	2.7146338110
1142	2.7119006987
1143	2.7115732825
1144	2.7126542187
1145	2.7137323121
1146	2.7147014997
1147	2.7158637788
1148	2.7173935841
1149	2.7193189280
1150	2.7216552696
1151	2.7232366111
1152	2.7229723077
1153	2.7214342236
1154	2.7194779142
1155	2.7184133641
1156	2.7187953851
1157	2.7192788989
1158	2.7195243881
1159	2.7196684410
1160	2.7185727516
1161	2.7162297896
1162	2.7127674415
1163	2.7084802538
1164	2.7050973950
1165	2.7027111641
1166	2.7013274857
1167	2.7022657266
1168	2.7057984701
1169	2.7099807895
1170	2.7130902819
1171	2.7161195396
1172	2.7189842649
1173	2.7206344160
1174	2.7213223599
1175	2.7218201942
1176	2.7227442720
1177	2.7233702835
1178	2.7234062097
1179	2.7234147612
1180	2.7237436580
1181	2.7248221410
1182	2.7265384203
1183	2.7285055005
1184	2.7302623523
1185	2.7311435012
1186	2.7308753954
1187	2.7293060978
1188	2.7264684033
1189	2.7234131911
1190	2.7207355081
1191	2.7186003507
1192	2.7179755530
1193	2.7181969400
1194	2.7184491415
1195	2.7196819551
1196	2.7218682779
1197	2.7242650814
1198	2.7269151814
1199	2.7302255518
1200	2.7333258334
1201	2.7350438611
1202	2.7354233545
1203	2.7345454830
1204	2.7328957804
1205	2.7312515620
1206	2.7302336857
1207	2.7302906674
1208	2.7307618066
1209	2.7308320922
1210	2.7305345657
1211	2.7296752540
1212	2.7282237854
1213	2.7270844134
1214	2.7273256333
1215	2.7291575183
1216	2.7317624981
1217	2.7344837249
1218	2.7369545108
1219	2.7388674182
1220	2.7397369670
1221	2.7389472581
1222	2.7367338892
1223	2.7339416254
1224	2.7315707913
1225	2.7306071563
1226	2.7315273624
1227	2.7336035591
1228	2.7353800634
1229	2.7364071377
1230	2.7372523506
1231	2.7380973557
1232	2.7383826891
1233	2.7372330432
1234	2.7343230145
1235	2.7306469599
1236	2.7274044223
1237	2.7258015790
1238	2.7262098183
1239	2.7268008170
1240	2.7269785785
1241	2.7276088125
1242	2.7285787811
1243	2.7297992601
1244	2.7311511031
1245	2.7322922456
1246	2.7329335891
1247	2.7330183185
1248	2.7326051035
1249	2.7317335912
1250	2.7308335600
1251	2.7303891290
1252	2.7306584363
1253	2.7312638258
1254	2.7315667961
1255	2.7314705246
1256	2.7312336223
1257	2.7310813397
1258	2.7308394183
1259	2.7302339654
1260	2.7291759834
1261	2.7275793447
1262	2.7255617296
1263	2.7235211858
1264	2.7217302547
1265	2.7204343719
1266	2.7200629202
1267	2.7209503451
1268	2.7227550041
1269	2.7240360882
1270	2.7244545771
1271	2.7251832273
1272	2.7261771916
1273	2.7269557725
1274	2.7275352570
1275	2.7277578445
1276	2.7274982771
1277	2.7266811039
1278	2.7254161943
1279	2.7240222129
1280	2.7228340542
1281	2.7220114302
1282	2.7215462862
1283	2.7213749323
1284	2.7213400028
1285	2.7215332954
1286	2.7221458190
1287	2.7227143583
1288	2.7228608019
1289	2.7227795498
1290	2.7226480256
1291	2.7227046427
1292	2.7229082882
1293	2.7231053341
1294	2.7234943965
1295	2.7241511989
1296	2.7248314366
1297	2.7252488217
1298	2.7252612409
1299	2.7248174183
1300	2.7239838996
1301	2.7227798426
1302	2.7211516277
1303	2.7193797921
1304	2.7179877009
1305	2.7172160911
1306	2.7169489710
1307	2.7170723338
1308	2.7175268114
1309	2.7181684636
1310	2.7187943390
1311	2.7192531975
1312	2.7195378603
1313	2.7196981827
1314	2.7197631904
1315	2.7197572029
1316	2.7196734398
1317	2.7194503786
1318	2.7191091757
1319	2.7186391214
1320	2.7178912027
1321	2.7173049978
1322	2.7173918043
1323	2.7178238098
1324	2.7184745384
1325	2.7193738579
1326	2.7203900942
1327	2.7217524311
1328	2.7232818748
1329	2.7243711409
1330	2.7249365376
1331	2.7254053596
1332	2.7259660553
1333	2.7264756357
1334	2.7269906932
1335	2.7275339724
1336	2.7279119505
1337	2.7280142136
1338	2.7278659213
1339	2.7275580280
1340	2.7272148840
1341	2.7268992051
1342	2.7265358120
1343	2.7260091781
1344	2.7254030232
1345	2.7248918203
1346	2.7243826510
1347	2.7239072106
1348	2.7237403905
1349	2.7239024562
1350	2.7241435078
1351	2.7241925241
1352	2.7239951283
1353	2.7234733633
1354	2.7225582336
1355	2.7212733301
1356	2.7197332816
1357	2.7185958324
1358	2.7182259183
1359	2.7183407815
1360	2.7189020602
1361	2.7197785765
1362	2.7207643932
1363	2.7218250493
1364	2.7226355012
1365	2.7229408406
1366	2.7223905393
1367	2.7206916171
1368	2.7184667931
1369	2.7168699727
1370	2.7163830788
1371	2.7164611771
1372	2.7167020522
1373	2.7167602164
1374	2.7164642912
1375	2.7160475609
1376	2.7155999916
1377	2.7156481802
1378	2.7164929856
1379	2.7179713732
1380	2.7200172579
1381	2.7220071141
1382	2.7230611778
1383	2.7230405775
1384	2.7220092545
1385	2.7200163541
1386	2.7175486686
1387	2.7146710741
1388	2.7112906840
1389	2.7084284088
1390	2.7074943405
1391	2.7082458688
1392	2.7095234908
1393	2.7114594049
1394	2.7144486722
1395	2.7179443820
1396	2.7209468595
1397	2.7231176055
1398	2.7247221579
1399	2.7257689527
1400	2.7264745600
1401	2.7265050721
1402	2.7256677347
1403	2.7246659611
1404	2.7239959637
1405	2.7237354413
1406	2.7237382663
1407	2.7242977813
1408	2.7249626626
1409	2.7253386812
1410	2.7255548646
1411	2.7248178002
1412	2.7229432319
1413	2.7202548242
1414	2.7174509183
1415	2.7154136968
1416	2.7134621717
1417	2.7114941897
1418	2.7112174058
1419	2.7125711690
1420	2.7144163610
1421	2.7170277628
1422	2.7201852789
1423	2.7227260401
1424	2.7238358887
1425	2.7232571988
1426	2.7214632075
1427	2.7196417670
1428	2.7182967179
1429	2.7169998165
1430	2.7154664974
1431	2.7140822017
1432	2.7138570550
1433	2.7150013604
1434	2.7172064020
1435	2.7198869814
1436	2.7220940215
1437	2.7246138586
1438	2.7278940005
1439	2.7298636652
1440	2.7288404272
1441	2.7247202207
1442	2.7180970276
1443	2.7103953572
1444	2.7046939328
1445	2.7036775250
1446	2.7067325937
1447	2.7118872482
1448	2.7170952423
1449	2.7214671585
1450	2.7258188786
1451	2.7290793238
1452	2.7299249240
1453	2.7283274556
1454	2.7247714696
1455	2.7202604486
1456	2.7146130537
1457	2.7084333781
1458	2.7033973498
1459	2.7001430277
1460	2.6983436964
1461	2.6979524059
1462	2.6988648743
1463	2.7005856242
1464	2.7040544032
1465	2.7092482524
1466	2.7138366168
1467	2.7154450528
1468	2.7134680192
1469	2.7095666116
1470	2.7052267736
1471	2.7013974381
1472	2.7004952686
1473	2.7035531630
1474	2.7086059171
1475	2.7146711804
1476	2.7204293024
1477	2.7236580212
1478	2.7239617139
1479	2.7215342453
1480	2.7174571937
1481	2.7131402436
1482	2.7084025302
1483	2.7022248477
1484	2.6959922593
1485	2.6922945498
1486	2.6907901502
1487	2.6913507999
1488	2.6948716699
1489	2.7007658684
1490	2.7063151956
1491	2.7095816239
1492	2.7114350189
1493	2.7123603265
1494	2.7134211605
1495	2.7143733409
1496	2.7129419104
1497	2.7087974562
1498	2.7035468054
1499	2.6989315459
1500	2.6945927914
1501	2.6903654374
1502	2.6877357539
1503	2.6873336131
1504	2.6887311198
1505	2.6911769524
1506	2.6950885551
1507	2.7013797545
1508	2.7085406143
1509	2.7153716113
1510	2.7214735729
1511	2.7251943377
1512	2.7259750963
1513	2.7232942319
1514	2.7172248204
1515	2.7092887628
1516	2.7000401414
1517	2.6911821373
1518	2.6858898857
1519	2.6847947181
1520	2.6870144635
1521	2.6924276709
1522	2.6997813134
1523	2.7072305318
1524	2.7141040067
1525	2.7202250113
1526	2.7252771136
1527	2.7286398488
1528	2.7299487499
1529	2.7295197026
1530	2.7274822202
1531	2.7242533567
1532	2.7200617918
1533	2.7150249857
1534	2.7110154737
1535	2.7088250416
1536	2.7079853618
1537	2.7085079304
1538	2.7099340282
1539	2.7125941394
1540	2.7166454821
1541	2.7212017709
1542	2.7251775614
1543	2.7288947226
1544	2.7328981763
1545	2.7345780705
1546	2.7324238658
1547	2.7275761440
1548	2.7215178940
1549	2.7154248905
1550	2.7102826155
1551	2.7089365463
1552	2.7127959208
1553	2.7199312460
1554	2.7282473997
1555	2.7360788409
1556	2.7417911091
1557	2.7450901673
1558	2.7468235338
1559	2.7473945654
1560	2.7465906767
1561	2.7438809865
1562	2.7395980843
1563	2.7351846768
1564	2.7321170419
1565	2.7307843701
1566	2.7307243905
1567	2.7314109855
1568	2.7329246177
1569	2.7358062342
1570	2.7397332991
1571	2.7438715667
1572	2.7464630212
1573	2.7467925807
1574	2.7459678674
1575	2.7444998064
1576	2.7431504211
1577	2.7411925998
1578	2.7366176986
1579	2.7301512759
1580	2.7244081138
1581	2.7205892757
1582	2.7191802087
1583	2.7211002353
1584	2.7253183262
1585	2.7304550862
1586	2.7363386480
1587	2.7421325280
1588	2.7463624150
1589	2.7482266013
1590	2.7485629782
1591	2.7482115239
1592	2.7472046995
1593	2.7457681323
1594	2.7445934631
1595	2.7446945987
1596	2.7460260773
1597	2.7475771020
1598	2.7486852185
1599	2.7486669758
1600	2.7473023095
1601	2.7451601692
1602	2.7430679234
1603	2.7414808084
1604	2.7402499469
1605	2.7396386228
1606	2.7395794049
1607	2.7396026903
1608	2.7393591360
1609	2.7389862079
1610	2.7396760281
1611	2.7417399759
1612	2.7442542443
1613	2.7461898232
1614	2.7468531494
1615	2.7466861634
1616	2.7459277089
1617	2.7442027555
1618	2.7423651948
1619	2.7411451150
1620	2.7405782080
1621	2.7410119996
1622	2.7422195658
1623	2.7436745610
1624	2.7451396047
1625	2.7461271720
1626	2.7459999598
1627	2.7445150339
1628	2.7418447005
1629	2.7390344344
1630	2.7368581730
1631	2.7351343530
1632	2.7343068400
1633	2.7350372728
1634	2.7374022442
1635	2.7402496711
1636	2.7425696153
1637	2.7445089947
1638	2.7455145692
1639	2.7454841642
1640	2.7449008775
1641	2.7439197278
1642	2.7432494252
1643	2.7436316035
1644	2.7446589163
1645	2.7451318047
1646	2.7447903142
1647	2.7439536817
1648	2.7428529463
1649	2.7414349632
1650	2.7393326144
1651	2.7367813749
1652	2.7345161018
1653	2.7333049549
1654	2.7336262001
1655	2.7353230136
1656	2.7379459843
1657	2.7408141196
1658	2.7427820287
1659	2.7438202231
1660	2.7444260612
1661	2.7446519737
1662	2.7446811637
1663	2.7442415764
1664	2.7431598956
1665	2.7414644935
1666	2.7394750916
1667	2.7376207805
1668	2.7362669758
1669	2.7358040643
1670	2.7366740587
1671	2.7387822951
1672	2.7403483867
1673	2.7407307113
1674	2.7410636564
1675	2.7417567441
1676	2.7420570614
1677	2.7414836464
1678	2.7414289982
1679	2.7425035202
1680	2.7437611855
1681	2.7450833414
1682	2.7461736934
1683	2.7462091341
1684	2.7449621245
1685	2.7425951769
1686	2.7397948442
1687	2.7376272618
1688	2.7363352432
1689	2.7356272633
1690	2.7352106878
1691	2.7345188131
1692	2.7338414740
1693	2.7337283031
1694	2.7339630092
1695	2.7346991623
1696	2.7360096145
1697	2.7374051910
1698	2.7381301879
1699	2.7376171332
1700	2.7353760648
1701	2.7308442656
1702	2.7247333580
1703	2.7184005809
1704	2.7135387132
1705	2.7109996815
1706	2.7094453599
1707	2.7083783772
1708	2.7088357236
1709	2.7116364574
1710	2.7166762089
1711	2.7227428239
1712	2.7283123674
1713	2.7321786200
1714	2.7338337533
1715	2.7332601024
1716	2.7305093677
1717	2.7263777061
1718	2.7216766448
1719	2.7168247662
1720	2.7123500586
1721	2.7089913777
1722	2.7075458285
1723	2.7070800712
1724	2.7078078504
1725	2.7112488960
1726	2.7162207571
1727	2.7209516701
1728	2.7244550670
1729	2.7266683031
1730	2.7279890540
1731	2.7279215058
1732	2.7260415107
1733	2.7230605447
1734	2.7191494849
1735	2.7145333980
1736	2.7107023033
1737	2.7073510995
1738	2.7054255928
1739	2.7069980579
1740	2.7109897211
1741	2.7158854954
1742	2.7206302695
1743	2.7241976128
1744	2.7250496676
1745	2.7224887712
1746	2.7170238935
1747	2.7082688433
1748	2.6974868573
1749	2.6877083301
1750	2.6810097151
1751	2.6783320734
1752	2.6788932837
1753	2.6814717180
1754	2.6871958501
1755	2.6959556033
1756	2.7044310229
1757	2.7106080396
1758	2.7151457933
1759	2.7178314403
1760	2.7172846064
1761	2.7137881806
1762	2.7079909284
1763	2.7004506540
1764	2.6915517480
1765	2.6833376980
1766	2.6786331182
1767	2.6780514457
1768	2.6817932758
1769	2.6873970205
1770	2.6915735171
1771	2.6937702745
1772	2.6952164242
1773	2.6968487609
1774	2.6975245114
1775	2.6968159330
1776	2.6954740459
1777	2.6940796691
1778	2.6941372663
1779	2.6973024637
1780	2.7012192931
1781	2.7014336758
1782	2.6982739533
1783	2.6938950003
1784	2.6885438675
1785	2.6823279563
1786	2.6752035467
1787	2.6682163314
1788	2.6631220154
1789	2.6623070291
1790	2.6678807676
1791	2.6792748015
1792	2.6939343343
1793	2.7059376113
1794	2.7110455085
1795	2.7105007145
1796	2.7056697746
1797	2.6978712533
1798	2.6895672463
1799	2.6827069817
1800	2.6786614372
1801	2.6765716413
1802	2.6730145543
1803	2.6690198090
1804	2.6678378475
1805	2.6690737711
1806	2.6725854333
1807	2.6761587851
1808	2.6769788518
1809	2.6760632457
1810	2.6742178784
1811	2.6713254861
1812	2.6666049272
1813	2.6599415470
1814	2.6539839881
1815	2.6508533548
1816	2.6493998693
1817	2.6475930100
1818	2.6471875573
1819	2.6505304287
1820	2.6554281893
1821	2.6608960223
1822	2.6668743069
1823	2.6719767884
1824	2.6769994387
1825	2.6824372759
1826	2.6885947051
1827	2.6946422315
1828	2.6983797147
1829	2.6970363747
1830	2.6895003252
1831	2.6796991808
1832	2.6712190905
1833	2.6667352991
1834	2.6678016474
1835	2.6733577246
1836	2.6781512339
1837	2.6769390928
1838	2.6723026666
1839	2.6668849830
1840	2.6600506030
1841	2.6525169027
1842	2.6468368678
1843	2.6448542315
1844	2.6465508248
1845	2.6510661826
1846	2.6573316617
1847	2.6634193775
1848	2.6674226571
1849	2.6708425270
1850	2.6723274577
1851	2.6700745477
1852	2.6675571896
1853	2.6658424496
1854	2.6642276905
1855	2.6604451059
1856	2.6510869842
1857	2.6394346242
1858	2.6292439162
1859	2.6191204970
1860	2.6095663427
1861	2.6028923858
1862	2.6015941968
1863	2.6068102345
1864	2.6174605774
1865	2.6314877307
1866	2.6459056065
1867	2.6588926212
1868	2.6653972285
1869	2.6631548276
1870	2.6571360801
1871	2.6484082578
1872	2.6359334729
1873	2.6230086818
1874	2.6131902874
1875	2.6052702249
1876	2.5987703847
1877	2.5951410275
1878	2.5944918045
1879	2.5972791288
1880	2.6027936430
1881	2.6105467688
1882	2.6187309722
1883	2.6256168941
1884	2.6326866719
1885	2.6384169913
1886	2.6404298598
1887	2.6389193382
1888	2.6344102047
1889	2.6282044510
1890	2.6215963893
1891	2.6153299624
1892	2.6091054423
1893	2.6035814311
1894	2.5994840476
1895	2.5958623434
1896	2.5941048414
1897	2.5970392138
1898	2.6050078061
1899	2.6149736610
1900	2.6238901847
1901	2.6280259266
1902	2.6274438568
1903	2.6294588670
1904	2.6355309903
1905	2.6403115739
1906	2.6394762350
1907	2.6323757372
1908	2.6202557028
1909	2.6041003961
1910	2.5877906224
1911	2.5759332671
1912	2.5700178551
1913	2.5693638089
1914	2.5750923815
1915	2.5891900594
1916	2.6077354367
1917	2.6220170039
1918	2.6283694130
1919	2.6291970951
1920	2.6279386850
1921	2.6276792547
1922	2.6266431044
1923	2.6222142187
1924	2.6165276724
1925	2.6111078639
1926	2.6083361078
1927	2.6112858760
1928	2.6180711198
1929	2.6278503171
1930	2.6388817617
1931	2.6454243745
1932	2.6448586664
1933	2.6346342909
1934	2.6168950200
1935	2.5983699778
1936	2.5830263932
1937	2.5733809522
1938	2.5683616283
1939	2.5660267997
1940	2.5665700337
1941	2.5735257514
1942	2.5840668616
1943	2.5907298479
1944	2.5953746702
1945	2.5991424095
1946	2.5992946349
1947	2.5959390465
1948	2.5927906777
1949	2.5929992114
1950	2.5978115839
1951	2.6083189131
1952	2.6213012656
1953	2.6312320589
1954	2.6353875984
1955	2.6350786642
1956	2.6313529160
1957	2.6233747925
1958	2.6111317351
1959	2.5963416405
1960	2.5828546861
1961	2.5744162093
1962	2.5718273776
1963	2.5752498984
1964	2.5857912711
1965	2.6010877230
1966	2.6174410063
1967	2.6319649061
1968	2.6410555600
1969	2.6428248199
1970	2.6386949596
1971	2.6319002996
1972	2.6233875075
1973	2.6120985965
1974	2.6006979184
1975	2.5918334084
1976	2.5833573914
1977	2.5754693331
1978	2.5693981888
1979	2.5674778711
1980	2.5713952615
1981	2.5772067196
1982	2.5869957194
1983	2.6029526908
1984	2.6205663725
1985	2.6351029776
1986	2.6391880898
1987	2.6308057954
1988	2.6172599745
1989	2.6040390787
1990	2.5901685342
1991	2.5762190707
1992	2.5662819092
1993	2.5608824237
1994	2.5616910646
1995	2.5711143175
1996	2.5849916673
1997	2.5976178887
1998	2.6068526679
1999	2.6127486991
2000	2.6157693806
2001	2.6166046480
2002	2.6150726928
2003	2.6129293531
2004	2.6107800208
2005	2.6045342806
2006	2.5953420441
2007	2.5876618015
2008	2.5836478515
2009	2.5829366867
2010	2.5849932736
2011	2.5918515336
2012	2.6008606338
2013	2.6083158359
2014	2.6155221234
2015	2.6234916755
2016	2.6303370531
2017	2.6345662140
2018	2.6340371283
2019	2.6260900095
2020	2.6140867647
2021	2.6029257863
2022	2.5939553281
2023	2.5876486440
2024	2.5857785440
2025	2.5885890937
2026	2.5933537214
2027	2.5979670581
2028	2.6003856216
2029	2.6007327682
2030	2.6014968780
2031	2.6025761761
2032	2.6036802736
2033	2.6067990631
2034	2.6124514919
2035	2.6192891066
2036	2.6240944238
2037	2.6249912507
2038	2.6249381701
2039	2.6266470672
2040	2.6300145435
2041	2.6335320854
2042	2.6374206322
2043	2.6421786318
2044	2.6459754032
2045	2.6449726277
2046	2.6356749014
2047	2.6176870136
2048	2.5930651206
2049	2.5678771224
2050	2.5497278229
2051	2.5434340773
2052	2.5473069573
2053	2.5578975700
2054	2.5706303587
2055	2.5803556554
2056	2.5907638883
2057	2.6022054808
2058	2.6118507121
2059	2.6204145288
2060	2.6280532597
2061	2.6345628281
2062	2.6340355941
2063	2.6252774753
2064	2.6145955849
2065	2.6031480247
2066	2.5909643286
2067	2.5818112351
2068	2.5769275418
2069	2.5751964099
2070	2.5775907408
2071	2.5836895392
2072	2.5931621274
2073	2.6072450951
2074	2.6236589965
2075	2.6393056115
2076	2.6527746229
2077	2.6602367602
2078	2.6593434205
2079	2.6511121704
2080	2.6356874835
2081	2.6146195475
2082	2.5926349447
2083	2.5740825033
2084	2.5609719224
2085	2.5567441700
2086	2.5650320359
2087	2.5845869241
2088	2.6092391301
2089	2.6331194465
2090	2.6535745129
2091	2.6680946897
2092	2.6736107395
2093	2.6670213340
2094	2.6500057495
2095	2.6302093147
2096	2.6131651873
2097	2.6000278951
2098	2.5930872302
2099	2.5948353285
2100	2.6029600177
2101	2.6148737805
2102	2.6296072226
2103	2.6455118767
2104	2.6587003928
2105	2.6654604768
2106	2.6674517161
2107	2.6659168747
2108	2.6620603907
2109	2.6584288242
2110	2.6540398048
2111	2.6481213179
2112	2.6409647957
2113	2.6369494780
2114	2.6406227351
2115	2.6504897381
2116	2.6650842226
2117	2.6788655986
2118	2.6866717222
2119	2.6913700321
2120	2.6947531418
2121	2.6946979417
2122	2.6895329915
2123	2.6802161833
2124	2.6701986637
2125	2.6629471384
2126	2.6582359890
2127	2.6562857184
2128	2.6578659304
2129	2.6604929541
2130	2.6640617207
2131	2.6707455033
2132	2.6798963313
2133	2.6880041923
2134	2.6934297327
2135	2.6952016015
2136	2.6934656873
2137	2.6919414211
2138	2.6914020669
2139	2.6916792246
2140	2.6946587388
2141	2.6996566657
2142	2.7033975451
2143	2.7036699202
2144	2.7011043642
2145	2.6973717403
2146	2.6929890374
2147	2.6884068316
2148	2.6828700070
2149	2.6743091366
2150	2.6638137234
2151	2.6542316067
2152	2.6486897910
2153	2.6497928171
2154	2.6560206909
2155	2.6646002188
2156	2.6761006991
2157	2.6891459117
2158	2.6986846903
2159	2.7028292312
2160	2.7036371308
2161	2.7041226181
2162	2.7044048772
2163	2.7027926104
2164	2.6986436679
2165	2.6931003929
2166	2.6879421466
2167	2.6839116064
2168	2.6829362548
2169	2.6853356922
2170	2.6899081725
2171	2.6956873828
2172	2.7009697658
2173	2.7047671316
2174	2.7076639848
2175	2.7100828631
2176	2.7099979479
2177	2.7064910156
2178	2.7009545989
2179	2.6955023525
2180	2.6911682314
2181	2.6888303537
2182	2.6891832846
2183	2.6894178885
2184	2.6884703205
2185	2.6879189529
2186	2.6884077170
2187	2.6895030766
2188	2.6917559114
2189	2.6967565548
2190	2.7024719828
2191	2.7064323846
2192	2.7080191574
2193	2.7068579223
2194	2.7041309877
2195	2.7004464761
2196	2.6964531479
2197	2.6933212038
2198	2.6914297644
2199	2.6927436297
2200	2.6975617183
2201	2.7032611414
2202	2.7070912780
2203	2.7077029036
2204	2.7075214643
2205	2.7078624753
2206	2.7070236617
2207	2.7052622345
2208	2.7037814700
2209	2.7022606948
2210	2.7006737209
2211	2.6989556513
2212	2.6974469538
2213	2.6977549168
2214	2.6987365354
2215	2.6986295154
2216	2.6977080684
2217	2.6954564713
2218	2.6918068921
2219	2.6882429053
2220	2.6853600238
2221	2.6836243758
2222	2.6845479929
2223	2.6881059761
2224	2.6937515246
2225	2.7015649718
2226	2.7099064314
2227	2.7160487924
2228	2.7183137780
2229	2.7165763378
2230	2.7113964749
2231	2.7050726814
2232	2.7008165685
2233	2.6988290526
2234	2.6986094921
2235	2.7008351458
2236	2.7045083802
2237	2.7065443848
2238	2.7061972727
2239	2.7052637670
2240	2.7032724846
2241	2.6995127447
2242	2.6948190520
2243	2.6925518647
2244	2.6958778933
2245	2.7040498941
2246	2.7147236140
2247	2.7240446181
2248	2.7300433167
2249	2.7322991441
2250	2.7299327371
2251	2.7234471489
2252	2.7138744668
2253	2.7028384296
2254	2.6922308203
2255	2.6848592605
2256	2.6821830066
2257	2.6823950372
2258	2.6849032346
2259	2.6907149678
2260	2.6987873378
2261	2.7074162952
2262	2.7151069078
2263	2.7199725970
2264	2.7208877210
2265	2.7174170797
2266	2.7122282494
2267	2.7078338820
2268	2.7027185171
2269	2.6967342368
2270	2.6913020336
2271	2.6870773497
2272	2.6855825970
2273	2.6872104760
2274	2.6914123427
2275	2.6993208397
2276	2.7103257995
2277	2.7204518285
2278	2.7259002236
2279	2.7255430767
2280	2.7202184804
2281	2.7129549322
2282	2.7062500074
2283	2.7005996729
2284	2.6979702014
2285	2.6982659572
2286	2.6992018811
2287	2.6998866524
2288	2.7004282580
2289	2.7010334327
2290	2.7022517499
2291	2.7047838075
2292	2.7076280558
2293	2.7091241912
2294	2.7086594330
2295	2.7073497985
2296	2.7059309897
2297	2.7054216213
2298	2.7054698603
2299	2.7038538401
2300	2.7021558002
2301	2.7022177308
2302	2.7036318273
2303	2.7048304557
2304	2.7052041516
2305	2.7065455670
2306	2.7090099500
2307	2.7106308914
2308	2.7111801914
2309	2.7120170948
2310	2.7120872131
2311	2.7111702252
2312	2.7106942091
2313	2.7093244235
2314	2.7053737958
2315	2.6998547911
2316	2.6943478901
2317	2.6889479491
2318	2.6846710105
2319	2.6825665404
2320	2.6820701276
2321	2.6832200293
2322	2.6866694834
2323	2.6933000412
2324	2.7023611093
2325	2.7111012182
2326	2.7166196923
2327	2.7165943269
2328	2.7124202718
2329	2.7065213163
2330	2.6994114180
2331	2.6906540198
2332	2.6785447361
2333	2.6654229097
2334	2.6566814060
2335	2.6551663397
2336	2.6592914426
2337	2.6657428475
2338	2.6743205239
2339	2.6839392730
2340	2.6931618781
2341	2.7013235532
2342	2.7071663883
2343	2.7117963713
2344	2.7154814645
2345	2.7172994740
2346	2.7173636439
2347	2.7158245791
2348	2.7136923735
2349	2.7116050306
2350	2.7090283697
2351	2.7053870292
2352	2.7005934900
2353	2.6965459464
2354	2.6945602583
2355	2.6939613119
2356	2.6960429773
2357	2.7004778484
2358	2.7036784344
2359	2.7044244318
2360	2.7032613909
2361	2.7021111128
2362	2.7015535542
2363	2.6994640548
2364	2.6969169567
2365	2.6947900620
2366	2.6914717380
2367	2.6884690504
2368	2.6884360603
2369	2.6902523315
2370	2.6939451100
2371	2.7003059822
2372	2.7067266353
2373	2.7114220153
2374	2.7118757077
2375	2.7072277527
2376	2.7003736941
2377	2.6937718076
2378	2.6879512910
2379	2.6840762917
2380	2.6848443885
2381	2.6879262724
2382	2.6897792540
2383	2.6909846672
2384	2.6936591974
2385	2.6970969167
2386	2.6982844445
2387	2.6957965995
2388	2.6890656408
2389	2.6812246602
2390	2.6758288198
2391	2.6723112462
2392	2.6702345259
2393	2.6705215806
2394	2.6737699829
2395	2.6787166416
2396	2.6839871839
2397	2.6902517486
2398	2.6955937441
2399	2.6973390090
2400	2.6960004425
2401	2.6918958880
2402	2.6863867999
2403	2.6819173628
2404	2.6800956143
2405	2.6803283599
2406	2.6805537849
2407	2.6795876055
2408	2.6761183477
2409	2.6701685054
2410	2.6642035757
2411	2.6608833231
2412	2.6617136982
2413	2.6664100020
2414	2.6728143815
2415	2.6798164993
2416	2.6851606286
2417	2.6859764395
2418	2.6824070879
2419	2.6765494041
2420	2.6720770873
2421	2.6674672852
2422	2.6604339449
2423	2.6525992111
2424	2.6433363053
2425	2.6326630795
2426	2.6216645446
2427	2.6122569479
2428	2.6080761088
2429	2.6115474913
2430	2.6221137677
2431	2.6392844557
2432	2.6606439151
2433	2.6799993175
2434	2.6943829971
2435	2.7020468731
2436	2.7015216872
2437	2.6953788860
2438	2.6857935651
2439	2.6714835588
2440	2.6551767235
2441	2.6429530444
2442	2.6359846006
2443	2.6333025289
2444	2.6338526914
2445	2.6376768489
2446	2.6444506495
2447	2.6526075855
2448	2.6626435837
2449	2.6734303994
2450	2.6818478310
2451	2.6853800572
2452	2.6826644352
2453	2.6756230665
2454	2.6681294018
2455	2.6629184712
2456	2.6592980592
2457	2.6548722568
2458	2.6512558215
2459	2.6517428247
2460	2.6565422540
2461	2.6641355358
2462	2.6713628432
2463	2.6746629248
2464	2.6752621891
2465	2.6748807058
2466	2.6722047274
2467	2.6680656557
2468	2.6630088112
2469	2.6574456570
2470	2.6530686575
2471	2.6507828178
2472	2.6506854777
2473	2.6521472269
2474	2.6542976668
2475	2.6559342596
2476	2.6588977727
2477	2.6639157777
2478	2.6676791484
2479	2.6693682130
2480	2.6699178177
2481	2.6694800856
2482	2.6668424308
2483	2.6632571424
2484	2.6627392856
2485	2.6656177161
2486	2.6710905215
2487	2.6781232430
2488	2.6839312217
2489	2.6849456717
2490	2.6792931090
2491	2.6712102420
2492	2.6652075411
2493	2.6612893307
2494	2.6584422231
2495	2.6579253219
2496	2.6609807129
2497	2.6654840313
2498	2.6693439137
2499	2.6718014998
2500	2.6727018937
2501	2.6729455035
2502	2.6722707719
2503	2.6685246640
2504	2.6617577001
2505	2.6536119148
2506	2.6471595767
2507	2.6457126862
2508	2.6489774303
2509	2.6553163536
2510	2.6608387629
2511	2.6635711806
2512	2.6645370750
2513	2.6648464034
2514	2.6671904446
2515	2.6727696938
2516	2.6821276087
2517	2.6937372698
2518	2.7031275469
2519	2.7072351689
2520	2.7057756879
2521	2.6998304064
2522	2.6901092249
2523	2.6766966667
2524	2.6618578241
2525	2.6506032209
2526	2.6446674513
2527	2.6445381386
2528	2.6507854795
2529	2.6615151119
2530	2.6760271197
2531	2.6912127579
2532	2.7019085371
2533	2.7087341530
2534	2.7131125850
2535	2.7129057644
2536	2.7075874095
2537	2.6987148041
2538	2.6878419084
2539	2.6779118517
2540	2.6726038772
2541	2.6721899300
2542	2.6749182014
2543	2.6795933311
2544	2.6858251079
2545	2.6934571365
2546	2.7013263832
2547	2.7079028934
2548	2.7106804938
2549	2.7098636110
2550	2.7078058307
2551	2.7050581483
2552	2.7018722376
2553	2.6989670001
2554	2.6980126115
2555	2.6993297640
2556	2.7014536641
2557	2.7035796805
2558	2.7062979587
2559	2.7104171225
2560	2.7155338940
2561	2.7198766278
2562	2.7222443918
2563	2.7223110693
2564	2.7199131158
2565	2.7167816227
2566	2.7135640877
2567	2.7102073405
2568	2.7077501443
2569	2.7066100511
2570	2.7063736275
2571	2.7063297865
2572	2.7075134896
2573	2.7097853609
2574	2.7116790189
2575	2.7131944185
2576	2.7146351041
2577	2.7164801402
2578	2.7188207685
2579	2.7216604535
2580	2.7246106779
2581	2.7262944722
2582	2.7262567964
2583	2.7248933417
2584	2.7226220790
2585	2.7209933382
2586	2.7213388610
2587	2.7231564321
2588	2.7253002791
2589	2.7274667713
2590	2.7301530056
2591	2.7320893375
2592	2.7316380862
2593	2.7293479121
2594	2.7259336420
2595	2.7222018943
2596	2.7185083960
2597	2.7140396188
2598	2.7093609089
2599	2.7058101073
2600	2.7037443700
2601	2.7037900617
2602	2.7065130584
2603	2.7104740257
2604	2.7146821813
2605	2.7197036594
2606	2.7245987740
2607	2.7280771236
2608	2.7293153869
2609	2.7277019795
2610	2.7227915142
2611	2.7145595595
2612	2.7056232685
2613	2.6984888209
2614	2.6932742386
2615	2.6903029265
2616	2.6909629396
2617	2.6954035291
2618	2.7018447094
2619	2.7086327621
2620	2.7154437547
2621	2.7225150688
2622	2.7288566964
2623	2.7330321310
2624	2.7339983699
2625	2.7311948326
2626	2.7250793365
2627	2.7170166289
2628	2.7090568365
2629	2.7023328649
2630	2.6985513285
2631	2.6990897136
2632	2.7019812648
2633	2.7060368388
2634	2.7110202932
2635	2.7163795495
2636	2.7226271511
2637	2.7293369031
2638	2.7343428204
2639	2.7361113289
2640	2.7354849915
2641	2.7333004524
2642	2.7302921726
2643	2.7276056112
2644	2.7261436529
2645	2.7264858080
2646	2.7278137812
2647	2.7293553785
2648	2.7305761035
2649	2.7304782026
2650	2.7287988629
2651	2.7270104226
2652	2.7267829508
2653	2.7280750183
2654	2.7293729932
2655	2.7299134677
2656	2.7297999309
2657	2.7286511507
2658	2.7261036244
2659	2.7217564166
2660	2.7168605401
2661	2.7126995232
2662	2.7100023391
2663	2.7103450433
2664	2.7143391313
2665	2.7210338954
2666	2.7276438838
2667	2.7322014502
2668	2.7345388392
2669	2.7354171849
2670	2.7359433701
2671	2.7356831493
2672	2.7340764840
2673	2.7315794112
2674	2.7293233987
2675	2.7286333620
2676	2.7291845634
2677	2.7299256861
2678	2.7304683064
2679	2.7306370431
2680	2.7306844470
2681	2.7308636190
2682	2.7313271365
2683	2.7319051394
2684	2.7325912857
2685	2.7336754923
2686	2.7347479563
2687	2.7352241887
2688	2.7351700598
2689	2.7348828038
2690	2.7344521375
2691	2.7337224838
2692	2.7318923230
2693	2.7294789734
2694	2.7277547118
2695	2.7271051125
2696	2.7270271585
2697	2.7270768288
2698	2.7284990373
2699	2.7306024622
2700	2.7324468804
2701	2.7351857094
2702	2.7380135918
2703	2.7394748828
2704	2.7391813551
2705	2.7363787670
2706	2.7313655549
2707	2.7257670710
2708	2.7198766364
2709	2.7143465955
2710	2.7105051538
2711	2.7089572354
2712	2.7101068660
2713	2.7130822884
2714	2.7167558569
2715	2.7210601489
2716	2.7261693834
2717	2.7314999309
2718	2.7360659064
2719	2.7387187171
2720	2.7388956670
2721	2.7369733234
2722	2.7336869060
2723	2.7301976527
2724	2.7276255336
2725	2.7266001013
2726	2.7253651922
2727	2.7225308974
2728	2.7195166915
2729	2.7174242414
2730	2.7166897485
2731	2.7176113720
2732	2.7200624812
2733	2.7223139992
2734	2.7231647174
2735	2.7242568485
2736	2.7255209176
2737	2.7253561673
2738	2.7242725767
2739	2.7230565883
2740	2.7216169710
2741	2.7195084343
2742	2.7170660271
2743	2.7153048441
2744	2.7146814629
2745	2.7151932258
2746	2.7160859251
2747	2.7168496009
2748	2.7180269975
2749	2.7202796152
2750	2.7230733227
2751	2.7244780436
2752	2.7236732755
2753	2.7219932914
2754	2.7200684293
2755	2.7175975879
2756	2.7146718979
2757	2.7125614183
2758	2.7122701177
2759	2.7117422250
2760	2.7106574232
2761	2.7105452672
2762	2.7109511350
2763	2.7114502933
2764	2.7132474091
2765	2.7179129172
2766	2.7233092134
2767	2.7264581128
2768	2.7266044534
2769	2.7230615681
2770	2.7164942884
2771	2.7077622281
2772	2.6975989216
2773	2.6892617078
2774	2.6861705390
2775	2.6884260115
2776	2.6950775983
2777	2.7047862691
2778	2.7137432423
2779	2.7195042437
2780	2.7211725078
2781	2.7188626353
2782	2.7142843100
2783	2.7075767008
2784	2.6994332140
2785	2.6911683661
2786	2.6837618581
2787	2.6800145620
2788	2.6829712735
2789	2.6912657593
2790	2.7016622941
2791	2.7126450535
2792	2.7222432917
2793	2.7288044267
2794	2.7301795551
2795	2.7257815285
2796	2.7154202321
2797	2.6992322983
2798	2.6815324424
2799	2.6666911285
2800	2.6578491950
2801	2.6554196571
2802	2.6565495211
2803	2.6585117369
2804	2.6617718382
2805	2.6680629899
2806	2.6753714702
2807	2.6812308898
2808	2.6867041770
2809	2.6929060318
2810	2.6995009526
2811	2.7043544150
2812	2.7032749841
2813	2.6962639314
2814	2.6850772518
2815	2.6701855579
2816	2.6549032135
2817	2.6428276255
2818	2.6353308651
2819	2.6333434842
2820	2.6372635525
2821	2.6453803988
2822	2.6565904227
2823	2.6691355337
2824	2.6805420836
2825	2.6901667799
2826	2.6962666730
2827	2.6981722803
2828	2.6961260393
2829	2.6895302832
2830	2.6806878586
2831	2.6728348412
2832	2.6669877692
2833	2.6615057099
2834	2.6552585134
2835	2.6506215982
2836	2.6488472741
2837	2.6504335316
2838	2.6545965052
2839	2.6595898750
2840	2.6649233002
2841	2.6689583975
2842	2.6709946063
2843	2.6695176213
2844	2.6645862282
2845	2.6597941272
2846	2.6590356020
2847	2.6632837031
2848	2.6686280038
2849	2.6720735797
2850	2.6723472218
2851	2.6697446116
2852	2.6663231458
2853	2.6647757143
2854	2.6664065970
2855	2.6701340907
2856	2.6752592121
2857	2.6812550505
2858	2.6857492433
2859	2.6865864763
2860	2.6870168661
2861	2.6881943925
2862	2.6863725358
2863	2.6792694762
2864	2.6668912846
2865	2.6515533139
2866	2.6359487396
2867	2.6239154089
2868	2.6179163853
2869	2.6186942116
2870	2.6258354287
2871	2.6354423641
2872	2.6464023418
2873	2.6602432651
2874	2.6739639300
2875	2.6839185929
2876	2.6895272987
2877	2.6888241736
2878	2.6799075954
2879	2.6654024949
2880	2.6500182219
2881	2.6333782597
2882	2.6146154367
2883	2.5989395023
2884	2.5916611320
2885	2.5981546468
2886	2.6180292601
2887	2.6414710605
2888	2.6628518825
2889	2.6805674355
2890	2.6905642282
2891	2.6905263098
2892	2.6816671541
2893	2.6686021900
2894	2.6557695673
2895	2.6423761177
2896	2.6289978247
2897	2.6190537866
2898	2.6107813135
2899	2.6051034355
2900	2.6068767301
2901	2.6136638977
2902	2.6219281468
2903	2.6318837961
2904	2.6448059012
2905	2.6602753192
2906	2.6752518879
2907	2.6871745414
2908	2.6925454783
2909	2.6910789057
2910	2.6863140247
2911	2.6797890645
2912	2.6726323537
2913	2.6670579377
2914	2.6650813295
2915	2.6662294770
2916	2.6674622620
2917	2.6674095256
2918	2.6675532430
2919	2.6681365232
2920	2.6665389702
2921	2.6616288132
2922	2.6571148961
2923	2.6553370622
2924	2.6558586082
2925	2.6598177636
2926	2.6665245971
2927	2.6741052335
2928	2.6801230084
2929	2.6821816071
2930	2.6807989888
2931	2.6768115586
2932	2.6708443254
2933	2.6634056797
2934	2.6574517641
2935	2.6563255827
2936	2.6594350975
2937	2.6648102271
2938	2.6692368669
2939	2.6721156441
2940	2.6743909360
2941	2.6760708020
2942	2.6752866294
2943	2.6680843098
2944	2.6564137780
2945	2.6445051906
2946	2.6357372762
2947	2.6334873443
2948	2.6380748389
2949	2.6473870523
2950	2.6595941056
2951	2.6724064103
2952	2.6812144222
2953	2.6850846982
2954	2.6861464540
2955	2.6850689096
2956	2.6814169940
2957	2.6769831971
2958	2.6739219521
2959	2.6724916889
2960	2.6737700295
2961	2.6768663975
2962	2.6812829715
2963	2.6871002759
2964	2.6927947688
2965	2.6969968033
2966	2.6987210286
2967	2.6983322936
2968	2.6969891434
2969	2.6940523342
2970	2.6885986912
2971	2.6824341338
2972	2.6755515481
2973	2.6674065902
2974	2.6607292431
2975	2.6575135424
2976	2.6596404436
2977	2.6684014498
2978	2.6797138334
2979	2.6888496951
2980	2.6939072540
2981	2.6957369389
2982	2.6976154456
2983	2.6992783648
2984	2.6994320482
2985	2.6981438140
2986	2.6958093466
2987	2.6926858523
2988	2.6864921016
2989	2.6771528154
2990	2.6673839949
2991	2.6589835955
2992	2.6546414291
2993	2.6555304559
2994	2.6595771157
2995	2.6651398246
2996	2.6714889019
2997	2.6781938382
2998	2.6857415359
2999	2.6961603779
