0	2.5912592505
1	2.5952404289
2	2.6029927830
3	2.6119384294
4	2.6218635659
5	2.6316061044
6	2.6411521131
7	2.6496808552
8	2.6572876954
9	2.6634704322
10	2.6683768272
11	2.6718086439
12	2.6739481794
13	2.6748315870
14	2.6746720782
15	2.6736469712
16	2.6719809654
17	2.6699140977
18	2.6676379530
19	2.6654063306
20	2.6633253110
21	2.6616333388
22	2.6603199623
23	2.6595823204
24	2.6593026818
25	2.6596078563
26	2.6603187316
27	2.6614683028
28	2.6628767909
29	2.6644796441
30	2.6661470829
31	2.6677397064
32	2.6692042620
33	2.6703687519
34	2.6712593075
35	2.6717173694
36	2.6718358823
37	2.6715033154
38	2.6708554118
39	2.6698375310
40	2.6685927320
41	2.6671190560
42	2.6655410957
43	2.6639215952
44	2.6623557533
45	2.6609594862
46	2.6597445163
47	2.6588254905
48	2.6581242943
49	2.6577756071
50	2.6576663989
51	2.6578989044
52	2.6583009785
53	2.6589112512
54	2.6596018448
55	2.6603670589
56	2.6611050886
57	2.6617212764
58	2.6622036907
59	2.6624444356
60	2.6624865432
61	2.6621880173
62	2.6616769629
63	2.6608464048
64	2.6598036892
65	2.6584451929
66	2.6569396325
67	2.6553163586
68	2.6536912134
69	2.6520859129
70	2.6505211603
71	2.6490802643
72	2.6477391985
73	2.6466283790
74	2.6456195510
75	2.6448777564
76	2.6443866498
77	2.6443161062
78	2.6443874205
79	2.6445329812
80	2.6446750925
81	2.6448469831
82	2.6449590723
83	2.6449548981
84	2.6449645727
85	2.6448596292
86	2.6446298096
87	2.6440684483
88	2.6433033265
89	2.6421461058
90	2.6407020523
91	2.6389576670
92	2.6371315744
93	2.6352312284
94	2.6333498784
95	2.6316182417
96	2.6299931511
97	2.6284946961
98	2.6270242369
99	2.6257194714
100	2.6243538640
101	2.6231110668
102	2.6219411469
103	2.6209676812
104	2.6201262975
105	2.6195996976
106	2.6193193412
107	2.6192166815
108	2.6193389826
109	2.6194754022
110	2.6195676437
111	2.6194224820
112	2.6190865454
113	2.6182802654
114	2.6171959630
115	2.6157184882
116	2.6139755639
117	2.6120406783
118	2.6100876604
119	2.6081418981
120	2.6062575118
121	2.6045282545
122	2.6028377869
123	2.6014842160
124	2.6004337279
125	2.5997052073
126	2.5987657465
127	2.5972883412
128	2.5950637144
129	2.5929825554
130	2.5920368063
131	2.5924383116
132	2.5930973867
133	2.5922969117
134	2.5896735989
135	2.5866043265
136	2.5852147001
137	2.5858446735
138	2.5876444848
139	2.5893037710
140	2.5907053910
141	2.5916816278
142	2.5914072560
143	2.5890418887
144	2.5852688067
145	2.5816805270
146	2.5789148864
147	2.5767998215
148	2.5750844523
149	2.5745155359
150	2.5747938570
151	2.5747878434
152	2.5736270386
153	2.5719179016
154	2.5698903305
155	2.5672409711
156	2.5641277696
157	2.5616906687
158	2.5608076804
159	2.5609081713
160	2.5619660960
161	2.5643449209
162	2.5678207668
163	2.5709358405
164	2.5732586880
165	2.5747133128
166	2.5748580133
167	2.5729001899
168	2.5692845355
169	2.5649898888
170	2.5599440700
171	2.5544565808
172	2.5496455202
173	2.5463636191
174	2.5442293264
175	2.5437382960
176	2.5453032239
177	2.5485823256
178	2.5525210678
179	2.5570303984
180	2.5618286089
181	2.5656557029
182	2.5680161713
183	2.5690023638
184	2.5681852711
185	2.5650159642
186	2.5603738335
187	2.5546096159
188	2.5478847273
189	2.5408081268
190	2.5346906337
191	2.5296605627
192	2.5258031269
193	2.5240416978
194	2.5245727759
195	2.5271859552
196	2.5321314840
197	2.5391755252
198	2.5464590854
199	2.5532686485
200	2.5597467770
201	2.5662080101
202	2.5723395861
203	2.5772853812
204	2.5787457197
205	2.5752549402
206	2.5686664631
207	2.5616382750
208	2.5550817014
209	2.5482092337
210	2.5397357361
211	2.5289149431
212	2.5178583397
213	2.5085908854
214	2.5015339485
215	2.4969588157
216	2.4964526189
217	2.5003721530
218	2.5070777586
219	2.5149307303
220	2.5227696916
221	2.5309321739
222	2.5402130284
223	2.5502008875
224	2.5597950113
225	2.5697664346
226	2.5797871479
227	2.5877934986
228	2.5922174027
229	2.5929206063
230	2.5900476746
231	2.5837671082
232	2.5746869154
233	2.5638563599
234	2.5532211346
235	2.5432429520
236	2.5332953229
237	2.5238264311
238	2.5157630653
239	2.5078779165
240	2.4998954586
241	2.4930242081
242	2.4880409853
243	2.4853023691
244	2.4852171615
245	2.4885669227
246	2.4956254046
247	2.5057668330
248	2.5172998497
249	2.5298853321
250	2.5428850781
251	2.5544164461
252	2.5636698109
253	2.5714368257
254	2.5773279505
255	2.5810507578
256	2.5836828885
257	2.5857151303
258	2.5872778061
259	2.5881221142
260	2.5883031927
261	2.5875941812
262	2.5853158463
263	2.5809137101
264	2.5752292834
265	2.5683589449
266	2.5598570487
267	2.5508491334
268	2.5424662523
269	2.5346926420
270	2.5283700060
271	2.5246912980
272	2.5230558800
273	2.5232577370
274	2.5251207507
275	2.5283372753
276	2.5319578278
277	2.5350561390
278	2.5375375548
279	2.5394474366
280	2.5402608337
281	2.5403694945
282	2.5408687896
283	2.5414229326
284	2.5424733212
285	2.5449547654
286	2.5484275035
287	2.5521674047
288	2.5567143397
289	2.5614276004
290	2.5655469137
291	2.5689685106
292	2.5714326925
293	2.5728043906
294	2.5728006624
295	2.5717815227
296	2.5700331425
297	2.5676235896
298	2.5651138822
299	2.5634469807
300	2.5624197595
301	2.5625758444
302	2.5646419099
303	2.5679878348
304	2.5722511912
305	2.5776205841
306	2.5831853268
307	2.5881227831
308	2.5925162186
309	2.5955591259
310	2.5969944027
311	2.5968207828
312	2.5951865985
313	2.5922496308
314	2.5884450541
315	2.5844807888
316	2.5806174562
317	2.5769698279
318	2.5743117340
319	2.5727772068
320	2.5718863709
321	2.5721012264
322	2.5726831852
323	2.5725914088
324	2.5720619891
325	2.5714382769
326	2.5704797371
327	2.5695757121
328	2.5678799226
329	2.5643059577
330	2.5597590705
331	2.5560419562
332	2.5550398522
333	2.5568453479
334	2.5596110473
335	2.5609223624
336	2.5606946137
337	2.5617251732
338	2.5665318449
339	2.5742327546
340	2.5821629576
341	2.5873860616
342	2.5889793002
343	2.5890290360
344	2.5886122861
345	2.5872078078
346	2.5850280197
347	2.5828705037
348	2.5808522997
349	2.5786698264
350	2.5746286904
351	2.5687908027
352	2.5637967249
353	2.5616194286
354	2.5624238085
355	2.5653808459
356	2.5701877870
357	2.5766146287
358	2.5836097052
359	2.5894292762
360	2.5932757510
361	2.5962350084
362	2.6000295357
363	2.6039954569
364	2.6073270270
365	2.6104732894
366	2.6132200028
367	2.6146620122
368	2.6137238228
369	2.6102331003
370	2.6058368101
371	2.6019034928
372	2.5980300842
373	2.5951434701
374	2.5943700216
375	2.5954924332
376	2.5973409818
377	2.5988336330
378	2.6000333934
379	2.6011741904
380	2.6016649843
381	2.6012578804
382	2.6011820601
383	2.6024910568
384	2.6045752385
385	2.6065760432
386	2.6091123953
387	2.6117465818
388	2.6132910641
389	2.6131768406
390	2.6116883037
391	2.6097576982
392	2.6075255771
393	2.6049276415
394	2.6034062172
395	2.6038300268
396	2.6050843902
397	2.6069325303
398	2.6092472657
399	2.6114139153
400	2.6123602655
401	2.6114234817
402	2.6093395136
403	2.6066041740
404	2.6027978794
405	2.5985059818
406	2.5952285495
407	2.5933324351
408	2.5924598321
409	2.5929824697
410	2.5952612715
411	2.5978789457
412	2.5999491473
413	2.6016012664
414	2.6031835429
415	2.6046420807
416	2.6055768530
417	2.6066627164
418	2.6085561855
419	2.6105834987
420	2.6127838031
421	2.6160065165
422	2.6193737683
423	2.6222322093
424	2.6243936198
425	2.6254216918
426	2.6245367665
427	2.6210674573
428	2.6157891040
429	2.6096321731
430	2.6025704917
431	2.5954740515
432	2.5899729220
433	2.5863377204
434	2.5843634525
435	2.5844890897
436	2.5870710230
437	2.5912156779
438	2.5966246431
439	2.6033060626
440	2.6105545545
441	2.6176199798
442	2.6240719915
443	2.6299494134
444	2.6347123405
445	2.6378346426
446	2.6399946676
447	2.6415773515
448	2.6418972672
449	2.6415778486
450	2.6410268060
451	2.6396586769
452	2.6371705289
453	2.6335168331
454	2.6288509234
455	2.6230546495
456	2.6166189943
457	2.6105924314
458	2.6049952220
459	2.5997945116
460	2.5961357860
461	2.5945697689
462	2.5953237315
463	2.5988428806
464	2.6048851846
465	2.6120016886
466	2.6195059943
467	2.6278771486
468	2.6369063481
469	2.6459719372
470	2.6542189742
471	2.6607554803
472	2.6647885480
473	2.6663121978
474	2.6660588668
475	2.6642092987
476	2.6604839101
477	2.6557940235
478	2.6507812288
479	2.6454036904
480	2.6402070367
481	2.6353490473
482	2.6311028808
483	2.6280704851
484	2.6264656489
485	2.6257347244
486	2.6251835681
487	2.6250101887
488	2.6255217466
489	2.6261937710
490	2.6273006486
491	2.6293570190
492	2.6322638740
493	2.6362287706
494	2.6412589823
495	2.6465654122
496	2.6515118489
497	2.6564507890
498	2.6610445046
499	2.6646492990
500	2.6673698016
501	2.6694801589
502	2.6708416620
503	2.6712004139
504	2.6705184915
505	2.6687550271
506	2.6658273860
507	2.6620466670
508	2.6575920105
509	2.6525931627
510	2.6482491871
511	2.6448477609
512	2.6421540586
513	2.6406887460
514	2.6405796033
515	2.6415550409
516	2.6434122698
517	2.6458944545
518	2.6487230659
519	2.6516003680
520	2.6544060375
521	2.6566569326
522	2.6578820425
523	2.6584681194
524	2.6579719204
525	2.6559570555
526	2.6532497171
527	2.6506776148
528	2.6481150662
529	2.6456997125
530	2.6438303182
531	2.6425832710
532	2.6426241332
533	2.6443751975
534	2.6473128543
535	2.6505252791
536	2.6531522894
537	2.6547014016
538	2.6558739900
539	2.6577003950
540	2.6600743932
541	2.6614768229
542	2.6612925374
543	2.6601557103
544	2.6584425640
545	2.6570161467
546	2.6558285193
547	2.6539563428
548	2.6512996209
549	2.6479311740
550	2.6440240348
551	2.6402269475
552	2.6368835252
553	2.6344739095
554	2.6337905725
555	2.6351388876
556	2.6371331191
557	2.6384365665
558	2.6395342176
559	2.6405758737
560	2.6412338256
561	2.6414435798
562	2.6410578691
563	2.6399068852
564	2.6382576563
565	2.6356423723
566	2.6317108450
567	2.6275077429
568	2.6239726578
569	2.6216384342
570	2.6210497381
571	2.6219049209
572	2.6235606564
573	2.6261565536
574	2.6291813250
575	2.6316962922
576	2.6334695191
577	2.6355095590
578	2.6381814294
579	2.6407882754
580	2.6433511887
581	2.6456520596
582	2.6475074429
583	2.6485978375
584	2.6480987819
585	2.6465873543
586	2.6450035476
587	2.6431627979
588	2.6414400019
589	2.6403753904
590	2.6399536502
591	2.6397871361
592	2.6395701542
593	2.6388433429
594	2.6376046330
595	2.6368503863
596	2.6366023722
597	2.6364951954
598	2.6368798444
599	2.6377976000
600	2.6386021829
601	2.6389858718
602	2.6386259608
603	2.6375713077
604	2.6360474768
605	2.6335868128
606	2.6306437211
607	2.6286030758
608	2.6273758058
609	2.6263632570
610	2.6261174229
611	2.6264520530
612	2.6267185426
613	2.6263517211
614	2.6253372213
615	2.6240383982
616	2.6227339024
617	2.6218769377
618	2.6216091827
619	2.6224876848
620	2.6245478159
621	2.6269814494
622	2.6297238015
623	2.6322942673
624	2.6339377575
625	2.6348034600
626	2.6345253800
627	2.6334754958
628	2.6324596745
629	2.6312541854
630	2.6299414347
631	2.6293316625
632	2.6294368306
633	2.6294270487
634	2.6296055015
635	2.6304173740
636	2.6315970822
637	2.6330385821
638	2.6349981044
639	2.6376726694
640	2.6410535831
641	2.6444880182
642	2.6477126268
643	2.6508918315
644	2.6531405399
645	2.6539052805
646	2.6535002433
647	2.6515740827
648	2.6478216233
649	2.6430827585
650	2.6377621844
651	2.6326447511
652	2.6285750783
653	2.6257116530
654	2.6245189690
655	2.6251027231
656	2.6273613053
657	2.6311849635
658	2.6362694695
659	2.6414129291
660	2.6450723666
661	2.6471127261
662	2.6482161064
663	2.6490906089
664	2.6500126910
665	2.6500346187
666	2.6485874650
667	2.6453423988
668	2.6409805367
669	2.6377735241
670	2.6357646520
671	2.6328976404
672	2.6280983234
673	2.6217402416
674	2.6149900387
675	2.6098631546
676	2.6073610515
677	2.6066681799
678	2.6068733031
679	2.6079113907
680	2.6100255387
681	2.6129983040
682	2.6159600145
683	2.6187673883
684	2.6224632824
685	2.6268834869
686	2.6310206940
687	2.6340473636
688	2.6354392417
689	2.6358689983
690	2.6369386447
691	2.6388026262
692	2.6408911152
693	2.6429157204
694	2.6441769697
695	2.6445853658
696	2.6430099780
697	2.6382743574
698	2.6314607223
699	2.6241070004
700	2.6167053598
701	2.6091538395
702	2.6016756865
703	2.5947818212
704	2.5890157275
705	2.5850342165
706	2.5828676765
707	2.5828936168
708	2.5861306003
709	2.5929348738
710	2.6026282709
711	2.6130307570
712	2.6233158297
713	2.6336501327
714	2.6426120840
715	2.6493282107
716	2.6541745764
717	2.6573172404
718	2.6589451268
719	2.6589009111
720	2.6564659027
721	2.6517981956
722	2.6454382541
723	2.6374748491
724	2.6280697824
725	2.6181112498
726	2.6089643569
727	2.6015746441
728	2.5953940701
729	2.5901782584
730	2.5866386560
731	2.5845297350
732	2.5832350263
733	2.5828113966
734	2.5839521645
735	2.5872402308
736	2.5926338475
737	2.5990270145
738	2.6063326665
739	2.6146822789
740	2.6228300365
741	2.6298986233
742	2.6345928048
743	2.6365019380
744	2.6366977210
745	2.6353312203
746	2.6327818833
747	2.6304866897
748	2.6289792077
749	2.6275350171
750	2.6257899297
751	2.6244875450
752	2.6236366159
753	2.6226553313
754	2.6213548636
755	2.6200252964
756	2.6189295216
757	2.6174616596
758	2.6153917791
759	2.6125853824
760	2.6093961163
761	2.6063848100
762	2.6026434580
763	2.5980640516
764	2.5939996588
765	2.5904294651
766	2.5873322883
767	2.5859642382
768	2.5870923594
769	2.5906743097
770	2.5960855364
771	2.6027363872
772	2.6101810367
773	2.6172595346
774	2.6225553490
775	2.6262207296
776	2.6286326792
777	2.6297325473
778	2.6296651783
779	2.6286544648
780	2.6274146523
781	2.6262233165
782	2.6246619314
783	2.6226199014
784	2.6208737755
785	2.6194177694
786	2.6179979850
787	2.6169597859
788	2.6167349297
789	2.6176619213
790	2.6187628759
791	2.6199268540
792	2.6221962575
793	2.6250826170
794	2.6283520795
795	2.6322891365
796	2.6360135463
797	2.6388266766
798	2.6405864010
799	2.6416391082
800	2.6423919187
801	2.6427953750
802	2.6424289527
803	2.6412971394
804	2.6399970492
805	2.6384098154
806	2.6363882961
807	2.6339485435
808	2.6307466044
809	2.6260784492
810	2.6200282384
811	2.6141608912
812	2.6090819247
813	2.6045705077
814	2.6019851939
815	2.6023272293
816	2.6052563528
817	2.6102791842
818	2.6165760265
819	2.6237089851
820	2.6312905747
821	2.6385213298
822	2.6450689566
823	2.6507410480
824	2.6547940876
825	2.6571866325
826	2.6581482297
827	2.6576720404
828	2.6559254339
829	2.6530914909
830	2.6500905042
831	2.6474813789
832	2.6450510371
833	2.6428996884
834	2.6415521042
835	2.6408701662
836	2.6405777839
837	2.6408454745
838	2.6414997465
839	2.6424603456
840	2.6437188845
841	2.6455246482
842	2.6477352458
843	2.6496479339
844	2.6517420703
845	2.6542208707
846	2.6562007778
847	2.6576306832
848	2.6583778532
849	2.6582718039
850	2.6571801707
851	2.6545875851
852	2.6510764752
853	2.6476743016
854	2.6446534023
855	2.6421077595
856	2.6406009917
857	2.6401305181
858	2.6404092111
859	2.6417264413
860	2.6438663021
861	2.6458436770
862	2.6469113956
863	2.6472127281
864	2.6470621549
865	2.6466839389
866	2.6469468756
867	2.6479843151
868	2.6486493670
869	2.6485027654
870	2.6479975621
871	2.6481642751
872	2.6496931748
873	2.6519084253
874	2.6538920149
875	2.6552721418
876	2.6560212590
877	2.6569534098
878	2.6586765660
879	2.6606026344
880	2.6622262772
881	2.6631357218
882	2.6633277626
883	2.6629878731
884	2.6623150132
885	2.6618533658
886	2.6617039107
887	2.6619187196
888	2.6628791365
889	2.6643647579
890	2.6653323763
891	2.6656738786
892	2.6661355851
893	2.6668814646
894	2.6676147702
895	2.6679531582
896	2.6677617337
897	2.6669944362
898	2.6656481585
899	2.6640455205
900	2.6621534828
901	2.6603330096
902	2.6594039045
903	2.6592008807
904	2.6594136657
905	2.6595769276
906	2.6595662913
907	2.6598645817
908	2.6602847431
909	2.6608071422
910	2.6618416847
911	2.6632503719
912	2.6647842530
913	2.6665989147
914	2.6682814611
915	2.6693124515
916	2.6701506412
917	2.6712498759
918	2.6723877553
919	2.6732120949
920	2.6735919597
921	2.6734123014
922	2.6723563115
923	2.6702310260
924	2.6669448353
925	2.6627388497
926	2.6584262757
927	2.6544413749
928	2.6509338704
929	2.6483805266
930	2.6471990316
931	2.6473280732
932	2.6481779929
933	2.6491315716
934	2.6505905277
935	2.6529090104
936	2.6556614549
937	2.6588863503
938	2.6624678803
939	2.6661074494
940	2.6696504173
941	2.6728675494
942	2.6755660410
943	2.6775448387
944	2.6789648141
945	2.6800067456
946	2.6804335209
947	2.6801706044
948	2.6794516929
949	2.6781612861
950	2.6762060275
951	2.6738456074
952	2.6711830066
953	2.6684456472
954	2.6660208330
955	2.6640212902
956	2.6626440000
957	2.6620390893
958	2.6621607260
959	2.6626083247
960	2.6629959122
961	2.6636227135
962	2.6643223787
963	2.6647899864
964	2.6651822276
965	2.6658499699
966	2.6671800604
967	2.6688759063
968	2.6707609349
969	2.6730717127
970	2.6755112443
971	2.6776642740
972	2.6794240998
973	2.6805550847
974	2.6811018426
975	2.6812895589
976	2.6809585382
977	2.6802294701
978	2.6794530274
979	2.6785726709
980	2.6775058096
981	2.6763263355
982	2.6749903385
983	2.6734362551
984	2.6718749752
985	2.6706326656
986	2.6697594599
987	2.6692113255
988	2.6688280146
989	2.6682359358
990	2.6673920783
991	2.6665934810
992	2.6657762098
993	2.6646931812
994	2.6631330189
995	2.6612753899
996	2.6596187604
997	2.6585401806
998	2.6589959546
999	2.6611056014
1000	2.6636601668
1001	2.6659131651
1002	2.6678509903
1003	2.6699140132
1004	2.6723704980
1005	2.6749602433
1006	2.6771772270
1007	2.6785739600
1008	2.6791441967
1009	2.6792035037
1010	2.6790335930
1011	2.6788349045
1012	2.6783792566
1013	2.6772527860
1014	2.6757660648
1015	2.6742947958
1016	2.6724671062
1017	2.6704361076
1018	2.6688328301
1019	2.6679836439
1020	2.6679959918
1021	2.6684866735
1022	2.6691424460
1023	2.6697157820
1024	2.6703675833
1025	2.6714064592
1026	2.6725140567
1027	2.6733705970
1028	2.6737017557
1029	2.6735013552
1030	2.6729079523
1031	2.6718403823
1032	2.6703678022
1033	2.6688209306
1034	2.6677489989
1035	2.6674093769
1036	2.6670694418
1037	2.6662361436
1038	2.6651632718
1039	2.6637930260
1040	2.6623333712
1041	2.6611133509
1042	2.6601094153
1043	2.6598436950
1044	2.6607172115
1045	2.6622147122
1046	2.6639300932
1047	2.6656686015
1048	2.6671190406
1049	2.6683575719
1050	2.6695706851
1051	2.6704103447
1052	2.6705442732
1053	2.6702661164
1054	2.6698054405
1055	2.6686758417
1056	2.6668416897
1057	2.6650613783
1058	2.6636835608
1059	2.6626027328
1060	2.6615473457
1061	2.6606720039
1062	2.6600322054
1063	2.6593701877
1064	2.6585957541
1065	2.6573383370
1066	2.6558938864
1067	2.6548481110
1068	2.6542829058
1069	2.6543158115
1070	2.6545718581
1071	2.6544809595
1072	2.6539309042
1073	2.6527394707
1074	2.6506608101
1075	2.6481376889
1076	2.6461143964
1077	2.6446007640
1078	2.6430668275
1079	2.6419637282
1080	2.6421951753
1081	2.6436955059
1082	2.6460350531
1083	2.6488513785
1084	2.6514325769
1085	2.6539902299
1086	2.6563988637
1087	2.6580043159
1088	2.6590008514
1089	2.6595234723
1090	2.6596145415
1091	2.6590886101
1092	2.6579298853
1093	2.6564673625
1094	2.6551462351
1095	2.6546076134
1096	2.6550244186
1097	2.6562927081
1098	2.6584447910
1099	2.6609049160
1100	2.6627054176
1101	2.6633862986
1102	2.6631155163
1103	2.6621512265
1104	2.6602780938
1105	2.6579412547
1106	2.6559525264
1107	2.6544504975
1108	2.6533340898
1109	2.6523094948
1110	2.6517202693
1111	2.6520623405
1112	2.6525896826
1113	2.6530263987
1114	2.6539097345
1115	2.6549417788
1116	2.6559446611
1117	2.6571047178
1118	2.6580152980
1119	2.6586388017
1120	2.6593028033
1121	2.6595774520
1122	2.6590183286
1123	2.6577476869
1124	2.6560112408
1125	2.6534839164
1126	2.6501502191
1127	2.6469783743
1128	2.6445333205
1129	2.6429493186
1130	2.6419376174
1131	2.6413690788
1132	2.6412682840
1133	2.6412113293
1134	2.6413646808
1135	2.6421741319
1136	2.6439094136
1137	2.6463198681
1138	2.6490504003
1139	2.6525339570
1140	2.6566605269
1141	2.6606977635
1142	2.6642138676
1143	2.6668268818
1144	2.6683697349
1145	2.6689675670
1146	2.6685700034
1147	2.6672428984
1148	2.6655285247
1149	2.6635497971
1150	2.6611268839
1151	2.6583866524
1152	2.6556196175
1153	2.6526628013
1154	2.6493273649
1155	2.6461671024
1156	2.6433912343
1157	2.6412123780
1158	2.6394031040
1159	2.6375261147
1160	2.6364782829
1161	2.6365981778
1162	2.6373793989
1163	2.6391375632
1164	2.6423747033
1165	2.6469173503
1166	2.6522260158
1167	2.6578866113
1168	2.6635718589
1169	2.6686233275
1170	2.6726928670
1171	2.6756791478
1172	2.6773367963
1173	2.6774980757
1174	2.6760037123
1175	2.6730742470
1176	2.6688189458
1177	2.6632701410
1178	2.6567804777
1179	2.6498963110
1180	2.6435230451
1181	2.6383037562
1182	2.6346098525
1183	2.6328225913
1184	2.6329863040
1185	2.6350593762
1186	2.6384097286
1187	2.6423794145
1188	2.6474019478
1189	2.6531362458
1190	2.6583569130
1191	2.6630055661
1192	2.6672032062
1193	2.6705577619
1194	2.6736115622
1195	2.6769113095
1196	2.6802180791
1197	2.6830053317
1198	2.6848046707
1199	2.6858750878
1200	2.6865768591
1201	2.6869625498
1202	2.6868198552
1203	2.6860145496
1204	2.6845800641
1205	2.6827352963
1206	2.6811916509
1207	2.6802339896
1208	2.6795005844
1209	2.6783687556
1210	2.6765342042
1211	2.6744602852
1212	2.6727149238
1213	2.6715083953
1214	2.6707307010
1215	2.6704016222
1216	2.6706322310
1217	2.6712336252
1218	2.6721347749
1219	2.6734025331
1220	2.6747850014
1221	2.6762717226
1222	2.6782800006
1223	2.6806197372
1224	2.6827841620
1225	2.6845445373
1226	2.6859328142
1227	2.6872092596
1228	2.6883228598
1229	2.6891074862
1230	2.6894465279
1231	2.6891895328
1232	2.6882960323
1233	2.6869915251
1234	2.6855741805
1235	2.6839478086
1236	2.6823260894
1237	2.6811833737
1238	2.6802465330
1239	2.6791982282
1240	2.6780600588
1241	2.6768975069
1242	2.6761676637
1243	2.6761226072
1244	2.6767227812
1245	2.6779901654
1246	2.6798219031
1247	2.6820238872
1248	2.6842215157
1249	2.6860995683
1250	2.6874362538
1251	2.6882141300
1252	2.6886662084
1253	2.6887578816
1254	2.6882608270
1255	2.6871682760
1256	2.6858848360
1257	2.6847522561
1258	2.6837053008
1259	2.6828943072
1260	2.6826411449
1261	2.6829386458
1262	2.6835406766
1263	2.6842985197
1264	2.6851376929
1265	2.6858138508
1266	2.6862400897
1267	2.6865069469
1268	2.6865748095
1269	2.6865322279
1270	2.6866198442
1271	2.6867461410
1272	2.6868001522
1273	2.6867360772
1274	2.6864890497
1275	2.6863203297
1276	2.6862314114
1277	2.6861115752
1278	2.6860449839
1279	2.6859952028
1280	2.6858484241
1281	2.6854604529
1282	2.6847846069
1283	2.6838825434
1284	2.6829879816
1285	2.6822450375
1286	2.6815961245
1287	2.6810897865
1288	2.6807970080
1289	2.6807470953
1290	2.6808518091
1291	2.6809064066
1292	2.6809719150
1293	2.6812884077
1294	2.6818096696
1295	2.6823904618
1296	2.6831231662
1297	2.6841245921
1298	2.6852511855
1299	2.6862845961
1300	2.6871987833
1301	2.6879499982
1302	2.6884913486
1303	2.6889024250
1304	2.6891788513
1305	2.6893689528
1306	2.6895881167
1307	2.6898676476
1308	2.6901960256
1309	2.6904762612
1310	2.6906835885
1311	2.6908661351
1312	2.6909763183
1313	2.6910002435
1314	2.6910181686
1315	2.6910735977
1316	2.6911330017
1317	2.6911882513
1318	2.6912831214
1319	2.6914206505
1320	2.6916037306
1321	2.6918334119
1322	2.6920729472
1323	2.6923195665
1324	2.6925655534
1325	2.6928240223
1326	2.6931134005
1327	2.6933838906
1328	2.6936196476
1329	2.6938070043
1330	2.6938979397
1331	2.6939040492
1332	2.6938898539
1333	2.6939249305
1334	2.6939919323
1335	2.6940054076
1336	2.6939438915
1337	2.6938356491
1338	2.6937157567
1339	2.6936043622
1340	2.6935002242
1341	2.6933523815
1342	2.6930606833
1343	2.6925951753
1344	2.6919983509
1345	2.6913221785
1346	2.6906614833
1347	2.6901389984
1348	2.6897863746
1349	2.6896424048
1350	2.6898130689
1351	2.6902923382
1352	2.6909099621
1353	2.6914726767
1354	2.6919926028
1355	2.6924973356
1356	2.6929475355
1357	2.6933139054
1358	2.6935077345
1359	2.6935640923
1360	2.6935205044
1361	2.6933872461
1362	2.6932102779
1363	2.6929177526
1364	2.6924812140
1365	2.6919720155
1366	2.6914036824
1367	2.6907646217
1368	2.6900839692
1369	2.6894514544
1370	2.6890275771
1371	2.6889144258
1372	2.6890583252
1373	2.6893295660
1374	2.6896424843
1375	2.6899895146
1376	2.6903677426
1377	2.6906614378
1378	2.6907831366
1379	2.6907575338
1380	2.6904607997
1381	2.6897043580
1382	2.6884219213
1383	2.6866148238
1384	2.6844167237
1385	2.6820361687
1386	2.6796009937
1387	2.6771227543
1388	2.6747035042
1389	2.6725980563
1390	2.6708356017
1391	2.6694214311
1392	2.6685344035
1393	2.6682882852
1394	2.6687688289
1395	2.6699136542
1396	2.6715642021
1397	2.6734589700
1398	2.6752276514
1399	2.6769878142
1400	2.6788524842
1401	2.6803772493
1402	2.6813959068
1403	2.6821679961
1404	2.6829652070
1405	2.6837189898
1406	2.6841566272
1407	2.6841153240
1408	2.6834736206
1409	2.6822487318
1410	2.6805504176
1411	2.6787907074
1412	2.6770965392
1413	2.6753572884
1414	2.6738417005
1415	2.6723848318
1416	2.6709434656
1417	2.6699232086
1418	2.6692562529
1419	2.6686772797
1420	2.6681712486
1421	2.6677408818
1422	2.6674607783
1423	2.6675509107
1424	2.6679224401
1425	2.6685025799
1426	2.6696078256
1427	2.6714690221
1428	2.6737038367
1429	2.6757380963
1430	2.6775881066
1431	2.6793519994
1432	2.6807134692
1433	2.6813359519
1434	2.6811540571
1435	2.6800552605
1436	2.6780611582
1437	2.6752773960
1438	2.6717757896
1439	2.6680418977
1440	2.6643636917
1441	2.6607749453
1442	2.6571714986
1443	2.6535428387
1444	2.6501051050
1445	2.6469825969
1446	2.6446181216
1447	2.6432881138
1448	2.6432691913
1449	2.6447741995
1450	2.6473103055
1451	2.6506419180
1452	2.6543581116
1453	2.6577426435
1454	2.6608829100
1455	2.6635497659
1456	2.6654788580
1457	2.6673569788
1458	2.6693135209
1459	2.6708414424
1460	2.6717259708
1461	2.6721512620
1462	2.6724231229
1463	2.6725011222
1464	2.6723412821
1465	2.6721776181
1466	2.6719595192
1467	2.6712641195
1468	2.6698289873
1469	2.6676936437
1470	2.6651984756
1471	2.6624925012
1472	2.6590866793
1473	2.6551658913
1474	2.6516582925
1475	2.6486126471
1476	2.6459665001
1477	2.6441387921
1478	2.6431343447
1479	2.6428824047
1480	2.6435533665
1481	2.6449992524
1482	2.6466173033
1483	2.6482636219
1484	2.6502588542
1485	2.6521355285
1486	2.6534953756
1487	2.6547037598
1488	2.6559432803
1489	2.6569664928
1490	2.6575168427
1491	2.6581078350
1492	2.6585501297
1493	2.6580623312
1494	2.6566813542
1495	2.6546094698
1496	2.6523824582
1497	2.6501257433
1498	2.6481444153
1499	2.6471761875
1500	2.6473232969
1501	2.6481617681
1502	2.6490082891
1503	2.6496303224
1504	2.6496565981
1505	2.6488839502
1506	2.6475412145
1507	2.6460958424
1508	2.6453675430
1509	2.6452665238
1510	2.6456710017
1511	2.6472154215
1512	2.6495659399
1513	2.6520557346
1514	2.6547090360
1515	2.6569611149
1516	2.6586914245
1517	2.6602920548
1518	2.6611312522
1519	2.6608128899
1520	2.6595051813
1521	2.6571956955
1522	2.6538016773
1523	2.6499549992
1524	2.6468055204
1525	2.6448726638
1526	2.6439109148
1527	2.6433533219
1528	2.6432506453
1529	2.6441908465
1530	2.6466017082
1531	2.6500527828
1532	2.6536730279
1533	2.6571578500
1534	2.6599595296
1535	2.6620566318
1536	2.6643183395
1537	2.6667798353
1538	2.6685869377
1539	2.6689615629
1540	2.6681112845
1541	2.6667786637
1542	2.6653936331
1543	2.6642611244
1544	2.6632380014
1545	2.6618581413
1546	2.6598425664
1547	2.6575191558
1548	2.6554597405
1549	2.6534904233
1550	2.6516721738
1551	2.6501912815
1552	2.6489744209
1553	2.6484589008
1554	2.6483621482
1555	2.6483617953
1556	2.6491922995
1557	2.6511888137
1558	2.6541843078
1559	2.6575680275
1560	2.6602079797
1561	2.6616032161
1562	2.6619580688
1563	2.6615832920
1564	2.6608239038
1565	2.6598577924
1566	2.6587574029
1567	2.6576145080
1568	2.6566597147
1569	2.6561605861
1570	2.6558099705
1571	2.6554104850
1572	2.6559115057
1573	2.6579146539
1574	2.6606063796
1575	2.6636908861
1576	2.6672681484
1577	2.6707487728
1578	2.6738104456
1579	2.6763032848
1580	2.6780320992
1581	2.6786705891
1582	2.6781414275
1583	2.6767129200
1584	2.6746137607
1585	2.6722505963
1586	2.6699407310
1587	2.6683207354
1588	2.6677540929
1589	2.6678770948
1590	2.6680965307
1591	2.6681157670
1592	2.6682893870
1593	2.6687111510
1594	2.6694139863
1595	2.6705334097
1596	2.6721749476
1597	2.6744496572
1598	2.6770043373
1599	2.6793157560
1600	2.6810529767
1601	2.6820310448
1602	2.6821505266
1603	2.6814449639
1604	2.6800671881
1605	2.6782295696
1606	2.6762010975
1607	2.6742686761
1608	2.6724358569
1609	2.6705514789
1610	2.6688010753
1611	2.6677761128
1612	2.6677219401
1613	2.6682263235
1614	2.6693803382
1615	2.6712167739
1616	2.6732169673
1617	2.6752437670
1618	2.6771082260
1619	2.6787962225
1620	2.6805829821
1621	2.6823255374
1622	2.6838672422
1623	2.6851716337
1624	2.6860491120
1625	2.6864784224
1626	2.6866189007
1627	2.6863802936
1628	2.6857522193
1629	2.6849630789
1630	2.6839789238
1631	2.6825825483
1632	2.6807647351
1633	2.6787751361
1634	2.6767121550
1635	2.6746882517
1636	2.6730345492
1637	2.6718844246
1638	2.6715018346
1639	2.6720450167
1640	2.6732302348
1641	2.6749148259
1642	2.6769424568
1643	2.6791572511
1644	2.6814157998
1645	2.6834533022
1646	2.6852036288
1647	2.6866783901
1648	2.6879573255
1649	2.6890269637
1650	2.6896374890
1651	2.6896199987
1652	2.6890654293
1653	2.6881451273
1654	2.6868942523
1655	2.6854910128
1656	2.6840533125
1657	2.6824408354
1658	2.6807621272
1659	2.6793845327
1660	2.6786511318
1661	2.6784487701
1662	2.6781885893
1663	2.6780027524
1664	2.6783451024
1665	2.6790763287
1666	2.6802732703
1667	2.6818411792
1668	2.6831759062
1669	2.6839079259
1670	2.6842124076
1671	2.6844418617
1672	2.6848215952
1673	2.6855738045
1674	2.6865642371
1675	2.6874212590
1676	2.6880434430
1677	2.6886889678
1678	2.6892182543
1679	2.6892726674
1680	2.6888133237
1681	2.6877920296
1682	2.6865387668
1683	2.6850857400
1684	2.6832819202
1685	2.6815698548
1686	2.6804004960
1687	2.6798591215
1688	2.6797112700
1689	2.6797499208
1690	2.6797268188
1691	2.6796390455
1692	2.6797522007
1693	2.6802069233
1694	2.6810925396
1695	2.6822561040
1696	2.6834802498
1697	2.6847097140
1698	2.6858932707
1699	2.6870044113
1700	2.6880565106
1701	2.6890516776
1702	2.6900185931
1703	2.6910024580
1704	2.6919768309
1705	2.6926351552
1706	2.6928115495
1707	2.6927552136
1708	2.6925119279
1709	2.6919053051
1710	2.6909080687
1711	2.6897323029
1712	2.6884718920
1713	2.6870819981
1714	2.6856049458
1715	2.6840159443
1716	2.6823980519
1717	2.6808791762
1718	2.6794827477
1719	2.6780650783
1720	2.6766510801
1721	2.6755803685
1722	2.6749157924
1723	2.6747772652
1724	2.6751055407
1725	2.6754905959
1726	2.6757918498
1727	2.6757557828
1728	2.6755077662
1729	2.6754237074
1730	2.6754400184
1731	2.6761047090
1732	2.6778319469
1733	2.6797099864
1734	2.6810475364
1735	2.6820219267
1736	2.6825444837
1737	2.6822017002
1738	2.6805442494
1739	2.6775629292
1740	2.6743322354
1741	2.6717267165
1742	2.6699571959
1743	2.6691709399
1744	2.6692844456
1745	2.6700378110
1746	2.6711066714
1747	2.6727340989
1748	2.6748275934
1749	2.6766920472
1750	2.6781539515
1751	2.6787847072
1752	2.6780880493
1753	2.6761385611
1754	2.6733314325
1755	2.6700854641
1756	2.6666895807
1757	2.6635348493
1758	2.6607059964
1759	2.6578359934
1760	2.6549653384
1761	2.6523067990
1762	2.6498517323
1763	2.6479811014
1764	2.6474107025
1765	2.6482834492
1766	2.6496772882
1767	2.6514896943
1768	2.6543172804
1769	2.6579205536
1770	2.6614733037
1771	2.6640822203
1772	2.6658686525
1773	2.6665264383
1774	2.6656268349
1775	2.6633218715
1776	2.6595667569
1777	2.6554570115
1778	2.6519201301
1779	2.6485847620
1780	2.6452772642
1781	2.6425573108
1782	2.6405401141
1783	2.6392797161
1784	2.6388607290
1785	2.6389810074
1786	2.6399984222
1787	2.6418112224
1788	2.6438418349
1789	2.6453919561
1790	2.6458689397
1791	2.6452634850
1792	2.6437079064
1793	2.6420589202
1794	2.6404554242
1795	2.6384991829
1796	2.6368065121
1797	2.6349594448
1798	2.6322578512
1799	2.6297327937
1800	2.6281154337
1801	2.6270750396
1802	2.6260496461
1803	2.6245935520
1804	2.6228033186
1805	2.6207185858
1806	2.6180661705
1807	2.6155331807
1808	2.6144562002
1809	2.6149396163
1810	2.6169024006
1811	2.6204682596
1812	2.6251265419
1813	2.6302729943
1814	2.6345829581
1815	2.6368291515
1816	2.6370487468
1817	2.6358120993
1818	2.6329178801
1819	2.6279132624
1820	2.6219695824
1821	2.6158126684
1822	2.6089991689
1823	2.6017078604
1824	2.5942053918
1825	2.5867668734
1826	2.5799907852
1827	2.5749110289
1828	2.5716949509
1829	2.5696269513
1830	2.5692019750
1831	2.5709259765
1832	2.5739761462
1833	2.5771776089
1834	2.5807410569
1835	2.5853590792
1836	2.5901106918
1837	2.5941812333
1838	2.5973864863
1839	2.5997080127
1840	2.6008416508
1841	2.6003242163
1842	2.5990511940
1843	2.5974653317
1844	2.5955368739
1845	2.5930162420
1846	2.5891150840
1847	2.5846014901
1848	2.5802581810
1849	2.5755006170
1850	2.5706615046
1851	2.5667126104
1852	2.5637425597
1853	2.5626360144
1854	2.5635201804
1855	2.5659255229
1856	2.5701204441
1857	2.5739733843
1858	2.5763975763
1859	2.5792361039
1860	2.5833601496
1861	2.5885779284
1862	2.5943413571
1863	2.5990107131
1864	2.6006126279
1865	2.5990729026
1866	2.5961751971
1867	2.5925333595
1868	2.5877719352
1869	2.5816393467
1870	2.5732347261
1871	2.5637111888
1872	2.5550507891
1873	2.5475667941
1874	2.5397776027
1875	2.5298981454
1876	2.5185649428
1877	2.5066683330
1878	2.4957332996
1879	2.4873690616
1880	2.4821511579
1881	2.4801446192
1882	2.4807585550
1883	2.4838430838
1884	2.4888092373
1885	2.4959969716
1886	2.5050550086
1887	2.5145443888
1888	2.5250559415
1889	2.5369377851
1890	2.5483092022
1891	2.5564419235
1892	2.5615744418
1893	2.5658610562
1894	2.5691841296
1895	2.5703134551
1896	2.5684701871
1897	2.5628432246
1898	2.5534429909
1899	2.5410929862
1900	2.5266119771
1901	2.5116354098
1902	2.4969470234
1903	2.4832672933
1904	2.4727818939
1905	2.4652907616
1906	2.4598620989
1907	2.4574113226
1908	2.4583648203
1909	2.4634320765
1910	2.4725844769
1911	2.4836608527
1912	2.4944803674
1913	2.5041362024
1914	2.5128713518
1915	2.5199179288
1916	2.5250283067
1917	2.5292590138
1918	2.5329672520
1919	2.5368050085
1920	2.5397732996
1921	2.5400683974
1922	2.5383628596
1923	2.5357241112
1924	2.5324573152
1925	2.5290802989
1926	2.5255981094
1927	2.5215067598
1928	2.5171545560
1929	2.5133110326
1930	2.5107901662
1931	2.5087886198
1932	2.5052865058
1933	2.5013826164
1934	2.4977182155
1935	2.4922826403
1936	2.4856453927
1937	2.4797274398
1938	2.4752984372
1939	2.4727110313
1940	2.4727105622
1941	2.4755907410
1942	2.4808604573
1943	2.4890422501
1944	2.4995938290
1945	2.5111353719
1946	2.5227714524
1947	2.5338707863
1948	2.5448576477
1949	2.5554662838
1950	2.5641942085
1951	2.5685788547
1952	2.5674950011
1953	2.5613984767
1954	2.5501015582
1955	2.5343896800
1956	2.5173314037
1957	2.5029508021
1958	2.4924191713
1959	2.4851225972
1960	2.4810431926
1961	2.4797928800
1962	2.4807183736
1963	2.4828080652
1964	2.4856321881
1965	2.4896517604
1966	2.4954429121
1967	2.5027077474
1968	2.5100500767
1969	2.5162405446
1970	2.5213755980
1971	2.5252229702
1972	2.5272010713
1973	2.5278000887
1974	2.5269653595
1975	2.5250732904
1976	2.5227384691
1977	2.5204355204
1978	2.5188643949
1979	2.5174450607
1980	2.5165290428
1981	2.5177025441
1982	2.5187946280
1983	2.5180344497
1984	2.5177565067
1985	2.5181829615
1986	2.5192001743
1987	2.5203847909
1988	2.5209599640
1989	2.5225725612
1990	2.5262972134
1991	2.5324233141
1992	2.5404514181
1993	2.5496781128
1994	2.5577739815
1995	2.5625194763
1996	2.5644319961
1997	2.5631752764
1998	2.5583079603
1999	2.5503969826
2000	2.5400526529
2001	2.5278650057
2002	2.5160065810
2003	2.5076010280
2004	2.5026584707
2005	2.4990459014
2006	2.4957054514
2007	2.4929216677
2008	2.4910710199
2009	2.4905459147
2010	2.4915647021
2011	2.4931318496
2012	2.4949177305
2013	2.4970438364
2014	2.4985708328
2015	2.4995357299
2016	2.5007964198
2017	2.5026535558
2018	2.5052599703
2019	2.5091314496
2020	2.5144150835
2021	2.5197112484
2022	2.5232794913
2023	2.5250258416
2024	2.5261183933
2025	2.5271803593
2026	2.5276074101
2027	2.5265315558
2028	2.5245129954
2029	2.5226861592
2030	2.5217005597
2031	2.5219692371
2032	2.5222631859
2033	2.5227138298
2034	2.5247868747
2035	2.5270343445
2036	2.5280937706
2037	2.5276723548
2038	2.5265791334
2039	2.5262282540
2040	2.5255455735
2041	2.5240997741
2042	2.5230314934
2043	2.5220072724
2044	2.5202353994
2045	2.5189117030
2046	2.5194993944
2047	2.5207875025
2048	2.5221658636
2049	2.5247877315
2050	2.5283405807
2051	2.5318060033
2052	2.5342515569
2053	2.5350425856
2054	2.5345933901
2055	2.5340278594
2056	2.5340028541
2057	2.5343763256
2058	2.5344731779
2059	2.5342777204
2060	2.5348151504
2061	2.5353380344
2062	2.5357072182
2063	2.5358730279
2064	2.5349785311
2065	2.5337346368
2066	2.5310730798
2067	2.5272355807
2068	2.5253499937
2069	2.5262722486
2070	2.5278712075
2071	2.5285488929
2072	2.5282007355
2073	2.5268322938
2074	2.5253109313
2075	2.5235654733
2076	2.5206112521
2077	2.5164415916
2078	2.5120055244
2079	2.5088136429
2080	2.5080298084
2081	2.5093657986
2082	2.5113844799
2083	2.5137173501
2084	2.5172589775
2085	2.5221085141
2086	2.5272489960
2087	2.5328027414
2088	2.5391807746
2089	2.5452007268
2090	2.5489397388
2091	2.5492207452
2092	2.5455225725
2093	2.5384348941
2094	2.5306014574
2095	2.5236181949
2096	2.5180069669
2097	2.5144373690
2098	2.5129342226
2099	2.5122218878
2100	2.5111123855
2101	2.5112469905
2102	2.5141367080
2103	2.5190362671
2104	2.5250317286
2105	2.5328557932
2106	2.5426925477
2107	2.5532418752
2108	2.5632907275
2109	2.5721068049
2110	2.5796890670
2111	2.5850269943
2112	2.5876543010
2113	2.5869474982
2114	2.5826962725
2115	2.5763156090
2116	2.5680905395
2117	2.5596698906
2118	2.5516172234
2119	2.5435598330
2120	2.5373614726
2121	2.5325432061
2122	2.5281539846
2123	2.5247420712
2124	2.5218633106
2125	2.5204825660
2126	2.5227115420
2127	2.5276038336
2128	2.5324723551
2129	2.5372762161
2130	2.5430526661
2131	2.5496926244
2132	2.5571356789
2133	2.5650036215
2134	2.5729050909
2135	2.5805154311
2136	2.5868579348
2137	2.5911148884
2138	2.5943151965
2139	2.5982172458
2140	2.6026953193
2141	2.6072917107
2142	2.6124770564
2143	2.6181835734
2144	2.6230865806
2145	2.6263186478
2146	2.6278715486
2147	2.6273323149
2148	2.6248521071
2149	2.6211772486
2150	2.6166482582
2151	2.6116574717
2152	2.6069283190
2153	2.6029620116
2154	2.5999028650
2155	2.5977040877
2156	2.5965206918
2157	2.5964018537
2158	2.5964965700
2159	2.5965442443
2160	2.5971550608
2161	2.5980020458
2162	2.5987471241
2163	2.6001352338
2164	2.6032699881
2165	2.6083174284
2166	2.6148075932
2167	2.6226808631
2168	2.6307778285
2169	2.6379218091
2170	2.6436400003
2171	2.6470067142
2172	2.6476308358
2173	2.6457475477
2174	2.6430505660
2175	2.6402831266
2176	2.6362240204
2177	2.6312446974
2178	2.6260406525
2179	2.6206184434
2180	2.6152055497
2181	2.6103849890
2182	2.6069519395
2183	2.6055272596
2184	2.6056419136
2185	2.6065795567
2186	2.6091231455
2187	2.6133713962
2188	2.6182801990
2189	2.6228798937
2190	2.6269835180
2191	2.6310255142
2192	2.6357408914
2193	2.6417281402
2194	2.6481186718
2195	2.6539140734
2196	2.6581693275
2197	2.6605151856
2198	2.6616878553
2199	2.6623054249
2200	2.6624283911
2201	2.6609981748
2202	2.6574212323
2203	2.6526992077
2204	2.6478476441
2205	2.6439820440
2206	2.6417034755
2207	2.6400229678
2208	2.6387441503
2209	2.6382341295
2210	2.6384948689
2211	2.6395720060
2212	2.6408411928
2213	2.6418514624
2214	2.6431504674
2215	2.6448734861
2216	2.6465804654
2217	2.6489576167
2218	2.6519385915
2219	2.6544335013
2220	2.6562609364
2221	2.6575521658
2222	2.6576554392
2223	2.6558020807
2224	2.6529136556
2225	2.6503269626
2226	2.6485787818
2227	2.6475755475
2228	2.6469442929
2229	2.6463051605
2230	2.6456412506
2231	2.6455434510
2232	2.6461826686
2233	2.6476793178
2234	2.6499193054
2235	2.6523120033
2236	2.6545619862
2237	2.6565756555
2238	2.6578528868
2239	2.6576033258
2240	2.6562830779
2241	2.6550071153
2242	2.6539393825
2243	2.6523454756
2244	2.6501494671
2245	2.6482792957
2246	2.6469944898
2247	2.6463646162
2248	2.6462450772
2249	2.6463781815
2250	2.6466617556
2251	2.6464388551
2252	2.6454410326
2253	2.6432608149
2254	2.6401783955
2255	2.6373870546
2256	2.6352103568
2257	2.6338405655
2258	2.6330043567
2259	2.6325876180
2260	2.6328638046
2261	2.6339822857
2262	2.6368352093
2263	2.6411499229
2264	2.6459368314
2265	2.6510503164
2266	2.6559857572
2267	2.6604115958
2268	2.6639464700
2269	2.6655970655
2270	2.6657257486
2271	2.6650967583
2272	2.6632249908
2273	2.6604579408
2274	2.6577572171
2275	2.6555422151
2276	2.6543064208
2277	2.6539707533
2278	2.6539456314
2279	2.6544410579
2280	2.6558494777
2281	2.6575417659
2282	2.6588632010
2283	2.6596555046
2284	2.6593921639
2285	2.6577279227
2286	2.6552119063
2287	2.6523048054
2288	2.6487528405
2289	2.6446047692
2290	2.6407997051
2291	2.6376651924
2292	2.6348307841
2293	2.6326512717
2294	2.6319979868
2295	2.6330320972
2296	2.6349485953
2297	2.6371806883
2298	2.6394337554
2299	2.6414768819
2300	2.6433033268
2301	2.6453800258
2302	2.6477489384
2303	2.6502022930
2304	2.6530241939
2305	2.6551059377
2306	2.6552771946
2307	2.6532230060
2308	2.6493009947
2309	2.6444187668
2310	2.6392140365
2311	2.6345288002
2312	2.6306327547
2313	2.6277734348
2314	2.6258482096
2315	2.6242723796
2316	2.6231621340
2317	2.6228589216
2318	2.6236197655
2319	2.6252248624
2320	2.6273974577
2321	2.6303817176
2322	2.6344666055
2323	2.6394093649
2324	2.6442173293
2325	2.6474402029
2326	2.6489404241
2327	2.6495846854
2328	2.6493257240
2329	2.6479976107
2330	2.6454918791
2331	2.6419041371
2332	2.6375902581
2333	2.6322972164
2334	2.6264445963
2335	2.6210502328
2336	2.6156952119
2337	2.6100494790
2338	2.6052370948
2339	2.6023521532
2340	2.6015663888
2341	2.6028891576
2342	2.6063171916
2343	2.6104914278
2344	2.6144257250
2345	2.6181663125
2346	2.6220166230
2347	2.6257383897
2348	2.6282902148
2349	2.6302267775
2350	2.6322067545
2351	2.6338836237
2352	2.6346359834
2353	2.6342580962
2354	2.6335158393
2355	2.6325919023
2356	2.6310196483
2357	2.6283194961
2358	2.6238932164
2359	2.6176666527
2360	2.6103921633
2361	2.6024674418
2362	2.5953595789
2363	2.5904250996
2364	2.5868628890
2365	2.5850908477
2366	2.5855910185
2367	2.5871222236
2368	2.5890296056
2369	2.5910846195
2370	2.5928627910
2371	2.5948857930
2372	2.5978980386
2373	2.6012713411
2374	2.6046169964
2375	2.6086409513
2376	2.6137041386
2377	2.6193720630
2378	2.6248366574
2379	2.6296749535
2380	2.6334926038
2381	2.6364917725
2382	2.6391327021
2383	2.6406452401
2384	2.6406800719
2385	2.6400039717
2386	2.6393287033
2387	2.6380826540
2388	2.6356443624
2389	2.6321284577
2390	2.6273610040
2391	2.6212678105
2392	2.6141404284
2393	2.6071943051
2394	2.6008617608
2395	2.5947179743
2396	2.5889077305
2397	2.5840342900
2398	2.5815354792
2399	2.5817274549
2400	2.5840810318
2401	2.5882489324
2402	2.5931921926
2403	2.5982804546
2404	2.6033543302
2405	2.6089857416
2406	2.6157086430
2407	2.6223659418
2408	2.6279277806
2409	2.6319109073
2410	2.6345455873
2411	2.6367147374
2412	2.6380850200
2413	2.6374991231
2414	2.6340482095
2415	2.6283507984
2416	2.6216315271
2417	2.6136796783
2418	2.6045202607
2419	2.5955162235
2420	2.5883076751
2421	2.5837002188
2422	2.5811902883
2423	2.5812891141
2424	2.5847593666
2425	2.5903014336
2426	2.5978825655
2427	2.6068702510
2428	2.6144252060
2429	2.6200399454
2430	2.6240009190
2431	2.6259329193
2432	2.6265869254
2433	2.6266663857
2434	2.6254050871
2435	2.6225815706
2436	2.6186338322
2437	2.6137484486
2438	2.6089755865
2439	2.6053180888
2440	2.6035100341
2441	2.6032284227
2442	2.6036856471
2443	2.6042465879
2444	2.6038760055
2445	2.6019318404
2446	2.5985964694
2447	2.5951288554
2448	2.5920904777
2449	2.5901603654
2450	2.5898755297
2451	2.5907121330
2452	2.5922577857
2453	2.5942029761
2454	2.5966146817
2455	2.5989137310
2456	2.6009685904
2457	2.6034642705
2458	2.6063014346
2459	2.6084491715
2460	2.6082264999
2461	2.6058106985
2462	2.6037116370
2463	2.6023157789
2464	2.6001953783
2465	2.5974375422
2466	2.5947586033
2467	2.5923873959
2468	2.5905290635
2469	2.5902246699
2470	2.5917802878
2471	2.5945282743
2472	2.5980708272
2473	2.6020715886
2474	2.6060074303
2475	2.6094828827
2476	2.6131380577
2477	2.6176328923
2478	2.6227249882
2479	2.6278338352
2480	2.6327449764
2481	2.6367303630
2482	2.6390642459
2483	2.6394349317
2484	2.6374771319
2485	2.6334989418
2486	2.6279747052
2487	2.6219797871
2488	2.6155217349
2489	2.6086121915
2490	2.6027527435
2491	2.5980801145
2492	2.5945234965
2493	2.5920626328
2494	2.5906289496
2495	2.5909291773
2496	2.5928838584
2497	2.5954140673
2498	2.5980817021
2499	2.6016126575
2500	2.6058901102
2501	2.6101142106
2502	2.6141852603
2503	2.6182950332
2504	2.6223529554
2505	2.6254508762
2506	2.6269750456
2507	2.6271642647
2508	2.6257019774
2509	2.6221722325
2510	2.6176115016
2511	2.6135128063
2512	2.6107279897
2513	2.6090539210
2514	2.6076826560
2515	2.6071026058
2516	2.6078063887
2517	2.6097482290
2518	2.6130033203
2519	2.6174098737
2520	2.6226204139
2521	2.6272299093
2522	2.6308247005
2523	2.6337364227
2524	2.6355738619
2525	2.6369569888
2526	2.6374907069
2527	2.6355994232
2528	2.6322719380
2529	2.6295503735
2530	2.6272132090
2531	2.6248006754
2532	2.6215914251
2533	2.6164033099
2534	2.6105076999
2535	2.6059331186
2536	2.6039970493
2537	2.6048700481
2538	2.6075978300
2539	2.6113907682
2540	2.6153239982
2541	2.6189428680
2542	2.6223667366
2543	2.6259052160
2544	2.6296448498
2545	2.6331949813
2546	2.6369237355
2547	2.6416607956
2548	2.6473193648
2549	2.6526397700
2550	2.6567996186
2551	2.6600419624
2552	2.6619272489
2553	2.6619132868
2554	2.6598613344
2555	2.6561539321
2556	2.6518118985
2557	2.6477241515
2558	2.6446477092
2559	2.6422896839
2560	2.6406339069
2561	2.6402652201
2562	2.6411739494
2563	2.6434906746
2564	2.6471789711
2565	2.6515972866
2566	2.6556836977
2567	2.6589605363
2568	2.6618393347
2569	2.6643245935
2570	2.6658541052
2571	2.6665729819
2572	2.6667836202
2573	2.6664997297
2574	2.6654460326
2575	2.6632845008
2576	2.6603760867
2577	2.6571374035
2578	2.6545806155
2579	2.6531437846
2580	2.6524794226
2581	2.6524110758
2582	2.6524002417
2583	2.6525233785
2584	2.6528375510
2585	2.6530164827
2586	2.6529476804
2587	2.6532756772
2588	2.6546944814
2589	2.6562883313
2590	2.6572105700
2591	2.6578810271
2592	2.6582316219
2593	2.6582512764
2594	2.6589684445
2595	2.6601829081
2596	2.6613330079
2597	2.6629772345
2598	2.6653867818
2599	2.6687181110
2600	2.6726859149
2601	2.6766050483
2602	2.6803100270
2603	2.6832607709
2604	2.6846114414
2605	2.6842256302
2606	2.6823382246
2607	2.6792343072
2608	2.6752435359
2609	2.6706971000
2610	2.6660386445
2611	2.6619235860
2612	2.6587438560
2613	2.6565955934
2614	2.6554787771
2615	2.6551632970
2616	2.6556514859
2617	2.6567655666
2618	2.6587175679
2619	2.6619713478
2620	2.6659030239
2621	2.6697504641
2622	2.6735368736
2623	2.6774625246
2624	2.6808984318
2625	2.6833537523
2626	2.6850864414
2627	2.6861491997
2628	2.6863172446
2629	2.6854444590
2630	2.6835123663
2631	2.6807692117
2632	2.6775409926
2633	2.6738728184
2634	2.6700065922
2635	2.6660840885
2636	2.6622683825
2637	2.6587823499
2638	2.6556828951
2639	2.6533007579
2640	2.6518855941
2641	2.6516242297
2642	2.6522830044
2643	2.6533421248
2644	2.6545583331
2645	2.6559150761
2646	2.6577508824
2647	2.6601431061
2648	2.6631449718
2649	2.6667026681
2650	2.6701883853
2651	2.6732950913
2652	2.6758318567
2653	2.6776517041
2654	2.6788661860
2655	2.6797055724
2656	2.6803019861
2657	2.6803112271
2658	2.6796090449
2659	2.6783729582
2660	2.6766141451
2661	2.6742309729
2662	2.6710831784
2663	2.6674988147
2664	2.6645866937
2665	2.6629272106
2666	2.6622751438
2667	2.6623714627
2668	2.6630015321
2669	2.6642058431
2670	2.6658410124
2671	2.6676971136
2672	2.6697796738
2673	2.6720999306
2674	2.6743365979
2675	2.6761815608
2676	2.6777500792
2677	2.6788369875
2678	2.6792938087
2679	2.6790687679
2680	2.6780508660
2681	2.6762636450
2682	2.6739228835
2683	2.6717078772
2684	2.6696632786
2685	2.6674216860
2686	2.6653970821
2687	2.6638058648
2688	2.6622799598
2689	2.6605887206
2690	2.6588693420
2691	2.6575559607
2692	2.6573323144
2693	2.6586781535
2694	2.6611923654
2695	2.6643770424
2696	2.6681121116
2697	2.6718914261
2698	2.6749877903
2699	2.6773041233
2700	2.6786477797
2701	2.6788607866
2702	2.6784561923
2703	2.6773352977
2704	2.6755975909
2705	2.6735010522
2706	2.6711090063
2707	2.6691911017
2708	2.6679376938
2709	2.6670991856
2710	2.6668662964
2711	2.6673574056
2712	2.6682985864
2713	2.6696249247
2714	2.6713226572
2715	2.6729311259
2716	2.6742215541
2717	2.6753394124
2718	2.6764237677
2719	2.6772825314
2720	2.6777605084
2721	2.6778116488
2722	2.6774284345
2723	2.6770388388
2724	2.6769536364
2725	2.6767215540
2726	2.6759089352
2727	2.6746508997
2728	2.6730682671
2729	2.6710820272
2730	2.6686322756
2731	2.6661723692
2732	2.6637996887
2733	2.6612384032
2734	2.6587540766
2735	2.6571557191
2736	2.6573270441
2737	2.6586308742
2738	2.6601074980
2739	2.6615523006
2740	2.6628484202
2741	2.6640170857
2742	2.6650902420
2743	2.6662383479
2744	2.6671310192
2745	2.6673634167
2746	2.6673053908
2747	2.6672026129
2748	2.6669954299
2749	2.6666895936
2750	2.6661920954
2751	2.6654756201
2752	2.6646517761
2753	2.6639768599
2754	2.6634115094
2755	2.6629682958
2756	2.6630895060
2757	2.6638234897
2758	2.6650888153
2759	2.6664590871
2760	2.6668903343
2761	2.6660819012
2762	2.6647260761
2763	2.6626400305
2764	2.6589186178
2765	2.6536212477
2766	2.6478241468
2767	2.6423281706
2768	2.6376543706
2769	2.6345175832
2770	2.6328728976
2771	2.6329106823
2772	2.6340895414
2773	2.6353450604
2774	2.6367953200
2775	2.6381335471
2776	2.6395754603
2777	2.6413742878
2778	2.6427663964
2779	2.6439230554
2780	2.6452737634
2781	2.6459915155
2782	2.6459007780
2783	2.6458998013
2784	2.6460248168
2785	2.6461941627
2786	2.6464487786
2787	2.6465921014
2788	2.6463449128
2789	2.6452739083
2790	2.6435608899
2791	2.6416382411
2792	2.6401036497
2793	2.6399796730
2794	2.6412949309
2795	2.6427400825
2796	2.6432456422
2797	2.6424070096
2798	2.6406136541
2799	2.6390073156
2800	2.6377734951
2801	2.6367824395
2802	2.6361667928
2803	2.6357675468
2804	2.6356980893
2805	2.6360568728
2806	2.6366395976
2807	2.6367985807
2808	2.6369334828
2809	2.6375592091
2810	2.6378975969
2811	2.6377532086
2812	2.6373346324
2813	2.6372074581
2814	2.6374993209
2815	2.6373849109
2816	2.6365448730
2817	2.6351825579
2818	2.6332413262
2819	2.6303771100
2820	2.6266763526
2821	2.6225181893
2822	2.6182498629
2823	2.6140813202
2824	2.6101275864
2825	2.6064393416
2826	2.6032023502
2827	2.6010929996
2828	2.6007936467
2829	2.6020294653
2830	2.6046311279
2831	2.6093897818
2832	2.6157904888
2833	2.6224751841
2834	2.6285402172
2835	2.6333558447
2836	2.6364869109
2837	2.6372725777
2838	2.6359594935
2839	2.6331079926
2840	2.6290426543
2841	2.6245334921
2842	2.6200497522
2843	2.6156898128
2844	2.6105508395
2845	2.6040632306
2846	2.5972499630
2847	2.5907797484
2848	2.5849687563
2849	2.5794702217
2850	2.5739044523
2851	2.5686521000
2852	2.5637841583
2853	2.5592932600
2854	2.5563187488
2855	2.5564440392
2856	2.5583136730
2857	2.5603558809
2858	2.5628646052
2859	2.5662592648
2860	2.5710372508
2861	2.5769692485
2862	2.5834932331
2863	2.5894950017
2864	2.5944780673
2865	2.5988318396
2866	2.6030067736
2867	2.6073828219
2868	2.6112649953
2869	2.6127049978
2870	2.6113213547
2871	2.6097024833
2872	2.6085149062
2873	2.6069471291
2874	2.6045888683
2875	2.6006196346
2876	2.5947779942
2877	2.5872519571
2878	2.5786973729
2879	2.5697121945
2880	2.5615464846
2881	2.5558295292
2882	2.5527685260
2883	2.5518134432
2884	2.5527860345
2885	2.5557015347
2886	2.5600836065
2887	2.5644743504
2888	2.5696308627
2889	2.5771220324
2890	2.5843165585
2891	2.5898469908
2892	2.5947782299
2893	2.5988546628
2894	2.6019708787
2895	2.6037677590
2896	2.6036883138
2897	2.6023721669
2898	2.6008552809
2899	2.5996488977
2900	2.5991073326
2901	2.5982998822
2902	2.5960411092
2903	2.5925976168
2904	2.5879057374
2905	2.5816852371
2906	2.5742972891
2907	2.5671852479
2908	2.5620764985
2909	2.5591468408
2910	2.5584005711
2911	2.5592266731
2912	2.5603338572
2913	2.5616542375
2914	2.5630551420
2915	2.5650519401
2916	2.5680331521
2917	2.5713222268
2918	2.5743994334
2919	2.5769349635
2920	2.5790349668
2921	2.5794258924
2922	2.5774252987
2923	2.5739907823
2924	2.5699522215
2925	2.5660303343
2926	2.5615579524
2927	2.5556913107
2928	2.5495707958
2929	2.5456583108
2930	2.5449060370
2931	2.5468275268
2932	2.5511224825
2933	2.5572746795
2934	2.5640000642
2935	2.5706074908
2936	2.5770808959
2937	2.5825017287
2938	2.5871394776
2939	2.5913366075
2940	2.5943682278
2941	2.5959981634
2942	2.5965438186
2943	2.5961981296
2944	2.5945387427
2945	2.5920544331
2946	2.5880556373
2947	2.5817573007
2948	2.5753018351
2949	2.5704400630
2950	2.5675151306
2951	2.5664569615
2952	2.5674713857
2953	2.5707322053
2954	2.5755880032
2955	2.5815577644
2956	2.5879968692
2957	2.5940051797
2958	2.5989669302
2959	2.6026438063
2960	2.6049006335
2961	2.6051187683
2962	2.6034852690
2963	2.6013568620
2964	2.5990421617
2965	2.5966545824
2966	2.5944814071
2967	2.5911731880
2968	2.5871006392
2969	2.5835085828
2970	2.5803298179
2971	2.5782196039
2972	2.5768927151
2973	2.5758604941
2974	2.5755319089
2975	2.5753648991
2976	2.5745377533
2977	2.5739661392
2978	2.5744503285
2979	2.5760972583
2980	2.5791401769
2981	2.5825144346
2982	2.5855022103
2983	2.5881690135
2984	2.5912549560
2985	2.5946246501
2986	2.5962278698
2987	2.5960304825
2988	2.5949181264
2989	2.5920488111
2990	2.5872415884
2991	2.5820606704
2992	2.5786519289
2993	2.5777130259
2994	2.5782872574
2995	2.5806749884
2996	2.5855895631
2997	2.5916518275
2998	2.5967465961
2999	2.6004764442
