0	2.5912592505
1	2.6046674370
2	2.6297772851
3	2.6558807755
4	2.6812256954
5	2.7012723260
6	2.7159448108
7	2.7238790071
8	2.7264907676
9	2.7246241906
10	2.7204476815
11	2.7153596433
12	2.7112850883
13	2.7088800458
14	2.7089882988
15	2.7112573928
16	2.7152601969
17	2.7201769378
18	2.7248931307
19	2.7288353333
20	2.7310859548
21	2.7317376701
22	2.7305685099
23	2.7283180081
24	2.7252929295
25	2.7224897749
26	2.7202194552
27	2.7191954046
28	2.7193615826
29	2.7207850071
30	2.7230744750
31	2.7257085998
32	2.7282805010
33	2.7300991104
34	2.7310787890
35	2.7307956062
36	2.7296267015
37	2.7275489565
38	2.7252691131
39	2.7229684428
40	2.7213373007
41	2.7204656289
42	2.7206523757
43	2.7217409228
44	2.7234747695
45	2.7255519292
46	2.7273798852
47	2.7288270431
48	2.7293911095
49	2.7292950212
50	2.7282751384
51	2.7267790504
52	2.7247651488
53	2.7228469332
54	2.7212071086
55	2.7203177431
56	2.7202026657
57	2.7207907903
58	2.7219929405
59	2.7234392095
60	2.7250810863
61	2.7262757043
62	2.7270318153
63	2.7268828035
64	2.7261710401
65	2.7246851475
66	2.7228816606
67	2.7209143756
68	2.7193388725
69	2.7182896460
70	2.7177579241
71	2.7178664138
72	2.7185059554
73	2.7197939145
74	2.7210064595
75	2.7221071015
76	2.7226052891
77	2.7228197703
78	2.7223645442
79	2.7214255957
80	2.7197787234
81	2.7176661517
82	2.7155319901
83	2.7140516570
84	2.7136314120
85	2.7135857339
86	2.7137315243
87	2.7138358518
88	2.7145090362
89	2.7152610502
90	2.7162749987
91	2.7170780904
92	2.7174072383
93	2.7165135713
94	2.7145768088
95	2.7121948803
96	2.7097694800
97	2.7079848541
98	2.7070379320
99	2.7071508689
100	2.7073987257
101	2.7078599493
102	2.7079871452
103	2.7079723613
104	2.7076999919
105	2.7077494848
106	2.7079369482
107	2.7080429360
108	2.7079220786
109	2.7070055191
110	2.7052576467
111	2.7026297547
112	2.6999867728
113	2.6974520162
114	2.6961291235
115	2.6960072021
116	2.6972289461
117	2.6991194176
118	2.7012087276
119	2.7025159590
120	2.7024292507
121	2.7009932732
122	2.6983244324
123	2.6957362582
124	2.6939266465
125	2.6933919954
126	2.6927864290
127	2.6914009465
128	2.6888938311
129	2.6876343376
130	2.6897190075
131	2.6945493965
132	2.6977846001
133	2.6948593814
134	2.6862142661
135	2.6775145353
136	2.6754780033
137	2.6804296408
138	2.6882916657
139	2.6941054247
140	2.6967659547
141	2.6955354660
142	2.6891106223
143	2.6772084891
144	2.6643863661
145	2.6570201813
146	2.6574209440
147	2.6639135907
148	2.6739026140
149	2.6865356754
150	2.6978741906
151	2.7027046474
152	2.6981316587
153	2.6868127179
154	2.6715287154
155	2.6543533527
156	2.6387709930
157	2.6305148698
158	2.6325134453
159	2.6423117179
160	2.6575782739
161	2.6760477634
162	2.6936632557
163	2.7040170803
164	2.7048661176
165	2.6966107060
166	2.6800866853
167	2.6565529029
168	2.6317311397
169	2.6117582156
170	2.5989795380
171	2.5951838383
172	2.6025241674
173	2.6203934905
174	2.6432434450
175	2.6672107532
176	2.6888220760
177	2.7037558253
178	2.7079971375
179	2.7021753286
180	2.6876779667
181	2.6654547686
182	2.6393783075
183	2.6148734097
184	2.5947827272
185	2.5805998734
186	2.5760253354
187	2.5812645004
188	2.5938934544
189	2.6114678657
190	2.6329582813
191	2.6541014835
192	2.6714382873
193	2.6843897549
194	2.6914594927
195	2.6912194407
196	2.6851800638
197	2.6754866808
198	2.6622230595
199	2.6478518993
200	2.6346238345
201	2.6234059897
202	2.6150680275
203	2.6126273430
204	2.6150377056
205	2.6190322264
206	2.6234648208
207	2.6279132341
208	2.6329048959
209	2.6404143493
210	2.6490241828
211	2.6513556382
212	2.6452907246
213	2.6359604414
214	2.6311311594
215	2.6341625042
216	2.6417992975
217	2.6458011563
218	2.6441597336
219	2.6439853770
220	2.6498022537
221	2.6597023249
222	2.6700513807
223	2.6781262990
224	2.6809906657
225	2.6772600185
226	2.6651008693
227	2.6479014405
228	2.6337699356
229	2.6266506040
230	2.6228443577
231	2.6202291977
232	2.6198130597
233	2.6202582708
234	2.6204487114
235	2.6210820536
236	2.6250664453
237	2.6342430843
238	2.6460107164
239	2.6538135588
240	2.6567095984
241	2.6550786292
242	2.6467070137
243	2.6334578307
244	2.6223872514
245	2.6180917396
246	2.6206480686
247	2.6298050915
248	2.6436468261
249	2.6593456952
250	2.6717105296
251	2.6773644306
252	2.6779295087
253	2.6759750385
254	2.6706643929
255	2.6645925107
256	2.6615132410
257	2.6598260147
258	2.6578606644
259	2.6559077646
260	2.6535680745
261	2.6494123816
262	2.6447656747
263	2.6423271088
264	2.6448014697
265	2.6508063251
266	2.6580501884
267	2.6653653099
268	2.6689957587
269	2.6650385694
270	2.6556906324
271	2.6437910351
272	2.6294648569
273	2.6174915508
274	2.6122088229
275	2.6140380844
276	2.6215065446
277	2.6334683714
278	2.6471658658
279	2.6588411752
280	2.6652597393
281	2.6665058293
282	2.6636187579
283	2.6563304043
284	2.6481127246
285	2.6424149304
286	2.6390697395
287	2.6388830072
288	2.6440249618
289	2.6511816116
290	2.6582939377
291	2.6656546991
292	2.6716754739
293	2.6749265804
294	2.6756434518
295	2.6749239788
296	2.6732918401
297	2.6714268230
298	2.6704342390
299	2.6706614147
300	2.6701504825
301	2.6698419720
302	2.6703146211
303	2.6698605977
304	2.6693478067
305	2.6706272752
306	2.6719624222
307	2.6732332573
308	2.6757610585
309	2.6776674893
310	2.6786047763
311	2.6785769746
312	2.6768145908
313	2.6727103452
314	2.6670752695
315	2.6609842025
316	2.6554361142
317	2.6516909701
318	2.6519027392
319	2.6556006775
320	2.6612073641
321	2.6688688434
322	2.6754738228
323	2.6781322891
324	2.6771405868
325	2.6718683341
326	2.6617544470
327	2.6507611236
328	2.6407035843
329	2.6325904268
330	2.6289459995
331	2.6304745172
332	2.6375213297
333	2.6501103184
334	2.6661590038
335	2.6804981440
336	2.6880548032
337	2.6869930542
338	2.6792156230
339	2.6678455632
340	2.6560413834
341	2.6415445229
342	2.6224131569
343	2.6052317024
344	2.5991604243
345	2.6095890006
346	2.6344608709
347	2.6620170809
348	2.6807969912
349	2.6911261996
350	2.6970793700
351	2.7004073711
352	2.6987822350
353	2.6885904805
354	2.6709461252
355	2.6506398443
356	2.6309185189
357	2.6138878575
358	2.6044930341
359	2.6089313243
360	2.6275572182
361	2.6530212821
362	2.6772535171
363	2.6947861120
364	2.7062429169
365	2.7129126717
366	2.7127596881
367	2.7071541088
368	2.7004317595
369	2.6928677142
370	2.6828676173
371	2.6703342824
372	2.6579898322
373	2.6515659991
374	2.6515747430
375	2.6558213142
376	2.6649065802
377	2.6786462856
378	2.6923686978
379	2.7008404420
380	2.7030826367
381	2.7020292193
382	2.7000307080
383	2.6978735092
384	2.6969384721
385	2.6993656714
386	2.7049339950
387	2.7081575931
388	2.7068373958
389	2.7028720657
390	2.6962771004
391	2.6872163926
392	2.6786402336
393	2.6737387334
394	2.6742996011
395	2.6775872152
396	2.6803726609
397	2.6841272236
398	2.6872892923
399	2.6869706593
400	2.6847926989
401	2.6841955518
402	2.6860632633
403	2.6894610348
404	2.6941458634
405	2.7008060962
406	2.7075019325
407	2.7108012204
408	2.7101678978
409	2.7076048557
410	2.7037188018
411	2.6982305390
412	2.6949872737
413	2.6955678623
414	2.6973674351
415	2.6991265493
416	2.7008103645
417	2.7012913878
418	2.6984862986
419	2.6908292409
420	2.6813578693
421	2.6737120390
422	2.6683108927
423	2.6687234075
424	2.6765297453
425	2.6876149614
426	2.6983974174
427	2.7083915838
428	2.7170985716
429	2.7221124128
430	2.7211745000
431	2.7154951751
432	2.7073672095
433	2.6987076618
434	2.6931043756
435	2.6935342721
436	2.6989342981
437	2.7058598240
438	2.7135493400
439	2.7196796655
440	2.7208167461
441	2.7177047725
442	2.7126071602
443	2.7062830806
444	2.6991315467
445	2.6923823133
446	2.6883684987
447	2.6872781222
448	2.6879510322
449	2.6922520092
450	2.6989224761
451	2.7048038962
452	2.7096038640
453	2.7125531573
454	2.7123419178
455	2.7102282432
456	2.7089884685
457	2.7099927745
458	2.7124592405
459	2.7161964770
460	2.7212121786
461	2.7249765128
462	2.7260530528
463	2.7256325177
464	2.7246559356
465	2.7225966733
466	2.7210474725
467	2.7214280437
468	2.7227663177
469	2.7253402835
470	2.7288433030
471	2.7309531396
472	2.7307507454
473	2.7293257260
474	2.7279878113
475	2.7270137343
476	2.7256001891
477	2.7237651493
478	2.7201300597
479	2.7156629313
480	2.7149836077
481	2.7185729638
482	2.7240802354
483	2.7305167848
484	2.7364661930
485	2.7402350370
486	2.7413869562
487	2.7402084864
488	2.7370483178
489	2.7328229905
490	2.7302400721
491	2.7301879399
492	2.7315445288
493	2.7342971697
494	2.7387915304
495	2.7435771634
496	2.7470609800
497	2.7485902660
498	2.7467490095
499	2.7423992581
500	2.7378454318
501	2.7332908601
502	2.7295601519
503	2.7290085891
504	2.7317614316
505	2.7361443916
506	2.7403427357
507	2.7436433495
508	2.7450232902
509	2.7434859521
510	2.7401613717
511	2.7348525349
512	2.7281370636
513	2.7225227303
514	2.7177508308
515	2.7133454315
516	2.7114922649
517	2.7132816552
518	2.7182781036
519	2.7257411931
520	2.7349374342
521	2.7439265359
522	2.7501499748
523	2.7518304819
524	2.7473988239
525	2.7375524167
526	2.7247206088
527	2.7108908858
528	2.6985286876
529	2.6922733915
530	2.6940391165
531	2.7016034329
532	2.7137375786
533	2.7284472220
534	2.7412618980
535	2.7495362102
536	2.7522583082
537	2.7490345971
538	2.7413734477
539	2.7308909327
540	2.7195165239
541	2.7092883876
542	2.7020938467
543	2.6973048226
544	2.6929504543
545	2.6910024458
546	2.6931229988
547	2.6984127470
548	2.7070143178
549	2.7168342732
550	2.7241934134
551	2.7285389038
552	2.7307773272
553	2.7316739686
554	2.7300500165
555	2.7228369267
556	2.7087645723
557	2.6930476937
558	2.6830776590
559	2.6807785379
560	2.6840685172
561	2.6898385481
562	2.6950376870
563	2.6992542370
564	2.7052288306
565	2.7122589245
566	2.7165332461
567	2.7175588608
568	2.7163449439
569	2.7133235480
570	2.7102585047
571	2.7079073424
572	2.7079597785
573	2.7130534705
574	2.7204407239
575	2.7250797684
576	2.7246722845
577	2.7205735418
578	2.7148584925
579	2.7091212505
580	2.7053916091
581	2.7038144481
582	2.7043556780
583	2.7068152657
584	2.7078404199
585	2.7066192625
586	2.7053973020
587	2.7052948452
588	2.7069873507
589	2.7090614741
590	2.7101569327
591	2.7114502209
592	2.7134455755
593	2.7140903277
594	2.7139700564
595	2.7161102862
596	2.7197888902
597	2.7218676928
598	2.7204009000
599	2.7145414954
600	2.7046945046
601	2.6933040819
602	2.6829616937
603	2.6768096486
604	2.6778250289
605	2.6842446064
606	2.6920839730
607	2.7005227037
608	2.7077765470
609	2.7119789263
610	2.7129487724
611	2.7094835817
612	2.7042617851
613	2.7010542820
614	2.6997663358
615	2.6998897443
616	2.7023032741
617	2.7070125404
618	2.7114538681
619	2.7143739327
620	2.7167341981
621	2.7179376748
622	2.7176060547
623	2.7152954211
624	2.7112096698
625	2.7066958634
626	2.7004044233
627	2.6931817442
628	2.6890443901
629	2.6892822798
630	2.6931734418
631	2.7004724386
632	2.7091188167
633	2.7162253137
634	2.7199857163
635	2.7185413266
636	2.7129347712
637	2.7068932349
638	2.7020781958
639	2.6990961800
640	2.7002613108
641	2.7060766716
642	2.7137272123
643	2.7203283740
644	2.7241086406
645	2.7238458869
646	2.7199602980
647	2.7134704705
648	2.7068636876
649	2.7026418440
650	2.6991059298
651	2.6965729242
652	2.6961898036
653	2.6955160994
654	2.6941423921
655	2.6936917547
656	2.6947177069
657	2.6964302856
658	2.6978898471
659	2.6994011901
660	2.7005915961
661	2.7007136753
662	2.6992006980
663	2.6968922851
664	2.6955778566
665	2.6945735844
666	2.6946174015
667	2.6969673347
668	2.7005652009
669	2.7045690466
670	2.7079406475
671	2.7100101578
672	2.7111548727
673	2.7096789057
674	2.7044074582
675	2.6986677725
676	2.6949981169
677	2.6944290488
678	2.6985638753
679	2.7047408414
680	2.7072440156
681	2.7047144346
682	2.6995373419
683	2.6939370459
684	2.6880629103
685	2.6806258899
686	2.6714404055
687	2.6631033537
688	2.6604468589
689	2.6671083059
690	2.6818508564
691	2.6962811835
692	2.7047180961
693	2.7089056020
694	2.7097913886
695	2.7082497855
696	2.7042174512
697	2.6961787453
698	2.6860538836
699	2.6764917260
700	2.6695936256
701	2.6670091863
702	2.6690987431
703	2.6768817851
704	2.6902097784
705	2.7050210162
706	2.7149108083
707	2.7182078199
708	2.7176968551
709	2.7148277044
710	2.7098375317
711	2.7023181440
712	2.6930172432
713	2.6831860226
714	2.6726493831
715	2.6625427453
716	2.6550497968
717	2.6522454966
718	2.6580120756
719	2.6716975308
720	2.6863218069
721	2.6987978821
722	2.7093583816
723	2.7156015130
724	2.7162280222
725	2.7124417520
726	2.7061543131
727	2.6997019912
728	2.6933413096
729	2.6866128250
730	2.6802487347
731	2.6764427203
732	2.6767636508
733	2.6799787310
734	2.6842146759
735	2.6897693548
736	2.6978001294
737	2.7047071652
738	2.7075674932
739	2.7083826142
740	2.7082671733
741	2.7082023843
742	2.7081447858
743	2.7080221092
744	2.7094787299
745	2.7102210312
746	2.7076337654
747	2.7019390803
748	2.6939564935
749	2.6860111702
750	2.6797741219
751	2.6750068409
752	2.6722366896
753	2.6736120454
754	2.6779999127
755	2.6824117968
756	2.6874289942
757	2.6937390592
758	2.6992212916
759	2.7015446752
760	2.7016737558
761	2.7025275622
762	2.7030298493
763	2.7004197709
764	2.6955208516
765	2.6902671815
766	2.6878999042
767	2.6911357654
768	2.6975280232
769	2.7043556592
770	2.7102810900
771	2.7116260386
772	2.7083393963
773	2.7040536502
774	2.6991870988
775	2.6928922229
776	2.6858978945
777	2.6819161727
778	2.6834591469
779	2.6888277864
780	2.6963358739
781	2.7053151305
782	2.7138731564
783	2.7188027939
784	2.7192724440
785	2.7165307688
786	2.7128268137
787	2.7101214619
788	2.7074380329
789	2.7046802064
790	2.7015578708
791	2.6966850824
792	2.6913034524
793	2.6868689427
794	2.6853560071
795	2.6869398259
796	2.6895242676
797	2.6941652149
798	2.7003000437
799	2.7042433383
800	2.7061588853
801	2.7087782405
802	2.7114735947
803	2.7121687319
804	2.7109564962
805	2.7088862106
806	2.7069480779
807	2.7055138542
808	2.7050271820
809	2.7067307287
810	2.7103396252
811	2.7140551053
812	2.7165480745
813	2.7177425931
814	2.7180424967
815	2.7162348674
816	2.7125735831
817	2.7102195357
818	2.7096923541
819	2.7097450059
820	2.7106453179
821	2.7101990164
822	2.7065876985
823	2.7023220800
824	2.7000526177
825	2.7016632692
826	2.7067274519
827	2.7137638488
828	2.7221160802
829	2.7294473525
830	2.7336230373
831	2.7342936893
832	2.7322140755
833	2.7281601124
834	2.7229770870
835	2.7181023852
836	2.7147176417
837	2.7130059670
838	2.7125067837
839	2.7150183569
840	2.7212107799
841	2.7276408942
842	2.7321705479
843	2.7342288544
844	2.7334755014
845	2.7291663758
846	2.7212867817
847	2.7131311671
848	2.7065381766
849	2.7025965180
850	2.7040126108
851	2.7102027185
852	2.7189150787
853	2.7291314715
854	2.7386870200
855	2.7450898897
856	2.7472359917
857	2.7448940225
858	2.7395125413
859	2.7331871933
860	2.7268366350
861	2.7223401384
862	2.7218139621
863	2.7247127277
864	2.7294724472
865	2.7352594741
866	2.7409807663
867	2.7446329552
868	2.7455220003
869	2.7447013297
870	2.7421265856
871	2.7374913358
872	2.7324291881
873	2.7272701182
874	2.7209516324
875	2.7149135445
876	2.7105461180
877	2.7086816556
878	2.7097095705
879	2.7128940114
880	2.7190756448
881	2.7276764865
882	2.7360212805
883	2.7422021338
884	2.7448164709
885	2.7435563765
886	2.7393024367
887	2.7337221724
888	2.7280051012
889	2.7221103581
890	2.7161322337
891	2.7113630146
892	2.7093361848
893	2.7108404369
894	2.7162820755
895	2.7232351369
896	2.7283751244
897	2.7323635129
898	2.7366609212
899	2.7407813209
900	2.7427226877
901	2.7403328620
902	2.7330418252
903	2.7221837213
904	2.7119738768
905	2.7056143665
906	2.7026660215
907	2.7029212182
908	2.7063172149
909	2.7121359831
910	2.7197776280
911	2.7273652588
912	2.7331514425
913	2.7372209837
914	2.7395222875
915	2.7402410028
916	2.7402165911
917	2.7392094569
918	2.7381227854
919	2.7392721023
920	2.7424509956
921	2.7451148107
922	2.7457871786
923	2.7446287485
924	2.7419039303
925	2.7383367618
926	2.7352347328
927	2.7334591612
928	2.7333170511
929	2.7350651774
930	2.7377072637
931	2.7394579836
932	2.7404979676
933	2.7414792604
934	2.7427807429
935	2.7444142786
936	2.7454426976
937	2.7459908635
938	2.7461309217
939	2.7455681851
940	2.7443898572
941	2.7424851501
942	2.7409573096
943	2.7410097933
944	2.7420041601
945	2.7425308963
946	2.7423260091
947	2.7423353181
948	2.7428973032
949	2.7436154703
950	2.7446297976
951	2.7462618199
952	2.7474752278
953	2.7473895933
954	2.7463615346
955	2.7445338752
956	2.7430589473
957	2.7431534539
958	2.7443381257
959	2.7462557983
960	2.7489008819
961	2.7516533920
962	2.7531232532
963	2.7526749178
964	2.7509076710
965	2.7482367975
966	2.7453358517
967	2.7429153184
968	2.7413656082
969	2.7412089142
970	2.7420797067
971	2.7430851712
972	2.7437249971
973	2.7433882091
974	2.7426543781
975	2.7422795248
976	2.7416136250
977	2.7418061931
978	2.7441579869
979	2.7471212880
980	2.7492759385
981	2.7504987979
982	2.7506263144
983	2.7496646584
984	2.7479115556
985	2.7453020366
986	2.7422204440
987	2.7392955147
988	2.7367776647
989	2.7352074910
990	2.7355637440
991	2.7383291948
992	2.7420587736
993	2.7457168711
994	2.7492872282
995	2.7516404267
996	2.7519154738
997	2.7499078889
998	2.7463904542
999	2.7423352080
1000	2.7381126683
1001	2.7352704023
1002	2.7349613297
1003	2.7373335730
1004	2.7418701597
1005	2.7466251844
1006	2.7501275176
1007	2.7520133206
1008	2.7518126581
1009	2.7492003486
1010	2.7450941666
1011	2.7410727256
1012	2.7378225694
1013	2.7351685482
1014	2.7333348882
1015	2.7322680715
1016	2.7310747360
1017	2.7305734432
1018	2.7318375710
1019	2.7346904888
1020	2.7391912302
1021	2.7435550343
1022	2.7457606326
1023	2.7464163544
1024	2.7467276572
1025	2.7470944389
1026	2.7473887303
1027	2.7475017786
1028	2.7469296247
1029	2.7457058967
1030	2.7455116438
1031	2.7469962877
1032	2.7485613835
1033	2.7488317941
1034	2.7480233658
1035	2.7475350141
1036	2.7476940798
1037	2.7478188948
1038	2.7478031385
1039	2.7466361003
1040	2.7443694498
1041	2.7421487749
1042	2.7400650309
1043	2.7388413046
1044	2.7386296792
1045	2.7390114590
1046	2.7408633139
1047	2.7437717081
1048	2.7453119865
1049	2.7453451343
1050	2.7452868854
1051	2.7446747837
1052	2.7424477476
1053	2.7378645826
1054	2.7316872724
1055	2.7263111379
1056	2.7239474541
1057	2.7253580574
1058	2.7296871804
1059	2.7364907160
1060	2.7437313668
1061	2.7480166759
1062	2.7477411739
1063	2.7419394531
1064	2.7318656530
1065	2.7207992356
1066	2.7118166902
1067	2.7057861541
1068	2.7015963051
1069	2.7006134871
1070	2.7038159439
1071	2.7090922648
1072	2.7150944090
1073	2.7220133933
1074	2.7297434854
1075	2.7371676359
1076	2.7425393228
1077	2.7448169066
1078	2.7446612418
1079	2.7429770991
1080	2.7402160297
1081	2.7368834668
1082	2.7339080330
1083	2.7320784353
1084	2.7312757369
1085	2.7318963131
1086	2.7330046076
1087	2.7333115628
1088	2.7345365814
1089	2.7368216865
1090	2.7383824700
1091	2.7396934703
1092	2.7417184436
1093	2.7438552809
1094	2.7447601803
1095	2.7438977151
1096	2.7422554462
1097	2.7406652133
1098	2.7388790985
1099	2.7357850799
1100	2.7309208423
1101	2.7254459487
1102	2.7202533420
1103	2.7167977630
1104	2.7157318875
1105	2.7163924098
1106	2.7187932700
1107	2.7225911452
1108	2.7284093807
1109	2.7361702299
1110	2.7440742394
1111	2.7500722645
1112	2.7510592314
1113	2.7467149642
1114	2.7406729189
1115	2.7350770553
1116	2.7298879191
1117	2.7254400015
1118	2.7224085006
1119	2.7223476898
1120	2.7255866703
1121	2.7300501158
1122	2.7356981412
1123	2.7421134940
1124	2.7461332174
1125	2.7461034394
1126	2.7425401873
1127	2.7366973806
1128	2.7300240641
1129	2.7255226441
1130	2.7247404404
1131	2.7263639440
1132	2.7299452802
1133	2.7342196666
1134	2.7380013791
1135	2.7414048990
1136	2.7440855995
1137	2.7451914861
1138	2.7440416811
1139	2.7416172120
1140	2.7388892408
1141	2.7355342890
1142	2.7318491926
1143	2.7289063786
1144	2.7270624130
1145	2.7252967446
1146	2.7222001743
1147	2.7189658813
1148	2.7183358737
1149	2.7202200292
1150	2.7233713846
1151	2.7273647172
1152	2.7313039483
1153	2.7339471234
1154	2.7345680520
1155	2.7330989567
1156	2.7295040925
1157	2.7249846290
1158	2.7209005718
1159	2.7170549131
1160	2.7143801044
1161	2.7130500677
1162	2.7108037925
1163	2.7077482321
1164	2.7056725467
1165	2.7057606215
1166	2.7094986467
1167	2.7162240854
1168	2.7240150689
1169	2.7310741676
1170	2.7351655940
1171	2.7357895478
1172	2.7342799039
1173	2.7322658590
1174	2.7300010744
1175	2.7282961641
1176	2.7287703973
1177	2.7306092409
1178	2.7322802689
1179	2.7336233663
1180	2.7356092207
1181	2.7381544700
1182	2.7399572999
1183	2.7407300103
1184	2.7404192555
1185	2.7390115737
1186	2.7368734580
1187	2.7345538432
1188	2.7331151127
1189	2.7328810852
1190	2.7331230222
1191	2.7336871592
1192	2.7343178423
1193	2.7345284363
1194	2.7350916612
1195	2.7358170210
1196	2.7366071852
1197	2.7387323420
1198	2.7413409602
1199	2.7433630158
1200	2.7448830589
1201	2.7454464313
1202	2.7443771724
1203	2.7421113205
1204	2.7398359493
1205	2.7378627055
1206	2.7368514106
1207	2.7372698180
1208	2.7385340820
1209	2.7400467174
1210	2.7412617253
1211	2.7420910993
1212	2.7424733563
1213	2.7419592153
1214	2.7408975876
1215	2.7402481219
1216	2.7403209679
1217	2.7410382654
1218	2.7424696794
1219	2.7444964282
1220	2.7460915912
1221	2.7463052912
1222	2.7452232202
1223	2.7431707616
1224	2.7405680466
1225	2.7374396169
1226	2.7340993963
1227	2.7322111476
1228	2.7325316714
1229	2.7341515892
1230	2.7363612360
1231	2.7387202184
1232	2.7404645943
1233	2.7413955305
1234	2.7424835643
1235	2.7440849893
1236	2.7448278782
1237	2.7435384463
1238	2.7403683647
1239	2.7367390850
1240	2.7343768416
1241	2.7336018398
1242	2.7344507827
1243	2.7362912976
1244	2.7377079823
1245	2.7391729879
1246	2.7414250200
1247	2.7438376939
1248	2.7455549905
1249	2.7463048872
1250	2.7464151040
1251	2.7461707594
1252	2.7456758515
1253	2.7449504278
1254	2.7443023573
1255	2.7439696258
1256	2.7438903994
1257	2.7439529655
1258	2.7441042262
1259	2.7447582392
1260	2.7461888538
1261	2.7480872736
1262	2.7496395186
1263	2.7498426480
1264	2.7486279251
1265	2.7469820290
1266	2.7457831333
1267	2.7453382641
1268	2.7457905583
1269	2.7469707551
1270	2.7485389911
1271	2.7500069878
1272	2.7508561477
1273	2.7505554510
1274	2.7486512566
1275	2.7462034294
1276	2.7438303854
1277	2.7408104233
1278	2.7377310769
1279	2.7357397172
1280	2.7352996509
1281	2.7363428932
1282	2.7383753841
1283	2.7408901143
1284	2.7435192280
1285	2.7458732089
1286	2.7474697784
1287	2.7480680951
1288	2.7478431473
1289	2.7471605156
1290	2.7464401579
1291	2.7457828794
1292	2.7449303918
1293	2.7440023648
1294	2.7433495275
1295	2.7431937880
1296	2.7436000840
1297	2.7443707726
1298	2.7455116135
1299	2.7471678334
1300	2.7490639354
1301	2.7506843845
1302	2.7517711396
1303	2.7523820941
1304	2.7526428517
1305	2.7526954750
1306	2.7526902300
1307	2.7526855166
1308	2.7527125338
1309	2.7527654024
1310	2.7527569573
1311	2.7527124984
1312	2.7527454602
1313	2.7528738494
1314	2.7530260543
1315	2.7531309650
1316	2.7532720679
1317	2.7534853935
1318	2.7536482598
1319	2.7536923311
1320	2.7535128587
1321	2.7531252785
1322	2.7523866491
1323	2.7510653300
1324	2.7493457574
1325	2.7471946689
1326	2.7451312748
1327	2.7439742779
1328	2.7431984618
1329	2.7423872165
1330	2.7418599012
1331	2.7417109997
1332	2.7420242758
1333	2.7428124001
1334	2.7436808000
1335	2.7442180565
1336	2.7443145413
1337	2.7438318103
1338	2.7428015054
1339	2.7416050822
1340	2.7405831952
1341	2.7399863998
1342	2.7400049230
1343	2.7405527040
1344	2.7413770002
1345	2.7425184752
1346	2.7441014459
1347	2.7458731491
1348	2.7473959800
1349	2.7486502629
1350	2.7497483231
1351	2.7503845180
1352	2.7504195250
1353	2.7499104743
1354	2.7488908659
1355	2.7476572267
1356	2.7468513883
1357	2.7465786908
1358	2.7464318418
1359	2.7469497323
1360	2.7485630879
1361	2.7509743496
1362	2.7537723752
1363	2.7557766373
1364	2.7561741837
1365	2.7552567435
1366	2.7533541997
1367	2.7512050192
1368	2.7495887106
1369	2.7485770669
1370	2.7480939639
1371	2.7478973776
1372	2.7479716025
1373	2.7489671374
1374	2.7513225382
1375	2.7539579460
1376	2.7555834727
1377	2.7563314315
1378	2.7565408632
1379	2.7561911713
1380	2.7549911642
1381	2.7530473765
1382	2.7511495291
1383	2.7497062399
1384	2.7488900859
1385	2.7486642623
1386	2.7483864128
1387	2.7477005467
1388	2.7466945634
1389	2.7453499070
1390	2.7441349114
1391	2.7438181876
1392	2.7445310792
1393	2.7460810258
1394	2.7485996622
1395	2.7515460846
1396	2.7531768376
1397	2.7531918510
1398	2.7528813714
1399	2.7528699845
1400	2.7531608019
1401	2.7535165543
1402	2.7538116613
1403	2.7533539081
1404	2.7516393566
1405	2.7487473633
1406	2.7448019360
1407	2.7410622831
1408	2.7387685069
1409	2.7385405322
1410	2.7397792482
1411	2.7417910119
1412	2.7444542953
1413	2.7468797801
1414	2.7489698239
1415	2.7501045785
1416	2.7490688261
1417	2.7458899971
1418	2.7406871023
1419	2.7338932476
1420	2.7265655555
1421	2.7201516005
1422	2.7175647533
1423	2.7200465151
1424	2.7245527683
1425	2.7292569703
1426	2.7345463969
1427	2.7391227407
1428	2.7413870945
1429	2.7414022609
1430	2.7396818558
1431	2.7364614769
1432	2.7324984004
1433	2.7284653494
1434	2.7248548884
1435	2.7222634989
1436	2.7211030792
1437	2.7213152131
1438	2.7223928447
1439	2.7248667587
1440	2.7283908979
1441	2.7315692282
1442	2.7336421136
1443	2.7328502534
1444	2.7292386677
1445	2.7261906071
1446	2.7262967524
1447	2.7287677408
1448	2.7313894061
1449	2.7337493101
1450	2.7355408148
1451	2.7358413662
1452	2.7341212127
1453	2.7290084543
1454	2.7205415928
1455	2.7097626714
1456	2.6989864155
1457	2.6933185976
1458	2.6940593141
1459	2.6988355518
1460	2.7054081016
1461	2.7113593102
1462	2.7158929952
1463	2.7192421412
1464	2.7207646624
1465	2.7204205361
1466	2.7199091860
1467	2.7198907013
1468	2.7201162032
1469	2.7205253243
1470	2.7203997351
1471	2.7200979033
1472	2.7205772835
1473	2.7209885193
1474	2.7191771433
1475	2.7142607706
1476	2.7088604654
1477	2.7065204337
1478	2.7070817877
1479	2.7099436394
1480	2.7156090781
1481	2.7217297710
1482	2.7258841695
1483	2.7270519665
1484	2.7251127425
1485	2.7214993468
1486	2.7175664162
1487	2.7134222446
1488	2.7086313664
1489	2.7047351049
1490	2.7021173319
1491	2.7007543220
1492	2.7023667616
1493	2.7062931228
1494	2.7104253746
1495	2.7132875652
1496	2.7159784160
1497	2.7186445619
1498	2.7193358399
1499	2.7181569366
1500	2.7155775354
1501	2.7127672064
1502	2.7115554828
1503	2.7125974841
1504	2.7144510049
1505	2.7156534411
1506	2.7173949203
1507	2.7203425644
1508	2.7231556431
1509	2.7250798147
1510	2.7261118371
1511	2.7257541808
1512	2.7227657688
1513	2.7175603549
1514	2.7129486698
1515	2.7090939215
1516	2.7051924746
1517	2.7021797634
1518	2.6999898004
1519	2.6994517178
1520	2.7010790520
1521	2.7038141481
1522	2.7088262383
1523	2.7170738566
1524	2.7257992676
1525	2.7317616565
1526	2.7333307735
1527	2.7297902524
1528	2.7231002880
1529	2.7167205269
1530	2.7121426115
1531	2.7096275081
1532	2.7091180103
1533	2.7099590430
1534	2.7104058535
1535	2.7096861142
1536	2.7093188594
1537	2.7098069397
1538	2.7117140319
1539	2.7156993272
1540	2.7201417751
1541	2.7239320751
1542	2.7261577966
1543	2.7258456624
1544	2.7230195038
1545	2.7179492469
1546	2.7121243479
1547	2.7076343445
1548	2.7066121356
1549	2.7088202514
1550	2.7128538245
1551	2.7190666033
1552	2.7259522077
1553	2.7313389678
1554	2.7346179829
1555	2.7360410945
1556	2.7360209961
1557	2.7337951925
1558	2.7297533953
1559	2.7262274702
1560	2.7238985452
1561	2.7225035945
1562	2.7227702059
1563	2.7244845608
1564	2.7271708757
1565	2.7305301993
1566	2.7337518728
1567	2.7363306162
1568	2.7379315399
1569	2.7382335201
1570	2.7377567083
1571	2.7376592778
1572	2.7377981283
1573	2.7370483981
1574	2.7345881221
1575	2.7315448665
1576	2.7296246306
1577	2.7287283954
1578	2.7284774915
1579	2.7272770383
1580	2.7246957565
1581	2.7225823123
1582	2.7218522844
1583	2.7236377714
1584	2.7284089185
1585	2.7340816795
1586	2.7380669673
1587	2.7406453712
1588	2.7428643026
1589	2.7440825732
1590	2.7440143168
1591	2.7425028843
1592	2.7396271427
1593	2.7363716753
1594	2.7340098541
1595	2.7328839783
1596	2.7328001133
1597	2.7346465489
1598	2.7386949084
1599	2.7432778778
1600	2.7465478759
1601	2.7477449702
1602	2.7472244152
1603	2.7454827072
1604	2.7427515690
1605	2.7398318708
1606	2.7378010061
1607	2.7376472059
1608	2.7395475680
1609	2.7427663500
1610	2.7460998481
1611	2.7481529409
1612	2.7487239151
1613	2.7482967343
1614	2.7474661540
1615	2.7467193179
1616	2.7460423623
1617	2.7459195861
1618	2.7465060954
1619	2.7472587754
1620	2.7477646221
1621	2.7476905114
1622	2.7476121035
1623	2.7476075559
1624	2.7465456033
1625	2.7447262623
1626	2.7429769721
1627	2.7409496472
1628	2.7387698458
1629	2.7372337367
1630	2.7365852945
1631	2.7371389729
1632	2.7389475587
1633	2.7412909309
1634	2.7434932376
1635	2.7449364197
1636	2.7460680731
1637	2.7475832604
1638	2.7487646478
1639	2.7485129212
1640	2.7467016671
1641	2.7442999154
1642	2.7413419637
1643	2.7381237567
1644	2.7360073439
1645	2.7353281788
1646	2.7361763646
1647	2.7383681457
1648	2.7413669289
1649	2.7448181581
1650	2.7485544180
1651	2.7519987529
1652	2.7540701592
1653	2.7545924306
1654	2.7537653405
1655	2.7514291838
1656	2.7477357567
1657	2.7435818702
1658	2.7406967411
1659	2.7404714226
1660	2.7424482605
1661	2.7453066085
1662	2.7472653512
1663	2.7477289499
1664	2.7478581241
1665	2.7475977722
1666	2.7470082161
1667	2.7463519413
1668	2.7452310909
1669	2.7438103210
1670	2.7424660432
1671	2.7414337940
1672	2.7409716309
1673	2.7413918273
1674	2.7423851821
1675	2.7439557966
1676	2.7460180337
1677	2.7483654916
1678	2.7512854534
1679	2.7538237298
1680	2.7549734039
1681	2.7547550923
1682	2.7536083942
1683	2.7515821194
1684	2.7493764205
1685	2.7490837564
1686	2.7506095123
1687	2.7523181866
1688	2.7540095693
1689	2.7555100012
1690	2.7563987960
1691	2.7571882030
1692	2.7578542133
1693	2.7578589790
1694	2.7575456468
1695	2.7565136305
1696	2.7537592040
1697	2.7494920560
1698	2.7446216143
1699	2.7405519125
1700	2.7381764319
1701	2.7370003867
1702	2.7367826119
1703	2.7380437587
1704	2.7415673521
1705	2.7468814272
1706	2.7525282292
1707	2.7576547014
1708	2.7611652187
1709	2.7623469741
1710	2.7614420880
1711	2.7594792445
1712	2.7571687630
1713	2.7537809411
1714	2.7493082224
1715	2.7450801064
1716	2.7421513311
1717	2.7406258016
1718	2.7405749127
1719	2.7423798985
1720	2.7449396158
1721	2.7471777662
1722	2.7492767905
1723	2.7505844896
1724	2.7500715643
1725	2.7471829479
1726	2.7429282244
1727	2.7385263880
1728	2.7347806918
1729	2.7333218611
1730	2.7334501700
1731	2.7347539155
1732	2.7387572271
1733	2.7445037957
1734	2.7496382086
1735	2.7530134770
1736	2.7543325689
1737	2.7534996395
1738	2.7498081843
1739	2.7425823122
1740	2.7349883276
1741	2.7303304161
1742	2.7293351996
1743	2.7324737913
1744	2.7370419150
1745	2.7406317013
1746	2.7426944673
1747	2.7419289433
1748	2.7381720707
1749	2.7332688499
1750	2.7299379054
1751	2.7286241600
1752	2.7292573971
1753	2.7326825907
1754	2.7373519818
1755	2.7410956384
1756	2.7436126881
1757	2.7448461072
1758	2.7448298325
1759	2.7420916182
1760	2.7346330261
1761	2.7237792548
1762	2.7117773713
1763	2.6998737047
1764	2.6903225821
1765	2.6884049243
1766	2.6961361060
1767	2.7096878054
1768	2.7244432799
1769	2.7360725424
1770	2.7424047762
1771	2.7422533149
1772	2.7372882736
1773	2.7302964554
1774	2.7218017568
1775	2.7138863830
1776	2.7078356773
1777	2.7034274486
1778	2.7007677353
1779	2.7001241562
1780	2.7010474657
1781	2.7025876120
1782	2.7051348765
1783	2.7101747606
1784	2.7175138772
1785	2.7237651794
1786	2.7269720339
1787	2.7254309805
1788	2.7183265090
1789	2.7115085495
1790	2.7090917819
1791	2.7082873950
1792	2.7062157499
1793	2.7040088362
1794	2.7052263632
1795	2.7104709155
1796	2.7169613767
1797	2.7204301858
1798	2.7177311164
1799	2.7099898650
1800	2.6989318701
1801	2.6876916710
1802	2.6809317380
1803	2.6783854165
1804	2.6783893472
1805	2.6822342382
1806	2.6886652909
1807	2.6943887565
1808	2.6985262358
1809	2.6989308888
1810	2.6949961088
1811	2.6885685222
1812	2.6781943084
1813	2.6648511864
1814	2.6532130082
1815	2.6474028950
1816	2.6496405601
1817	2.6577143030
1818	2.6681067128
1819	2.6785102864
1820	2.6877776175
1821	2.6969215147
1822	2.7063912310
1823	2.7140337374
1824	2.7163586073
1825	2.7134017949
1826	2.7067040932
1827	2.6940092977
1828	2.6769037878
1829	2.6608315022
1830	2.6490571416
1831	2.6416224212
1832	2.6376309152
1833	2.6386955490
1834	2.6456644929
1835	2.6582275585
1836	2.6717727709
1837	2.6808359022
1838	2.6852135280
1839	2.6854349212
1840	2.6817207640
1841	2.6741348534
1842	2.6646721087
1843	2.6544672774
1844	2.6446158215
1845	2.6397588054
1846	2.6405421825
1847	2.6426592573
1848	2.6446522782
1849	2.6486791079
1850	2.6550694437
1851	2.6624501728
1852	2.6679114560
1853	2.6694450966
1854	2.6646077383
1855	2.6506736285
1856	2.6329324495
1857	2.6155546706
1858	2.5999549273
1859	2.5926379320
1860	2.5963080548
1861	2.6088963808
1862	2.6271006737
1863	2.6441776445
1864	2.6574614772
1865	2.6664011667
1866	2.6677624228
1867	2.6623874908
1868	2.6521449085
1869	2.6373390156
1870	2.6182771722
1871	2.5999498632
1872	2.5886279583
1873	2.5856129652
1874	2.5900095116
1875	2.5950613270
1876	2.5984689938
1877	2.6058237888
1878	2.6178926032
1879	2.6315943743
1880	2.6469280809
1881	2.6638627642
1882	2.6742126185
1883	2.6708750657
1884	2.6536329048
1885	2.6261481555
1886	2.5954849219
1887	2.5688570302
1888	2.5525538658
1889	2.5480827359
1890	2.5557192477
1891	2.5765647602
1892	2.6049020664
1893	2.6329653010
1894	2.6569781791
1895	2.6733528895
1896	2.6780273469
1897	2.6699627596
1898	2.6518961275
1899	2.6280268761
1900	2.6027326221
1901	2.5809024916
1902	2.5679170823
1903	2.5673971864
1904	2.5806733450
1905	2.6038209673
1906	2.6279967086
1907	2.6482111637
1908	2.6592494019
1909	2.6576039796
1910	2.6470539807
1911	2.6296653983
1912	2.6095486489
1913	2.5958365382
1914	2.5947317366
1915	2.6046975126
1916	2.6178066399
1917	2.6276096762
1918	2.6332074629
1919	2.6369676207
1920	2.6405220229
1921	2.6447410783
1922	2.6505280238
1923	2.6547612993
1924	2.6539421775
1925	2.6525584149
1926	2.6542350106
1927	2.6547523083
1928	2.6509886174
1929	2.6422905365
1930	2.6297326719
1931	2.6186300062
1932	2.6104497204
1933	2.6033181407
1934	2.5977334342
1935	2.5915980710
1936	2.5864275152
1937	2.5844497592
1938	2.5848455520
1939	2.5906210576
1940	2.6021390554
1941	2.6185461352
1942	2.6376670771
1943	2.6544348751
1944	2.6637010077
1945	2.6627509071
1946	2.6538649861
1947	2.6407988276
1948	2.6285228244
1949	2.6166034962
1950	2.6059188394
1951	2.6052657748
1952	2.6153323188
1953	2.6267346980
1954	2.6343633452
1955	2.6418255636
1956	2.6496467063
1957	2.6544861498
1958	2.6558358852
1959	2.6540143651
1960	2.6492890336
1961	2.6435175179
1962	2.6394569142
1963	2.6381227325
1964	2.6397552830
1965	2.6440096363
1966	2.6492459477
1967	2.6529589654
1968	2.6533646462
1969	2.6487862521
1970	2.6398182365
1971	2.6301703743
1972	2.6213890340
1973	2.6149867724
1974	2.6132067388
1975	2.6166344208
1976	2.6236518150
1977	2.6307085060
1978	2.6354837264
1979	2.6389383646
1980	2.6424231003
1981	2.6483352371
1982	2.6543857439
1983	2.6514538267
1984	2.6397871791
1985	2.6242096870
1986	2.6101470618
1987	2.6018089533
1988	2.5967532333
1989	2.5981688050
1990	2.6064811942
1991	2.6166290342
1992	2.6273805536
1993	2.6365609135
1994	2.6427614308
1995	2.6479066592
1996	2.6520699810
1997	2.6519574896
1998	2.6494262637
1999	2.6463157767
2000	2.6363797491
2001	2.6188882201
2002	2.6016956954
2003	2.5910831442
2004	2.5903070907
2005	2.5996555177
2006	2.6138360139
2007	2.6270954031
2008	2.6407100919
2009	2.6571550145
2010	2.6747887601
2011	2.6874018716
2012	2.6887472201
2013	2.6796354694
2014	2.6628909227
2015	2.6413816286
2016	2.6199913774
2017	2.6055801063
2018	2.6024130964
2019	2.6064352597
2020	2.6132850951
2021	2.6237189920
2022	2.6361514999
2023	2.6454585371
2024	2.6509278988
2025	2.6531645869
2026	2.6509535343
2027	2.6451964608
2028	2.6382057326
2029	2.6338793317
2030	2.6356796152
2031	2.6441667706
2032	2.6550477470
2033	2.6627818915
2034	2.6675956813
2035	2.6700170054
2036	2.6695957243
2037	2.6686624660
2038	2.6676813916
2039	2.6666312413
2040	2.6647763712
2041	2.6596975388
2042	2.6522515737
2043	2.6427483652
2044	2.6325979240
2045	2.6244363714
2046	2.6150148769
2047	2.6006583749
2048	2.5873728929
2049	2.5856257476
2050	2.5965729163
2051	2.6151901427
2052	2.6367823087
2053	2.6583643382
2054	2.6757444736
2055	2.6826625063
2056	2.6764325532
2057	2.6592887687
2058	2.6360609853
2059	2.6096794514
2060	2.5882105196
2061	2.5777616155
2062	2.5781107578
2063	2.5913734638
2064	2.6114097945
2065	2.6310274986
2066	2.6491888800
2067	2.6645620731
2068	2.6746286893
2069	2.6762015184
2070	2.6716019677
2071	2.6647989912
2072	2.6542112343
2073	2.6398313888
2074	2.6267435558
2075	2.6161766164
2076	2.6078742332
2077	2.6047965168
2078	2.6068688193
2079	2.6126668508
2080	2.6230202832
2081	2.6359836801
2082	2.6481376814
2083	2.6567178195
2084	2.6568211988
2085	2.6489268767
2086	2.6397712361
2087	2.6337907270
2088	2.6310404739
2089	2.6301694780
2090	2.6292144395
2091	2.6262788091
2092	2.6231322768
2093	2.6208404265
2094	2.6185220108
2095	2.6173830996
2096	2.6211741053
2097	2.6303900224
2098	2.6405486275
2099	2.6493578994
2100	2.6569951738
2101	2.6637117828
2102	2.6675676496
2103	2.6662252383
2104	2.6597084621
2105	2.6508139205
2106	2.6410970899
2107	2.6299645274
2108	2.6223129721
2109	2.6232755708
2110	2.6338731453
2111	2.6511264311
2112	2.6709732066
2113	2.6907012766
2114	2.7030718140
2115	2.7054816594
2116	2.7018581709
2117	2.6948417953
2118	2.6867695220
2119	2.6770238089
2120	2.6653974208
2121	2.6517987989
2122	2.6375915380
2123	2.6294100828
2124	2.6283706382
2125	2.6334192207
2126	2.6468704859
2127	2.6660847440
2128	2.6860134977
2129	2.7049566413
2130	2.7193989453
2131	2.7239975988
2132	2.7179815947
2133	2.7051495427
2134	2.6939458766
2135	2.6899485495
2136	2.6897962925
2137	2.6892890744
2138	2.6885340970
2139	2.6886238862
2140	2.6901653491
2141	2.6941143363
2142	2.6982292147
2143	2.7000856708
2144	2.6999184921
2145	2.6972047704
2146	2.6924612644
2147	2.6871661667
2148	2.6813657271
2149	2.6766055653
2150	2.6761406337
2151	2.6802901522
2152	2.6863639170
2153	2.6931645423
2154	2.7021254433
2155	2.7118975079
2156	2.7187248397
2157	2.7212752604
2158	2.7192218184
2159	2.7131176694
2160	2.7063911223
2161	2.7015492246
2162	2.6985652619
2163	2.6975713898
2164	2.6976301969
2165	2.6991461521
2166	2.7038118379
2167	2.7115973978
2168	2.7205439070
2169	2.7277233710
2170	2.7324132268
2171	2.7329484399
2172	2.7270967897
2173	2.7150336476
2174	2.7002528788
2175	2.6874709536
2176	2.6774896438
2177	2.6718107127
2178	2.6737213783
2179	2.6836294938
2180	2.6985903137
2181	2.7144791492
2182	2.7264885412
2183	2.7318207286
2184	2.7316551631
2185	2.7268020870
2186	2.7178284560
2187	2.7057968293
2188	2.6946107210
2189	2.6883684579
2190	2.6871631980
2191	2.6905799965
2192	2.6969058256
2193	2.7035987014
2194	2.7099549792
2195	2.7170971234
2196	2.7239035814
2197	2.7272722936
2198	2.7280786549
2199	2.7277068148
2200	2.7253141850
2201	2.7214353644
2202	2.7165857909
2203	2.7116678440
2204	2.7075100630
2205	2.7039991572
2206	2.7027686758
2207	2.7035331389
2208	2.7048446354
2209	2.7067222209
2210	2.7098448833
2211	2.7144971360
2212	2.7180956811
2213	2.7180981040
2214	2.7146290385
2215	2.7080103824
2216	2.6993081193
2217	2.6932302507
2218	2.6919872576
2219	2.6939036016
2220	2.6979722994
2221	2.7025258352
2222	2.7073208265
2223	2.7129745944
2224	2.7179708260
2225	2.7209235912
2226	2.7216019981
2227	2.7184043342
2228	2.7102922556
2229	2.6990010595
2230	2.6870584406
2231	2.6781159308
2232	2.6741781913
2233	2.6739235339
2234	2.6761795771
2235	2.6814569547
2236	2.6902251956
2237	2.7009433340
2238	2.7124638089
2239	2.7233048496
2240	2.7305452037
2241	2.7330376646
2242	2.7310113121
2243	2.7249680814
2244	2.7165807215
2245	2.7098124156
2246	2.7061175753
2247	2.7041613614
2248	2.7049715472
2249	2.7089139147
2250	2.7143093568
2251	2.7183011355
2252	2.7209701409
2253	2.7243022219
2254	2.7267108318
2255	2.7267534006
2256	2.7239453340
2257	2.7197880831
2258	2.7165766614
2259	2.7133660734
2260	2.7091055718
2261	2.7044000996
2262	2.7011091913
2263	2.7010842528
2264	2.7048393085
2265	2.7120843798
2266	2.7197574293
2267	2.7239651774
2268	2.7251841194
2269	2.7248341613
2270	2.7239240134
2271	2.7241080049
2272	2.7250842842
2273	2.7265112345
2274	2.7274479000
2275	2.7262949143
2276	2.7241760448
2277	2.7210819545
2278	2.7156419658
2279	2.7100741527
2280	2.7065283911
2281	2.7055178456
2282	2.7074888127
2283	2.7113301961
2284	2.7160314978
2285	2.7218922559
2286	2.7272580994
2287	2.7288297038
2288	2.7266165876
2289	2.7209801323
2290	2.7123048391
2291	2.7026756102
2292	2.6926668630
2293	2.6836487120
2294	2.6793043431
2295	2.6822025190
2296	2.6907686651
2297	2.7024685978
2298	2.7147076309
2299	2.7247672522
2300	2.7313414355
2301	2.7337741347
2302	2.7311498891
2303	2.7222179094
2304	2.7098774227
2305	2.6976903100
2306	2.6880935758
2307	2.6831241812
2308	2.6813768522
2309	2.6818329632
2310	2.6843330963
2311	2.6884662089
2312	2.6929845605
2313	2.6973087040
2314	2.7035153321
2315	2.7123712627
2316	2.7199856060
2317	2.7225332611
2318	2.7212964955
2319	2.7166574773
2320	2.7062323637
2321	2.6914954510
2322	2.6781498366
2323	2.6702982674
2324	2.6704977658
2325	2.6798019100
2326	2.6932859641
2327	2.7043995499
2328	2.7099546923
2329	2.7093221891
2330	2.7043074975
2331	2.6970801563
2332	2.6894222327
2333	2.6824174142
2334	2.6764913467
2335	2.6755189687
2336	2.6813410585
2337	2.6915452312
2338	2.7039351345
2339	2.7156090378
2340	2.7250484098
2341	2.7300981119
2342	2.7289262196
2343	2.7224976960
2344	2.7132253416
2345	2.7026403428
2346	2.6921437981
2347	2.6876076480
2348	2.6912431592
2349	2.6986377941
2350	2.7049403372
2351	2.7074405258
2352	2.7087784107
2353	2.7125917313
2354	2.7174745719
2355	2.7203841209
2356	2.7193303263
2357	2.7132587614
2358	2.7037103608
2359	2.6932635398
2360	2.6849313918
2361	2.6811773316
2362	2.6833259647
2363	2.6919457689
2364	2.7021534652
2365	2.7091045555
2366	2.7140089567
2367	2.7177437209
2368	2.7202951009
2369	2.7215457674
2370	2.7215585419
2371	2.7211150503
2372	2.7190676119
2373	2.7153066152
2374	2.7127693794
2375	2.7106981034
2376	2.7055429460
2377	2.6996103107
2378	2.6940122868
2379	2.6885336015
2380	2.6871016048
2381	2.6910097041
2382	2.6988760501
2383	2.7079425689
2384	2.7154314493
2385	2.7191447254
2386	2.7191823978
2387	2.7173293473
2388	2.7142299729
2389	2.7114655866
2390	2.7080890926
2391	2.7020730142
2392	2.6955136300
2393	2.6933694060
2394	2.6966773577
2395	2.7010335811
2396	2.7054652960
2397	2.7112444437
2398	2.7173841688
2399	2.7221820363
2400	2.7223900086
2401	2.7170980971
2402	2.7087347257
2403	2.6997083463
2404	2.6915790934
2405	2.6849315553
2406	2.6831610957
2407	2.6877174478
2408	2.6958773738
2409	2.7062175548
2410	2.7163008492
2411	2.7232251793
2412	2.7250979350
2413	2.7205023297
2414	2.7087290288
2415	2.6898418885
2416	2.6669032277
2417	2.6452345355
2418	2.6282508798
2419	2.6185982890
2420	2.6186587185
2421	2.6284621513
2422	2.6455691284
2423	2.6639985708
2424	2.6820138425
2425	2.6999276428
2426	2.7134381265
2427	2.7186349373
2428	2.7133533082
2429	2.7025828961
2430	2.6925200594
2431	2.6836792979
2432	2.6773839389
2433	2.6751693873
2434	2.6755923565
2435	2.6772841576
2436	2.6798960784
2437	2.6823844791
2438	2.6859031794
2439	2.6890800631
2440	2.6907331038
2441	2.6933707306
2442	2.6957407767
2443	2.6965636840
2444	2.6980055384
2445	2.7002575364
2446	2.7004065498
2447	2.6977634098
2448	2.6907906123
2449	2.6795437183
2450	2.6701410869
2451	2.6656668741
2452	2.6658524431
2453	2.6721620696
2454	2.6859127568
2455	2.7031906024
2456	2.7162416267
2457	2.7215731613
2458	2.7192819750
2459	2.7097496915
2460	2.6967989474
2461	2.6848508158
2462	2.6756793526
2463	2.6692656279
2464	2.6652625858
2465	2.6639269811
2466	2.6650042149
2467	2.6704155947
2468	2.6811493699
2469	2.6921303903
2470	2.6987064654
2471	2.7030549839
2472	2.7073702049
2473	2.7110653148
2474	2.7131247697
2475	2.7110405566
2476	2.7051306933
2477	2.6976841581
2478	2.6905347764
2479	2.6842407435
2480	2.6785621453
2481	2.6733163574
2482	2.6696663658
2483	2.6727263087
2484	2.6836405141
2485	2.6993529920
2486	2.7154619541
2487	2.7254452346
2488	2.7270528237
2489	2.7214175864
2490	2.7103745005
2491	2.6955476856
2492	2.6805842854
2493	2.6718984753
2494	2.6696939554
2495	2.6693258902
2496	2.6687540128
2497	2.6694005678
2498	2.6728947159
2499	2.6781542123
2500	2.6841484583
2501	2.6909273912
2502	2.6965574378
2503	2.6983401727
2504	2.6977854315
2505	2.6972002293
2506	2.6953120783
2507	2.6924447892
2508	2.6925602657
2509	2.6970789740
2510	2.7047357364
2511	2.7141678254
2512	2.7212945146
2513	2.7236147346
2514	2.7205966586
2515	2.7124679308
2516	2.7015791511
2517	2.6901859726
2518	2.6824567772
2519	2.6807317113
2520	2.6842824368
2521	2.6919088008
2522	2.7016869971
2523	2.7122841924
2524	2.7215362855
2525	2.7269111053
2526	2.7277642913
2527	2.7256919680
2528	2.7226394055
2529	2.7196343668
2530	2.7160148400
2531	2.7112889201
2532	2.7066745669
2533	2.7037760138
2534	2.7052879058
2535	2.7097425302
2536	2.7128706807
2537	2.7156037833
2538	2.7188291758
2539	2.7214873928
2540	2.7226458690
2541	2.7202056034
2542	2.7159617832
2543	2.7136615112
2544	2.7131018139
2545	2.7133141246
2546	2.7153123502
2547	2.7181075915
2548	2.7190442737
2549	2.7193823589
2550	2.7205841609
2551	2.7219855196
2552	2.7229903315
2553	2.7241830091
2554	2.7265770560
2555	2.7296932497
2556	2.7331383553
2557	2.7354396898
2558	2.7354616744
2559	2.7335727784
2560	2.7303479128
2561	2.7274435752
2562	2.7262125364
2563	2.7260940873
2564	2.7254773593
2565	2.7236118801
2566	2.7213967522
2567	2.7206319594
2568	2.7219377458
2569	2.7254082005
2570	2.7299609023
2571	2.7342079775
2572	2.7370711674
2573	2.7367155356
2574	2.7344339156
2575	2.7323666092
2576	2.7315642546
2577	2.7322012109
2578	2.7335585351
2579	2.7357343769
2580	2.7385850034
2581	2.7424106305
2582	2.7467207012
2583	2.7495599478
2584	2.7494672961
2585	2.7459557770
2586	2.7395622351
2587	2.7318579256
2588	2.7253430531
2589	2.7224443304
2590	2.7237940373
2591	2.7286757759
2592	2.7355516769
2593	2.7417284116
2594	2.7462935645
2595	2.7495281323
2596	2.7508702015
2597	2.7503840242
2598	2.7485718062
2599	2.7459470813
2600	2.7424408131
2601	2.7384656595
2602	2.7365739759
2603	2.7367807549
2604	2.7365034930
2605	2.7355843217
2606	2.7344082206
2607	2.7338335709
2608	2.7355838515
2609	2.7387560282
2610	2.7411696491
2611	2.7436090674
2612	2.7467177754
2613	2.7490361530
2614	2.7507010558
2615	2.7516017304
2616	2.7511584461
2617	2.7494987292
2618	2.7468570079
2619	2.7434566071
2620	2.7394684445
2621	2.7364096197
2622	2.7351973586
2623	2.7346156949
2624	2.7340924790
2625	2.7348999317
2626	2.7369678775
2627	2.7388036988
2628	2.7402213228
2629	2.7420175480
2630	2.7440903251
2631	2.7448852915
2632	2.7443673383
2633	2.7435495613
2634	2.7425547034
2635	2.7410657294
2636	2.7387081011
2637	2.7368136107
2638	2.7362842125
2639	2.7373747338
2640	2.7404611337
2641	2.7436035919
2642	2.7455254526
2643	2.7467488379
2644	2.7474703212
2645	2.7472305763
2646	2.7453956483
2647	2.7409071150
2648	2.7336424762
2649	2.7258580448
2650	2.7187594662
2651	2.7128001443
2652	2.7093834135
2653	2.7097076343
2654	2.7138054000
2655	2.7201696367
2656	2.7276147028
2657	2.7360055502
2658	2.7436385521
2659	2.7477707707
2660	2.7477220027
2661	2.7439196029
2662	2.7374002532
2663	2.7298135848
2664	2.7233843900
2665	2.7193203586
2666	2.7173070002
2667	2.7182412289
2668	2.7226076766
2669	2.7295505305
2670	2.7367274305
2671	2.7413772457
2672	2.7432121956
2673	2.7433964555
2674	2.7425027210
2675	2.7403980975
2676	2.7376504443
2677	2.7346339346
2678	2.7315810000
2679	2.7299117466
2680	2.7302970317
2681	2.7327231587
2682	2.7364362655
2683	2.7394432896
2684	2.7407806020
2685	2.7405442543
2686	2.7394574887
2687	2.7379817363
2688	2.7358721681
2689	2.7339542157
2690	2.7337103123
2691	2.7355125174
2692	2.7382084005
2693	2.7403119612
2694	2.7407916597
2695	2.7398817479
2696	2.7386013397
2697	2.7381245473
2698	2.7382634255
2699	2.7369685123
2700	2.7332554437
2701	2.7272587184
2702	2.7209705352
2703	2.7161023296
2704	2.7131522973
2705	2.7131997055
2706	2.7166231173
2707	2.7235738353
2708	2.7312254828
2709	2.7360399251
2710	2.7389633867
2711	2.7413858801
2712	2.7423353685
2713	2.7413900711
2714	2.7384563069
2715	2.7339603131
2716	2.7300306971
2717	2.7273763473
2718	2.7263651496
2719	2.7278366648
2720	2.7306904324
2721	2.7327535822
2722	2.7330621765
2723	2.7316355811
2724	2.7295000475
2725	2.7279281435
2726	2.7267989803
2727	2.7260671403
2728	2.7252087042
2729	2.7239306280
2730	2.7219221295
2731	2.7191030573
2732	2.7158921419
2733	2.7116644625
2734	2.7077650566
2735	2.7062083280
2736	2.7085578103
2737	2.7157348245
2738	2.7247461760
2739	2.7313966256
2740	2.7339991825
2741	2.7327939637
2742	2.7276570041
2743	2.7185805249
2744	2.7087439156
2745	2.7012613775
2746	2.6979185056
2747	2.7006997787
2748	2.7080365217
2749	2.7161547582
2750	2.7230372299
2751	2.7288113440
2752	2.7326665430
2753	2.7323967783
2754	2.7284740613
2755	2.7235327560
2756	2.7190302639
2757	2.7147954440
2758	2.7104196395
2759	2.7064919193
2760	2.7045958601
2761	2.7056251900
2762	2.7103646093
2763	2.7180673339
2764	2.7262082900
2765	2.7321550195
2766	2.7338047724
2767	2.7309527151
2768	2.7233271132
2769	2.7133508225
2770	2.7035152283
2771	2.6924334685
2772	2.6814601070
2773	2.6752091778
2774	2.6760807079
2775	2.6805069135
2776	2.6852744589
2777	2.6920190112
2778	2.7002145250
2779	2.7078895038
2780	2.7155137448
2781	2.7223872282
2782	2.7266340999
2783	2.7281876370
2784	2.7255922931
2785	2.7182866040
2786	2.7088712766
2787	2.6988487625
2788	2.6914826948
2789	2.6891126033
2790	2.6895132283
2791	2.6909676390
2792	2.6937005758
2793	2.6981097042
2794	2.7034134195
2795	2.7075390257
2796	2.7098916091
2797	2.7121185407
2798	2.7119854435
2799	2.7078289459
2800	2.7023414209
2801	2.6967748608
2802	2.6921931357
2803	2.6895741926
2804	2.6905112273
2805	2.6935605333
2806	2.6942983457
2807	2.6925014572
2808	2.6896988554
2809	2.6873656948
2810	2.6872560764
2811	2.6896437831
2812	2.6924610359
2813	2.6936776968
2814	2.6936364788
2815	2.6932928238
2816	2.6940760421
2817	2.6975041826
2818	2.6997327703
2819	2.6963935983
2820	2.6902943082
2821	2.6851520000
2822	2.6820666592
2823	2.6798657301
2824	2.6780996979
2825	2.6800820462
2826	2.6876597113
2827	2.6972417472
2828	2.7044412305
2829	2.7080300351
2830	2.7060650840
2831	2.6978995566
2832	2.6860503069
2833	2.6732209428
2834	2.6625232823
2835	2.6543708841
2836	2.6491398615
2837	2.6484967888
2838	2.6501201060
2839	2.6528265816
2840	2.6572844703
2841	2.6645884714
2842	2.6766829703
2843	2.6920753969
2844	2.7066585720
2845	2.7154177594
2846	2.7173317121
2847	2.7133895152
2848	2.7042093005
2849	2.6919519874
2850	2.6786484905
2851	2.6686729861
2852	2.6655831152
2853	2.6693492647
2854	2.6765345418
2855	2.6845789038
2856	2.6921938197
2857	2.6970433370
2858	2.6988553581
2859	2.6971375563
2860	2.6921673251
2861	2.6851357242
2862	2.6775282265
2863	2.6712920220
2864	2.6690467341
2865	2.6722873161
2866	2.6801796635
2867	2.6896997224
2868	2.6951515307
2869	2.6945439936
2870	2.6870586210
2871	2.6743212694
2872	2.6625498817
2873	2.6543955803
2874	2.6492730980
2875	2.6484386242
2876	2.6558465260
2877	2.6711240232
2878	2.6868939703
2879	2.6966400179
2880	2.6985908355
2881	2.6945289574
2882	2.6889313978
2883	2.6823816923
2884	2.6740917844
2885	2.6668512281
2886	2.6620810552
2887	2.6602957443
2888	2.6605565566
2889	2.6605737739
2890	2.6569025010
2891	2.6500894767
2892	2.6462140331
2893	2.6458331897
2894	2.6482235644
2895	2.6549521606
2896	2.6624646704
2897	2.6687348002
2898	2.6754558551
2899	2.6811405465
2900	2.6858271964
2901	2.6907704796
2902	2.6931809353
2903	2.6915387222
2904	2.6875728363
2905	2.6833815183
2906	2.6810857095
2907	2.6778576589
2908	2.6730180475
2909	2.6720106337
2910	2.6739217626
2911	2.6774043767
2912	2.6838859292
2913	2.6908674211
2914	2.6930551170
2915	2.6885048050
2916	2.6802576193
2917	2.6696683686
2918	2.6607768083
2919	2.6595088141
2920	2.6651762743
2921	2.6732216685
2922	2.6800043474
2923	2.6834895075
2924	2.6836955090
2925	2.6831218099
2926	2.6846942029
2927	2.6877402644
2928	2.6878832783
2929	2.6836650256
2930	2.6772250173
2931	2.6706221017
2932	2.6638807580
2933	2.6592053075
2934	2.6614840579
2935	2.6671138604
2936	2.6697384619
2937	2.6689591417
2938	2.6674221946
2939	2.6674302864
2940	2.6681902550
2941	2.6694039449
2942	2.6694546137
2943	2.6667088740
2944	2.6614159195
2945	2.6544724502
2946	2.6503069933
2947	2.6504562024
2948	2.6525003132
2949	2.6547097481
2950	2.6580972335
2951	2.6640394562
2952	2.6715389728
2953	2.6806493075
2954	2.6898345527
2955	2.6962100728
2956	2.6998556158
2957	2.7006192458
2958	2.6955448949
2959	2.6850146540
2960	2.6722148245
2961	2.6592702781
2962	2.6491385616
2963	2.6434723621
2964	2.6427031437
2965	2.6473012325
2966	2.6578841429
2967	2.6704288356
2968	2.6788740691
2969	2.6840811527
2970	2.6877364199
2971	2.6897821287
2972	2.6909458019
2973	2.6907595432
2974	2.6890509984
2975	2.6866622420
2976	2.6829835070
2977	2.6774401022
2978	2.6701008009
2979	2.6609387600
2980	2.6519374898
2981	2.6434872965
2982	2.6370727070
2983	2.6394327112
2984	2.6504294402
2985	2.6628722466
2986	2.6733724388
2987	2.6803904644
2988	2.6849387102
2989	2.6887608197
2990	2.6904984381
2991	2.6897628621
2992	2.6864754887
2993	2.6818488245
2994	2.6775971221
2995	2.6734145461
2996	2.6701305182
2997	2.6684972205
2998	2.6689282647
2999	2.6722220275
