0	2.5912592505
1	2.5944274107
2	2.6006346000
3	2.6078741133
4	2.6160042495
5	2.6241329667
6	2.6322714729
7	2.6397634091
8	2.6466927854
9	2.6526182724
10	2.6576447406
11	2.6615495062
12	2.6644409608
13	2.6662822470
14	2.6671886473
15	2.6672529214
16	2.6665988681
17	2.6653941020
18	2.6637569183
19	2.6618904474
20	2.6598807660
21	2.6579406583
22	2.6560998415
23	2.6545580888
24	2.6532825954
25	2.6524335315
26	2.6519323189
27	2.6518715974
28	2.6521587435
29	2.6527998807
30	2.6537202789
31	2.6548396834
32	2.6561210493
33	2.6574199069
34	2.6587407553
35	2.6599127179
36	2.6609735626
37	2.6617657949
38	2.6623439357
39	2.6625905976
40	2.6625576535
41	2.6621851889
42	2.6615203228
43	2.6605826373
44	2.6594160187
45	2.6581028350
46	2.6566464845
47	2.6551588472
48	2.6536178265
49	2.6521813640
50	2.6508128206
51	2.6496480127
52	2.6486164335
53	2.6478293402
54	2.6472459496
55	2.6469134848
56	2.6467868644
57	2.6468395075
58	2.6470847674
59	2.6474270241
60	2.6478868317
61	2.6483301032
62	2.6488322588
63	2.6492297277
64	2.6495487036
65	2.6496455520
66	2.6495913892
67	2.6493327599
68	2.6489027789
69	2.6482637627
70	2.6473552515
71	2.6462283303
72	2.6449048780
73	2.6435108373
74	2.6418921958
75	2.6401501555
76	2.6383119402
77	2.6366204090
78	2.6349990155
79	2.6335166252
80	2.6321461283
81	2.6309288929
82	2.6298146747
83	2.6287539352
84	2.6278586262
85	2.6271124841
86	2.6266085577
87	2.6262211612
88	2.6260962924
89	2.6260594392
90	2.6260914607
91	2.6260404353
92	2.6259492531
93	2.6256749792
94	2.6251982834
95	2.6246018080
96	2.6238353471
97	2.6229604227
98	2.6219525800
99	2.6209368754
100	2.6197237448
101	2.6184470226
102	2.6169809241
103	2.6153552117
104	2.6134896252
105	2.6114977265
106	2.6093543122
107	2.6071145216
108	2.6049372802
109	2.6028172067
110	2.6009134298
111	2.5992186310
112	2.5978910973
113	2.5967719945
114	2.5960021695
115	2.5954117321
116	2.5949988547
117	2.5946535920
118	2.5943556356
119	2.5939840951
120	2.5934580202
121	2.5928035405
122	2.5919013726
123	2.5910221210
124	2.5902159347
125	2.5895880059
126	2.5887780796
127	2.5875792693
128	2.5858137089
129	2.5841933960
130	2.5835078910
131	2.5838561595
132	2.5842744652
133	2.5832482415
134	2.5803497612
135	2.5766385588
136	2.5738483819
137	2.5723033817
138	2.5714531607
139	2.5703805997
140	2.5691796393
141	2.5679384379
142	2.5661314531
143	2.5631744584
144	2.5597164806
145	2.5570838578
146	2.5557868173
147	2.5556152985
148	2.5561991784
149	2.5580289563
150	2.5606882599
151	2.5630186905
152	2.5641008860
153	2.5642451477
154	2.5635015741
155	2.5615416921
156	2.5584430238
157	2.5551791510
158	2.5526050907
159	2.5503806933
160	2.5486858964
161	2.5480479015
162	2.5484962611
163	2.5490562328
164	2.5495537233
165	2.5500357911
166	2.5501631499
167	2.5491524153
168	2.5471842917
169	2.5448923078
170	2.5420221018
171	2.5387099395
172	2.5357746746
173	2.5338015916
174	2.5323631102
175	2.5317867039
176	2.5324287193
177	2.5341283241
178	2.5361512602
179	2.5385771090
180	2.5413185204
181	2.5434495196
182	2.5447257271
183	2.5453548920
184	2.5450328937
185	2.5432666517
186	2.5406892819
187	2.5374724402
188	2.5335986274
189	2.5293695698
190	2.5257098436
191	2.5226322353
192	2.5201172691
193	2.5187785881
194	2.5185111358
195	2.5190283926
196	2.5208579077
197	2.5244813880
198	2.5288517686
199	2.5331137051
200	2.5365162054
201	2.5389053287
202	2.5409605746
203	2.5438624753
204	2.5467797678
205	2.5473848375
206	2.5447674356
207	2.5396870385
208	2.5339184043
209	2.5291150795
210	2.5253424534
211	2.5210005001
212	2.5161207634
213	2.5114379885
214	2.5069772335
215	2.5024094203
216	2.4987043487
217	2.4972286735
218	2.4987348958
219	2.5030982945
220	2.5087045910
221	2.5145778218
222	2.5209277439
223	2.5273555901
224	2.5325152869
225	2.5369781406
226	2.5417275536
227	2.5468663873
228	2.5518006044
229	2.5559514950
230	2.5589685490
231	2.5604920521
232	2.5597103950
233	2.5557882631
234	2.5497948329
235	2.5427653758
236	2.5346702666
237	2.5260872478
238	2.5186359324
239	2.5123455019
240	2.5068207468
241	2.5019413506
242	2.4976741857
243	2.4940183782
244	2.4904539501
245	2.4869413968
246	2.4843934117
247	2.4836849298
248	2.4843111128
249	2.4868746079
250	2.4922953210
251	2.4999242499
252	2.5087266145
253	2.5187363865
254	2.5292341201
255	2.5390125800
256	2.5475406181
257	2.5545335479
258	2.5602257246
259	2.5643089932
260	2.5668757858
261	2.5686100115
262	2.5697688098
263	2.5698940436
264	2.5696188056
265	2.5692152647
266	2.5677019949
267	2.5647621395
268	2.5605871333
269	2.5546760584
270	2.5469413496
271	2.5381678796
272	2.5286231291
273	2.5188440952
274	2.5092216709
275	2.5007715309
276	2.4941442338
277	2.4891928592
278	2.4862640491
279	2.4859105823
280	2.4874478202
281	2.4903567120
282	2.4949806129
283	2.5003243915
284	2.5056058726
285	2.5110378288
286	2.5164287383
287	2.5210684205
288	2.5253897334
289	2.5296216143
290	2.5338255435
291	2.5381189921
292	2.5426884555
293	2.5478633929
294	2.5531359855
295	2.5584152480
296	2.5637148914
297	2.5682953511
298	2.5716169539
299	2.5740362790
300	2.5748924153
301	2.5738856575
302	2.5716583565
303	2.5682614198
304	2.5637399267
305	2.5589607650
306	2.5544083537
307	2.5502492390
308	2.5471395910
309	2.5452204540
310	2.5446842236
311	2.5453797888
312	2.5474215160
313	2.5505921659
314	2.5543099124
315	2.5585530966
316	2.5630295077
317	2.5668403653
318	2.5699006172
319	2.5721991804
320	2.5730698472
321	2.5729594867
322	2.5720802124
323	2.5699639854
324	2.5665925100
325	2.5624506061
326	2.5579571196
327	2.5543860100
328	2.5522238030
329	2.5505486082
330	2.5483048467
331	2.5451556032
332	2.5424935260
333	2.5419557908
334	2.5441896441
335	2.5473559024
336	2.5483744061
337	2.5464576141
338	2.5436342060
339	2.5419033529
340	2.5423681902
341	2.5439338031
342	2.5444760915
343	2.5441248351
344	2.5438088558
345	2.5435578579
346	2.5433787991
347	2.5440241091
348	2.5465366665
349	2.5520832913
350	2.5594776106
351	2.5663450913
352	2.5717105563
353	2.5760371410
354	2.5798038184
355	2.5825351855
356	2.5842373949
357	2.5855411222
358	2.5869443521
359	2.5880126548
360	2.5872567041
361	2.5839061076
362	2.5794049380
363	2.5743969495
364	2.5688328491
365	2.5637255673
366	2.5603742402
367	2.5596728570
368	2.5613148034
369	2.5639782883
370	2.5672953741
371	2.5717058117
372	2.5761652492
373	2.5799688529
374	2.5835307645
375	2.5877365937
376	2.5926972587
377	2.5976267631
378	2.6021335160
379	2.6061979355
380	2.6093319834
381	2.6102667643
382	2.6085140977
383	2.6050853572
384	2.6005690664
385	2.5947225487
386	2.5887518628
387	2.5839191106
388	2.5806809297
389	2.5788488888
390	2.5780322583
391	2.5785003443
392	2.5800445229
393	2.5813850774
394	2.5823238739
395	2.5836529860
396	2.5849967415
397	2.5861816141
398	2.5875384812
399	2.5897369568
400	2.5927005195
401	2.5954859054
402	2.5977834851
403	2.5997039588
404	2.6006552861
405	2.5998939095
406	2.5978427968
407	2.5951225528
408	2.5913548894
409	2.5867310270
410	2.5828575331
411	2.5803263773
412	2.5791909820
413	2.5794141071
414	2.5810289273
415	2.5839436336
416	2.5871800162
417	2.5902642228
418	2.5935214092
419	2.5962942546
420	2.5978763118
421	2.5989751088
422	2.5996263546
423	2.5995867165
424	2.5990032818
425	2.5985659242
426	2.5987140263
427	2.5989118329
428	2.5990357170
429	2.5994386570
430	2.5996067024
431	2.5987339543
432	2.5970908852
433	2.5950691265
434	2.5924551337
435	2.5895668643
436	2.5875463049
437	2.5864384617
438	2.5863301053
439	2.5877488376
440	2.5907814769
441	2.5951311801
442	2.6002481592
443	2.6061680457
444	2.6126632516
445	2.6186503496
446	2.6237327429
447	2.6280843366
448	2.6307332988
449	2.6313648727
450	2.6304227274
451	2.6281504819
452	2.6247661089
453	2.6206427717
454	2.6165282234
455	2.6126391272
456	2.6091451236
457	2.6068471669
458	2.6059348461
459	2.6056484005
460	2.6057225100
461	2.6060616984
462	2.6063850791
463	2.6069666627
464	2.6086752367
465	2.6110795065
466	2.6132461498
467	2.6152927236
468	2.6175085555
469	2.6202974916
470	2.6238663086
471	2.6281884532
472	2.6327444264
473	2.6368541492
474	2.6406269370
475	2.6443495326
476	2.6473282072
477	2.6494118457
478	2.6508300404
479	2.6511970538
480	2.6503923040
481	2.6481726846
482	2.6443259313
483	2.6391459345
484	2.6335354696
485	2.6282287695
486	2.6233101672
487	2.6191774156
488	2.6165955351
489	2.6154327396
490	2.6154216637
491	2.6165904282
492	2.6186680018
493	2.6214314123
494	2.6251093810
495	2.6294788945
496	2.6336527460
497	2.6377179698
498	2.6416883177
499	2.6449915896
500	2.6473569660
501	2.6489840660
502	2.6501814016
503	2.6510765704
504	2.6517746200
505	2.6523976423
506	2.6528152833
507	2.6530963095
508	2.6533064886
509	2.6528970821
510	2.6521763422
511	2.6515129037
512	2.6506182112
513	2.6494694777
514	2.6482352494
515	2.6468957797
516	2.6452561899
517	2.6431859253
518	2.6405759409
519	2.6373059282
520	2.6336881926
521	2.6299215009
522	2.6260122427
523	2.6229069543
524	2.6212215109
525	2.6204919943
526	2.6203934024
527	2.6213488255
528	2.6231882200
529	2.6256808995
530	2.6290012113
531	2.6324636275
532	2.6353188623
533	2.6372752940
534	2.6384731782
535	2.6396679096
536	2.6415341108
537	2.6435491592
538	2.6446846047
539	2.6446090765
540	2.6441035059
541	2.6437134500
542	2.6437128532
543	2.6443004938
544	2.6446164683
545	2.6443681526
546	2.6439551798
547	2.6434585069
548	2.6429839687
549	2.6425527465
550	2.6420363200
551	2.6415836431
552	2.6409730674
553	2.6393031571
554	2.6360066447
555	2.6319900695
556	2.6280887161
557	2.6241845383
558	2.6205176141
559	2.6172163258
560	2.6140644073
561	2.6110485407
562	2.6082052505
563	2.6051216714
564	2.6023526738
565	2.6008261294
566	2.6006226882
567	2.6017969232
568	2.6040453720
569	2.6067945010
570	2.6102205340
571	2.6142821222
572	2.6181493985
573	2.6218494643
574	2.6259216160
575	2.6304156067
576	2.6343329918
577	2.6370970814
578	2.6386878063
579	2.6386726159
580	2.6370664687
581	2.6337883400
582	2.6293468410
583	2.6250892340
584	2.6214158374
585	2.6184160773
586	2.6165954582
587	2.6157946200
588	2.6157198641
589	2.6161854636
590	2.6168954525
591	2.6176796318
592	2.6190419445
593	2.6210552057
594	2.6229780998
595	2.6249648677
596	2.6273468152
597	2.6297003825
598	2.6314674875
599	2.6325366305
600	2.6328359013
601	2.6326020032
602	2.6318475912
603	2.6306124325
604	2.6297098699
605	2.6290948458
606	2.6278522359
607	2.6260863710
608	2.6238904213
609	2.6206125489
610	2.6163388235
611	2.6113355078
612	2.6062432568
613	2.6016926687
614	2.5980681383
615	2.5955653460
616	2.5942655281
617	2.5944963758
618	2.5957041376
619	2.5974336229
620	2.5997262603
621	2.6020961828
622	2.6043791296
623	2.6064754027
624	2.6081755012
625	2.6100940560
626	2.6120939378
627	2.6137829682
628	2.6157042338
629	2.6179729859
630	2.6197385234
631	2.6207944017
632	2.6216329505
633	2.6219592291
634	2.6216480294
635	2.6210675491
636	2.6206610582
637	2.6206750207
638	2.6210610037
639	2.6216906678
640	2.6227935995
641	2.6241005302
642	2.6248404145
643	2.6250672930
644	2.6247755210
645	2.6235594375
646	2.6217892552
647	2.6199554343
648	2.6181402654
649	2.6169561487
650	2.6162296549
651	2.6158549079
652	2.6162762941
653	2.6172929740
654	2.6187153327
655	2.6203508472
656	2.6217707614
657	2.6222582975
658	2.6220108071
659	2.6221407954
660	2.6231107802
661	2.6246880234
662	2.6261163248
663	2.6267710073
664	2.6269672212
665	2.6270956233
666	2.6279933126
667	2.6295089376
668	2.6294531256
669	2.6267389362
670	2.6222212645
671	2.6171204505
672	2.6124776086
673	2.6087403351
674	2.6050501424
675	2.6008950255
676	2.5968071945
677	2.5935350652
678	2.5915079749
679	2.5905519612
680	2.5906026176
681	2.5922842737
682	2.5955756782
683	2.5991063674
684	2.6019486178
685	2.6040029664
686	2.6058928475
687	2.6086185556
688	2.6123316560
689	2.6161573915
690	2.6198251364
691	2.6230809990
692	2.6256827627
693	2.6276748656
694	2.6280996189
695	2.6273292080
696	2.6265714284
697	2.6255940022
698	2.6235419682
699	2.6201265185
700	2.6157295707
701	2.6107747024
702	2.6057426922
703	2.6011207400
704	2.5972725393
705	2.5949932400
706	2.5946211693
707	2.5954611658
708	2.5963239388
709	2.5965421746
710	2.5969041346
711	2.5972759730
712	2.5970510123
713	2.5970933652
714	2.5982517337
715	2.6006446298
716	2.6041734149
717	2.6081962634
718	2.6123471477
719	2.6169875267
720	2.6218051375
721	2.6262678225
722	2.6302224028
723	2.6337294756
724	2.6367631324
725	2.6386254362
726	2.6383045105
727	2.6358808270
728	2.6316063449
729	2.6251347167
730	2.6167368195
731	2.6076274170
732	2.5990966185
733	2.5916110913
734	2.5850441557
735	2.5794010476
736	2.5754088125
737	2.5727587221
738	2.5710803031
739	2.5705133814
740	2.5705396849
741	2.5717210987
742	2.5742769962
743	2.5776305209
744	2.5824408359
745	2.5890985944
746	2.5964148188
747	2.6032142881
748	2.6094353168
749	2.6152904398
750	2.6202497467
751	2.6240007543
752	2.6267912072
753	2.6289873868
754	2.6304174431
755	2.6305159672
756	2.6291534467
757	2.6262194805
758	2.6220273133
759	2.6165723281
760	2.6097001044
761	2.6024370474
762	2.5954801167
763	2.5886385899
764	2.5827457124
765	2.5787631753
766	2.5767014785
767	2.5762689672
768	2.5770233593
769	2.5789477695
770	2.5816189115
771	2.5837530230
772	2.5851081688
773	2.5864798613
774	2.5877731128
775	2.5889156779
776	2.5901720526
777	2.5918673759
778	2.5941537770
779	2.5964493703
780	2.5982320157
781	2.5995521062
782	2.6007576166
783	2.6016381543
784	2.6024767623
785	2.6038232186
786	2.6060445316
787	2.6089417153
788	2.6118178068
789	2.6153435644
790	2.6195094941
791	2.6232250742
792	2.6264946660
793	2.6289694097
794	2.6298629844
795	2.6293478631
796	2.6278289358
797	2.6256733968
798	2.6228872078
799	2.6193025971
800	2.6152555841
801	2.6117484455
802	2.6094518642
803	2.6082673875
804	2.6082413956
805	2.6091664384
806	2.6104103840
807	2.6113537814
808	2.6122673877
809	2.6135222014
810	2.6144128832
811	2.6148975768
812	2.6159294340
813	2.6174440017
814	2.6188846642
815	2.6200673723
816	2.6209814435
817	2.6218798536
818	2.6225259398
819	2.6226970583
820	2.6226551326
821	2.6222613226
822	2.6215348928
823	2.6211482641
824	2.6211531575
825	2.6215584863
826	2.6224438403
827	2.6238025859
828	2.6258137113
829	2.6278870068
830	2.6295032928
831	2.6308494741
832	2.6321633601
833	2.6331192300
834	2.6338104677
835	2.6346098101
836	2.6354322005
837	2.6362971527
838	2.6372918847
839	2.6385842467
840	2.6397869299
841	2.6408275211
842	2.6423477537
843	2.6439239104
844	2.6450607218
845	2.6459533865
846	2.6462931851
847	2.6458606947
848	2.6442226996
849	2.6411843518
850	2.6375611252
851	2.6337611417
852	2.6297892604
853	2.6261021209
854	2.6232040715
855	2.6210319597
856	2.6198434601
857	2.6200509098
858	2.6213659378
859	2.6231688040
860	2.6251329916
861	2.6272380812
862	2.6293763941
863	2.6319320828
864	2.6355058756
865	2.6394239571
866	2.6424964382
867	2.6445377598
868	2.6460171060
869	2.6476097837
870	2.6494330575
871	2.6508679644
872	2.6512769803
873	2.6501533264
874	2.6476501800
875	2.6447721916
876	2.6419345254
877	2.6391356022
878	2.6365305204
879	2.6340599340
880	2.6321435823
881	2.6310503463
882	2.6310351104
883	2.6323164951
884	2.6346213421
885	2.6380477250
886	2.6426680802
887	2.6475723590
888	2.6516284343
889	2.6549584821
890	2.6579731248
891	2.6606126907
892	2.6627750968
893	2.6643106190
894	2.6650727369
895	2.6648756628
896	2.6637595158
897	2.6618108731
898	2.6589881838
899	2.6559379033
900	2.6532818316
901	2.6511096918
902	2.6495130454
903	2.6481727681
904	2.6471742344
905	2.6466535509
906	2.6463279065
907	2.6463429237
908	2.6466533313
909	2.6469236449
910	2.6473201351
911	2.6478834453
912	2.6479598182
913	2.6475194594
914	2.6472438385
915	2.6474542861
916	2.6481021115
917	2.6492554741
918	2.6511377143
919	2.6536888476
920	2.6565556574
921	2.6592814681
922	2.6613249210
923	2.6625725493
924	2.6633480580
925	2.6636579375
926	2.6634572729
927	2.6629979138
928	2.6624166482
929	2.6615590377
930	2.6601641681
931	2.6582951243
932	2.6563989496
933	2.6544725353
934	2.6526008276
935	2.6511052263
936	2.6499181776
937	2.6492018479
938	2.6489799756
939	2.6491163976
940	2.6493498149
941	2.6495187762
942	2.6500259183
943	2.6509267024
944	2.6519029224
945	2.6531398116
946	2.6549848408
947	2.6572477746
948	2.6597706987
949	2.6624790291
950	2.6650764059
951	2.6674611772
952	2.6695478514
953	2.6711313259
954	2.6722768585
955	2.6731402113
956	2.6737049662
957	2.6737150875
958	2.6731319998
959	2.6720585323
960	2.6702116259
961	2.6675647589
962	2.6643437252
963	2.6609594242
964	2.6576741035
965	2.6544800149
966	2.6517891863
967	2.6498108253
968	2.6483537825
969	2.6474984046
970	2.6472307037
971	2.6473699489
972	2.6482103287
973	2.6497855469
974	2.6517696859
975	2.6542644734
976	2.6573382545
977	2.6607066906
978	2.6640737244
979	2.6672281411
980	2.6698695215
981	2.6717137465
982	2.6727313966
983	2.6729885306
984	2.6725256801
985	2.6715027150
986	2.6700067578
987	2.6680682113
988	2.6660904151
989	2.6645397054
990	2.6633799355
991	2.6623274561
992	2.6611005753
993	2.6596434956
994	2.6579551173
995	2.6563433425
996	2.6554486033
997	2.6549343446
998	2.6541163164
999	2.6528226703
1000	2.6514215758
1001	2.6506196467
1002	2.6506426428
1003	2.6512559915
1004	2.6519516304
1005	2.6523634117
1006	2.6526954558
1007	2.6532847685
1008	2.6544308289
1009	2.6563873329
1010	2.6587590003
1011	2.6610405502
1012	2.6634210910
1013	2.6658215824
1014	2.6676148748
1015	2.6687444647
1016	2.6694943143
1017	2.6701387563
1018	2.6708756179
1019	2.6715300997
1020	2.6719409999
1021	2.6720765147
1022	2.6722389853
1023	2.6725373939
1024	2.6727581342
1025	2.6727342205
1026	2.6721897248
1027	2.6710184883
1028	2.6691684810
1029	2.6665792019
1030	2.6633514719
1031	2.6598961996
1032	2.6570075872
1033	2.6550420546
1034	2.6535152944
1035	2.6523685933
1036	2.6517232104
1037	2.6513855100
1038	2.6514229493
1039	2.6515535626
1040	2.6516554467
1041	2.6522736377
1042	2.6535095313
1043	2.6550155786
1044	2.6567150284
1045	2.6584998926
1046	2.6602005792
1047	2.6620290626
1048	2.6641155409
1049	2.6660849982
1050	2.6676793411
1051	2.6690890559
1052	2.6701773996
1053	2.6702786274
1054	2.6693598430
1055	2.6679031130
1056	2.6661546842
1057	2.6641894809
1058	2.6619336774
1059	2.6596057940
1060	2.6573023916
1061	2.6550282734
1062	2.6527122663
1063	2.6501069953
1064	2.6475161771
1065	2.6451791668
1066	2.6433373677
1067	2.6424130856
1068	2.6424695614
1069	2.6435182174
1070	2.6453913587
1071	2.6474329093
1072	2.6489961693
1073	2.6501996120
1074	2.6516174063
1075	2.6530110510
1076	2.6537554531
1077	2.6539016503
1078	2.6536240609
1079	2.6527810637
1080	2.6514120996
1081	2.6493467787
1082	2.6466802599
1083	2.6442612254
1084	2.6420032965
1085	2.6398954163
1086	2.6385749744
1087	2.6382169126
1088	2.6387138785
1089	2.6397569311
1090	2.6411492396
1091	2.6425138889
1092	2.6435456785
1093	2.6442208936
1094	2.6444526215
1095	2.6445686831
1096	2.6452712443
1097	2.6466509754
1098	2.6483558900
1099	2.6502222704
1100	2.6523715137
1101	2.6546339515
1102	2.6563205066
1103	2.6574724070
1104	2.6584087610
1105	2.6592308964
1106	2.6597618729
1107	2.6595891525
1108	2.6591342771
1109	2.6585989785
1110	2.6574250619
1111	2.6558079876
1112	2.6541586160
1113	2.6523950841
1114	2.6507732679
1115	2.6493760761
1116	2.6478135086
1117	2.6461971347
1118	2.6447644454
1119	2.6433278145
1120	2.6419102047
1121	2.6408674019
1122	2.6403554062
1123	2.6399468858
1124	2.6396816141
1125	2.6400710873
1126	2.6412511851
1127	2.6432428352
1128	2.6456963737
1129	2.6485483083
1130	2.6515766658
1131	2.6540875649
1132	2.6558589345
1133	2.6569171104
1134	2.6572268490
1135	2.6563090842
1136	2.6541984265
1137	2.6518443754
1138	2.6497996883
1139	2.6482222185
1140	2.6471625861
1141	2.6465478072
1142	2.6463898939
1143	2.6465694597
1144	2.6467517684
1145	2.6469247484
1146	2.6474754253
1147	2.6485326960
1148	2.6500114527
1149	2.6519125177
1150	2.6542137320
1151	2.6564878639
1152	2.6584207239
1153	2.6599566421
1154	2.6609699828
1155	2.6617618215
1156	2.6620169542
1157	2.6614843491
1158	2.6608544200
1159	2.6600509972
1160	2.6585834110
1161	2.6566713808
1162	2.6546094224
1163	2.6523572321
1164	2.6498704669
1165	2.6473598647
1166	2.6450386295
1167	2.6428455646
1168	2.6410538593
1169	2.6399112228
1170	2.6395041103
1171	2.6397871941
1172	2.6405957527
1173	2.6421200873
1174	2.6441996512
1175	2.6465263321
1176	2.6488197363
1177	2.6508688605
1178	2.6527038098
1179	2.6540603928
1180	2.6547705506
1181	2.6549350877
1182	2.6548164891
1183	2.6547166224
1184	2.6543180474
1185	2.6537234037
1186	2.6537937825
1187	2.6544736712
1188	2.6553544030
1189	2.6564920906
1190	2.6573049914
1191	2.6571044953
1192	2.6561561229
1193	2.6548954388
1194	2.6537105440
1195	2.6525498959
1196	2.6511724105
1197	2.6498506839
1198	2.6489444771
1199	2.6488857884
1200	2.6498346520
1201	2.6517560658
1202	2.6540636493
1203	2.6559394900
1204	2.6574706526
1205	2.6591181470
1206	2.6612162341
1207	2.6636046280
1208	2.6657684965
1209	2.6674460520
1210	2.6686124559
1211	2.6692551436
1212	2.6693123338
1213	2.6688395043
1214	2.6679503734
1215	2.6666993834
1216	2.6652204969
1217	2.6635696184
1218	2.6616464455
1219	2.6596799925
1220	2.6581401852
1221	2.6572270367
1222	2.6568461254
1223	2.6566882620
1224	2.6566182145
1225	2.6566333574
1226	2.6566694159
1227	2.6568849026
1228	2.6573800481
1229	2.6579554371
1230	2.6583234758
1231	2.6586500147
1232	2.6590796246
1233	2.6591166045
1234	2.6587749730
1235	2.6586321956
1236	2.6588531892
1237	2.6595247976
1238	2.6605649759
1239	2.6616791231
1240	2.6629105971
1241	2.6642007382
1242	2.6654473502
1243	2.6666274433
1244	2.6676865747
1245	2.6686515267
1246	2.6694845769
1247	2.6700905025
1248	2.6702194355
1249	2.6698184521
1250	2.6691216663
1251	2.6682679082
1252	2.6672115369
1253	2.6659393590
1254	2.6647410488
1255	2.6636718575
1256	2.6624397811
1257	2.6610200045
1258	2.6595647953
1259	2.6581972097
1260	2.6570594114
1261	2.6564549246
1262	2.6565364440
1263	2.6570623203
1264	2.6579899377
1265	2.6593488000
1266	2.6608205646
1267	2.6621932052
1268	2.6635505721
1269	2.6648628772
1270	2.6661458849
1271	2.6673589195
1272	2.6683577041
1273	2.6692376924
1274	2.6699458727
1275	2.6703730299
1276	2.6705064713
1277	2.6703425439
1278	2.6699179137
1279	2.6692144142
1280	2.6681449309
1281	2.6666950306
1282	2.6650530914
1283	2.6633553750
1284	2.6616916981
1285	2.6602230740
1286	2.6591415526
1287	2.6586938888
1288	2.6589049606
1289	2.6595063533
1290	2.6604308718
1291	2.6617173551
1292	2.6631105773
1293	2.6643384160
1294	2.6653782207
1295	2.6662934608
1296	2.6670406754
1297	2.6676626557
1298	2.6683021162
1299	2.6689435610
1300	2.6695532172
1301	2.6701332981
1302	2.6706225000
1303	2.6709418457
1304	2.6710483377
1305	2.6710688707
1306	2.6711223302
1307	2.6711780056
1308	2.6713097007
1309	2.6716061434
1310	2.6719840260
1311	2.6723380894
1312	2.6726514885
1313	2.6729227561
1314	2.6731272090
1315	2.6732531819
1316	2.6732776107
1317	2.6732005119
1318	2.6731147530
1319	2.6730376896
1320	2.6729177603
1321	2.6727533132
1322	2.6725099736
1323	2.6722213266
1324	2.6719781256
1325	2.6718061502
1326	2.6716925277
1327	2.6716157885
1328	2.6715696698
1329	2.6715281434
1330	2.6714886912
1331	2.6714796294
1332	2.6714931349
1333	2.6715218317
1334	2.6715411162
1335	2.6715262943
1336	2.6714928398
1337	2.6714583903
1338	2.6714544167
1339	2.6714923389
1340	2.6715530862
1341	2.6716284209
1342	2.6717042442
1343	2.6717663494
1344	2.6718133519
1345	2.6718381843
1346	2.6718011010
1347	2.6716892808
1348	2.6715591033
1349	2.6714559570
1350	2.6713216825
1351	2.6710898763
1352	2.6707957044
1353	2.6704939703
1354	2.6702914700
1355	2.6702043027
1356	2.6701753577
1357	2.6702366959
1358	2.6703172021
1359	2.6703848689
1360	2.6704992001
1361	2.6706256766
1362	2.6707489637
1363	2.6709077998
1364	2.6711015293
1365	2.6712950573
1366	2.6714178046
1367	2.6713988495
1368	2.6712408806
1369	2.6710081636
1370	2.6707807969
1371	2.6705956884
1372	2.6704481909
1373	2.6703876715
1374	2.6705193695
1375	2.6707831284
1376	2.6710464580
1377	2.6713439160
1378	2.6716953670
1379	2.6720235242
1380	2.6722764603
1381	2.6724006952
1382	2.6723406412
1383	2.6721259259
1384	2.6718035696
1385	2.6713639801
1386	2.6708667551
1387	2.6704482567
1388	2.6701146500
1389	2.6697586848
1390	2.6692717529
1391	2.6685808662
1392	2.6676995742
1393	2.6667794767
1394	2.6660118916
1395	2.6652689935
1396	2.6643845120
1397	2.6636556976
1398	2.6632641793
1399	2.6630137331
1400	2.6627256037
1401	2.6623768483
1402	2.6620959805
1403	2.6618474411
1404	2.6616582098
1405	2.6617308916
1406	2.6623087336
1407	2.6634129538
1408	2.6646593408
1409	2.6660461318
1410	2.6675211856
1411	2.6689802659
1412	2.6706821572
1413	2.6724277043
1414	2.6739450557
1415	2.6752067596
1416	2.6760788361
1417	2.6764481475
1418	2.6762867271
1419	2.6755550981
1420	2.6743719831
1421	2.6729939425
1422	2.6714046866
1423	2.6694478595
1424	2.6672270305
1425	2.6650964593
1426	2.6631799460
1427	2.6614281946
1428	2.6600899032
1429	2.6594748067
1430	2.6596327432
1431	2.6605301312
1432	2.6621179577
1433	2.6641436897
1434	2.6664853999
1435	2.6688810045
1436	2.6708265130
1437	2.6721699327
1438	2.6728913422
1439	2.6730415987
1440	2.6726783415
1441	2.6720700927
1442	2.6715330822
1443	2.6710414828
1444	2.6705204265
1445	2.6697530597
1446	2.6686483810
1447	2.6671127161
1448	2.6649881712
1449	2.6625409719
1450	2.6598420742
1451	2.6570668073
1452	2.6547601268
1453	2.6526152221
1454	2.6503145243
1455	2.6482669314
1456	2.6468677880
1457	2.6463092177
1458	2.6464319320
1459	2.6472782153
1460	2.6490691987
1461	2.6515388128
1462	2.6541716136
1463	2.6567284487
1464	2.6590965602
1465	2.6610526392
1466	2.6623610212
1467	2.6627755003
1468	2.6626550576
1469	2.6626548487
1470	2.6625640606
1471	2.6621894494
1472	2.6619569916
1473	2.6618047066
1474	2.6615901073
1475	2.6615764787
1476	2.6616613318
1477	2.6615512779
1478	2.6612833953
1479	2.6608973139
1480	2.6600466428
1481	2.6586202727
1482	2.6569985190
1483	2.6552333887
1484	2.6533084641
1485	2.6514387834
1486	2.6496589431
1487	2.6475622953
1488	2.6448556661
1489	2.6420325687
1490	2.6393100978
1491	2.6368565769
1492	2.6347996606
1493	2.6332649600
1494	2.6328262696
1495	2.6331082157
1496	2.6335593921
1497	2.6340128222
1498	2.6346125792
1499	2.6354635844
1500	2.6362686038
1501	2.6371292114
1502	2.6381729689
1503	2.6395276546
1504	2.6408777132
1505	2.6420224534
1506	2.6435049345
1507	2.6451223910
1508	2.6464873330
1509	2.6479179923
1510	2.6493782852
1511	2.6509390567
1512	2.6528414295
1513	2.6545116107
1514	2.6557434286
1515	2.6565276224
1516	2.6562998905
1517	2.6548992993
1518	2.6527888453
1519	2.6505149535
1520	2.6481515922
1521	2.6455798813
1522	2.6429824518
1523	2.6409881331
1524	2.6402571440
1525	2.6407600827
1526	2.6417324971
1527	2.6423475515
1528	2.6424495149
1529	2.6419873886
1530	2.6413905642
1531	2.6417405930
1532	2.6428993646
1533	2.6440050663
1534	2.6448463681
1535	2.6457884212
1536	2.6472782701
1537	2.6493326669
1538	2.6518774179
1539	2.6545143626
1540	2.6565449282
1541	2.6579074657
1542	2.6590229728
1543	2.6601926632
1544	2.6611236952
1545	2.6615774459
1546	2.6617243591
1547	2.6614507884
1548	2.6608291774
1549	2.6597520363
1550	2.6582280729
1551	2.6569704840
1552	2.6561419520
1553	2.6555003843
1554	2.6546973529
1555	2.6532525624
1556	2.6512930283
1557	2.6493132685
1558	2.6476582768
1559	2.6465873272
1560	2.6460830559
1561	2.6459622333
1562	2.6461573570
1563	2.6466183894
1564	2.6472169782
1565	2.6475317208
1566	2.6475488689
1567	2.6480717432
1568	2.6492252098
1569	2.6501789312
1570	2.6509201901
1571	2.6518626465
1572	2.6526564033
1573	2.6534487571
1574	2.6545824755
1575	2.6557878208
1576	2.6568440869
1577	2.6576224279
1578	2.6582683925
1579	2.6588730460
1580	2.6594723024
1581	2.6601675943
1582	2.6612737693
1583	2.6630991422
1584	2.6651389468
1585	2.6669079726
1586	2.6682969393
1587	2.6693691008
1588	2.6699951858
1589	2.6700361114
1590	2.6697459807
1591	2.6693387915
1592	2.6691009402
1593	2.6689511135
1594	2.6685814548
1595	2.6679406649
1596	2.6670896089
1597	2.6661982296
1598	2.6653378838
1599	2.6644467645
1600	2.6635114446
1601	2.6625985750
1602	2.6617819102
1603	2.6610099966
1604	2.6602063349
1605	2.6596195821
1606	2.6596679931
1607	2.6604905695
1608	2.6618181636
1609	2.6636231505
1610	2.6658674152
1611	2.6679988799
1612	2.6698143584
1613	2.6712408793
1614	2.6722281202
1615	2.6729815658
1616	2.6733847968
1617	2.6733916577
1618	2.6730802162
1619	2.6722743612
1620	2.6710919891
1621	2.6698131770
1622	2.6683935407
1623	2.6669364769
1624	2.6658873130
1625	2.6653788849
1626	2.6651847167
1627	2.6652488663
1628	2.6657022733
1629	2.6665302008
1630	2.6675471880
1631	2.6687216578
1632	2.6699836093
1633	2.6712595970
1634	2.6726433060
1635	2.6739749218
1636	2.6751032217
1637	2.6760026089
1638	2.6765535045
1639	2.6766642900
1640	2.6762128486
1641	2.6752067226
1642	2.6737772229
1643	2.6721071166
1644	2.6702700711
1645	2.6681935331
1646	2.6660766745
1647	2.6642374452
1648	2.6628827870
1649	2.6620068997
1650	2.6616808167
1651	2.6620592460
1652	2.6628766649
1653	2.6639256893
1654	2.6653096559
1655	2.6670748995
1656	2.6690017944
1657	2.6706022607
1658	2.6717303967
1659	2.6727184667
1660	2.6736593649
1661	2.6745313228
1662	2.6752409614
1663	2.6754226249
1664	2.6749358111
1665	2.6739782927
1666	2.6728629968
1667	2.6717813560
1668	2.6708836152
1669	2.6701670568
1670	2.6694907205
1671	2.6689202187
1672	2.6685478058
1673	2.6681219302
1674	2.6672153138
1675	2.6658143660
1676	2.6639896944
1677	2.6620212597
1678	2.6601272312
1679	2.6581355105
1680	2.6565006585
1681	2.6556538544
1682	2.6555373936
1683	2.6560142205
1684	2.6568237798
1685	2.6577505177
1686	2.6588368293
1687	2.6603083650
1688	2.6620999562
1689	2.6640718256
1690	2.6660962032
1691	2.6679456382
1692	2.6695138754
1693	2.6707391665
1694	2.6715907702
1695	2.6720361092
1696	2.6720113274
1697	2.6714852940
1698	2.6704848280
1699	2.6690276677
1700	2.6669740074
1701	2.6644718337
1702	2.6621698794
1703	2.6603499743
1704	2.6588964208
1705	2.6578234319
1706	2.6573345728
1707	2.6575828992
1708	2.6584122262
1709	2.6597145947
1710	2.6614123580
1711	2.6633584061
1712	2.6654370995
1713	2.6674286795
1714	2.6690455955
1715	2.6700863274
1716	2.6706158678
1717	2.6707534913
1718	2.6706207524
1719	2.6704385411
1720	2.6702342172
1721	2.6699397921
1722	2.6693614253
1723	2.6683117215
1724	2.6667902347
1725	2.6646871456
1726	2.6623329468
1727	2.6600346304
1728	2.6573209001
1729	2.6541248869
1730	2.6510089807
1731	2.6482874615
1732	2.6460136102
1733	2.6440604165
1734	2.6422642776
1735	2.6410390836
1736	2.6407494060
1737	2.6412597492
1738	2.6426686122
1739	2.6449551352
1740	2.6478102479
1741	2.6508003407
1742	2.6537561495
1743	2.6567453225
1744	2.6594263453
1745	2.6618704732
1746	2.6640368580
1747	2.6654067268
1748	2.6660240914
1749	2.6661229615
1750	2.6658179021
1751	2.6651889387
1752	2.6644519990
1753	2.6637671537
1754	2.6629679562
1755	2.6618585910
1756	2.6602793361
1757	2.6580299891
1758	2.6553213856
1759	2.6527669758
1760	2.6505835159
1761	2.6483350296
1762	2.6459181125
1763	2.6438482554
1764	2.6420337561
1765	2.6401297858
1766	2.6380466231
1767	2.6362627998
1768	2.6351936678
1769	2.6346735235
1770	2.6347897527
1771	2.6351238202
1772	2.6358738278
1773	2.6375391915
1774	2.6394641283
1775	2.6412366711
1776	2.6429782932
1777	2.6445425959
1778	2.6454398843
1779	2.6455827390
1780	2.6450727496
1781	2.6442190663
1782	2.6432985062
1783	2.6423456596
1784	2.6415581374
1785	2.6407448135
1786	2.6397425343
1787	2.6385695523
1788	2.6374422058
1789	2.6363148000
1790	2.6346462005
1791	2.6326139251
1792	2.6299792733
1793	2.6262306768
1794	2.6223653209
1795	2.6192389643
1796	2.6168805759
1797	2.6154432504
1798	2.6150079123
1799	2.6157823553
1800	2.6175724170
1801	2.6192262384
1802	2.6201440229
1803	2.6207440196
1804	2.6208227761
1805	2.6201351574
1806	2.6191320552
1807	2.6180660748
1808	2.6173253619
1809	2.6166472391
1810	2.6150777307
1811	2.6125294944
1812	2.6095708738
1813	2.6063500842
1814	2.6026517247
1815	2.5994654105
1816	2.5978387275
1817	2.5974139633
1818	2.5978502624
1819	2.5987477106
1820	2.5996241558
1821	2.6004233024
1822	2.6013767823
1823	2.6026221896
1824	2.6036191048
1825	2.6045108981
1826	2.6058696702
1827	2.6071170971
1828	2.6075550489
1829	2.6073085502
1830	2.6068732918
1831	2.6058495692
1832	2.6037004451
1833	2.6003190493
1834	2.5952145148
1835	2.5881873252
1836	2.5792204730
1837	2.5691763008
1838	2.5591604960
1839	2.5498563113
1840	2.5421209526
1841	2.5359325234
1842	2.5319075985
1843	2.5307707465
1844	2.5317988380
1845	2.5347992379
1846	2.5399520260
1847	2.5463599133
1848	2.5534274958
1849	2.5610733654
1850	2.5690351854
1851	2.5778125450
1852	2.5858833303
1853	2.5911479159
1854	2.5943760726
1855	2.5961305878
1856	2.5965521982
1857	2.5962724177
1858	2.5951764205
1859	2.5921615577
1860	2.5867382168
1861	2.5802057299
1862	2.5738975371
1863	2.5681963976
1864	2.5630817821
1865	2.5574570519
1866	2.5511905198
1867	2.5463596059
1868	2.5443958448
1869	2.5456204223
1870	2.5489811856
1871	2.5532410089
1872	2.5573713504
1873	2.5603960845
1874	2.5623972504
1875	2.5632470790
1876	2.5630602824
1877	2.5618075226
1878	2.5594848679
1879	2.5561917843
1880	2.5524477948
1881	2.5487739780
1882	2.5441055030
1883	2.5391978871
1884	2.5359718596
1885	2.5341173309
1886	2.5316120027
1887	2.5276722715
1888	2.5236934799
1889	2.5199510051
1890	2.5158382247
1891	2.5111935613
1892	2.5054738277
1893	2.4985611526
1894	2.4912740155
1895	2.4847466568
1896	2.4803811857
1897	2.4789856948
1898	2.4806696951
1899	2.4861120134
1900	2.4946153044
1901	2.5035998104
1902	2.5114439528
1903	2.5172622547
1904	2.5214338304
1905	2.5253130528
1906	2.5288224266
1907	2.5315288655
1908	2.5332808214
1909	2.5341559959
1910	2.5338887460
1911	2.5321012766
1912	2.5292208182
1913	2.5252525776
1914	2.5209153855
1915	2.5168628087
1916	2.5123821649
1917	2.5076606498
1918	2.5031056527
1919	2.4987056271
1920	2.4951162011
1921	2.4924560605
1922	2.4900375638
1923	2.4877527011
1924	2.4855663311
1925	2.4836120416
1926	2.4816989306
1927	2.4784662234
1928	2.4752170001
1929	2.4745133217
1930	2.4754533841
1931	2.4772349272
1932	2.4802875969
1933	2.4841925487
1934	2.4888377532
1935	2.4944415998
1936	2.5008068958
1937	2.5069236646
1938	2.5125774254
1939	2.5179661075
1940	2.5223360772
1941	2.5250529129
1942	2.5250737990
1943	2.5227716874
1944	2.5198792282
1945	2.5174797002
1946	2.5157086801
1947	2.5142999378
1948	2.5140935800
1949	2.5143010305
1950	2.5127222771
1951	2.5087456087
1952	2.5034606145
1953	2.4976908950
1954	2.4913257426
1955	2.4853000738
1956	2.4804163133
1957	2.4770544007
1958	2.4751443406
1959	2.4740845895
1960	2.4739185044
1961	2.4752607456
1962	2.4787156683
1963	2.4838399848
1964	2.4896234210
1965	2.4955847980
1966	2.5014897123
1967	2.5067239351
1968	2.5113932307
1969	2.5155752949
1970	2.5190275555
1971	2.5218798591
1972	2.5240163067
1973	2.5256656771
1974	2.5259600558
1975	2.5243302019
1976	2.5225020297
1977	2.5201788917
1978	2.5154801648
1979	2.5097218414
1980	2.5042138352
1981	2.4994957584
1982	2.4959814226
1983	2.4918194274
1984	2.4868041093
1985	2.4814915930
1986	2.4759740103
1987	2.4709757601
1988	2.4670331977
1989	2.4641013669
1990	2.4613947364
1991	2.4605216392
1992	2.4629891684
1993	2.4685023984
1994	2.4773478633
1995	2.4887069656
1996	2.5002937404
1997	2.5107178116
1998	2.5212858829
1999	2.5332167470
2000	2.5453411815
2001	2.5559894745
2002	2.5641172806
2003	2.5691117681
2004	2.5705536012
2005	2.5685563448
2006	2.5629631849
2007	2.5538461981
2008	2.5424092840
2009	2.5288431526
2010	2.5132322964
2011	2.4965051366
2012	2.4791650752
2013	2.4620533748
2014	2.4468491070
2015	2.4353577440
2016	2.4281349275
2017	2.4247111701
2018	2.4245924481
2019	2.4276835724
2020	2.4341819492
2021	2.4435671499
2022	2.4542693638
2023	2.4648584385
2024	2.4752378481
2025	2.4858071762
2026	2.4968017207
2027	2.5069975769
2028	2.5149157780
2029	2.5212571476
2030	2.5259845259
2031	2.5280697460
2032	2.5270367056
2033	2.5234842810
2034	2.5198123609
2035	2.5170031755
2036	2.5147247934
2037	2.5135699155
2038	2.5131168798
2039	2.5118192001
2040	2.5092586525
2041	2.5063502611
2042	2.5030349623
2043	2.4987767637
2044	2.4948924072
2045	2.4927541855
2046	2.4927895451
2047	2.4948795623
2048	2.4981365316
2049	2.5017370682
2050	2.5050993833
2051	2.5081406964
2052	2.5110036310
2053	2.5131081091
2054	2.5137299465
2055	2.5134571451
2056	2.5122912643
2057	2.5101014978
2058	2.5083180955
2059	2.5075142687
2060	2.5090424100
2061	2.5120146240
2062	2.5129265273
2063	2.5119652026
2064	2.5106684888
2065	2.5095927399
2066	2.5088890109
2067	2.5086078288
2068	2.5083431095
2069	2.5083583924
2070	2.5094123275
2071	2.5109475424
2072	2.5125835441
2073	2.5138435739
2074	2.5140231083
2075	2.5131994119
2076	2.5121221882
2077	2.5111346967
2078	2.5101839069
2079	2.5097661663
2080	2.5101866913
2081	2.5104427676
2082	2.5096043410
2083	2.5080101243
2084	2.5057616494
2085	2.5030458100
2086	2.5004485999
2087	2.4980128711
2088	2.4952029876
2089	2.4922574476
2090	2.4893374714
2091	2.4858575445
2092	2.4827159667
2093	2.4817388298
2094	2.4835665948
2095	2.4865367514
2096	2.4897610554
2097	2.4942730146
2098	2.4998198671
2099	2.5048040603
2100	2.5085460834
2101	2.5116474668
2102	2.5141751553
2103	2.5158531113
2104	2.5163669770
2105	2.5158830141
2106	2.5148758200
2107	2.5143992130
2108	2.5156448321
2109	2.5180410410
2110	2.5213866919
2111	2.5248279119
2112	2.5275541152
2113	2.5294174940
2114	2.5289457940
2115	2.5271899506
2116	2.5253067226
2117	2.5230021685
2118	2.5215866413
2119	2.5207176975
2120	2.5194569297
2121	2.5191879844
2122	2.5209427895
2123	2.5236537896
2124	2.5262985110
2125	2.5289652770
2126	2.5313162465
2127	2.5332068090
2128	2.5345239112
2129	2.5350454357
2130	2.5353507648
2131	2.5356524899
2132	2.5353004500
2133	2.5342767555
2134	2.5337509865
2135	2.5337134577
2136	2.5334004091
2137	2.5332725246
2138	2.5341670890
2139	2.5359657450
2140	2.5379145199
2141	2.5401160026
2142	2.5425391804
2143	2.5449232297
2144	2.5474794781
2145	2.5499387171
2146	2.5522145960
2147	2.5550457545
2148	2.5589558369
2149	2.5638485160
2150	2.5693105723
2151	2.5748438551
2152	2.5803573179
2153	2.5853527604
2154	2.5891039281
2155	2.5921604849
2156	2.5952814839
2157	2.5982356575
2158	2.6005945693
2159	2.6023760578
2160	2.6035184178
2161	2.6036948651
2162	2.6033191222
2163	2.6028989013
2164	2.6023817882
2165	2.6022980502
2166	2.6028151234
2167	2.6029848445
2168	2.6011862353
2169	2.5970403877
2170	2.5919781038
2171	2.5862465914
2172	2.5802035467
2173	2.5751355896
2174	2.5718552776
2175	2.5707292506
2176	2.5713285027
2177	2.5734099555
2178	2.5773251513
2179	2.5830939324
2180	2.5894515988
2181	2.5954529812
2182	2.6012186247
2183	2.6069540195
2184	2.6127145116
2185	2.6178233489
2186	2.6215447329
2187	2.6233087310
2188	2.6233907812
2189	2.6224392754
2190	2.6211803748
2191	2.6201750000
2192	2.6186670209
2193	2.6163194407
2194	2.6137129702
2195	2.6122552629
2196	2.6129919504
2197	2.6154985730
2198	2.6192574686
2199	2.6232619375
2200	2.6266541888
2201	2.6299487703
2202	2.6330542704
2203	2.6354024290
2204	2.6367303690
2205	2.6363448531
2206	2.6345977228
2207	2.6322727906
2208	2.6295567143
2209	2.6271019313
2210	2.6255919448
2211	2.6247258348
2212	2.6245504957
2213	2.6256027337
2214	2.6271360039
2215	2.6286338270
2216	2.6307583590
2217	2.6341637434
2218	2.6384196945
2219	2.6426108081
2220	2.6462091075
2221	2.6486824647
2222	2.6498976047
2223	2.6501128050
2224	2.6494817099
2225	2.6479158610
2226	2.6456043090
2227	2.6427398589
2228	2.6395323459
2229	2.6364834134
2230	2.6334762843
2231	2.6302147309
2232	2.6270656570
2233	2.6247685043
2234	2.6231310402
2235	2.6212535618
2236	2.6193610720
2237	2.6185617072
2238	2.6193268610
2239	2.6210872003
2240	2.6234812687
2241	2.6263624996
2242	2.6294511771
2243	2.6328367413
2244	2.6363725462
2245	2.6400517670
2246	2.6437575674
2247	2.6472462512
2248	2.6502026773
2249	2.6517235322
2250	2.6516364231
2251	2.6499525509
2252	2.6469246170
2253	2.6433143220
2254	2.6397217484
2255	2.6366911813
2256	2.6339422656
2257	2.6315177180
2258	2.6294932861
2259	2.6272140668
2260	2.6247740262
2261	2.6223420679
2262	2.6203641736
2263	2.6197757018
2264	2.6199657007
2265	2.6200737046
2266	2.6206706983
2267	2.6218539360
2268	2.6233925952
2269	2.6253156664
2270	2.6270722942
2271	2.6287342416
2272	2.6310281156
2273	2.6338275090
2274	2.6366183971
2275	2.6394389932
2276	2.6421705003
2277	2.6444180450
2278	2.6464015749
2279	2.6482822657
2280	2.6495299711
2281	2.6499700777
2282	2.6501910203
2283	2.6506157738
2284	2.6510629830
2285	2.6515714553
2286	2.6526932128
2287	2.6543224953
2288	2.6556362087
2289	2.6559806894
2290	2.6552194568
2291	2.6532550512
2292	2.6500164438
2293	2.6461066306
2294	2.6422539609
2295	2.6387541475
2296	2.6357729736
2297	2.6332757290
2298	2.6305309709
2299	2.6275403017
2300	2.6247429282
2301	2.6221597609
2302	2.6201565553
2303	2.6186871470
2304	2.6178074186
2305	2.6176373583
2306	2.6183415742
2307	2.6198594804
2308	2.6219784582
2309	2.6252073527
2310	2.6294648823
2311	2.6341996837
2312	2.6388551300
2313	2.6432382258
2314	2.6472931670
2315	2.6504053852
2316	2.6518470933
2317	2.6512385812
2318	2.6491471796
2319	2.6467205895
2320	2.6443854367
2321	2.6416917675
2322	2.6387009231
2323	2.6358062661
2324	2.6332965965
2325	2.6313641165
2326	2.6298487247
2327	2.6287579018
2328	2.6275912954
2329	2.6257319053
2330	2.6238870789
2331	2.6228451688
2332	2.6225064071
2333	2.6227153107
2334	2.6234344452
2335	2.6243948182
2336	2.6251618808
2337	2.6261754009
2338	2.6279245812
2339	2.6299825414
2340	2.6318623780
2341	2.6333686059
2342	2.6349456899
2343	2.6361515671
2344	2.6362038963
2345	2.6353789839
2346	2.6342554502
2347	2.6334285621
2348	2.6324112829
2349	2.6305813949
2350	2.6278622314
2351	2.6242034784
2352	2.6200464295
2353	2.6157141870
2354	2.6115131815
2355	2.6083297546
2356	2.6062329280
2357	2.6049621961
2358	2.6053230411
2359	2.6066972891
2360	2.6079576326
2361	2.6093430351
2362	2.6103674722
2363	2.6107184176
2364	2.6109706165
2365	2.6109658081
2366	2.6104507902
2367	2.6102533828
2368	2.6110238631
2369	2.6122674317
2370	2.6134711374
2371	2.6145861004
2372	2.6159210874
2373	2.6176975517
2374	2.6197838576
2375	2.6214027070
2376	2.6213932148
2377	2.6200642413
2378	2.6179893754
2379	2.6149011282
2380	2.6107701940
2381	2.6063797457
2382	2.6027618178
2383	2.6000427301
2384	2.5985327228
2385	2.5986184563
2386	2.6002225628
2387	2.6025597580
2388	2.6048253503
2389	2.6072554242
2390	2.6102783630
2391	2.6145747721
2392	2.6199190211
2393	2.6255204343
2394	2.6305742904
2395	2.6337742681
2396	2.6349952061
2397	2.6350050914
2398	2.6345066866
2399	2.6335690492
2400	2.6317001855
2401	2.6291018716
2402	2.6261051240
2403	2.6231777859
2404	2.6207383868
2405	2.6180293516
2406	2.6145085612
2407	2.6105106894
2408	2.6066950489
2409	2.6030310809
2410	2.5989820656
2411	2.5954179636
2412	2.5932904434
2413	2.5923006790
2414	2.5916844356
2415	2.5911301961
2416	2.5910767520
2417	2.5911294737
2418	2.5906870938
2419	2.5906459336
2420	2.5907054348
2421	2.5901321214
2422	2.5900819543
2423	2.5905207510
2424	2.5914179428
2425	2.5937117132
2426	2.5969333797
2427	2.6001976647
2428	2.6030284850
2429	2.6050167820
2430	2.6060770743
2431	2.6068617495
2432	2.6076656332
2433	2.6087185087
2434	2.6103962871
2435	2.6126138785
2436	2.6149703258
2437	2.6163582064
2438	2.6161531275
2439	2.6144522315
2440	2.6116532687
2441	2.6079607112
2442	2.6036884612
2443	2.5989098702
2444	2.5933077919
2445	2.5876497505
2446	2.5825506532
2447	2.5781190128
2448	2.5740525699
2449	2.5706008492
2450	2.5682393860
2451	2.5663244373
2452	2.5643660365
2453	2.5625233723
2454	2.5624487278
2455	2.5652558838
2456	2.5693713875
2457	2.5737722859
2458	2.5790175342
2459	2.5846303067
2460	2.5896120506
2461	2.5937039805
2462	2.5968293384
2463	2.5987433702
2464	2.5995172336
2465	2.5995100088
2466	2.5985912229
2467	2.5966643724
2468	2.5940501773
2469	2.5912736985
2470	2.5884254359
2471	2.5855635020
2472	2.5829973360
2473	2.5807760158
2474	2.5787852140
2475	2.5770776748
2476	2.5756364567
2477	2.5739202395
2478	2.5719557127
2479	2.5700800481
2480	2.5688202105
2481	2.5683929011
2482	2.5689667347
2483	2.5711612225
2484	2.5744243010
2485	2.5785701400
2486	2.5836127686
2487	2.5892613226
2488	2.5955360720
2489	2.6015395747
2490	2.6066990224
2491	2.6111234557
2492	2.6145804822
2493	2.6164781724
2494	2.6166961954
2495	2.6159629946
2496	2.6143729840
2497	2.6115309008
2498	2.6072477810
2499	2.6017072016
2500	2.5951849469
2501	2.5876417512
2502	2.5799988040
2503	2.5739283539
2504	2.5704577785
2505	2.5695017387
2506	2.5700296606
2507	2.5712367777
2508	2.5732438870
2509	2.5756996196
2510	2.5781370554
2511	2.5808180528
2512	2.5836135095
2513	2.5860669164
2514	2.5873753483
2515	2.5876820359
2516	2.5874223156
2517	2.5867136909
2518	2.5863843750
2519	2.5855558584
2520	2.5839947240
2521	2.5840517300
2522	2.5865044534
2523	2.5902352444
2524	2.5944338678
2525	2.5977262734
2526	2.5991874068
2527	2.6001906515
2528	2.6016683257
2529	2.6036624859
2530	2.6058435264
2531	2.6075051714
2532	2.6087477586
2533	2.6095557349
2534	2.6101381202
2535	2.6109624975
2536	2.6118814758
2537	2.6122149700
2538	2.6113613095
2539	2.6098973232
2540	2.6084799706
2541	2.6068191591
2542	2.6047206447
2543	2.6028478089
2544	2.6017816493
2545	2.6011020729
2546	2.6006122617
2547	2.6004179347
2548	2.6006376748
2549	2.6019421462
2550	2.6045695422
2551	2.6079444688
2552	2.6108083423
2553	2.6126272377
2554	2.6134647151
2555	2.6130548998
2556	2.6122480718
2557	2.6116867179
2558	2.6112047516
2559	2.6108914571
2560	2.6114468526
2561	2.6136044840
2562	2.6169448959
2563	2.6210061119
2564	2.6261283000
2565	2.6323479984
2566	2.6388922974
2567	2.6448409009
2568	2.6494630108
2569	2.6525722948
2570	2.6541822198
2571	2.6546231941
2572	2.6541025444
2573	2.6524548224
2574	2.6498901674
2575	2.6464518151
2576	2.6427074980
2577	2.6388968283
2578	2.6345950258
2579	2.6299251746
2580	2.6254605034
2581	2.6216626731
2582	2.6182763563
2583	2.6156866228
2584	2.6145341382
2585	2.6147039068
2586	2.6165666042
2587	2.6203403441
2588	2.6249649450
2589	2.6298854981
2590	2.6351495012
2591	2.6401851896
2592	2.6447801341
2593	2.6487652768
2594	2.6522430987
2595	2.6556768805
2596	2.6584514411
2597	2.6598025507
2598	2.6597124471
2599	2.6584034650
2600	2.6563242414
2601	2.6539464196
2602	2.6514911521
2603	2.6491356473
2604	2.6470713298
2605	2.6453349205
2606	2.6439487761
2607	2.6429455474
2608	2.6422262497
2609	2.6418642553
2610	2.6419912447
2611	2.6430181352
2612	2.6451273454
2613	2.6474929767
2614	2.6497588653
2615	2.6522953408
2616	2.6550338428
2617	2.6573988388
2618	2.6593268402
2619	2.6612461560
2620	2.6631349236
2621	2.6648442581
2622	2.6661149687
2623	2.6665925642
2624	2.6662828362
2625	2.6653307495
2626	2.6637294663
2627	2.6617407191
2628	2.6596788835
2629	2.6576700008
2630	2.6559461110
2631	2.6545056671
2632	2.6534719219
2633	2.6530690492
2634	2.6533220704
2635	2.6540646325
2636	2.6549221543
2637	2.6557037464
2638	2.6563044358
2639	2.6568015850
2640	2.6573200421
2641	2.6579295666
2642	2.6586568148
2643	2.6593075353
2644	2.6598465324
2645	2.6600867881
2646	2.6599258843
2647	2.6595699659
2648	2.6591319432
2649	2.6587789160
2650	2.6585655441
2651	2.6587477335
2652	2.6594982884
2653	2.6604937094
2654	2.6611034761
2655	2.6606457402
2656	2.6591995661
2657	2.6573705943
2658	2.6553492237
2659	2.6530403293
2660	2.6505473541
2661	2.6480731621
2662	2.6459769438
2663	2.6444012186
2664	2.6434130782
2665	2.6431656772
2666	2.6435151255
2667	2.6442743288
2668	2.6453796345
2669	2.6470258661
2670	2.6490966683
2671	2.6515299892
2672	2.6544529916
2673	2.6575208876
2674	2.6603130712
2675	2.6626467468
2676	2.6646652660
2677	2.6661080827
2678	2.6667232011
2679	2.6670046488
2680	2.6671740144
2681	2.6670550504
2682	2.6665416003
2683	2.6655987766
2684	2.6643958681
2685	2.6631342489
2686	2.6616865968
2687	2.6596696154
2688	2.6571310926
2689	2.6543068212
2690	2.6509950327
2691	2.6473153326
2692	2.6437325896
2693	2.6403658828
2694	2.6375778212
2695	2.6360242873
2696	2.6356376888
2697	2.6363973233
2698	2.6381892124
2699	2.6406847015
2700	2.6442251995
2701	2.6481994834
2702	2.6518885610
2703	2.6555652554
2704	2.6591815039
2705	2.6625655731
2706	2.6657895437
2707	2.6687709060
2708	2.6710263497
2709	2.6723396706
2710	2.6728719744
2711	2.6728032763
2712	2.6722065193
2713	2.6710904195
2714	2.6693660548
2715	2.6669626164
2716	2.6643841890
2717	2.6620126422
2718	2.6597755501
2719	2.6578393913
2720	2.6566170554
2721	2.6562227924
2722	2.6565086888
2723	2.6574365272
2724	2.6591174481
2725	2.6612830753
2726	2.6631243713
2727	2.6642196547
2728	2.6648687044
2729	2.6658213191
2730	2.6672052939
2731	2.6687259153
2732	2.6702748173
2733	2.6714464568
2734	2.6721344202
2735	2.6724810945
2736	2.6726448142
2737	2.6725368527
2738	2.6719545139
2739	2.6710244653
2740	2.6696454238
2741	2.6676977355
2742	2.6653196850
2743	2.6626849512
2744	2.6600659204
2745	2.6577808431
2746	2.6559935868
2747	2.6545522433
2748	2.6533000447
2749	2.6522908859
2750	2.6514767594
2751	2.6510700764
2752	2.6510066900
2753	2.6506654800
2754	2.6502647884
2755	2.6506441012
2756	2.6519326372
2757	2.6537523879
2758	2.6560500057
2759	2.6587695925
2760	2.6614330225
2761	2.6635622928
2762	2.6650633368
2763	2.6659107654
2764	2.6663534052
2765	2.6664402135
2766	2.6660222393
2767	2.6653640227
2768	2.6642593947
2769	2.6627140628
2770	2.6605941002
2771	2.6576352803
2772	2.6546468910
2773	2.6519306970
2774	2.6489753857
2775	2.6458260017
2776	2.6428625411
2777	2.6402584474
2778	2.6384852647
2779	2.6378222568
2780	2.6380308012
2781	2.6388455918
2782	2.6397611782
2783	2.6403297483
2784	2.6400340721
2785	2.6387900584
2786	2.6373641052
2787	2.6359426864
2788	2.6343279384
2789	2.6325711852
2790	2.6305986680
2791	2.6286359487
2792	2.6272823533
2793	2.6265213250
2794	2.6262410794
2795	2.6266681427
2796	2.6276368450
2797	2.6293805630
2798	2.6319682514
2799	2.6347601930
2800	2.6371457468
2801	2.6393073732
2802	2.6415567897
2803	2.6430822417
2804	2.6434461776
2805	2.6426859369
2806	2.6414621266
2807	2.6405348599
2808	2.6396734674
2809	2.6391208287
2810	2.6393098075
2811	2.6400196808
2812	2.6408191853
2813	2.6413415561
2814	2.6408827505
2815	2.6388935110
2816	2.6355096786
2817	2.6310856044
2818	2.6259961095
2819	2.6208635514
2820	2.6166028311
2821	2.6134892089
2822	2.6110021919
2823	2.6090661037
2824	2.6081066518
2825	2.6076167714
2826	2.6070974710
2827	2.6069630237
2828	2.6076935596
2829	2.6092628277
2830	2.6108617338
2831	2.6123703249
2832	2.6139256468
2833	2.6150998777
2834	2.6159245476
2835	2.6167487328
2836	2.6179381863
2837	2.6189938659
2838	2.6191615157
2839	2.6185249885
2840	2.6173058856
2841	2.6161203128
2842	2.6152413628
2843	2.6145226807
2844	2.6138785363
2845	2.6124311757
2846	2.6097411287
2847	2.6066004937
2848	2.6039991889
2849	2.6015772706
2850	2.5989354362
2851	2.5964876371
2852	2.5939914478
2853	2.5917611140
2854	2.5902111433
2855	2.5891158466
2856	2.5876783496
2857	2.5854566095
2858	2.5829046451
2859	2.5807810237
2860	2.5803544225
2861	2.5809910741
2862	2.5801552427
2863	2.5769761875
2864	2.5730570001
2865	2.5693181866
2866	2.5663460102
2867	2.5651207681
2868	2.5654265565
2869	2.5671587793
2870	2.5698652471
2871	2.5728267804
2872	2.5753442977
2873	2.5774132018
2874	2.5797631462
2875	2.5820635409
2876	2.5838933208
2877	2.5854132867
2878	2.5869676707
2879	2.5879587592
2880	2.5872515343
2881	2.5859538278
2882	2.5852768075
2883	2.5834909031
2884	2.5801424651
2885	2.5760057243
2886	2.5711908883
2887	2.5672926110
2888	2.5649652081
2889	2.5637971823
2890	2.5638970129
2891	2.5650336351
2892	2.5672924746
2893	2.5710684976
2894	2.5757270537
2895	2.5806251448
2896	2.5862197909
2897	2.5922777443
2898	2.5976188309
2899	2.6008811803
2900	2.6014360463
2901	2.5996433315
2902	2.5959094005
2903	2.5911599807
2904	2.5857244266
2905	2.5792346458
2906	2.5722673279
2907	2.5652270204
2908	2.5587665073
2909	2.5534442844
2910	2.5488229001
2911	2.5448502283
2912	2.5419676665
2913	2.5410012534
2914	2.5416725550
2915	2.5431831357
2916	2.5452905093
2917	2.5478447247
2918	2.5515447593
2919	2.5560961681
2920	2.5604454415
2921	2.5646406930
2922	2.5688961460
2923	2.5726941340
2924	2.5755215516
2925	2.5777664462
2926	2.5797297127
2927	2.5809380280
2928	2.5810178131
2929	2.5797517967
2930	2.5766461253
2931	2.5723240299
2932	2.5676915241
2933	2.5628512266
2934	2.5577502139
2935	2.5516341059
2936	2.5439642997
2937	2.5354868664
2938	2.5280027398
2939	2.5214940468
2940	2.5151282629
2941	2.5104073233
2942	2.5081665985
2943	2.5081875463
2944	2.5098822024
2945	2.5126902504
2946	2.5169021395
2947	2.5225754547
2948	2.5300034730
2949	2.5388781265
2950	2.5483077883
2951	2.5576156591
2952	2.5662466283
2953	2.5738624835
2954	2.5798523311
2955	2.5842538918
2956	2.5874883726
2957	2.5897842625
2958	2.5922489046
2959	2.5956819302
2960	2.5988686068
2961	2.6008492583
2962	2.6010361132
2963	2.5984688812
2964	2.5933528235
2965	2.5853898501
2966	2.5751317889
2967	2.5644800816
2968	2.5539399331
2969	2.5435239806
2970	2.5339506879
2971	2.5260247897
2972	2.5204773554
2973	2.5183901472
2974	2.5197050503
2975	2.5236180184
2976	2.5295749124
2977	2.5377190568
2978	2.5475727460
2979	2.5568006984
2980	2.5650611868
2981	2.5731069679
2982	2.5799654505
2983	2.5848398679
2984	2.5881041137
2985	2.5906641707
2986	2.5922835149
2987	2.5914520805
2988	2.5884199696
2989	2.5846323007
2990	2.5803949282
2991	2.5756638679
2992	2.5703778685
2993	2.5641617167
2994	2.5571211016
2995	2.5507440774
2996	2.5461960854
2997	2.5438945573
2998	2.5441672425
2999	2.5463363031
