0	2.5912592505
1	2.5937025715
2	2.5985241351
3	2.6042053284
4	2.6106575241
5	2.6172180246
6	2.6239145336
7	2.6302429217
8	2.6362802668
9	2.6416613101
10	2.6464668341
11	2.6504812992
12	2.6537706640
13	2.6562578401
14	2.6579964037
15	2.6590168131
16	2.6593693527
17	2.6591560573
18	2.6584270822
19	2.6573263022
20	2.6558971392
21	2.6543041090
22	2.6525727603
23	2.6508708689
24	2.6491994421
25	2.6477103056
26	2.6463837591
27	2.6453335013
28	2.6445326399
29	2.6440363610
30	2.6438270159
31	2.6438904134
32	2.6442292921
33	2.6447646558
34	2.6455207142
35	2.6463740205
36	2.6473613853
37	2.6483437637
38	2.6493538598
39	2.6502633921
40	2.6510849371
41	2.6517271770
42	2.6521857551
43	2.6524319106
44	2.6524466767
45	2.6522502555
46	2.6517935117
47	2.6511364018
48	2.6502330217
49	2.6491902503
50	2.6479614508
51	2.6466483028
52	2.6452123869
53	2.6437640842
54	2.6422968183
55	2.6408759561
56	2.6395124032
57	2.6382421173
58	2.6371181751
59	2.6361086593
60	2.6352820254
61	2.6345873595
62	2.6341182426
63	2.6337656354
64	2.6335826389
65	2.6334639235
66	2.6334656497
67	2.6335450126
68	2.6337364378
69	2.6339669524
70	2.6341132127
71	2.6341696680
72	2.6341292773
73	2.6340801533
74	2.6338678666
75	2.6335095849
76	2.6329069903
77	2.6321711502
78	2.6312321448
79	2.6301530548
80	2.6289253053
81	2.6276142953
82	2.6261995306
83	2.6246172053
84	2.6229379093
85	2.6211312819
86	2.6192648465
87	2.6172917913
88	2.6154163971
89	2.6135837001
90	2.6118966335
91	2.6103469491
92	2.6090174113
93	2.6078138732
94	2.6067352366
95	2.6057983009
96	2.6049065297
97	2.6040874721
98	2.6032881460
99	2.6026017485
100	2.6019034646
101	2.6013330367
102	2.6008145021
103	2.6003981881
104	2.5999982460
105	2.5996589897
106	2.5992813269
107	2.5987869542
108	2.5981966633
109	2.5973883502
110	2.5963785660
111	2.5951004242
112	2.5936556719
113	2.5919173112
114	2.5900785231
115	2.5880961472
116	2.5860589906
117	2.5840161981
118	2.5820579606
119	2.5801587298
120	2.5783322158
121	2.5766119740
122	2.5748738476
123	2.5733299685
124	2.5719623124
125	2.5707938437
126	2.5695046063
127	2.5678795980
128	2.5657503626
129	2.5637219956
130	2.5624668614
131	2.5621491275
132	2.5620965930
133	2.5611336551
134	2.5589518030
135	2.5564279835
136	2.5549681481
137	2.5548270826
138	2.5555188119
139	2.5562118948
140	2.5568893037
141	2.5575086850
142	2.5575027440
143	2.5562475228
144	2.5541172719
145	2.5520864222
146	2.5505179338
147	2.5492568017
148	2.5480604892
149	2.5474299025
150	2.5471809698
151	2.5465387378
152	2.5449170148
153	2.5427170871
154	2.5400935879
155	2.5368725149
156	2.5331719437
157	2.5297880586
158	2.5274249647
159	2.5257796354
160	2.5249459580
161	2.5253018476
162	2.5267845505
163	2.5284806997
164	2.5301337380
165	2.5316648442
166	2.5327433020
167	2.5327096050
168	2.5316728467
169	2.5301453593
170	2.5278646274
171	2.5248749200
172	2.5218439984
173	2.5193081813
174	2.5170420680
175	2.5154444392
176	2.5148867247
177	2.5153283891
178	2.5162518613
179	2.5178012303
180	2.5199893251
181	2.5220379979
182	2.5236797514
183	2.5250098779
184	2.5256936389
185	2.5252501227
186	2.5240933875
187	2.5222300890
188	2.5195354699
189	2.5161394074
190	2.5127349434
191	2.5093734145
192	2.5061469140
193	2.5037199337
194	2.5020178431
195	2.5006176545
196	2.4998209567
197	2.5002999811
198	2.5019776107
199	2.5048600758
200	2.5081471486
201	2.5106312694
202	2.5118982174
203	2.5132888465
204	2.5157970201
205	2.5188496728
206	2.5212224420
207	2.5214820121
208	2.5193436973
209	2.5162035788
210	2.5133871012
211	2.5105053311
212	2.5075834369
213	2.5050214468
214	2.5029077404
215	2.5006170970
216	2.4976939774
217	2.4941677803
218	2.4909889466
219	2.4895569021
220	2.4897294900
221	2.4910117925
222	2.4937934093
223	2.4981315527
224	2.5026563285
225	2.5066620247
226	2.5100006558
227	2.5129845983
228	2.5158475384
229	2.5184425773
230	2.5208525266
231	2.5236563573
232	2.5267846791
233	2.5289327195
234	2.5298346251
235	2.5296963649
236	2.5279630878
237	2.5241529332
238	2.5190133710
239	2.5131277547
240	2.5070835382
241	2.5011635607
242	2.4956884670
243	2.4914320301
244	2.4882540923
245	2.4854349205
246	2.4829709614
247	2.4813393285
248	2.4797358273
249	2.4779825121
250	2.4768902635
251	2.4767988328
252	2.4775660541
253	2.4797233793
254	2.4836350592
255	2.4892784066
256	2.4963071071
257	2.5041290852
258	2.5128273981
259	2.5216532404
260	2.5296029716
261	2.5365020136
262	2.5423721600
263	2.5464410598
264	2.5488638134
265	2.5503446778
266	2.5507957236
267	2.5502003842
268	2.5489981479
269	2.5472731054
270	2.5448589937
271	2.5418441920
272	2.5381956276
273	2.5340122228
274	2.5286377076
275	2.5221148167
276	2.5148859943
277	2.5067051215
278	2.4977208832
279	2.4889101786
280	2.4805600573
281	2.4728195115
282	2.4667651482
283	2.4626812665
284	2.4604291711
285	2.4602609485
286	2.4623686761
287	2.4662182701
288	2.4715377738
289	2.4779776947
290	2.4853318762
291	2.4930654894
292	2.5006765912
293	2.5083628955
294	2.5155787183
295	2.5220816879
296	2.5282756660
297	2.5340371011
298	2.5390406376
299	2.5439117076
300	2.5486079465
301	2.5528075602
302	2.5567681629
303	2.5605029395
304	2.5636398841
305	2.5661057101
306	2.5678229170
307	2.5684480893
308	2.5678910242
309	2.5660365051
310	2.5630731888
311	2.5588108459
312	2.5535936716
313	2.5478426415
314	2.5414989537
315	2.5351526062
316	2.5295383421
317	2.5245761478
318	2.5205868685
319	2.5180633913
320	2.5166260182
321	2.5165310675
322	2.5181606483
323	2.5212231003
324	2.5250669466
325	2.5290907333
326	2.5324839284
327	2.5353913440
328	2.5385538323
329	2.5422577558
330	2.5456914680
331	2.5472733121
332	2.5464532175
333	2.5438040317
334	2.5414734626
335	2.5411305848
336	2.5417417886
337	2.5412762451
338	2.5390725263
339	2.5356196637
340	2.5327497349
341	2.5317411710
342	2.5318449450
343	2.5324347480
344	2.5336537450
345	2.5353442820
346	2.5366661846
347	2.5368420194
348	2.5357828668
349	2.5350349672
350	2.5357545513
351	2.5375751964
352	2.5393137195
353	2.5405300556
354	2.5416182982
355	2.5421639185
356	2.5417809176
357	2.5407180674
358	2.5399769389
359	2.5409532203
360	2.5437249809
361	2.5470587178
362	2.5510050804
363	2.5556754540
364	2.5602472151
365	2.5639786332
366	2.5667549522
367	2.5693438090
368	2.5724707076
369	2.5757534045
370	2.5786684913
371	2.5816822928
372	2.5845732950
373	2.5864307436
374	2.5864293855
375	2.5847903399
376	2.5820676950
377	2.5783217137
378	2.5737822864
379	2.5692013019
380	2.5656926301
381	2.5633753026
382	2.5615140180
383	2.5603527236
384	2.5603087291
385	2.5605102470
386	2.5606352051
387	2.5609028939
388	2.5617677791
389	2.5634669823
390	2.5656900378
391	2.5687105151
392	2.5730884802
393	2.5781362813
394	2.5828527751
395	2.5872668943
396	2.5910618649
397	2.5935324717
398	2.5939968403
399	2.5927096145
400	2.5902685028
401	2.5868382750
402	2.5827425757
403	2.5787700333
404	2.5754926614
405	2.5725256228
406	2.5698030845
407	2.5681257935
408	2.5673297763
409	2.5665063810
410	2.5657890493
411	2.5652045007
412	2.5647406594
413	2.5643750301
414	2.5643482981
415	2.5653926675
416	2.5674613077
417	2.5701463174
418	2.5738271589
419	2.5784080016
420	2.5828347019
421	2.5868963100
422	2.5905681376
423	2.5934917156
424	2.5950027283
425	2.5950600000
426	2.5941287360
427	2.5921250347
428	2.5890474595
429	2.5856073780
430	2.5825446758
431	2.5798608759
432	2.5777742112
433	2.5769410097
434	2.5771625502
435	2.5778305315
436	2.5792439600
437	2.5811443384
438	2.5830358397
439	2.5848387620
440	2.5866887024
441	2.5887523071
442	2.5906753733
443	2.5925473141
444	2.5949003389
445	2.5974710598
446	2.5999111540
447	2.6027739242
448	2.6058744695
449	2.6087464697
450	2.6113312169
451	2.6136577607
452	2.6155022687
453	2.6164818767
454	2.6166976202
455	2.6159686675
456	2.6138948171
457	2.6108307594
458	2.6076146194
459	2.6045499686
460	2.6018245707
461	2.5998208515
462	2.5984723257
463	2.5975379720
464	2.5978914728
465	2.6000076204
466	2.6032623423
467	2.6070652173
468	2.6108335814
469	2.6143573433
470	2.6176012219
471	2.6207833105
472	2.6240001309
473	2.6267203469
474	2.6286742597
475	2.6303396822
476	2.6315022766
477	2.6319151235
478	2.6319591372
479	2.6317903668
480	2.6316909406
481	2.6319037102
482	2.6323090902
483	2.6324434901
484	2.6322700169
485	2.6320909364
486	2.6317171428
487	2.6308288259
488	2.6296684975
489	2.6283733015
490	2.6267993454
491	2.6249643271
492	2.6229079983
493	2.6205031009
494	2.6182049372
495	2.6166650098
496	2.6156549226
497	2.6153926576
498	2.6163453110
499	2.6184681988
500	2.6213769364
501	2.6247042694
502	2.6282775246
503	2.6318535464
504	2.6351522320
505	2.6381259938
506	2.6405611711
507	2.6423851774
508	2.6439522720
509	2.6448537718
510	2.6448721336
511	2.6443225956
512	2.6432096649
513	2.6414158475
514	2.6391465738
515	2.6367557274
516	2.6344101191
517	2.6323064939
518	2.6306127967
519	2.6292935960
520	2.6285185909
521	2.6283477646
522	2.6281995404
523	2.6278307175
524	2.6275080959
525	2.6272399675
526	2.6267585684
527	2.6263374896
528	2.6257422866
529	2.6243337240
530	2.6223022521
531	2.6200325885
532	2.6180236397
533	2.6165350960
534	2.6150385800
535	2.6129369687
536	2.6106099618
537	2.6090664811
538	2.6090731161
539	2.6105414181
540	2.6132551900
541	2.6165303365
542	2.6196161428
543	2.6229502591
544	2.6265920163
545	2.6300911633
546	2.6332300714
547	2.6358183092
548	2.6377734534
549	2.6390218195
550	2.6391067336
551	2.6378746642
552	2.6360390294
553	2.6342727499
554	2.6323435193
555	2.6300415519
556	2.6273231404
557	2.6239124012
558	2.6198911694
559	2.6155169006
560	2.6108683694
561	2.6061950878
562	2.6023728709
563	2.5995366622
564	2.5973595564
565	2.5956463616
566	2.5940054326
567	2.5926463625
568	2.5918212638
569	2.5909895951
570	2.5901361393
571	2.5899681818
572	2.5904304901
573	2.5909122942
574	2.5909934046
575	2.5909850689
576	2.5908344581
577	2.5905307981
578	2.5904927010
579	2.5908074780
580	2.5921134011
581	2.5946653158
582	2.5978996914
583	2.6016210819
584	2.6056466433
585	2.6095659561
586	2.6133391346
587	2.6167629540
588	2.6196442474
589	2.6223277163
590	2.6250417834
591	2.6272290827
592	2.6287252801
593	2.6297763035
594	2.6298734013
595	2.6284331095
596	2.6254653718
597	2.6213718510
598	2.6164476111
599	2.6110954137
600	2.6055410859
601	2.6002966827
602	2.5957571899
603	2.5915001163
604	2.5876670875
605	2.5848151811
606	2.5826746622
607	2.5811982021
608	2.5807375885
609	2.5811975771
610	2.5828076097
611	2.5854872817
612	2.5889222266
613	2.5928562776
614	2.5971903675
615	2.6015358912
616	2.6050882761
617	2.6078903436
618	2.6099691638
619	2.6111090210
620	2.6114813391
621	2.6112605840
622	2.6108984729
623	2.6106324308
624	2.6099218835
625	2.6089150399
626	2.6078390244
627	2.6060108640
628	2.6030806708
629	2.5995856057
630	2.5956739565
631	2.5913220273
632	2.5871503946
633	2.5836148712
634	2.5810926171
635	2.5797310296
636	2.5795293368
637	2.5805779636
638	2.5828993267
639	2.5860070325
640	2.5896083044
641	2.5938399823
642	2.5983236039
643	2.6028156315
644	2.6074341484
645	2.6118806251
646	2.6159757310
647	2.6195970827
648	2.6221553510
649	2.6239904901
650	2.6251978175
651	2.6252912763
652	2.6242961944
653	2.6222318394
654	2.6190709416
655	2.6150988266
656	2.6113227683
657	2.6082616961
658	2.6055711664
659	2.6029489144
660	2.6004420410
661	2.5986937590
662	2.5983164406
663	2.5992548461
664	2.6009737608
665	2.6019115067
666	2.6011028523
667	2.5995425683
668	2.5983143238
669	2.5976553798
670	2.5973277262
671	2.5966382792
672	2.5951589207
673	2.5936690691
674	2.5928399641
675	2.5928472317
676	2.5934744889
677	2.5942653423
678	2.5952581171
679	2.5964106921
680	2.5968633882
681	2.5959719970
682	2.5943451574
683	2.5929517586
684	2.5924496501
685	2.5927643908
686	2.5932163003
687	2.5934630802
688	2.5937188876
689	2.5938522646
690	2.5940776695
691	2.5942677178
692	2.5941432758
693	2.5947433283
694	2.5959203634
695	2.5964988173
696	2.5961258258
697	2.5952015550
698	2.5942041599
699	2.5933660905
700	2.5929122907
701	2.5929854735
702	2.5937783362
703	2.5953210518
704	2.5969151444
705	2.5977418169
706	2.5975424618
707	2.5968424449
708	2.5960882752
709	2.5947584174
710	2.5931286634
711	2.5919984155
712	2.5913206029
713	2.5907712305
714	2.5901365522
715	2.5893762481
716	2.5891172640
717	2.5897234110
718	2.5909243159
719	2.5929717177
720	2.5959855529
721	2.5997709910
722	2.6038579812
723	2.6073487640
724	2.6098876791
725	2.6117950363
726	2.6127890470
727	2.6125241742
728	2.6114851811
729	2.6104359797
730	2.6095070417
731	2.6081976700
732	2.6062533452
733	2.6038701210
734	2.6011602282
735	2.5977409818
736	2.5940983860
737	2.5905005727
738	2.5869392222
739	2.5839021622
740	2.5809205530
741	2.5781157657
742	2.5762295661
743	2.5747414050
744	2.5728416107
745	2.5707644562
746	2.5691634957
747	2.5682021533
748	2.5678740805
749	2.5687242304
750	2.5712825663
751	2.5755207271
752	2.5807659504
753	2.5863966841
754	2.5920006398
755	2.5970259738
756	2.6011793852
757	2.6040474757
758	2.6057317980
759	2.6067364023
760	2.6068670851
761	2.6060203152
762	2.6048310621
763	2.6034452253
764	2.6016428608
765	2.5993926054
766	2.5968427054
767	2.5943687609
768	2.5915376973
769	2.5879870655
770	2.5844982000
771	2.5813716637
772	2.5782437933
773	2.5754047434
774	2.5731399714
775	2.5715645413
776	2.5703910535
777	2.5691849708
778	2.5679835863
779	2.5670588227
780	2.5665460243
781	2.5664275007
782	2.5672739450
783	2.5693723433
784	2.5727505092
785	2.5770011576
786	2.5820873368
787	2.5883864838
788	2.5946764657
789	2.6001850605
790	2.6050763860
791	2.6087837374
792	2.6112342561
793	2.6129765552
794	2.6141666189
795	2.6147666866
796	2.6144878264
797	2.6134310776
798	2.6123138069
799	2.6116928276
800	2.6114023920
801	2.6111425753
802	2.6109467123
803	2.6107174725
804	2.6103133774
805	2.6097867557
806	2.6095221755
807	2.6093767514
808	2.6090005653
809	2.6088538954
810	2.6092302962
811	2.6096068155
812	2.6097386228
813	2.6098164376
814	2.6099632847
815	2.6099950310
816	2.6094395371
817	2.6083563855
818	2.6068412436
819	2.6048187537
820	2.6029353975
821	2.6016866870
822	2.6010151321
823	2.6012905267
824	2.6025636830
825	2.6047495682
826	2.6075154990
827	2.6100604862
828	2.6123170211
829	2.6145220796
830	2.6164943878
831	2.6178662938
832	2.6189973685
833	2.6200839796
834	2.6209461386
835	2.6216954067
836	2.6225179444
837	2.6235153747
838	2.6244661526
839	2.6257320289
840	2.6275193523
841	2.6292508568
842	2.6309693124
843	2.6328123507
844	2.6344722015
845	2.6358021325
846	2.6364841118
847	2.6367272118
848	2.6369386348
849	2.6368403956
850	2.6363857630
851	2.6358017314
852	2.6349672333
853	2.6337405967
854	2.6324662105
855	2.6313341082
856	2.6301832813
857	2.6287718377
858	2.6269816807
859	2.6247161507
860	2.6220815265
861	2.6197914189
862	2.6180887010
863	2.6162335165
864	2.6138276353
865	2.6113795031
866	2.6095822782
867	2.6090281370
868	2.6098692245
869	2.6117458197
870	2.6139613072
871	2.6158467795
872	2.6175454077
873	2.6194768887
874	2.6214668904
875	2.6233788001
876	2.6249490097
877	2.6260377662
878	2.6269963543
879	2.6278393613
880	2.6287850752
881	2.6298864292
882	2.6311790432
883	2.6331770996
884	2.6358073594
885	2.6381898790
886	2.6399031214
887	2.6413940233
888	2.6427763808
889	2.6440630285
890	2.6453776906
891	2.6466304578
892	2.6476207382
893	2.6482118802
894	2.6484313148
895	2.6480540840
896	2.6469785269
897	2.6456709222
898	2.6443832353
899	2.6432139722
900	2.6421275864
901	2.6408195848
902	2.6394530095
903	2.6380623841
904	2.6366867088
905	2.6355788246
906	2.6346344000
907	2.6340247316
908	2.6341935749
909	2.6348602882
910	2.6354961518
911	2.6362792601
912	2.6374449698
913	2.6389204284
914	2.6405965011
915	2.6426080276
916	2.6451019468
917	2.6479195364
918	2.6508141163
919	2.6533931135
920	2.6552567296
921	2.6564470071
922	2.6571440038
923	2.6571963737
924	2.6565813543
925	2.6555158869
926	2.6540673676
927	2.6522050389
928	2.6499209735
929	2.6473804040
930	2.6447605927
931	2.6420787592
932	2.6396801964
933	2.6377498276
934	2.6363935607
935	2.6359647009
936	2.6364361238
937	2.6375889547
938	2.6389338668
939	2.6403084562
940	2.6418612084
941	2.6432280570
942	2.6442109990
943	2.6451847660
944	2.6463454767
945	2.6475958785
946	2.6490254231
947	2.6505335089
948	2.6520194268
949	2.6536042953
950	2.6551255353
951	2.6564008182
952	2.6575888113
953	2.6588418239
954	2.6600745940
955	2.6610934171
956	2.6619903362
957	2.6628013795
958	2.6632798111
959	2.6634116061
960	2.6632356975
961	2.6628832548
962	2.6623853748
963	2.6617499506
964	2.6611842813
965	2.6606530182
966	2.6601244563
967	2.6596750207
968	2.6590876044
969	2.6583012692
970	2.6575083290
971	2.6565063040
972	2.6552608332
973	2.6540522263
974	2.6530217298
975	2.6522297170
976	2.6517056076
977	2.6514686608
978	2.6514431502
979	2.6515639351
980	2.6517974364
981	2.6520663771
982	2.6523616786
983	2.6527092137
984	2.6529027802
985	2.6528691705
986	2.6531060683
987	2.6539754883
988	2.6553534869
989	2.6570132492
990	2.6586639315
991	2.6601230592
992	2.6612505447
993	2.6622060452
994	2.6632185992
995	2.6638815053
996	2.6637731262
997	2.6627715372
998	2.6612051346
999	2.6595236620
1000	2.6578051842
1001	2.6558652871
1002	2.6532839700
1003	2.6499588164
1004	2.6462268592
1005	2.6424510830
1006	2.6391051528
1007	2.6364963118
1008	2.6344643720
1009	2.6332234076
1010	2.6331725350
1011	2.6339498173
1012	2.6351283023
1013	2.6367416151
1014	2.6388183448
1015	2.6415006051
1016	2.6446805655
1017	2.6478437675
1018	2.6505861036
1019	2.6527792846
1020	2.6546714020
1021	2.6562883929
1022	2.6576152385
1023	2.6587217990
1024	2.6595013555
1025	2.6599584726
1026	2.6600812762
1027	2.6597587570
1028	2.6588752895
1029	2.6576178133
1030	2.6565210544
1031	2.6557223474
1032	2.6549008904
1033	2.6540926719
1034	2.6533141784
1035	2.6525617024
1036	2.6518423611
1037	2.6508587691
1038	2.6497645701
1039	2.6488460970
1040	2.6479497400
1041	2.6468813146
1042	2.6455919070
1043	2.6439958531
1044	2.6421909178
1045	2.6405826981
1046	2.6393441103
1047	2.6383603858
1048	2.6378378161
1049	2.6381707642
1050	2.6390473725
1051	2.6397571060
1052	2.6401744579
1053	2.6403750009
1054	2.6404502957
1055	2.6404949688
1056	2.6404774923
1057	2.6406672831
1058	2.6412144181
1059	2.6421478122
1060	2.6432942055
1061	2.6444346146
1062	2.6456297396
1063	2.6466758215
1064	2.6474052739
1065	2.6477565788
1066	2.6477543552
1067	2.6476431564
1068	2.6474553814
1069	2.6468409999
1070	2.6454428887
1071	2.6434886522
1072	2.6415134946
1073	2.6395545161
1074	2.6376011639
1075	2.6359237389
1076	2.6345289950
1077	2.6333018435
1078	2.6320360520
1079	2.6302704598
1080	2.6282416886
1081	2.6262790643
1082	2.6239109092
1083	2.6213652421
1084	2.6191506611
1085	2.6172980988
1086	2.6157564528
1087	2.6145960727
1088	2.6139893741
1089	2.6138282385
1090	2.6140657939
1091	2.6145302020
1092	2.6148981417
1093	2.6153905457
1094	2.6165269069
1095	2.6183268351
1096	2.6206423396
1097	2.6235173901
1098	2.6272045602
1099	2.6314618189
1100	2.6355135779
1101	2.6391419718
1102	2.6422767119
1103	2.6449733698
1104	2.6469847112
1105	2.6480129162
1106	2.6484745370
1107	2.6482613138
1108	2.6469405412
1109	2.6446825492
1110	2.6416394259
1111	2.6379945789
1112	2.6343442567
1113	2.6310365991
1114	2.6282684046
1115	2.6264852368
1116	2.6258199705
1117	2.6260415989
1118	2.6270646801
1119	2.6288779782
1120	2.6310858340
1121	2.6330156684
1122	2.6345788157
1123	2.6358523259
1124	2.6368503198
1125	2.6375641413
1126	2.6377242660
1127	2.6375880648
1128	2.6372693494
1129	2.6366214183
1130	2.6358241594
1131	2.6351622057
1132	2.6345892201
1133	2.6334703314
1134	2.6316714629
1135	2.6296311166
1136	2.6275781629
1137	2.6255898739
1138	2.6237254356
1139	2.6221828570
1140	2.6212177156
1141	2.6207722978
1142	2.6205690543
1143	2.6205003869
1144	2.6206516275
1145	2.6210540216
1146	2.6217418812
1147	2.6229077483
1148	2.6246502873
1149	2.6268549355
1150	2.6295607011
1151	2.6325686104
1152	2.6357286479
1153	2.6391155256
1154	2.6419784376
1155	2.6440275853
1156	2.6456934924
1157	2.6467084908
1158	2.6468150781
1159	2.6463596578
1160	2.6456308461
1161	2.6446451745
1162	2.6433481039
1163	2.6418060853
1164	2.6399843067
1165	2.6376845650
1166	2.6350170204
1167	2.6321154205
1168	2.6291957242
1169	2.6262706062
1170	2.6234264792
1171	2.6210684246
1172	2.6192378694
1173	2.6179637962
1174	2.6172161349
1175	2.6171973311
1176	2.6181245597
1177	2.6197655704
1178	2.6219317635
1179	2.6244917750
1180	2.6275764839
1181	2.6310965920
1182	2.6342221803
1183	2.6367191732
1184	2.6388893854
1185	2.6405443835
1186	2.6418486595
1187	2.6432819260
1188	2.6446459592
1189	2.6455489805
1190	2.6458832599
1191	2.6457589648
1192	2.6456260935
1193	2.6456137709
1194	2.6456253052
1195	2.6455363878
1196	2.6451289040
1197	2.6444389294
1198	2.6438420197
1199	2.6439336506
1200	2.6444153131
1201	2.6445908265
1202	2.6442280507
1203	2.6433462929
1204	2.6423398625
1205	2.6414939316
1206	2.6408444217
1207	2.6404508518
1208	2.6404285722
1209	2.6408636628
1210	2.6418028022
1211	2.6433009560
1212	2.6453237804
1213	2.6477430970
1214	2.6505390683
1215	2.6535998553
1216	2.6564635541
1217	2.6586931927
1218	2.6601735799
1219	2.6610702210
1220	2.6615775225
1221	2.6617972351
1222	2.6618300710
1223	2.6615943510
1224	2.6609632208
1225	2.6600498478
1226	2.6589820324
1227	2.6576094689
1228	2.6558174628
1229	2.6540240026
1230	2.6523713501
1231	2.6504987349
1232	2.6484620550
1233	2.6464220014
1234	2.6444908885
1235	2.6430486384
1236	2.6421102053
1237	2.6415898766
1238	2.6416317910
1239	2.6421186293
1240	2.6430071136
1241	2.6442232418
1242	2.6456436240
1243	2.6472750355
1244	2.6492270825
1245	2.6516104592
1246	2.6541672838
1247	2.6566546063
1248	2.6589466791
1249	2.6609449032
1250	2.6625315806
1251	2.6635627631
1252	2.6642038231
1253	2.6646435133
1254	2.6649005992
1255	2.6649973363
1256	2.6648698339
1257	2.6643941211
1258	2.6635625723
1259	2.6625876713
1260	2.6615694511
1261	2.6604287254
1262	2.6593402451
1263	2.6585036665
1264	2.6578888433
1265	2.6574862592
1266	2.6572780073
1267	2.6572379001
1268	2.6574673182
1269	2.6578186742
1270	2.6582089717
1271	2.6587482273
1272	2.6593447401
1273	2.6599995027
1274	2.6606301643
1275	2.6611109244
1276	2.6614919301
1277	2.6619007092
1278	2.6623804918
1279	2.6628784887
1280	2.6634769337
1281	2.6642305065
1282	2.6650714496
1283	2.6658457936
1284	2.6663807940
1285	2.6666728079
1286	2.6667479602
1287	2.6665143320
1288	2.6660377452
1289	2.6654689767
1290	2.6648324057
1291	2.6641359381
1292	2.6634282139
1293	2.6627312601
1294	2.6620001979
1295	2.6612810517
1296	2.6606401480
1297	2.6600682230
1298	2.6596066344
1299	2.6593339051
1300	2.6592395975
1301	2.6591724389
1302	2.6590567530
1303	2.6589713862
1304	2.6588634124
1305	2.6586641878
1306	2.6585004266
1307	2.6584499475
1308	2.6584812442
1309	2.6586176420
1310	2.6589189870
1311	2.6593751335
1312	2.6599691166
1313	2.6607054185
1314	2.6614116958
1315	2.6619208599
1316	2.6623439751
1317	2.6627600087
1318	2.6632453082
1319	2.6638813669
1320	2.6645133766
1321	2.6650944434
1322	2.6656656080
1323	2.6661564896
1324	2.6665604947
1325	2.6669411184
1326	2.6673436011
1327	2.6677303485
1328	2.6680310961
1329	2.6682248528
1330	2.6683348367
1331	2.6684078950
1332	2.6684631816
1333	2.6685054220
1334	2.6685626041
1335	2.6686390697
1336	2.6687150274
1337	2.6687905011
1338	2.6688690732
1339	2.6689429327
1340	2.6690173252
1341	2.6691089041
1342	2.6692091286
1343	2.6692919884
1344	2.6693498085
1345	2.6694006850
1346	2.6694748810
1347	2.6695700975
1348	2.6696507950
1349	2.6696918966
1350	2.6696688597
1351	2.6695938720
1352	2.6695024951
1353	2.6693847733
1354	2.6692766240
1355	2.6691891363
1356	2.6690759685
1357	2.6689669651
1358	2.6688452478
1359	2.6686271711
1360	2.6682867554
1361	2.6678495648
1362	2.6673875594
1363	2.6670153970
1364	2.6668024807
1365	2.6667473137
1366	2.6668077405
1367	2.6669447839
1368	2.6671786277
1369	2.6675457162
1370	2.6679700981
1371	2.6683333713
1372	2.6686913826
1373	2.6690745009
1374	2.6693825966
1375	2.6695889846
1376	2.6697352447
1377	2.6698505594
1378	2.6699543486
1379	2.6700490515
1380	2.6700892411
1381	2.6700663637
1382	2.6699977100
1383	2.6698336140
1384	2.6695237992
1385	2.6690843756
1386	2.6685711498
1387	2.6680802006
1388	2.6677070333
1389	2.6674441506
1390	2.6672117011
1391	2.6670559919
1392	2.6671140020
1393	2.6673197128
1394	2.6675536288
1395	2.6678919868
1396	2.6683759150
1397	2.6689234242
1398	2.6694008062
1399	2.6697554865
1400	2.6700447056
1401	2.6701830021
1402	2.6700053856
1403	2.6693902303
1404	2.6685054278
1405	2.6675306697
1406	2.6664980809
1407	2.6655373966
1408	2.6644441956
1409	2.6632287434
1410	2.6621216218
1411	2.6610254812
1412	2.6600383638
1413	2.6593335734
1414	2.6589579894
1415	2.6590263316
1416	2.6595565399
1417	2.6602577774
1418	2.6608541803
1419	2.6613589018
1420	2.6618693160
1421	2.6623578607
1422	2.6627499698
1423	2.6631819599
1424	2.6637895727
1425	2.6644792783
1426	2.6651680522
1427	2.6658578253
1428	2.6664972785
1429	2.6670597587
1430	2.6674771785
1431	2.6676108600
1432	2.6675649518
1433	2.6674019338
1434	2.6669996568
1435	2.6663592449
1436	2.6656389540
1437	2.6649281270
1438	2.6640207725
1439	2.6628256771
1440	2.6613787647
1441	2.6596906859
1442	2.6577918067
1443	2.6556973698
1444	2.6536221947
1445	2.6516742979
1446	2.6499190997
1447	2.6485241025
1448	2.6472441896
1449	2.6460712566
1450	2.6455071414
1451	2.6455985072
1452	2.6461453928
1453	2.6469959440
1454	2.6481949009
1455	2.6498227110
1456	2.6514866665
1457	2.6528577410
1458	2.6539109739
1459	2.6546443816
1460	2.6549845515
1461	2.6550252438
1462	2.6549461896
1463	2.6548928837
1464	2.6547929313
1465	2.6541242946
1466	2.6527700533
1467	2.6510019605
1468	2.6486800119
1469	2.6458709906
1470	2.6430706616
1471	2.6404147596
1472	2.6380514165
1473	2.6363453168
1474	2.6353172974
1475	2.6347731010
1476	2.6347064229
1477	2.6352136348
1478	2.6360299652
1479	2.6369146567
1480	2.6379367519
1481	2.6388538845
1482	2.6393750498
1483	2.6395890342
1484	2.6397516687
1485	2.6398645877
1486	2.6398153961
1487	2.6397224103
1488	2.6396818825
1489	2.6399209550
1490	2.6401728287
1491	2.6401480828
1492	2.6401244829
1493	2.6401432685
1494	2.6400639881
1495	2.6395256121
1496	2.6385877278
1497	2.6373701521
1498	2.6356990305
1499	2.6335003096
1500	2.6309261341
1501	2.6284662289
1502	2.6259346795
1503	2.6232903005
1504	2.6211588075
1505	2.6196044875
1506	2.6187027287
1507	2.6186544368
1508	2.6190109759
1509	2.6196584784
1510	2.6204724148
1511	2.6207857439
1512	2.6207023540
1513	2.6206270482
1514	2.6205512219
1515	2.6202959833
1516	2.6198192204
1517	2.6194658389
1518	2.6197209950
1519	2.6207885949
1520	2.6223192757
1521	2.6236887915
1522	2.6245500806
1523	2.6251255347
1524	2.6257775904
1525	2.6269752447
1526	2.6292965557
1527	2.6322657472
1528	2.6350352866
1529	2.6377144252
1530	2.6405494805
1531	2.6434922501
1532	2.6463309181
1533	2.6487262229
1534	2.6501697647
1535	2.6502069126
1536	2.6491710287
1537	2.6475912175
1538	2.6454992009
1539	2.6427102895
1540	2.6392688841
1541	2.6356171878
1542	2.6319083373
1543	2.6282438891
1544	2.6248327598
1545	2.6219005096
1546	2.6200835097
1547	2.6193777899
1548	2.6193957575
1549	2.6199550342
1550	2.6207572011
1551	2.6219596134
1552	2.6238773708
1553	2.6265686239
1554	2.6299363512
1555	2.6336520034
1556	2.6373345572
1557	2.6408465237
1558	2.6441281960
1559	2.6470347871
1560	2.6493678626
1561	2.6511517322
1562	2.6526998998
1563	2.6537618048
1564	2.6537248733
1565	2.6526643227
1566	2.6508643884
1567	2.6482145782
1568	2.6450955538
1569	2.6419273620
1570	2.6384553599
1571	2.6348042632
1572	2.6312709543
1573	2.6280711049
1574	2.6254061672
1575	2.6232734971
1576	2.6219460532
1577	2.6218470904
1578	2.6230841127
1579	2.6250020733
1580	2.6271248070
1581	2.6295183795
1582	2.6319143922
1583	2.6339864477
1584	2.6356144985
1585	2.6370677067
1586	2.6384993419
1587	2.6400080893
1588	2.6416182010
1589	2.6429940479
1590	2.6442370566
1591	2.6456129919
1592	2.6473045777
1593	2.6493194377
1594	2.6514052181
1595	2.6534341483
1596	2.6553471044
1597	2.6570685846
1598	2.6585127617
1599	2.6595781323
1600	2.6603112682
1601	2.6607932655
1602	2.6609132437
1603	2.6604902940
1604	2.6595418493
1605	2.6581666712
1606	2.6562738512
1607	2.6540818686
1608	2.6518956339
1609	2.6499022592
1610	2.6484393255
1611	2.6475289617
1612	2.6471637426
1613	2.6473106107
1614	2.6475715747
1615	2.6478712005
1616	2.6482925471
1617	2.6485243427
1618	2.6485893906
1619	2.6489423397
1620	2.6497070503
1621	2.6506560580
1622	2.6516994051
1623	2.6529260160
1624	2.6542592491
1625	2.6555033477
1626	2.6566196812
1627	2.6576209573
1628	2.6584702728
1629	2.6592853280
1630	2.6600181573
1631	2.6605322088
1632	2.6609299152
1633	2.6612051858
1634	2.6613586778
1635	2.6614501009
1636	2.6615178743
1637	2.6616665887
1638	2.6619061555
1639	2.6621223182
1640	2.6621059117
1641	2.6618384851
1642	2.6614524522
1643	2.6609486089
1644	2.6602962853
1645	2.6595293722
1646	2.6587990612
1647	2.6581023209
1648	2.6574657581
1649	2.6571143697
1650	2.6570959875
1651	2.6572249212
1652	2.6572487107
1653	2.6572328794
1654	2.6574949772
1655	2.6580917114
1656	2.6589139311
1657	2.6598024429
1658	2.6603716719
1659	2.6605048388
1660	2.6604263585
1661	2.6602866014
1662	2.6601027858
1663	2.6598616361
1664	2.6596512349
1665	2.6594885493
1666	2.6595064794
1667	2.6598956191
1668	2.6605853225
1669	2.6613293255
1670	2.6619855254
1671	2.6625271904
1672	2.6629105509
1673	2.6631589258
1674	2.6631335207
1675	2.6629078395
1676	2.6626921168
1677	2.6623708328
1678	2.6618897761
1679	2.6611624716
1680	2.6601464753
1681	2.6591130397
1682	2.6583230085
1683	2.6576896726
1684	2.6570972611
1685	2.6565745007
1686	2.6560454862
1687	2.6555295963
1688	2.6550595676
1689	2.6546206154
1690	2.6542748594
1691	2.6540848710
1692	2.6541373410
1693	2.6544781245
1694	2.6550649187
1695	2.6556990443
1696	2.6563168601
1697	2.6572699705
1698	2.6585618753
1699	2.6597442060
1700	2.6606379429
1701	2.6613092082
1702	2.6618784914
1703	2.6622741966
1704	2.6624891532
1705	2.6627336522
1706	2.6630893237
1707	2.6636034122
1708	2.6641599699
1709	2.6645196683
1710	2.6645677886
1711	2.6643662445
1712	2.6639854231
1713	2.6634227407
1714	2.6628581887
1715	2.6624654862
1716	2.6622768758
1717	2.6622825569
1718	2.6623862223
1719	2.6625803152
1720	2.6627888761
1721	2.6630695659
1722	2.6637014956
1723	2.6643704195
1724	2.6647446930
1725	2.6649666885
1726	2.6650837940
1727	2.6650986426
1728	2.6649706951
1729	2.6645679652
1730	2.6639175556
1731	2.6630820853
1732	2.6619425718
1733	2.6606074876
1734	2.6592748447
1735	2.6579427764
1736	2.6565453331
1737	2.6550048700
1738	2.6534165183
1739	2.6517766610
1740	2.6502263307
1741	2.6488132946
1742	2.6471544234
1743	2.6454771060
1744	2.6441571092
1745	2.6432003899
1746	2.6426712318
1747	2.6426869499
1748	2.6433418391
1749	2.6444794195
1750	2.6458303514
1751	2.6470745713
1752	2.6479044049
1753	2.6483612345
1754	2.6489437291
1755	2.6499737971
1756	2.6511790105
1757	2.6522984349
1758	2.6534398601
1759	2.6543903179
1760	2.6546145673
1761	2.6539627915
1762	2.6525638905
1763	2.6507624171
1764	2.6487214224
1765	2.6466210806
1766	2.6445170183
1767	2.6424867732
1768	2.6409754941
1769	2.6397870534
1770	2.6388958191
1771	2.6386214350
1772	2.6388627263
1773	2.6391907513
1774	2.6392951788
1775	2.6391793320
1776	2.6387338530
1777	2.6378556068
1778	2.6365495658
1779	2.6350605269
1780	2.6334449133
1781	2.6316317692
1782	2.6298431920
1783	2.6282720670
1784	2.6269219276
1785	2.6255457635
1786	2.6242159229
1787	2.6228331344
1788	2.6208244170
1789	2.6185782093
1790	2.6164950077
1791	2.6142075920
1792	2.6117743763
1793	2.6094948407
1794	2.6079627448
1795	2.6076444208
1796	2.6079683533
1797	2.6084000191
1798	2.6091356491
1799	2.6099185220
1800	2.6102545197
1801	2.6103513049
1802	2.6103961727
1803	2.6108002110
1804	2.6118093782
1805	2.6128542690
1806	2.6137585733
1807	2.6147309086
1808	2.6155787135
1809	2.6157167187
1810	2.6153219513
1811	2.6150283643
1812	2.6145003972
1813	2.6133982107
1814	2.6115631557
1815	2.6087174706
1816	2.6049086687
1817	2.6002571448
1818	2.5949989287
1819	2.5891641468
1820	2.5830781203
1821	2.5775638232
1822	2.5725517146
1823	2.5677647071
1824	2.5635447240
1825	2.5602770190
1826	2.5580502673
1827	2.5568835546
1828	2.5571684928
1829	2.5587305023
1830	2.5612148079
1831	2.5644228496
1832	2.5679429490
1833	2.5715770248
1834	2.5748009230
1835	2.5773247334
1836	2.5787762561
1837	2.5792069977
1838	2.5794245380
1839	2.5793490721
1840	2.5792797582
1841	2.5798616351
1842	2.5806147710
1843	2.5807409065
1844	2.5799266494
1845	2.5782255482
1846	2.5763105987
1847	2.5737097239
1848	2.5689415012
1849	2.5626439139
1850	2.5555251815
1851	2.5478195173
1852	2.5407028548
1853	2.5346790855
1854	2.5292044647
1855	2.5235973518
1856	2.5183546745
1857	2.5146029849
1858	2.5130333880
1859	2.5139011744
1860	2.5160283310
1861	2.5179066065
1862	2.5199558950
1863	2.5229651875
1864	2.5274253892
1865	2.5336120398
1866	2.5407752653
1867	2.5481276297
1868	2.5547566969
1869	2.5602819551
1870	2.5646405139
1871	2.5677053910
1872	2.5696610692
1873	2.5704826556
1874	2.5703733849
1875	2.5696812377
1876	2.5687716443
1877	2.5666240724
1878	2.5627048506
1879	2.5584882555
1880	2.5542696692
1881	2.5489615938
1882	2.5419040532
1883	2.5339875557
1884	2.5260971734
1885	2.5185796434
1886	2.5122943946
1887	2.5072916353
1888	2.5030151049
1889	2.4992856334
1890	2.4961282864
1891	2.4937928596
1892	2.4922879408
1893	2.4915757119
1894	2.4923126723
1895	2.4948180103
1896	2.4979731510
1897	2.5002422491
1898	2.5004967404
1899	2.4984521659
1900	2.4949590888
1901	2.4902457329
1902	2.4844251171
1903	2.4781901322
1904	2.4720299558
1905	2.4665095274
1906	2.4620305402
1907	2.4592459564
1908	2.4581638300
1909	2.4588255407
1910	2.4619358440
1911	2.4670574303
1912	2.4734998351
1913	2.4804190595
1914	2.4867028240
1915	2.4924112903
1916	2.4978100881
1917	2.5025250586
1918	2.5068204812
1919	2.5109030761
1920	2.5145898608
1921	2.5175970498
1922	2.5180718051
1923	2.5154158530
1924	2.5115409407
1925	2.5066502360
1926	2.5003873941
1927	2.4934021428
1928	2.4854699629
1929	2.4767012723
1930	2.4679746333
1931	2.4600227035
1932	2.4531741386
1933	2.4478871516
1934	2.4450740716
1935	2.4448639186
1936	2.4471562992
1937	2.4509595731
1938	2.4550061159
1939	2.4596118659
1940	2.4646400680
1941	2.4692024580
1942	2.4723660694
1943	2.4747951055
1944	2.4775788454
1945	2.4797776285
1946	2.4810114515
1947	2.4818945612
1948	2.4828884597
1949	2.4837311962
1950	2.4845112932
1951	2.4856279392
1952	2.4870471612
1953	2.4891062261
1954	2.4914619236
1955	2.4935375741
1956	2.4950973818
1957	2.4963808905
1958	2.4976505986
1959	2.4987027692
1960	2.4994034228
1961	2.4994687284
1962	2.4983405526
1963	2.4958463164
1964	2.4921815396
1965	2.4871806918
1966	2.4812397129
1967	2.4752000724
1968	2.4702850716
1969	2.4669283990
1970	2.4644346496
1971	2.4635917551
1972	2.4644012383
1973	2.4647493492
1974	2.4642629854
1975	2.4638385525
1976	2.4641746544
1977	2.4666312639
1978	2.4705562048
1979	2.4748294019
1980	2.4793540361
1981	2.4832619451
1982	2.4866555393
1983	2.4897772913
1984	2.4920937804
1985	2.4924879831
1986	2.4912646636
1987	2.4900744900
1988	2.4891509624
1989	2.4895024818
1990	2.4919522168
1991	2.4948302589
1992	2.4960067739
1993	2.4953866891
1994	2.4945039125
1995	2.4936684114
1996	2.4921918020
1997	2.4898350802
1998	2.4868605928
1999	2.4836637260
2000	2.4807150456
2001	2.4782651725
2002	2.4760987282
2003	2.4750487855
2004	2.4756205930
2005	2.4772323550
2006	2.4800632872
2007	2.4837049181
2008	2.4874642095
2009	2.4914472121
2010	2.4959326329
2011	2.5008137664
2012	2.5054844314
2013	2.5094469612
2014	2.5122431799
2015	2.5141119969
2016	2.5156899333
2017	2.5168319809
2018	2.5165212959
2019	2.5139775483
2020	2.5094298776
2021	2.5036315051
2022	2.4970875897
2023	2.4896960045
2024	2.4825220193
2025	2.4770558633
2026	2.4735113686
2027	2.4709595933
2028	2.4678086782
2029	2.4639270078
2030	2.4596306460
2031	2.4545880554
2032	2.4495216580
2033	2.4452647499
2034	2.4416629974
2035	2.4387821578
2036	2.4375011206
2037	2.4382458553
2038	2.4402795722
2039	2.4434341688
2040	2.4482308674
2041	2.4544781888
2042	2.4616576711
2043	2.4690911958
2044	2.4762776526
2045	2.4827502990
2046	2.4880801297
2047	2.4924903808
2048	2.4958639980
2049	2.4977786098
2050	2.4990151208
2051	2.5003457518
2052	2.5009985710
2053	2.5006494183
2054	2.4991678115
2055	2.4979023114
2056	2.4989918189
2057	2.5008318840
2058	2.5021485567
2059	2.5029532661
2060	2.5025574339
2061	2.5011508964
2062	2.4991690307
2063	2.4967619226
2064	2.4939701925
2065	2.4914284210
2066	2.4890783473
2067	2.4869498777
2068	2.4858762024
2069	2.4857459632
2070	2.4861563742
2071	2.4869469730
2072	2.4880407257
2073	2.4890309597
2074	2.4898009883
2075	2.4907699503
2076	2.4917865350
2077	2.4921901448
2078	2.4918995877
2079	2.4907127082
2080	2.4881809727
2081	2.4847092588
2082	2.4807028884
2083	2.4764798562
2084	2.4731680499
2085	2.4718885552
2086	2.4718406589
2087	2.4719967886
2088	2.4729735912
2089	2.4757810786
2090	2.4798556627
2091	2.4835372990
2092	2.4868581015
2093	2.4903609565
2094	2.4935228173
2095	2.4956663137
2096	2.4970355326
2097	2.4983343660
2098	2.5000875925
2099	2.5024726841
2100	2.5047359839
2101	2.5055102983
2102	2.5037731654
2103	2.4998878670
2104	2.4940471816
2105	2.4867178619
2106	2.4791589216
2107	2.4723174418
2108	2.4674059848
2109	2.4639034791
2110	2.4616694145
2111	2.4616441254
2112	2.4628432173
2113	2.4657795866
2114	2.4711198201
2115	2.4774391674
2116	2.4845144929
2117	2.4926080524
2118	2.5009146192
2119	2.5080803626
2120	2.5134178532
2121	2.5165738738
2122	2.5175215543
2123	2.5169022437
2124	2.5149159321
2125	2.5122272617
2126	2.5096955859
2127	2.5072610723
2128	2.5047361296
2129	2.5031579635
2130	2.5034108093
2131	2.5047873630
2132	2.5066485785
2133	2.5089437092
2134	2.5118488850
2135	2.5149983115
2136	2.5181884406
2137	2.5216221907
2138	2.5252433185
2139	2.5295376544
2140	2.5341307411
2141	2.5377455008
2142	2.5400014881
2143	2.5409444089
2144	2.5405525766
2145	2.5390178875
2146	2.5365325247
2147	2.5337445841
2148	2.5314193862
2149	2.5291685492
2150	2.5267446813
2151	2.5247776395
2152	2.5235608516
2153	2.5229593696
2154	2.5231676188
2155	2.5245289571
2156	2.5267455946
2157	2.5295386476
2158	2.5330085487
2159	2.5365375730
2160	2.5395838760
2161	2.5428937339
2162	2.5474930958
2163	2.5534238274
2164	2.5599149223
2165	2.5671776099
2166	2.5753812341
2167	2.5835190004
2168	2.5909739447
2169	2.5973776271
2170	2.6026656805
2171	2.6065263130
2172	2.6083875259
2173	2.6084595342
2174	2.6076284149
2175	2.6065504947
2176	2.6049119236
2177	2.6022784337
2178	2.5984602987
2179	2.5938593331
2180	2.5889260041
2181	2.5840512491
2182	2.5794908544
2183	2.5748136436
2184	2.5695778141
2185	2.5638833769
2186	2.5592127261
2187	2.5565256806
2188	2.5555724901
2189	2.5557842738
2190	2.5566937212
2191	2.5587632441
2192	2.5620409624
2193	2.5667519716
2194	2.5729185883
2195	2.5790843794
2196	2.5845077395
2197	2.5891236414
2198	2.5929447093
2199	2.5969748745
2200	2.6014478819
2201	2.6059725377
2202	2.6107543485
2203	2.6153319543
2204	2.6191952802
2205	2.6224028249
2206	2.6245774647
2207	2.6253777462
2208	2.6257153767
2209	2.6261758500
2210	2.6261884595
2211	2.6254825612
2212	2.6242778136
2213	2.6229076309
2214	2.6215594435
2215	2.6205309151
2216	2.6197948758
2217	2.6189826158
2218	2.6181099681
2219	2.6173608954
2220	2.6167718370
2221	2.6164234798
2222	2.6163600598
2223	2.6162731440
2224	2.6163198982
2225	2.6168616037
2226	2.6175558332
2227	2.6178834797
2228	2.6180719712
2229	2.6189752052
2230	2.6206005194
2231	2.6221499639
2232	2.6233904986
2233	2.6246902394
2234	2.6262144025
2235	2.6279696517
2236	2.6300782955
2237	2.6322335686
2238	2.6340695846
2239	2.6353445219
2240	2.6357510953
2241	2.6351703594
2242	2.6335495091
2243	2.6313906206
2244	2.6290856529
2245	2.6270306138
2246	2.6256697443
2247	2.6246219472
2248	2.6236088938
2249	2.6223098035
2250	2.6207148788
2251	2.6188642605
2252	2.6167900079
2253	2.6152481382
2254	2.6144336746
2255	2.6143807975
2256	2.6148429682
2257	2.6150975266
2258	2.6155457973
2259	2.6167662978
2260	2.6183673055
2261	2.6201494446
2262	2.6218911900
2263	2.6231605784
2264	2.6242120961
2265	2.6249905600
2266	2.6251817776
2267	2.6251841998
2268	2.6253616103
2269	2.6256332180
2270	2.6260564423
2271	2.6267033190
2272	2.6271303800
2273	2.6272371673
2274	2.6275936568
2275	2.6282651969
2276	2.6287514343
2277	2.6289269513
2278	2.6291724627
2279	2.6295145233
2280	2.6292309023
2281	2.6280420806
2282	2.6263296625
2283	2.6242328563
2284	2.6217284434
2285	2.6190138154
2286	2.6167087542
2287	2.6150903288
2288	2.6140812683
2289	2.6138306839
2290	2.6141846029
2291	2.6149019793
2292	2.6162972640
2293	2.6184940527
2294	2.6211745936
2295	2.6243257082
2296	2.6276228453
2297	2.6309061952
2298	2.6342566419
2299	2.6372635961
2300	2.6395671444
2301	2.6411224543
2302	2.6422269436
2303	2.6427121903
2304	2.6424782202
2305	2.6417251200
2306	2.6404145060
2307	2.6383915734
2308	2.6355077638
2309	2.6321559225
2310	2.6288263091
2311	2.6258778711
2312	2.6229969056
2313	2.6193262954
2314	2.6146534233
2315	2.6095617666
2316	2.6046093612
2317	2.5999819034
2318	2.5959138054
2319	2.5924704378
2320	2.5897146921
2321	2.5877494887
2322	2.5870868341
2323	2.5883178889
2324	2.5909894624
2325	2.5946408125
2326	2.5993772053
2327	2.6051379598
2328	2.6116866346
2329	2.6187132110
2330	2.6258501152
2331	2.6322444309
2332	2.6369593057
2333	2.6399818394
2334	2.6415507939
2335	2.6418738660
2336	2.6410150898
2337	2.6394682826
2338	2.6381671252
2339	2.6371405463
2340	2.6359220796
2341	2.6338492694
2342	2.6309353729
2343	2.6276071453
2344	2.6237811772
2345	2.6196043199
2346	2.6151634051
2347	2.6108101107
2348	2.6070074966
2349	2.6036361006
2350	2.6010413180
2351	2.5994310568
2352	2.5980819536
2353	2.5972361509
2354	2.5973547701
2355	2.5978378414
2356	2.5990234156
2357	2.6012893293
2358	2.6039864069
2359	2.6071880612
2360	2.6110247116
2361	2.6146340935
2362	2.6171101836
2363	2.6183164768
2364	2.6186160997
2365	2.6184257702
2366	2.6179763575
2367	2.6171207449
2368	2.6157373891
2369	2.6140354925
2370	2.6124361252
2371	2.6105444061
2372	2.6079044131
2373	2.6051081409
2374	2.6025610242
2375	2.6001977520
2376	2.5976521622
2377	2.5951126281
2378	2.5928962707
2379	2.5908604860
2380	2.5890106253
2381	2.5874300394
2382	2.5865937869
2383	2.5868532257
2384	2.5884306885
2385	2.5908807656
2386	2.5934041911
2387	2.5954611753
2388	2.5967324237
2389	2.5981519285
2390	2.6002460669
2391	2.6026176036
2392	2.6049301862
2393	2.6069769368
2394	2.6089094952
2395	2.6107363005
2396	2.6126007708
2397	2.6142714606
2398	2.6148185901
2399	2.6141876845
2400	2.6127803756
2401	2.6105227757
2402	2.6073368527
2403	2.6037153642
2404	2.6007824283
2405	2.5986871333
2406	2.5968796765
2407	2.5954881014
2408	2.5948026563
2409	2.5947153041
2410	2.5947099732
2411	2.5949879569
2412	2.5960020334
2413	2.5971863003
2414	2.5985082641
2415	2.6003558027
2416	2.6022213860
2417	2.6044499153
2418	2.6072461635
2419	2.6094643241
2420	2.6106351216
2421	2.6104920738
2422	2.6089237614
2423	2.6062247726
2424	2.6025160084
2425	2.5979312638
2426	2.5929400546
2427	2.5880623854
2428	2.5832447892
2429	2.5784843583
2430	2.5737940655
2431	2.5696893110
2432	2.5668429768
2433	2.5652388604
2434	2.5645922383
2435	2.5643472205
2436	2.5639453016
2437	2.5633792253
2438	2.5633891870
2439	2.5638928237
2440	2.5644459349
2441	2.5651941591
2442	2.5664600178
2443	2.5682983469
2444	2.5700634472
2445	2.5718185235
2446	2.5741123174
2447	2.5775211314
2448	2.5815784590
2449	2.5850866347
2450	2.5885934808
2451	2.5924613822
2452	2.5956713177
2453	2.5979000702
2454	2.5995328877
2455	2.6007042384
2456	2.6016730520
2457	2.6025736603
2458	2.6028442706
2459	2.6016049056
2460	2.5982827617
2461	2.5926358336
2462	2.5847089626
2463	2.5751061543
2464	2.5649148777
2465	2.5549261592
2466	2.5455054846
2467	2.5372268394
2468	2.5304919430
2469	2.5253246228
2470	2.5216095051
2471	2.5197001543
2472	2.5200346522
2473	2.5227055685
2474	2.5274222663
2475	2.5336186965
2476	2.5410181674
2477	2.5489431805
2478	2.5570761738
2479	2.5651322290
2480	2.5725142648
2481	2.5788835452
2482	2.5836728041
2483	2.5872088275
2484	2.5897336064
2485	2.5908807238
2486	2.5910458783
2487	2.5909785243
2488	2.5911413232
2489	2.5911282379
2490	2.5906794603
2491	2.5899855090
2492	2.5887178758
2493	2.5866150483
2494	2.5837251609
2495	2.5808297574
2496	2.5787794419
2497	2.5776905241
2498	2.5772707600
2499	2.5770342449
2500	2.5772293119
2501	2.5782186579
2502	2.5796606193
2503	2.5813651442
2504	2.5833981407
2505	2.5853148555
2506	2.5866627277
2507	2.5872909341
2508	2.5874231282
2509	2.5871490782
2510	2.5860869729
2511	2.5839025125
2512	2.5798743874
2513	2.5754080119
2514	2.5726184820
2515	2.5711004337
2516	2.5705901242
2517	2.5709271415
2518	2.5712281814
2519	2.5717947306
2520	2.5736851505
2521	2.5765824671
2522	2.5797673291
2523	2.5826351665
2524	2.5846520906
2525	2.5862052247
2526	2.5873474624
2527	2.5883729315
2528	2.5896220534
2529	2.5904953842
2530	2.5905706726
2531	2.5900759226
2532	2.5897130097
2533	2.5894132852
2534	2.5885333245
2535	2.5871774629
2536	2.5856315021
2537	2.5835899159
2538	2.5806225092
2539	2.5770007843
2540	2.5732630780
2541	2.5701248649
2542	2.5686538842
2543	2.5690371080
2544	2.5706631901
2545	2.5729744690
2546	2.5758208415
2547	2.5791155386
2548	2.5828271633
2549	2.5875723479
2550	2.5928757576
2551	2.5978182129
2552	2.6025865834
2553	2.6073343046
2554	2.6116914011
2555	2.6149677752
2556	2.6174204236
2557	2.6197883663
2558	2.6219630008
2559	2.6234466252
2560	2.6239762928
2561	2.6235355551
2562	2.6221729105
2563	2.6199571579
2564	2.6170380651
2565	2.6135186025
2566	2.6093478797
2567	2.6049622266
2568	2.6009524827
2569	2.5981433826
2570	2.5967270445
2571	2.5960534676
2572	2.5962591672
2573	2.5974702732
2574	2.5994528701
2575	2.6017487353
2576	2.6043678979
2577	2.6075486663
2578	2.6111967334
2579	2.6158009930
2580	2.6212521839
2581	2.6267689980
2582	2.6321813359
2583	2.6372327039
2584	2.6412819923
2585	2.6441414487
2586	2.6458458831
2587	2.6468335740
2588	2.6475513461
2589	2.6476059812
2590	2.6468965989
2591	2.6456678095
2592	2.6441524710
2593	2.6427958672
2594	2.6418404343
2595	2.6412395745
2596	2.6407946491
2597	2.6401461788
2598	2.6389076444
2599	2.6369791162
2600	2.6344213992
2601	2.6313015985
2602	2.6279814047
2603	2.6249752212
2604	2.6228292023
2605	2.6215220620
2606	2.6204924478
2607	2.6201332344
2608	2.6209671838
2609	2.6225927825
2610	2.6245956313
2611	2.6271235119
2612	2.6303824591
2613	2.6340844758
2614	2.6380791692
2615	2.6421786945
2616	2.6460002493
2617	2.6495061278
2618	2.6525537709
2619	2.6548356193
2620	2.6563944174
2621	2.6573632689
2622	2.6578035948
2623	2.6579157969
2624	2.6576738044
2625	2.6571706608
2626	2.6567615657
2627	2.6565413968
2628	2.6565004289
2629	2.6564973566
2630	2.6564119617
2631	2.6562393999
2632	2.6560290581
2633	2.6557993596
2634	2.6554121528
2635	2.6549505061
2636	2.6545997854
2637	2.6544610575
2638	2.6544403881
2639	2.6544077466
2640	2.6543009770
2641	2.6538577716
2642	2.6531002255
2643	2.6522144839
2644	2.6515304191
2645	2.6514149955
2646	2.6518122248
2647	2.6524367161
2648	2.6529630752
2649	2.6535838702
2650	2.6545818777
2651	2.6557795736
2652	2.6568828175
2653	2.6576698878
2654	2.6580545902
2655	2.6580700870
2656	2.6577693411
2657	2.6572184204
2658	2.6564737712
2659	2.6554833384
2660	2.6543925778
2661	2.6533812145
2662	2.6524816789
2663	2.6515078723
2664	2.6504831370
2665	2.6496638696
2666	2.6488583319
2667	2.6480557361
2668	2.6475298934
2669	2.6474219239
2670	2.6474528278
2671	2.6475542510
2672	2.6481430873
2673	2.6490392585
2674	2.6499116610
2675	2.6506909707
2676	2.6514134207
2677	2.6523576712
2678	2.6536087474
2679	2.6548238678
2680	2.6556476827
2681	2.6561320777
2682	2.6563377797
2683	2.6559992659
2684	2.6552486994
2685	2.6543946681
2686	2.6534317578
2687	2.6526395392
2688	2.6523014717
2689	2.6522060386
2690	2.6521885644
2691	2.6521816946
2692	2.6522193675
2693	2.6525768932
2694	2.6529211670
2695	2.6531485558
2696	2.6536344875
2697	2.6541527478
2698	2.6546985266
2699	2.6554190324
2700	2.6561211661
2701	2.6564995941
2702	2.6564210313
2703	2.6559295931
2704	2.6550966906
2705	2.6541147279
2706	2.6531074726
2707	2.6520769966
2708	2.6510251041
2709	2.6501594130
2710	2.6492987749
2711	2.6480207394
2712	2.6464791834
2713	2.6449389270
2714	2.6433864682
2715	2.6417743779
2716	2.6404226678
2717	2.6398707262
2718	2.6402714797
2719	2.6410771125
2720	2.6416657825
2721	2.6419520265
2722	2.6422823588
2723	2.6428894222
2724	2.6438054348
2725	2.6451342060
2726	2.6466096821
2727	2.6481445553
2728	2.6498915041
2729	2.6517953132
2730	2.6537319973
2731	2.6554835558
2732	2.6570714492
2733	2.6583921900
2734	2.6592583065
2735	2.6597031426
2736	2.6597734385
2737	2.6595553130
2738	2.6591202312
2739	2.6585181905
2740	2.6576871375
2741	2.6565296000
2742	2.6550245882
2743	2.6532010317
2744	2.6512902094
2745	2.6493149602
2746	2.6470369370
2747	2.6446813758
2748	2.6425072603
2749	2.6404497315
2750	2.6386486793
2751	2.6374726863
2752	2.6370575320
2753	2.6371638377
2754	2.6375645769
2755	2.6381800995
2756	2.6389225219
2757	2.6397748746
2758	2.6405959163
2759	2.6413118341
2760	2.6421379880
2761	2.6429276285
2762	2.6436232688
2763	2.6440318786
2764	2.6439802523
2765	2.6441996841
2766	2.6448996451
2767	2.6457214402
2768	2.6465561310
2769	2.6472975574
2770	2.6479522632
2771	2.6486994779
2772	2.6494507302
2773	2.6498247012
2774	2.6496479339
2775	2.6487527650
2776	2.6468625330
2777	2.6437105443
2778	2.6394505991
2779	2.6346578991
2780	2.6295587768
2781	2.6245884715
2782	2.6203592266
2783	2.6170058288
2784	2.6148035404
2785	2.6139459041
2786	2.6141065856
2787	2.6149902112
2788	2.6164456404
2789	2.6181800036
2790	2.6203275383
2791	2.6228084782
2792	2.6248577256
2793	2.6261443716
2794	2.6269730154
2795	2.6278941967
2796	2.6288272033
2797	2.6296295021
2798	2.6302867908
2799	2.6308581573
2800	2.6311612358
2801	2.6302250271
2802	2.6282096455
2803	2.6256281961
2804	2.6225403670
2805	2.6194857336
2806	2.6168675777
2807	2.6144255119
2808	2.6118627370
2809	2.6092561830
2810	2.6064676375
2811	2.6034597952
2812	2.6006472409
2813	2.5985798013
2814	2.5972332854
2815	2.5963241415
2816	2.5961440144
2817	2.5969356590
2818	2.5981504457
2819	2.5993417468
2820	2.6009158720
2821	2.6033451557
2822	2.6065728478
2823	2.6099960179
2824	2.6135022564
2825	2.6169927661
2826	2.6196844544
2827	2.6212287509
2828	2.6217764330
2829	2.6217539967
2830	2.6212661715
2831	2.6201269823
2832	2.6183888804
2833	2.6161899447
2834	2.6140521243
2835	2.6122331585
2836	2.6106333434
2837	2.6090019270
2838	2.6064259316
2839	2.6026031261
2840	2.5980980858
2841	2.5934377730
2842	2.5886953980
2843	2.5839442741
2844	2.5795042803
2845	2.5751190925
2846	2.5713370506
2847	2.5690228144
2848	2.5680330964
2849	2.5676925325
2850	2.5669789469
2851	2.5653113274
2852	2.5631561842
2853	2.5622639419
2854	2.5631772818
2855	2.5647882074
2856	2.5668401548
2857	2.5695967828
2858	2.5727749592
2859	2.5761468474
2860	2.5797932096
2861	2.5832269596
2862	2.5863837173
2863	2.5891995916
2864	2.5912058916
2865	2.5920953250
2866	2.5918329220
2867	2.5907799469
2868	2.5885387728
2869	2.5850384903
2870	2.5808517899
2871	2.5763400584
2872	2.5711756399
2873	2.5651480507
2874	2.5598576661
2875	2.5561503882
2876	2.5530802847
2877	2.5504558170
2878	2.5477961952
2879	2.5444157517
2880	2.5413483748
2881	2.5388036317
2882	2.5366193659
2883	2.5351529509
2884	2.5339013255
2885	2.5331052550
2886	2.5330584652
2887	2.5330483171
2888	2.5329653301
2889	2.5336605961
2890	2.5356043601
2891	2.5386527735
2892	2.5422090615
2893	2.5455084342
2894	2.5481316199
2895	2.5499571009
2896	2.5516487607
2897	2.5534000973
2898	2.5547006853
2899	2.5557930579
2900	2.5568092892
2901	2.5580598898
2902	2.5599204721
2903	2.5618591139
2904	2.5635614788
2905	2.5650562916
2906	2.5667630856
2907	2.5689337106
2908	2.5712536921
2909	2.5733349474
2910	2.5748284472
2911	2.5760272364
2912	2.5764663694
2913	2.5753942041
2914	2.5732765979
2915	2.5703664950
2916	2.5663413044
2917	2.5611922948
2918	2.5555098528
2919	2.5498430679
2920	2.5443062610
2921	2.5390816267
2922	2.5341264764
2923	2.5287052953
2924	2.5225144482
2925	2.5161290511
2926	2.5109120175
2927	2.5083720351
2928	2.5084321475
2929	2.5102491933
2930	2.5137778935
2931	2.5193375473
2932	2.5259309646
2933	2.5322874491
2934	2.5389370329
2935	2.5461911904
2936	2.5538025092
2937	2.5610909521
2938	2.5667754281
2939	2.5703056907
2940	2.5712427666
2941	2.5697968714
2942	2.5663311852
2943	2.5611864022
2944	2.5552441695
2945	2.5490264753
2946	2.5431239197
2947	2.5378904087
2948	2.5337452920
2949	2.5304670117
2950	2.5273898849
2951	2.5249912383
2952	2.5234138985
2953	2.5220401889
2954	2.5208424055
2955	2.5200152129
2956	2.5195623791
2957	2.5199424935
2958	2.5206170813
2959	2.5216003552
2960	2.5242096075
2961	2.5282552644
2962	2.5331366979
2963	2.5385326898
2964	2.5440181183
2965	2.5491704200
2966	2.5540069516
2967	2.5583069772
2968	2.5611981127
2969	2.5627003472
2970	2.5641819210
2971	2.5665570599
2972	2.5687835886
2973	2.5707758954
2974	2.5730522020
2975	2.5746244420
2976	2.5748222697
2977	2.5739341281
2978	2.5729280689
2979	2.5720830403
2980	2.5704989218
2981	2.5680793649
2982	2.5652640861
2983	2.5622573745
2984	2.5599760784
2985	2.5589223134
2986	2.5584793789
2987	2.5580832725
2988	2.5577895010
2989	2.5575959822
2990	2.5574839019
2991	2.5576440951
2992	2.5576304410
2993	2.5579174705
2994	2.5595089659
2995	2.5619435732
2996	2.5645565914
2997	2.5668417245
2998	2.5682727266
2999	2.5688725307
