0	0.6478802841
1	0.6479061624
2	0.6479720492
3	0.6480547690
4	0.6481530952
5	0.6482609600
6	0.6483774713
7	0.6484993614
8	0.6486259569
9	0.6487550215
10	0.6488860507
11	0.6490173173
12	0.6491484566
13	0.6492780367
14	0.6494058125
15	0.6495305436
16	0.6496520889
17	0.6497693423
18	0.6498822541
19	0.6499898188
20	0.6500920672
21	0.6501880731
22	0.6502779387
23	0.6503608025
24	0.6504368301
25	0.6505052145
26	0.6505661775
27	0.6506189595
28	0.6506638321
29	0.6507000777
30	0.6507280137
31	0.6507469623
32	0.6507572857
33	0.6507583450
34	0.6507505388
35	0.6507332467
36	0.6507068709
37	0.6506707891
38	0.6506254292
39	0.6505702382
40	0.6505057250
41	0.6504313615
42	0.6503476014
43	0.6502538771
44	0.6501507023
45	0.6500376237
46	0.6499151500
47	0.6497827404
48	0.6496409023
49	0.6494892326
50	0.6493282478
51	0.6491574424
52	0.6489773214
53	0.6487875294
54	0.6485885606
55	0.6483800368
56	0.6481625066
57	0.6479354925
58	0.6476990644
59	0.6474528475
60	0.6471980277
61	0.6469354008
62	0.6466653013
63	0.6463853296
64	0.6460931880
65	0.6457894835
66	0.6454793777
67	0.6451660437
68	0.6448466263
69	0.6445156343
70	0.6441729736
71	0.6438225840
72	0.6434648891
73	0.6430962380
74	0.6427172387
75	0.6423332628
76	0.6419445094
77	0.6415466137
78	0.6411401821
79	0.6407295377
80	0.6403119570
81	0.6398835074
82	0.6394468885
83	0.6390052226
84	0.6385538329
85	0.6380923124
86	0.6376254761
87	0.6371529075
88	0.6366699490
89	0.6361812243
90	0.6356887657
91	0.6351881243
92	0.6346796033
93	0.6341686175
94	0.6336504543
95	0.6331237541
96	0.6325932547
97	0.6320579414
98	0.6315130702
99	0.6309643460
100	0.6304113399
101	0.6298495456
102	0.6292824704
103	0.6287131307
104	0.6281351550
105	0.6275523624
106	0.6269674528
107	0.6263752535
108	0.6257776448
109	0.6251791367
110	0.6245731947
111	0.6239623487
112	0.6233504649
113	0.6227318615
114	0.6221079306
115	0.6214836605
116	0.6208534121
117	0.6202198724
118	0.6195863037
119	0.6189448918
120	0.6182974863
121	0.6176501575
122	0.6170022782
123	0.6163613326
124	0.6157247947
125	0.6150724882
126	0.6144016933
127	0.6137244282
128	0.6130608491
129	0.6124310594
130	0.6118178405
131	0.6111818528
132	0.6105150324
133	0.6098313189
134	0.6091556225
135	0.6085004253
136	0.6078524936
137	0.6072122156
138	0.6065954581
139	0.6059867762
140	0.6053643685
141	0.6047183875
142	0.6040565023
143	0.6033965887
144	0.6027356263
145	0.6020688737
146	0.6014239348
147	0.6008069545
148	0.6002030239
149	0.5996044195
150	0.5990092110
151	0.5984173484
152	0.5978142157
153	0.5971843769
154	0.5965490983
155	0.5959132527
156	0.5952662604
157	0.5946241809
158	0.5940028180
159	0.5934031759
160	0.5928214533
161	0.5922564179
162	0.5917191180
163	0.5911942588
164	0.5906651380
165	0.5901456613
166	0.5896261769
167	0.5890902374
168	0.5885469596
169	0.5880010287
170	0.5874521884
171	0.5869000523
172	0.5863564027
173	0.5858363256
174	0.5853275441
175	0.5848406101
176	0.5843907485
177	0.5839611548
178	0.5835528702
179	0.5831728636
180	0.5828063383
181	0.5824465799
182	0.5820917880
183	0.5817474400
184	0.5814004734
185	0.5810415954
186	0.5806770566
187	0.5802912585
188	0.5798916336
189	0.5795150380
190	0.5791563360
191	0.5788021219
192	0.5784360382
193	0.5780493567
194	0.5776692885
195	0.5773398406
196	0.5770799304
197	0.5768519783
198	0.5766163653
199	0.5763803025
200	0.5761458401
201	0.5759289633
202	0.5757360118
203	0.5755484527
204	0.5753834429
205	0.5752517908
206	0.5751222691
207	0.5749630692
208	0.5747692237
209	0.5745593707
210	0.5743332855
211	0.5740943204
212	0.5738549706
213	0.5736254576
214	0.5734299853
215	0.5732468308
216	0.5730517735
217	0.5728668478
218	0.5726877528
219	0.5724986599
220	0.5723064186
221	0.5721303559
222	0.5719889827
223	0.5718794247
224	0.5718076183
225	0.5717780418
226	0.5717955203
227	0.5718438725
228	0.5718940747
229	0.5719606066
230	0.5720371060
231	0.5720927910
232	0.5721437923
233	0.5721979024
234	0.5722555450
235	0.5723162299
236	0.5723863159
237	0.5724775343
238	0.5725811280
239	0.5726862995
240	0.5727912106
241	0.5728970984
242	0.5729873810
243	0.5730440201
244	0.5730924485
245	0.5731228377
246	0.5731239579
247	0.5731220868
248	0.5731201972
249	0.5731230131
250	0.5731419956
251	0.5731894608
252	0.5732719522
253	0.5733729308
254	0.5734928519
255	0.5736381924
256	0.5738069798
257	0.5739896237
258	0.5741854039
259	0.5743874086
260	0.5745667106
261	0.5747461913
262	0.5749430881
263	0.5751415295
264	0.5753519609
265	0.5755760563
266	0.5758161016
267	0.5760765475
268	0.5763544450
269	0.5766527364
270	0.5769597658
271	0.5772824409
272	0.5776236759
273	0.5779656039
274	0.5782906376
275	0.5786044978
276	0.5789064351
277	0.5791704597
278	0.5794053637
279	0.5796160284
280	0.5797919942
281	0.5799538544
282	0.5800943714
283	0.5802148588
284	0.5803284966
285	0.5804393967
286	0.5805468964
287	0.5806462445
288	0.5807547831
289	0.5808756982
290	0.5809963297
291	0.5811236791
292	0.5812640807
293	0.5814098917
294	0.5815513118
295	0.5816973815
296	0.5818348996
297	0.5819640598
298	0.5820919019
299	0.5821993748
300	0.5823046175
301	0.5824133738
302	0.5825146515
303	0.5826185369
304	0.5827332777
305	0.5828660858
306	0.5830135154
307	0.5831885185
308	0.5833956263
309	0.5836160127
310	0.5838514900
311	0.5841148504
312	0.5844210096
313	0.5847718266
314	0.5851557285
315	0.5855336211
316	0.5858930296
317	0.5862603220
318	0.5866616163
319	0.5871292102
320	0.5876204212
321	0.5880536713
322	0.5884170430
323	0.5887447517
324	0.5890948601
325	0.5894851234
326	0.5898878134
327	0.5902547641
328	0.5905712473
329	0.5908665989
330	0.5911462966
331	0.5914013140
332	0.5916456645
333	0.5919171385
334	0.5922348969
335	0.5925724213
336	0.5928827450
337	0.5931495188
338	0.5934065209
339	0.5936544526
340	0.5938948115
341	0.5941385191
342	0.5943920849
343	0.5946827138
344	0.5949832329
345	0.5952445397
346	0.5954603395
347	0.5956497013
348	0.5958119154
349	0.5959283565
350	0.5960222726
351	0.5961250820
352	0.5962436722
353	0.5963566782
354	0.5964445837
355	0.5965136050
356	0.5965603975
357	0.5965646269
358	0.5965174514
359	0.5964539028
360	0.5963947924
361	0.5963474419
362	0.5963142463
363	0.5963025344
364	0.5963402233
365	0.5963951747
366	0.5964380038
367	0.5964899135
368	0.5965497759
369	0.5966021036
370	0.5966452127
371	0.5967101011
372	0.5968101999
373	0.5969429931
374	0.5971078778
375	0.5973125232
376	0.5975551534
377	0.5978044423
378	0.5980456574
379	0.5982873453
380	0.5985272584
381	0.5987413545
382	0.5989290064
383	0.5991133481
384	0.5993021346
385	0.5995022632
386	0.5997175055
387	0.5999699911
388	0.6002371238
389	0.6004897102
390	0.6007544250
391	0.6010245711
392	0.6012757501
393	0.6015031948
394	0.6017187182
395	0.6019272103
396	0.6021247749
397	0.6023221099
398	0.6025349426
399	0.6027739755
400	0.6030359585
401	0.6033329142
402	0.6036675168
403	0.6040173566
404	0.6043735264
405	0.6047429117
406	0.6051170279
407	0.6054694774
408	0.6058125535
409	0.6061593174
410	0.6065060718
411	0.6068448362
412	0.6071917012
413	0.6075653756
414	0.6079432836
415	0.6083370834
416	0.6087564420
417	0.6091803825
418	0.6096096294
419	0.6100410464
420	0.6104621038
421	0.6108562844
422	0.6112244452
423	0.6115659739
424	0.6118728308
425	0.6121389761
426	0.6123808685
427	0.6126110125
428	0.6128184294
429	0.6130164141
430	0.6132242222
431	0.6134363493
432	0.6136408426
433	0.6138503962
434	0.6140671985
435	0.6142758465
436	0.6144812552
437	0.6146772381
438	0.6148525436
439	0.6149982904
440	0.6151332713
441	0.6152646606
442	0.6153849460
443	0.6155107315
444	0.6156228633
445	0.6157148804
446	0.6158210344
447	0.6159661579
448	0.6161482764
449	0.6163550468
450	0.6165766664
451	0.6168049150
452	0.6170445294
453	0.6173106582
454	0.6176098990
455	0.6179135024
456	0.6182067438
457	0.6185000667
458	0.6187828012
459	0.6190438828
460	0.6192871804
461	0.6195250900
462	0.6197624518
463	0.6200175602
464	0.6202825629
465	0.6205404557
466	0.6208017960
467	0.6210743285
468	0.6213575282
469	0.6216467463
470	0.6219550348
471	0.6222781306
472	0.6226105265
473	0.6229579116
474	0.6232896427
475	0.6235972452
476	0.6238959490
477	0.6241819884
478	0.6244431926
479	0.6246893359
480	0.6249318097
481	0.6251692620
482	0.6253936255
483	0.6256056554
484	0.6258117183
485	0.6260095041
486	0.6262106341
487	0.6264157816
488	0.6266278554
489	0.6268647583
490	0.6271289709
491	0.6274082194
492	0.6277006187
493	0.6280111625
494	0.6283241453
495	0.6286390353
496	0.6289531508
497	0.6292622024
498	0.6295731371
499	0.6298795510
500	0.6301775955
501	0.6304743929
502	0.6307841157
503	0.6310863122
504	0.6313690900
505	0.6316450929
506	0.6319105188
507	0.6321737299
508	0.6324554089
509	0.6327533839
510	0.6330549497
511	0.6333558875
512	0.6336571767
513	0.6339765282
514	0.6343229505
515	0.6346813970
516	0.6350260313
517	0.6353449973
518	0.6356505230
519	0.6359404121
520	0.6362193535
521	0.6364906331
522	0.6367472733
523	0.6369836557
524	0.6372005780
525	0.6373886530
526	0.6375368512
527	0.6376506559
528	0.6377335275
529	0.6378023747
530	0.6378539452
531	0.6378712542
532	0.6378644007
533	0.6378459232
534	0.6378127326
535	0.6377624791
536	0.6377122268
537	0.6376635014
538	0.6376161611
539	0.6375702160
540	0.6375080674
541	0.6374240022
542	0.6373249883
543	0.6372046586
544	0.6370647376
545	0.6369142897
546	0.6367506826
547	0.6365837404
548	0.6364095156
549	0.6362150466
550	0.6359940539
551	0.6357530598
552	0.6354925541
553	0.6351993613
554	0.6348854281
555	0.6345643015
556	0.6342372953
557	0.6339005917
558	0.6335577992
559	0.6332141012
560	0.6328722583
561	0.6325294505
562	0.6321863290
563	0.6318621346
564	0.6315507608
565	0.6312532248
566	0.6309736050
567	0.6307022956
568	0.6304395117
569	0.6301849879
570	0.6299210759
571	0.6296399343
572	0.6293552984
573	0.6290655218
574	0.6287709813
575	0.6284835540
576	0.6282018802
577	0.6279189960
578	0.6276316988
579	0.6273293015
580	0.6270191776
581	0.6267016332
582	0.6263474851
583	0.6259668583
584	0.6255710572
585	0.6251580903
586	0.6247291817
587	0.6242971796
588	0.6238716225
589	0.6234480349
590	0.6230328629
591	0.6226245050
592	0.6222208076
593	0.6218196054
594	0.6214248666
595	0.6210408835
596	0.6206739117
597	0.6203224567
598	0.6199844472
599	0.6196670670
600	0.6193627184
601	0.6190718436
602	0.6187818650
603	0.6184872110
604	0.6182030806
605	0.6179176450
606	0.6176176330
607	0.6173196832
608	0.6170286659
609	0.6167338272
610	0.6164449813
611	0.6161644003
612	0.6158930480
613	0.6156287611
614	0.6153663716
615	0.6151011601
616	0.6148341186
617	0.6145514193
618	0.6142584338
619	0.6139703549
620	0.6136651906
621	0.6133595065
622	0.6130728102
623	0.6128048568
624	0.6125684941
625	0.6123730756
626	0.6122156790
627	0.6120819555
628	0.6119698635
629	0.6118850265
630	0.6118461905
631	0.6118507127
632	0.6118732909
633	0.6118903526
634	0.6119081301
635	0.6119494860
636	0.6120361500
637	0.6121799567
638	0.6123503574
639	0.6125103791
640	0.6126465019
641	0.6127941566
642	0.6129912423
643	0.6132270866
644	0.6134758732
645	0.6137144560
646	0.6139229338
647	0.6141233145
648	0.6143366488
649	0.6145452055
650	0.6147552939
651	0.6149801244
652	0.6152239780
653	0.6154699718
654	0.6156914646
655	0.6158845086
656	0.6160691575
657	0.6162620352
658	0.6164640506
659	0.6166747209
660	0.6168575507
661	0.6170190274
662	0.6171778611
663	0.6173174458
664	0.6174419714
665	0.6175723685
666	0.6177360643
667	0.6179498961
668	0.6181952107
669	0.6184451972
670	0.6187064978
671	0.6189805689
672	0.6192568676
673	0.6195297902
674	0.6198055075
675	0.6200957056
676	0.6204008778
677	0.6207082700
678	0.6209907460
679	0.6212492662
680	0.6214950634
681	0.6217253095
682	0.6219336850
683	0.6221349412
684	0.6223506071
685	0.6225798240
686	0.6228063279
687	0.6230219882
688	0.6232165397
689	0.6233850520
690	0.6235362281
691	0.6236487359
692	0.6237345331
693	0.6238178729
694	0.6238925103
695	0.6239446988
696	0.6239723961
697	0.6239889965
698	0.6239892415
699	0.6239540470
700	0.6238806183
701	0.6237990475
702	0.6237168509
703	0.6236384624
704	0.6235756093
705	0.6235204193
706	0.6234776706
707	0.6234337538
708	0.6233723803
709	0.6233063264
710	0.6232400195
711	0.6231636796
712	0.6230876700
713	0.6230188444
714	0.6229758074
715	0.6229629176
716	0.6229621468
717	0.6229780836
718	0.6230197981
719	0.6230748894
720	0.6231242495
721	0.6231719721
722	0.6232247635
723	0.6232850863
724	0.6233517214
725	0.6234242284
726	0.6235048941
727	0.6235938665
728	0.6236739422
729	0.6237321587
730	0.6237770272
731	0.6238026294
732	0.6238019198
733	0.6237819264
734	0.6237725540
735	0.6237670421
736	0.6237584158
737	0.6237711840
738	0.6238021621
739	0.6238405534
740	0.6238748807
741	0.6239052295
742	0.6239321461
743	0.6239455658
744	0.6239330689
745	0.6239052347
746	0.6238700009
747	0.6238277658
748	0.6237790446
749	0.6237207753
750	0.6236648658
751	0.6236054224
752	0.6235291932
753	0.6234494175
754	0.6233665228
755	0.6232642095
756	0.6231465258
757	0.6230175347
758	0.6228980507
759	0.6228032087
760	0.6227300792
761	0.6226909338
762	0.6226691687
763	0.6226517961
764	0.6226552959
765	0.6226888814
766	0.6227355306
767	0.6227776232
768	0.6228003984
769	0.6228100004
770	0.6228162062
771	0.6228240607
772	0.6228490362
773	0.6228926368
774	0.6229390948
775	0.6229797630
776	0.6230384923
777	0.6231036592
778	0.6231536370
779	0.6231974635
780	0.6232468481
781	0.6232941584
782	0.6233210993
783	0.6233322246
784	0.6233241411
785	0.6233040509
786	0.6232852913
787	0.6232663420
788	0.6232468979
789	0.6232230343
790	0.6231865972
791	0.6231400321
792	0.6230730618
793	0.6229707212
794	0.6228449692
795	0.6227054938
796	0.6225561351
797	0.6223911977
798	0.6222154164
799	0.6220400878
800	0.6218662986
801	0.6216963946
802	0.6215463700
803	0.6214096046
804	0.6212890258
805	0.6211955508
806	0.6211099257
807	0.6210211270
808	0.6209183289
809	0.6208098553
810	0.6206956717
811	0.6205560419
812	0.6204078956
813	0.6202786506
814	0.6201624674
815	0.6200564470
816	0.6199631758
817	0.6198799019
818	0.6198120132
819	0.6197536085
820	0.6197211636
821	0.6197125525
822	0.6197103372
823	0.6197165743
824	0.6197362498
825	0.6197672468
826	0.6198191269
827	0.6199082431
828	0.6200049836
829	0.6200933553
830	0.6201937460
831	0.6203286234
832	0.6205071002
833	0.6207237277
834	0.6209593274
835	0.6211961553
836	0.6214279194
837	0.6216552400
838	0.6218762133
839	0.6220916974
840	0.6222960685
841	0.6224826801
842	0.6226597923
843	0.6228200436
844	0.6229659046
845	0.6231021643
846	0.6232273995
847	0.6233583236
848	0.6235082838
849	0.6236624222
850	0.6238028402
851	0.6239403565
852	0.6240899542
853	0.6242503669
854	0.6244054930
855	0.6245687534
856	0.6247370188
857	0.6248965612
858	0.6250465154
859	0.6251749989
860	0.6252829127
861	0.6253823393
862	0.6254889948
863	0.6256094080
864	0.6257363457
865	0.6258725501
866	0.6260263413
867	0.6261739637
868	0.6263137564
869	0.6264483758
870	0.6265681706
871	0.6266824137
872	0.6267930281
873	0.6269014600
874	0.6269959992
875	0.6270760809
876	0.6271572747
877	0.6272312894
878	0.6272882952
879	0.6273470033
880	0.6274202517
881	0.6275062692
882	0.6276077338
883	0.6277201792
884	0.6278411921
885	0.6279785625
886	0.6281256937
887	0.6282729421
888	0.6284354982
889	0.6286122555
890	0.6287933890
891	0.6289689704
892	0.6291421567
893	0.6293148131
894	0.6294787825
895	0.6296273649
896	0.6297601612
897	0.6298894829
898	0.6300186127
899	0.6301598760
900	0.6303217876
901	0.6304973325
902	0.6306848487
903	0.6308907479
904	0.6311012073
905	0.6313090628
906	0.6315238077
907	0.6317427342
908	0.6319660541
909	0.6321948259
910	0.6324363056
911	0.6326843446
912	0.6329323274
913	0.6331816631
914	0.6334252281
915	0.6336620841
916	0.6338962934
917	0.6341167955
918	0.6343238520
919	0.6345330757
920	0.6347430115
921	0.6349484219
922	0.6351454005
923	0.6353496706
924	0.6355554086
925	0.6357445822
926	0.6359245931
927	0.6360932951
928	0.6362441606
929	0.6363788815
930	0.6364951306
931	0.6365976298
932	0.6366859262
933	0.6367569869
934	0.6368111762
935	0.6368434712
936	0.6368617462
937	0.6368664811
938	0.6368628707
939	0.6368626867
940	0.6368636699
941	0.6368633997
942	0.6368743843
943	0.6369035567
944	0.6369455061
945	0.6370030313
946	0.6370585490
947	0.6371013386
948	0.6371380498
949	0.6371771520
950	0.6372254696
951	0.6372830051
952	0.6373396305
953	0.6373802774
954	0.6374041966
955	0.6374295086
956	0.6374786985
957	0.6375408591
958	0.6375909569
959	0.6376172579
960	0.6376257596
961	0.6376258817
962	0.6376347103
963	0.6376572289
964	0.6376823010
965	0.6377098356
966	0.6377386260
967	0.6377718190
968	0.6378171930
969	0.6378691568
970	0.6379211524
971	0.6379839026
972	0.6380595825
973	0.6381312832
974	0.6381819583
975	0.6382172649
976	0.6382470319
977	0.6382773268
978	0.6383246755
979	0.6383825412
980	0.6384386887
981	0.6384971851
982	0.6385619714
983	0.6386286561
984	0.6386900040
985	0.6387512238
986	0.6388283478
987	0.6389228825
988	0.6390342811
989	0.6391484706
990	0.6392590111
991	0.6393802820
992	0.6395066814
993	0.6396384471
994	0.6397742584
995	0.6399156115
996	0.6400633892
997	0.6402102025
998	0.6403455591
999	0.6404616323
1000	0.6405623472
1001	0.6406559609
1002	0.6407453358
1003	0.6408313054
1004	0.6409167615
1005	0.6409976676
1006	0.6410800936
1007	0.6411581234
1008	0.6412121418
1009	0.6412482958
1010	0.6412838216
1011	0.6413189101
1012	0.6413532004
1013	0.6413909825
1014	0.6414347805
1015	0.6414865313
1016	0.6415371520
1017	0.6415858399
1018	0.6416355482
1019	0.6416900588
1020	0.6417503993
1021	0.6418112168
1022	0.6418686250
1023	0.6419274696
1024	0.6419863220
1025	0.6420315336
1026	0.6420529912
1027	0.6420495290
1028	0.6420311201
1029	0.6420059014
1030	0.6419710020
1031	0.6419296748
1032	0.6419011807
1033	0.6418791252
1034	0.6418528779
1035	0.6418251248
1036	0.6417923716
1037	0.6417509156
1038	0.6417041180
1039	0.6416536422
1040	0.6415987574
1041	0.6415444623
1042	0.6414923534
1043	0.6414335443
1044	0.6413655291
1045	0.6412978896
1046	0.6412218794
1047	0.6411379784
1048	0.6410484330
1049	0.6409562198
1050	0.6408716133
1051	0.6407875411
1052	0.6407012833
1053	0.6406113717
1054	0.6405254091
1055	0.6404356549
1056	0.6403279567
1057	0.6402118957
1058	0.6400964634
1059	0.6399817755
1060	0.6398705644
1061	0.6397673570
1062	0.6396869271
1063	0.6396292796
1064	0.6395799224
1065	0.6395386473
1066	0.6395045205
1067	0.6394736180
1068	0.6394415973
1069	0.6394118007
1070	0.6393842081
1071	0.6393583747
1072	0.6393379683
1073	0.6393233119
1074	0.6393138828
1075	0.6393147718
1076	0.6393100476
1077	0.6392822275
1078	0.6392416485
1079	0.6391914366
1080	0.6391321557
1081	0.6390692647
1082	0.6390021414
1083	0.6389265671
1084	0.6388382677
1085	0.6387399858
1086	0.6386485358
1087	0.6385619584
1088	0.6384674934
1089	0.6383620716
1090	0.6382514232
1091	0.6381473449
1092	0.6380518813
1093	0.6379691924
1094	0.6379034768
1095	0.6378589813
1096	0.6378319193
1097	0.6378172598
1098	0.6378038663
1099	0.6377924023
1100	0.6377839180
1101	0.6377682688
1102	0.6377511114
1103	0.6377420044
1104	0.6377260448
1105	0.6376987896
1106	0.6376813410
1107	0.6376738231
1108	0.6376751417
1109	0.6376782989
1110	0.6376828235
1111	0.6376914579
1112	0.6376944686
1113	0.6376802194
1114	0.6376464759
1115	0.6376066317
1116	0.6375576757
1117	0.6375008360
1118	0.6374490839
1119	0.6373896281
1120	0.6373161622
1121	0.6372352051
1122	0.6371430916
1123	0.6370364765
1124	0.6369110270
1125	0.6367789757
1126	0.6366444151
1127	0.6365053616
1128	0.6363613275
1129	0.6362131178
1130	0.6360711288
1131	0.6359243908
1132	0.6357628488
1133	0.6355874205
1134	0.6353991144
1135	0.6351965857
1136	0.6349678421
1137	0.6346978916
1138	0.6343910749
1139	0.6340446516
1140	0.6336711138
1141	0.6332967554
1142	0.6329263074
1143	0.6325464803
1144	0.6321575449
1145	0.6317726192
1146	0.6313887468
1147	0.6310099672
1148	0.6306437872
1149	0.6302801752
1150	0.6299043369
1151	0.6295198886
1152	0.6291355584
1153	0.6287782608
1154	0.6284473697
1155	0.6281213821
1156	0.6278035991
1157	0.6274981358
1158	0.6272105663
1159	0.6269366532
1160	0.6266731012
1161	0.6264292882
1162	0.6262074140
1163	0.6259935615
1164	0.6257844768
1165	0.6255693249
1166	0.6253405534
1167	0.6251111116
1168	0.6248990505
1169	0.6247068029
1170	0.6245215891
1171	0.6243489843
1172	0.6241869667
1173	0.6240208647
1174	0.6238495512
1175	0.6236834453
1176	0.6235123192
1177	0.6233368214
1178	0.6231733334
1179	0.6230209116
1180	0.6228762732
1181	0.6227385146
1182	0.6226136019
1183	0.6225292773
1184	0.6224759030
1185	0.6224409543
1186	0.6224335396
1187	0.6224447298
1188	0.6224661265
1189	0.6224917253
1190	0.6225223226
1191	0.6225486399
1192	0.6225873651
1193	0.6226476739
1194	0.6227139477
1195	0.6227879247
1196	0.6228711046
1197	0.6229701385
1198	0.6230879177
1199	0.6232103010
1200	0.6233451944
1201	0.6235108760
1202	0.6237013732
1203	0.6238994782
1204	0.6240937898
1205	0.6242867846
1206	0.6244622118
1207	0.6246202385
1208	0.6247736334
1209	0.6249295566
1210	0.6250900720
1211	0.6252535121
1212	0.6254315590
1213	0.6256159963
1214	0.6257978471
1215	0.6259852873
1216	0.6261765525
1217	0.6263578956
1218	0.6265375281
1219	0.6267196347
1220	0.6269129276
1221	0.6271202575
1222	0.6273323084
1223	0.6275482011
1224	0.6277745236
1225	0.6280119238
1226	0.6282518926
1227	0.6284991551
1228	0.6287554578
1229	0.6290217604
1230	0.6293024803
1231	0.6295806238
1232	0.6298413522
1233	0.6300950511
1234	0.6303358065
1235	0.6305558831
1236	0.6307572389
1237	0.6309502707
1238	0.6311431623
1239	0.6313245869
1240	0.6314993003
1241	0.6316819934
1242	0.6318633117
1243	0.6320435131
1244	0.6322350185
1245	0.6324383362
1246	0.6326575634
1247	0.6328935234
1248	0.6331423409
1249	0.6333914439
1250	0.6336432225
1251	0.6338951041
1252	0.6341355976
1253	0.6343657991
1254	0.6345942764
1255	0.6348218542
1256	0.6350419145
1257	0.6352687451
1258	0.6355136519
1259	0.6357870100
1260	0.6360782463
1261	0.6363756093
1262	0.6366802072
1263	0.6369839658
1264	0.6372966594
1265	0.6376322098
1266	0.6379721732
1267	0.6383064611
1268	0.6386353080
1269	0.6389613057
1270	0.6392947264
1271	0.6396431504
1272	0.6400017678
1273	0.6403457382
1274	0.6406598882
1275	0.6409442153
1276	0.6412286968
1277	0.6415241169
1278	0.6418137268
1279	0.6420936169
1280	0.6423544581
1281	0.6425914579
1282	0.6428129395
1283	0.6430234403
1284	0.6432180731
1285	0.6433930345
1286	0.6435524028
1287	0.6437016757
1288	0.6438420998
1289	0.6439749904
1290	0.6441012208
1291	0.6442331799
1292	0.6443818208
1293	0.6445435258
1294	0.6447022563
1295	0.6448487667
1296	0.6449917267
1297	0.6451357346
1298	0.6452813837
1299	0.6454320248
1300	0.6455839912
1301	0.6457345950
1302	0.6458833230
1303	0.6460261581
1304	0.6461659253
1305	0.6462986817
1306	0.6464301969
1307	0.6465737583
1308	0.6467311416
1309	0.6468912963
1310	0.6470513705
1311	0.6472132561
1312	0.6473767498
1313	0.6475448426
1314	0.6477141265
1315	0.6478788512
1316	0.6480437068
1317	0.6482099666
1318	0.6483647755
1319	0.6485051612
1320	0.6486332262
1321	0.6487580578
1322	0.6488818043
1323	0.6490043037
1324	0.6491290993
1325	0.6492524494
1326	0.6493775107
1327	0.6495029869
1328	0.6496189196
1329	0.6497270473
1330	0.6498366929
1331	0.6499504770
1332	0.6500687959
1333	0.6501908074
1334	0.6503132294
1335	0.6504331533
1336	0.6505522560
1337	0.6506685577
1338	0.6507786424
1339	0.6508831008
1340	0.6509868317
1341	0.6510866009
1342	0.6511770951
1343	0.6512614688
1344	0.6513426932
1345	0.6514205093
1346	0.6514903037
1347	0.6515578779
1348	0.6516254299
1349	0.6516905313
1350	0.6517543491
1351	0.6518111625
1352	0.6518570586
1353	0.6518929447
1354	0.6519178886
1355	0.6519330326
1356	0.6519386979
1357	0.6519400479
1358	0.6519437240
1359	0.6519503868
1360	0.6519555634
1361	0.6519595315
1362	0.6519639014
1363	0.6519666494
1364	0.6519684662
1365	0.6519669101
1366	0.6519664661
1367	0.6519718688
1368	0.6519777858
1369	0.6519820733
1370	0.6519876298
1371	0.6519917837
1372	0.6519921379
1373	0.6519888544
1374	0.6519843392
1375	0.6519803389
1376	0.6519773628
1377	0.6519756800
1378	0.6519745713
1379	0.6519762069
1380	0.6519805630
1381	0.6519878418
1382	0.6519973361
1383	0.6520119311
1384	0.6520330156
1385	0.6520588395
1386	0.6520898091
1387	0.6521268266
1388	0.6521694493
1389	0.6522141547
1390	0.6522558981
1391	0.6522938635
1392	0.6523298294
1393	0.6523641528
1394	0.6523977850
1395	0.6524280837
1396	0.6524561800
1397	0.6524843695
1398	0.6525109108
1399	0.6525356065
1400	0.6525603787
1401	0.6525830579
1402	0.6526007689
1403	0.6526144873
1404	0.6526269466
1405	0.6526410812
1406	0.6526590567
1407	0.6526774742
1408	0.6526954684
1409	0.6527147997
1410	0.6527336694
1411	0.6527514318
1412	0.6527678710
1413	0.6527847035
1414	0.6528015854
1415	0.6528189993
1416	0.6528382855
1417	0.6528573492
1418	0.6528765337
1419	0.6528975419
1420	0.6529189312
1421	0.6529409892
1422	0.6529646843
1423	0.6529878307
1424	0.6530100617
1425	0.6530339280
1426	0.6530596142
1427	0.6530849806
1428	0.6531085149
1429	0.6531307001
1430	0.6531507004
1431	0.6531663294
1432	0.6531789936
1433	0.6531901140
1434	0.6532008038
1435	0.6532108596
1436	0.6532210155
1437	0.6532312668
1438	0.6532411540
1439	0.6532504617
1440	0.6532584294
1441	0.6532653045
1442	0.6532697053
1443	0.6532705888
1444	0.6532687721
1445	0.6532644243
1446	0.6532572870
1447	0.6532476482
1448	0.6532361510
1449	0.6532239523
1450	0.6532099836
1451	0.6531932335
1452	0.6531739186
1453	0.6531529356
1454	0.6531301428
1455	0.6531049911
1456	0.6530768490
1457	0.6530488177
1458	0.6530238087
1459	0.6530001906
1460	0.6529781058
1461	0.6529572259
1462	0.6529358532
1463	0.6529155018
1464	0.6528981849
1465	0.6528846233
1466	0.6528738227
1467	0.6528632699
1468	0.6528526100
1469	0.6528428488
1470	0.6528341884
1471	0.6528253362
1472	0.6528159213
1473	0.6528043748
1474	0.6527895411
1475	0.6527722757
1476	0.6527548519
1477	0.6527379299
1478	0.6527201824
1479	0.6527029159
1480	0.6526882784
1481	0.6526755044
1482	0.6526622489
1483	0.6526476711
1484	0.6526329607
1485	0.6526195990
1486	0.6526052751
1487	0.6525880921
1488	0.6525660713
1489	0.6525415061
1490	0.6525164356
1491	0.6524909268
1492	0.6524667784
1493	0.6524422400
1494	0.6524155909
1495	0.6523872518
1496	0.6523538483
1497	0.6523127270
1498	0.6522652131
1499	0.6522150932
1500	0.6521651796
1501	0.6521173717
1502	0.6520690082
1503	0.6520202478
1504	0.6519761639
1505	0.6519301473
1506	0.6518824622
1507	0.6518374283
1508	0.6517938248
1509	0.6517472031
1510	0.6516994343
1511	0.6516535971
1512	0.6516026827
1513	0.6515448723
1514	0.6514857381
1515	0.6514256614
1516	0.6513612391
1517	0.6512933867
1518	0.6512203232
1519	0.6511441707
1520	0.6510645192
1521	0.6509750052
1522	0.6508771594
1523	0.6507757086
1524	0.6506733061
1525	0.6505700584
1526	0.6504626482
1527	0.6503520596
1528	0.6502371075
1529	0.6501191086
1530	0.6499995373
1531	0.6498750868
1532	0.6497469860
1533	0.6496134585
1534	0.6494731941
1535	0.6493212388
1536	0.6491570340
1537	0.6489842673
1538	0.6488060278
1539	0.6486247977
1540	0.6484400564
1541	0.6482587177
1542	0.6480878921
1543	0.6479189995
1544	0.6477489136
1545	0.6475787867
1546	0.6474073968
1547	0.6472325247
1548	0.6470533079
1549	0.6468742709
1550	0.6467005760
1551	0.6465368463
1552	0.6463853200
1553	0.6462478868
1554	0.6461193212
1555	0.6460028724
1556	0.6458998815
1557	0.6458083384
1558	0.6457289965
1559	0.6456562723
1560	0.6455909398
1561	0.6455340661
1562	0.6454714645
1563	0.6454012272
1564	0.6453238451
1565	0.6452312502
1566	0.6451285099
1567	0.6450202329
1568	0.6449088294
1569	0.6447985600
1570	0.6446914475
1571	0.6445829539
1572	0.6444688685
1573	0.6443477441
1574	0.6442270902
1575	0.6441109975
1576	0.6439940764
1577	0.6438718732
1578	0.6437483197
1579	0.6436283135
1580	0.6435149654
1581	0.6434108550
1582	0.6433180361
1583	0.6432287881
1584	0.6431217883
1585	0.6430067791
1586	0.6429016722
1587	0.6428129677
1588	0.6427251045
1589	0.6426254143
1590	0.6425156327
1591	0.6423948364
1592	0.6422771277
1593	0.6421757449
1594	0.6420910131
1595	0.6420112611
1596	0.6419258780
1597	0.6418412715
1598	0.6417651591
1599	0.6416988344
1600	0.6416419642
1601	0.6415835686
1602	0.6415081889
1603	0.6414225307
1604	0.6413383421
1605	0.6412403702
1606	0.6411358173
1607	0.6410426951
1608	0.6409654940
1609	0.6409062019
1610	0.6408559437
1611	0.6407997486
1612	0.6407403308
1613	0.6406892660
1614	0.6406490237
1615	0.6406209056
1616	0.6406010129
1617	0.6405815410
1618	0.6405599596
1619	0.6405456470
1620	0.6405343467
1621	0.6405174970
1622	0.6405052745
1623	0.6405007480
1624	0.6405018103
1625	0.6405122789
1626	0.6405238691
1627	0.6405421159
1628	0.6405771923
1629	0.6406378203
1630	0.6407278329
1631	0.6408305530
1632	0.6409389142
1633	0.6410500946
1634	0.6411645932
1635	0.6412741518
1636	0.6413787270
1637	0.6414906677
1638	0.6416165133
1639	0.6417563339
1640	0.6419057591
1641	0.6420572385
1642	0.6422052667
1643	0.6423505623
1644	0.6424959245
1645	0.6426350855
1646	0.6427685627
1647	0.6429025500
1648	0.6430351185
1649	0.6431670714
1650	0.6432906188
1651	0.6434006636
1652	0.6435022345
1653	0.6436099053
1654	0.6437291065
1655	0.6438552945
1656	0.6439799629
1657	0.6441098588
1658	0.6442512267
1659	0.6443938720
1660	0.6445354823
1661	0.6446854698
1662	0.6448523015
1663	0.6450291815
1664	0.6452074879
1665	0.6453921081
1666	0.6455823496
1667	0.6457689126
1668	0.6459569068
1669	0.6461449715
1670	0.6463354804
1671	0.6465368048
1672	0.6467463357
1673	0.6469634752
1674	0.6471808588
1675	0.6473930879
1676	0.6476031150
1677	0.6478030433
1678	0.6479856383
1679	0.6481556177
1680	0.6483188936
1681	0.6484751717
1682	0.6486260698
1683	0.6487697575
1684	0.6489045255
1685	0.6490361162
1686	0.6491668935
1687	0.6492980492
1688	0.6494263208
1689	0.6495619641
1690	0.6497087845
1691	0.6498587417
1692	0.6500096201
1693	0.6501606449
1694	0.6503109163
1695	0.6504566585
1696	0.6505981496
1697	0.6507361059
1698	0.6508700198
1699	0.6510007767
1700	0.6511252993
1701	0.6512382015
1702	0.6513405767
1703	0.6514365928
1704	0.6515280547
1705	0.6516138767
1706	0.6516976668
1707	0.6517802171
1708	0.6518598478
1709	0.6519356222
1710	0.6520071345
1711	0.6520698334
1712	0.6521222932
1713	0.6521632070
1714	0.6521922686
1715	0.6522180213
1716	0.6522441677
1717	0.6522695150
1718	0.6522936666
1719	0.6523147049
1720	0.6523332934
1721	0.6523535629
1722	0.6523704386
1723	0.6523821834
1724	0.6523932335
1725	0.6524026067
1726	0.6524089883
1727	0.6524155756
1728	0.6524256006
1729	0.6524379237
1730	0.6524495653
1731	0.6524602483
1732	0.6524700327
1733	0.6524803797
1734	0.6524880047
1735	0.6524924441
1736	0.6524990147
1737	0.6525061604
1738	0.6525118357
1739	0.6525120861
1740	0.6525073313
1741	0.6525005009
1742	0.6524918226
1743	0.6524819124
1744	0.6524719211
1745	0.6524614184
1746	0.6524499936
1747	0.6524385743
1748	0.6524250391
1749	0.6524072357
1750	0.6523885083
1751	0.6523701576
1752	0.6523501869
1753	0.6523293613
1754	0.6523103370
1755	0.6522911471
1756	0.6522695477
1757	0.6522470174
1758	0.6522216147
1759	0.6521877109
1760	0.6521419166
1761	0.6520858858
1762	0.6520217849
1763	0.6519502938
1764	0.6518730794
1765	0.6517947907
1766	0.6517152594
1767	0.6516352367
1768	0.6515545726
1769	0.6514734180
1770	0.6513938604
1771	0.6513173660
1772	0.6512393444
1773	0.6511607789
1774	0.6510878102
1775	0.6510227036
1776	0.6509634905
1777	0.6509037291
1778	0.6508419701
1779	0.6507730596
1780	0.6507003451
1781	0.6506315293
1782	0.6505653192
1783	0.6504988677
1784	0.6504275478
1785	0.6503531961
1786	0.6502825982
1787	0.6502165495
1788	0.6501563993
1789	0.6500990891
1790	0.6500429880
1791	0.6499912893
1792	0.6499411112
1793	0.6498889587
1794	0.6498430074
1795	0.6498036952
1796	0.6497631395
1797	0.6497245984
1798	0.6496872375
1799	0.6496496649
1800	0.6496063368
1801	0.6495589707
1802	0.6495137605
1803	0.6494730845
1804	0.6494372442
1805	0.6494006105
1806	0.6493664875
1807	0.6493458332
1808	0.6493374489
1809	0.6493346794
1810	0.6493366732
1811	0.6493415816
1812	0.6493419636
1813	0.6493347568
1814	0.6493232705
1815	0.6493065755
1816	0.6492859020
1817	0.6492688533
1818	0.6492592013
1819	0.6492487549
1820	0.6492309612
1821	0.6492042748
1822	0.6491723937
1823	0.6491328988
1824	0.6490819279
1825	0.6490182321
1826	0.6489441348
1827	0.6488584240
1828	0.6487576864
1829	0.6486442825
1830	0.6485181364
1831	0.6483826729
1832	0.6482425216
1833	0.6480902309
1834	0.6479207799
1835	0.6477382676
1836	0.6475365320
1837	0.6473123698
1838	0.6470752009
1839	0.6468248876
1840	0.6465692137
1841	0.6463188921
1842	0.6460705392
1843	0.6458309148
1844	0.6455897602
1845	0.6453418649
1846	0.6450962572
1847	0.6448574463
1848	0.6446201825
1849	0.6443814127
1850	0.6441472647
1851	0.6439101426
1852	0.6436678446
1853	0.6434219854
1854	0.6431703305
1855	0.6429112901
1856	0.6426455388
1857	0.6423772876
1858	0.6421080265
1859	0.6418275003
1860	0.6415474965
1861	0.6412776484
1862	0.6410123071
1863	0.6407537978
1864	0.6405051255
1865	0.6402646638
1866	0.6400275129
1867	0.6397813674
1868	0.6395132715
1869	0.6392298207
1870	0.6389319711
1871	0.6386072275
1872	0.6382553575
1873	0.6378954282
1874	0.6375354792
1875	0.6371649534
1876	0.6367813624
1877	0.6363924688
1878	0.6359963233
1879	0.6355915492
1880	0.6351751261
1881	0.6347505537
1882	0.6343143475
1883	0.6338701811
1884	0.6334193609
1885	0.6329576447
1886	0.6324839938
1887	0.6319951804
1888	0.6314912348
1889	0.6309745921
1890	0.6304555264
1891	0.6299300939
1892	0.6294107007
1893	0.6288911251
1894	0.6283329794
1895	0.6277270080
1896	0.6270857601
1897	0.6264247878
1898	0.6257444995
1899	0.6250451678
1900	0.6243315323
1901	0.6235897435
1902	0.6228363559
1903	0.6220957468
1904	0.6213731173
1905	0.6206516272
1906	0.6199045957
1907	0.6191311675
1908	0.6183537546
1909	0.6175991334
1910	0.6168817411
1911	0.6161945952
1912	0.6155097237
1913	0.6148169414
1914	0.6141161166
1915	0.6134403562
1916	0.6127990460
1917	0.6121569737
1918	0.6115210423
1919	0.6108946176
1920	0.6102564819
1921	0.6096132875
1922	0.6089647998
1923	0.6083087721
1924	0.6076534315
1925	0.6070067979
1926	0.6063641790
1927	0.6057065258
1928	0.6050320466
1929	0.6043366073
1930	0.6036280885
1931	0.6029272136
1932	0.6022263428
1933	0.6014807625
1934	0.6006812638
1935	0.5998394617
1936	0.5989832083
1937	0.5981195267
1938	0.5972501072
1939	0.5963872061
1940	0.5955456938
1941	0.5947338979
1942	0.5939248618
1943	0.5931015135
1944	0.5922653196
1945	0.5914503206
1946	0.5906671499
1947	0.5898957641
1948	0.5891267344
1949	0.5883699282
1950	0.5876225860
1951	0.5868779878
1952	0.5861636989
1953	0.5854908977
1954	0.5848396849
1955	0.5842167931
1956	0.5836321392
1957	0.5830701384
1958	0.5824987037
1959	0.5819165503
1960	0.5813365493
1961	0.5807677146
1962	0.5801891547
1963	0.5795840808
1964	0.5789859693
1965	0.5783849215
1966	0.5777926971
1967	0.5772388861
1968	0.5767056056
1969	0.5762198106
1970	0.5758140917
1971	0.5754599371
1972	0.5751289934
1973	0.5747772891
1974	0.5743915337
1975	0.5739940849
1976	0.5735962965
1977	0.5731880881
1978	0.5727737891
1979	0.5723736755
1980	0.5719651508
1981	0.5715319050
1982	0.5710595125
1983	0.5705461552
1984	0.5699975932
1985	0.5694273071
1986	0.5688648783
1987	0.5683020371
1988	0.5677282368
1989	0.5671805147
1990	0.5666582942
1991	0.5661341203
1992	0.5656222036
1993	0.5651414360
1994	0.5646912021
1995	0.5642823453
1996	0.5638940125
1997	0.5635284536
1998	0.5631977542
1999	0.5628919983
