0	2.5912592505
1	2.5933738257
2	2.5975641153
3	2.6025259977
4	2.6081912216
5	2.6139968557
6	2.6199755882
7	2.6256931258
8	2.6312232603
9	2.6362412277
10	2.6408200037
11	2.6447562713
12	2.6481033543
13	2.6507747471
14	2.6528048450
15	2.6542020939
16	2.6549914836
17	2.6552479559
18	2.6549945449
19	2.6543472749
20	2.6533274551
21	2.6520731828
22	2.6505990029
23	2.6490499662
24	2.6474295440
25	2.6458741325
26	2.6443777196
27	2.6430500685
28	2.6418839428
29	2.6409446844
30	2.6402347896
31	2.6397632867
32	2.6395500224
33	2.6395472507
34	2.6397920813
35	2.6401928598
36	2.6407950838
37	2.6414847948
38	2.6422992067
39	2.6431244170
40	2.6439735922
41	2.6447586850
42	2.6454703162
43	2.6460700557
44	2.6465246750
45	2.6468338633
46	2.6469320502
47	2.6468563533
48	2.6465441112
49	2.6460706316
50	2.6453708530
51	2.6445181932
52	2.6434670892
53	2.6423029402
54	2.6410098936
55	2.6396382232
56	2.6382024587
57	2.6367383527
58	2.6352970132
59	2.6338603489
60	2.6325073401
61	2.6312128722
62	2.6300743976
63	2.6290184755
64	2.6281170674
65	2.6272942274
66	2.6266179252
67	2.6260782477
68	2.6257352764
69	2.6255335339
70	2.6253679568
71	2.6252327344
72	2.6251174305
73	2.6251086798
74	2.6250907663
75	2.6250852929
76	2.6249762107
77	2.6248296417
78	2.6245459340
79	2.6241479937
80	2.6236136602
81	2.6229963748
82	2.6222680555
83	2.6213653220
84	2.6203447215
85	2.6191400883
86	2.6177705270
87	2.6161665310
88	2.6144771233
89	2.6126305959
90	2.6107291887
91	2.6087898089
92	2.6069129236
93	2.6050598020
94	2.6032683704
95	2.6015799656
96	2.5999292764
97	2.5983433048
98	2.5967720241
99	2.5952970658
100	2.5937994168
101	2.5924113714
102	2.5910916505
103	2.5899067343
104	2.5888180525
105	2.5879218594
106	2.5871632091
107	2.5865101170
108	2.5860171436
109	2.5855671514
110	2.5851554292
111	2.5846954851
112	2.5842180113
113	2.5835446591
114	2.5827926691
115	2.5818488033
116	2.5807388182
117	2.5794786577
118	2.5781213320
119	2.5766444595
120	2.5750754751
121	2.5734664103
122	2.5717419157
123	2.5701266304
124	2.5686303638
125	2.5672987152
126	2.5658573766
127	2.5641109715
128	2.5618867873
129	2.5596875021
130	2.5580868467
131	2.5572051241
132	2.5564237283
133	2.5546848276
134	2.5516983474
135	2.5482504936
136	2.5456247195
137	2.5440884847
138	2.5432850763
139	2.5425575815
140	2.5419646737
141	2.5415559305
142	2.5408904445
143	2.5394467256
144	2.5375894636
145	2.5361813438
146	2.5355248285
147	2.5354541056
148	2.5356780574
149	2.5365810879
150	2.5379302333
151	2.5389334808
152	2.5389746274
153	2.5383175737
154	2.5370133610
155	2.5348470574
156	2.5318680403
157	2.5287589283
158	2.5261698952
159	2.5238553360
160	2.5219554615
161	2.5208835250
162	2.5206663476
163	2.5206061036
164	2.5205921298
165	2.5206582042
166	2.5205863727
167	2.5198026382
168	2.5183849945
169	2.5167615658
170	2.5146684059
171	2.5121438627
172	2.5097665457
173	2.5079578277
174	2.5064308178
175	2.5054535096
176	2.5052991206
177	2.5059040892
178	2.5067811016
179	2.5080284229
180	2.5096406763
181	2.5109447066
182	2.5117676501
183	2.5122610085
184	2.5121748615
185	2.5111218953
186	2.5095407859
187	2.5075203418
188	2.5050070031
189	2.5021122906
190	2.4994097765
191	2.4969287398
192	2.4947857998
193	2.4936344275
194	2.4934079220
195	2.4935829558
196	2.4941625284
197	2.4955392725
198	2.4977029880
199	2.5010147363
200	2.5050445461
201	2.5084896037
202	2.5102536353
203	2.5109261331
204	2.5116083492
205	2.5127028605
206	2.5138615767
207	2.5136750096
208	2.5111099230
209	2.5068501522
210	2.5021765061
211	2.4971441631
212	2.4920562888
213	2.4874951288
214	2.4839760365
215	2.4813599306
216	2.4791053191
217	2.4765880211
218	2.4741217208
219	2.4729664995
220	2.4732694781
221	2.4747226787
222	2.4778213531
223	2.4830119365
224	2.4893908125
225	2.4961183521
226	2.5024243668
227	2.5081053881
228	2.5131749013
229	2.5172438453
230	2.5201334205
231	2.5225166004
232	2.5248961439
233	2.5264973657
234	2.5271027470
235	2.5269391720
236	2.5256049062
237	2.5224209669
238	2.5175200422
239	2.5111332243
240	2.5038615693
241	2.4960118406
242	2.4879121268
243	2.4806800169
244	2.4748281732
245	2.4700691182
246	2.4664920368
247	2.4646884012
248	2.4639997292
249	2.4638774620
250	2.4645431339
251	2.4660707910
252	2.4681310338
253	2.4708719747
254	2.4745441571
255	2.4794586216
256	2.4855933286
257	2.4925297004
258	2.5006570933
259	2.5096449555
260	2.5185656219
261	2.5270552334
262	2.5350384562
263	2.5415756958
264	2.5462650798
265	2.5493847389
266	2.5508028070
267	2.5504072541
268	2.5485427214
269	2.5455604877
270	2.5416533177
271	2.5370962137
272	2.5321869381
273	2.5274820352
274	2.5225490788
275	2.5173102005
276	2.5121220887
277	2.5066123644
278	2.5004916148
279	2.4942657866
280	2.4879843618
281	2.4814502979
282	2.4753704190
283	2.4701160669
284	2.4657130610
285	2.4624404588
286	2.4608020872
287	2.4608253999
288	2.4625305725
289	2.4657878588
290	2.4707416626
291	2.4770271513
292	2.4840529558
293	2.4919520973
294	2.5000912362
295	2.5078810383
296	2.5154158513
297	2.5224316431
298	2.5283228411
299	2.5334293504
300	2.5378330805
301	2.5413450581
302	2.5442516011
303	2.5468914066
304	2.5492875698
305	2.5515249154
306	2.5537445547
307	2.5558737077
308	2.5578327098
309	2.5594143338
310	2.5607129840
311	2.5612722522
312	2.5610214148
313	2.5600977071
314	2.5580798887
315	2.5550557020
316	2.5514849484
317	2.5471970738
318	2.5423203674
319	2.5373347885
320	2.5320676582
321	2.5267991958
322	2.5221564134
323	2.5185480813
324	2.5160039641
325	2.5143605603
326	2.5129968594
327	2.5118550027
328	2.5116229767
329	2.5131907931
330	2.5165219979
331	2.5201987179
332	2.5228800871
333	2.5237311759
334	2.5239090579
335	2.5254983270
336	2.5286455601
337	2.5317778831
338	2.5335229317
339	2.5331431130
340	2.5316348397
341	2.5305395263
342	2.5299402189
343	2.5296147137
344	2.5299200913
345	2.5312274269
346	2.5331434715
347	2.5347464245
348	2.5352196049
349	2.5353393952
350	2.5364147009
351	2.5389033565
352	2.5420469629
353	2.5452461687
354	2.5486905924
355	2.5518169019
356	2.5537894695
357	2.5540190784
358	2.5526582947
359	2.5510002697
360	2.5498361935
361	2.5485345913
362	2.5473286168
363	2.5467949714
364	2.5467082280
365	2.5464397922
366	2.5455395934
367	2.5444475512
368	2.5440700086
369	2.5445695565
370	2.5456973572
371	2.5481136122
372	2.5522142409
373	2.5575123648
374	2.5629011352
375	2.5679510252
376	2.5726151900
377	2.5764517833
378	2.5790485254
379	2.5803691824
380	2.5812433526
381	2.5821447858
382	2.5824938769
383	2.5823671485
384	2.5823941713
385	2.5820466305
386	2.5807881080
387	2.5784630573
388	2.5753627190
389	2.5718232426
390	2.5677401487
391	2.5635155908
392	2.5602086844
393	2.5580812841
394	2.5567474766
395	2.5565091738
396	2.5575630035
397	2.5595690633
398	2.5616394603
399	2.5634677391
400	2.5650952522
401	2.5662157154
402	2.5666171193
403	2.5666814510
404	2.5670953577
405	2.5676102072
406	2.5678246650
407	2.5684253909
408	2.5696805267
409	2.5709110245
410	2.5720632436
411	2.5730191934
412	2.5735887789
413	2.5734118828
414	2.5723324522
415	2.5709623386
416	2.5695492703
417	2.5679440923
418	2.5667872128
419	2.5667009360
420	2.5672653644
421	2.5683636280
422	2.5701371354
423	2.5725546723
424	2.5750018033
425	2.5771143058
426	2.5790477036
427	2.5805323128
428	2.5810970546
429	2.5807968017
430	2.5800873696
431	2.5788736755
432	2.5771553219
433	2.5757298204
434	2.5748710620
435	2.5742025381
436	2.5741518662
437	2.5747733080
438	2.5757025978
439	2.5766557542
440	2.5775232864
441	2.5784663167
442	2.5791322828
443	2.5793671756
444	2.5797008035
445	2.5802019889
446	2.5805956568
447	2.5814631153
448	2.5830112660
449	2.5850157266
450	2.5874675728
451	2.5905545720
452	2.5942231042
453	2.5981395943
454	2.6023459753
455	2.6066038975
456	2.6101924093
457	2.6126873215
458	2.6143043766
459	2.6151039494
460	2.6149442174
461	2.6139882606
462	2.6122023202
463	2.6091985591
464	2.6057258267
465	2.6027951476
466	2.6006406826
467	2.5992816416
468	2.5984534263
469	2.5980006745
470	2.5978424127
471	2.5982177085
472	2.5994288716
473	2.6011141701
474	2.6028387218
475	2.6049295656
476	2.6072214776
477	2.6092663207
478	2.6111179917
479	2.6127626003
480	2.6143342197
481	2.6161043915
482	2.6182108488
483	2.6202763940
484	2.6220977124
485	2.6239528513
486	2.6258285320
487	2.6273950111
488	2.6287181861
489	2.6299665135
490	2.6310031850
491	2.6316712886
492	2.6318445137
493	2.6310589692
494	2.6292625771
495	2.6269021398
496	2.6237702852
497	2.6199701005
498	2.6160765569
499	2.6125235790
500	2.6094581358
501	2.6069559718
502	2.6052505086
503	2.6044468024
504	2.6044603293
505	2.6053628864
506	2.6069655302
507	2.6090510513
508	2.6119886941
509	2.6154672216
510	2.6190082498
511	2.6226147197
512	2.6261305187
513	2.6291559667
514	2.6315100694
515	2.6332501251
516	2.6343110521
517	2.6346805300
518	2.6344087855
519	2.6334284113
520	2.6319277076
521	2.6302560191
522	2.6282419709
523	2.6256371155
524	2.6226117203
525	2.6193776552
526	2.6158474043
527	2.6125645676
528	2.6098879955
529	2.6074067915
530	2.6049154010
531	2.6022813570
532	2.5997724011
533	2.5979974220
534	2.5969846071
535	2.5960423758
536	2.5946428488
537	2.5928451929
538	2.5911618093
539	2.5900579157
540	2.5902490530
541	2.5917492854
542	2.5937766614
543	2.5963963779
544	2.5997493097
545	2.6036471109
546	2.6079101678
547	2.6123334216
548	2.6168382839
549	2.6214989148
550	2.6258811159
551	2.6291506917
552	2.6310719357
553	2.6319839322
554	2.6319476361
555	2.6310749760
556	2.6295604708
557	2.6272066252
558	2.6239052106
559	2.6197954247
560	2.6147536246
561	2.6084976540
562	2.6016661218
563	2.5948792576
564	2.5885033680
565	2.5828731028
566	2.5777794156
567	2.5733661419
568	2.5700687145
569	2.5674725106
570	2.5651837871
571	2.5637033402
572	2.5634584887
573	2.5644156934
574	2.5662168047
575	2.5689301287
576	2.5723065358
577	2.5759555710
578	2.5797470756
579	2.5831181435
580	2.5861648832
581	2.5893108377
582	2.5924358837
583	2.5954953786
584	2.5985064829
585	2.6012558831
586	2.6037594860
587	2.6058106529
588	2.6069090506
589	2.6071820659
590	2.6072546218
591	2.6070648408
592	2.6066509915
593	2.6067060112
594	2.6074714767
595	2.6086625031
596	2.6099003324
597	2.6109935347
598	2.6117265954
599	2.6120133422
600	2.6114978027
601	2.6101705056
602	2.6085116374
603	2.6063328691
604	2.6035347609
605	2.6005645468
606	2.5973862095
607	2.5940091006
608	2.5906425097
609	2.5870575108
610	2.5835083963
611	2.5802910244
612	2.5775279773
613	2.5752634838
614	2.5739093798
615	2.5738212421
616	2.5745140855
617	2.5758604622
618	2.5777877325
619	2.5799023396
620	2.5819095291
621	2.5834596917
622	2.5846966116
623	2.5860916584
624	2.5873661769
625	2.5885789585
626	2.5903721585
627	2.5926701200
628	2.5949713969
629	2.5973617405
630	2.5997347827
631	2.6016231419
632	2.6029075828
633	2.6034157849
634	2.6032296572
635	2.6024726644
636	2.6011748003
637	2.5995189281
638	2.5979318725
639	2.5964781328
640	2.5951041980
641	2.5941375750
642	2.5935087931
643	2.5930663732
644	2.5929718233
645	2.5931021193
646	2.5935513764
647	2.5945330510
648	2.5954781138
649	2.5966175288
650	2.5983875810
651	2.6005996743
652	2.6032436479
653	2.6062725888
654	2.6092300721
655	2.6113292029
656	2.6126321653
657	2.6136408798
658	2.6144025936
659	2.6145436097
660	2.6134557190
661	2.6110367023
662	2.6078371001
663	2.6047136623
664	2.6027895420
665	2.6019335465
666	2.6008246807
667	2.5989700773
668	2.5967526093
669	2.5947708072
670	2.5936274077
671	2.5931296501
672	2.5923811120
673	2.5912274392
674	2.5898535058
675	2.5886430861
676	2.5879485642
677	2.5876404230
678	2.5879040660
679	2.5893173377
680	2.5917257384
681	2.5940678474
682	2.5955349203
683	2.5959760230
684	2.5958735349
685	2.5957171352
686	2.5954115970
687	2.5947028940
688	2.5936606209
689	2.5920965210
690	2.5903451730
691	2.5884356269
692	2.5857537710
693	2.5832909698
694	2.5820753074
695	2.5819835758
696	2.5825254154
697	2.5834102734
698	2.5845297974
699	2.5857090525
700	2.5867988609
701	2.5875745178
702	2.5881583548
703	2.5891912662
704	2.5910118991
705	2.5933281990
706	2.5954792566
707	2.5973292787
708	2.5993231231
709	2.6010565343
710	2.6021817701
711	2.6031138022
712	2.6041925362
713	2.6054846308
714	2.6067263905
715	2.6073077786
716	2.6072143310
717	2.6066247688
718	2.6052128715
719	2.6031520824
720	2.6008052042
721	2.5986957300
722	2.5974536571
723	2.5969110044
724	2.5966568961
725	2.5969753358
726	2.5978562404
727	2.5985525636
728	2.5984494420
729	2.5977597222
730	2.5969821786
731	2.5961638807
732	2.5952116179
733	2.5943203424
734	2.5937783148
735	2.5930859364
736	2.5922993226
737	2.5915942556
738	2.5909512482
739	2.5909975713
740	2.5914331665
741	2.5919247138
742	2.5931539592
743	2.5954017997
744	2.5980589813
745	2.6005758460
746	2.6027939480
747	2.6044503663
748	2.6049639966
749	2.6039732736
750	2.6016799643
751	2.5986559018
752	2.5952012237
753	2.5915789873
754	2.5881760413
755	2.5851724736
756	2.5827152370
757	2.5804414565
758	2.5781753500
759	2.5763851927
760	2.5750803030
761	2.5738649837
762	2.5730367715
763	2.5729609321
764	2.5736740507
765	2.5749158135
766	2.5763607540
767	2.5785298268
768	2.5813886129
769	2.5840649424
770	2.5865961696
771	2.5892431122
772	2.5915957046
773	2.5934983197
774	2.5950022880
775	2.5963957677
776	2.5978545947
777	2.5992427371
778	2.6003576106
779	2.6010948553
780	2.6013607108
781	2.6006562573
782	2.5988489224
783	2.5960175307
784	2.5924647304
785	2.5880173649
786	2.5828689573
787	2.5784140921
788	2.5749396054
789	2.5723596431
790	2.5711280774
791	2.5709817953
792	2.5715321974
793	2.5728582544
794	2.5750659341
795	2.5783518918
796	2.5823523192
797	2.5863257684
798	2.5901266145
799	2.5941417552
800	2.5984328501
801	2.6027378093
802	2.6069505101
803	2.6109188615
804	2.6143246716
805	2.6167919662
806	2.6185173955
807	2.6196383129
808	2.6197206691
809	2.6187852995
810	2.6174098771
811	2.6157073031
812	2.6135432271
813	2.6110978286
814	2.6088778123
815	2.6073730012
816	2.6065318606
817	2.6064516394
818	2.6071140418
819	2.6078697968
820	2.6085396608
821	2.6091008460
822	2.6090791405
823	2.6084609949
824	2.6072703183
825	2.6058353714
826	2.6046236729
827	2.6033973313
828	2.6020525308
829	2.6009605071
830	2.6003907765
831	2.5999770331
832	2.5997586007
833	2.5999789222
834	2.6005628037
835	2.6013791294
836	2.6024507479
837	2.6039555531
838	2.6054930816
839	2.6071556791
840	2.6094263802
841	2.6119834171
842	2.6146731237
843	2.6176454877
844	2.6208278170
845	2.6242516241
846	2.6274563637
847	2.6300963428
848	2.6324056119
849	2.6342610427
850	2.6355351717
851	2.6364719888
852	2.6371435719
853	2.6372676579
854	2.6367598995
855	2.6357428945
856	2.6344255479
857	2.6329829735
858	2.6315826756
859	2.6300682573
860	2.6278875163
861	2.6251457298
862	2.6225588387
863	2.6203042490
864	2.6179662404
865	2.6151751157
866	2.6115867012
867	2.6071610506
868	2.6023840834
869	2.5981012690
870	2.5949056882
871	2.5925652013
872	2.5908627341
873	2.5900160416
874	2.5901079970
875	2.5914402245
876	2.5939769897
877	2.5973367043
878	2.6014916181
879	2.6061029084
880	2.6110483300
881	2.6160399961
882	2.6204067930
883	2.6242140732
884	2.6280927753
885	2.6321006689
886	2.6357997401
887	2.6391139792
888	2.6418386669
889	2.6437704206
890	2.6449609423
891	2.6455569760
892	2.6456205351
893	2.6451381825
894	2.6444033676
895	2.6435027881
896	2.6421572640
897	2.6403620032
898	2.6381841136
899	2.6359024549
900	2.6339326319
901	2.6322861432
902	2.6311576093
903	2.6305814099
904	2.6304662716
905	2.6309388775
906	2.6316508028
907	2.6322033183
908	2.6329033642
909	2.6340054186
910	2.6352170126
911	2.6363443525
912	2.6374114842
913	2.6384108057
914	2.6390407315
915	2.6391070420
916	2.6386870567
917	2.6378582012
918	2.6368860894
919	2.6360135972
920	2.6351223881
921	2.6341209721
922	2.6332669534
923	2.6326462045
924	2.6321346678
925	2.6317577676
926	2.6316356092
927	2.6319030108
928	2.6325610962
929	2.6335896705
930	2.6349476663
931	2.6363395569
932	2.6376909644
933	2.6388007834
934	2.6392925001
935	2.6391616937
936	2.6385946975
937	2.6380159147
938	2.6374650401
939	2.6369161468
940	2.6367903217
941	2.6371573913
942	2.6376822177
943	2.6383002850
944	2.6390505254
945	2.6398114908
946	2.6406952829
947	2.6416447493
948	2.6424736566
949	2.6433258756
950	2.6442435699
951	2.6449958602
952	2.6454521902
953	2.6456997749
954	2.6458316102
955	2.6456993547
956	2.6453398866
957	2.6449676501
958	2.6446030955
959	2.6443397112
960	2.6441786782
961	2.6441896674
962	2.6443657538
963	2.6445376555
964	2.6447520813
965	2.6449247695
966	2.6449460702
967	2.6450441916
968	2.6452414667
969	2.6454222313
970	2.6458404291
971	2.6465298806
972	2.6473131235
973	2.6480817596
974	2.6487648299
975	2.6493250996
976	2.6496944541
977	2.6499170485
978	2.6500390359
979	2.6500858961
980	2.6501112216
981	2.6500978371
982	2.6500503270
983	2.6501568065
984	2.6503670546
985	2.6502022483
986	2.6494431625
987	2.6482196089
988	2.6466855222
989	2.6450407156
990	2.6434263089
991	2.6418780771
992	2.6400758271
993	2.6378888163
994	2.6358120495
995	2.6342758309
996	2.6334323343
997	2.6329122215
998	2.6322844011
999	2.6315140860
1000	2.6308695008
1001	2.6308570455
1002	2.6316572047
1003	2.6331580735
1004	2.6352331264
1005	2.6375509798
1006	2.6399156857
1007	2.6424650860
1008	2.6449174765
1009	2.6468845765
1010	2.6485271620
1011	2.6499317266
1012	2.6509287307
1013	2.6513954104
1014	2.6510727065
1015	2.6500028343
1016	2.6486462103
1017	2.6473462108
1018	2.6461171120
1019	2.6448004364
1020	2.6435065491
1021	2.6422220589
1022	2.6409152334
1023	2.6397037223
1024	2.6385781653
1025	2.6376182147
1026	2.6370508199
1027	2.6371001256
1028	2.6376091957
1029	2.6380840651
1030	2.6384514012
1031	2.6389565394
1032	2.6394942286
1033	2.6400718223
1034	2.6406569204
1035	2.6412534179
1036	2.6421039364
1037	2.6429751430
1038	2.6436212905
1039	2.6441609977
1040	2.6447253628
1041	2.6453869762
1042	2.6462546883
1043	2.6472339740
1044	2.6479918084
1045	2.6483889961
1046	2.6484365296
1047	2.6478452587
1048	2.6462733228
1049	2.6440154490
1050	2.6415885147
1051	2.6391837172
1052	2.6369730514
1053	2.6350052395
1054	2.6333715836
1055	2.6321688750
1056	2.6311449779
1057	2.6301893944
1058	2.6292917009
1059	2.6285980347
1060	2.6280910410
1061	2.6275343092
1062	2.6270345969
1063	2.6267048629
1064	2.6266466131
1065	2.6268024450
1066	2.6268990702
1067	2.6268740948
1068	2.6270200877
1069	2.6277172926
1070	2.6288453761
1071	2.6300097657
1072	2.6312113327
1073	2.6323609788
1074	2.6331421569
1075	2.6334854031
1076	2.6333754845
1077	2.6330496980
1078	2.6329290369
1079	2.6327532302
1080	2.6323987279
1081	2.6323071755
1082	2.6322245238
1083	2.6317704291
1084	2.6309512139
1085	2.6298737879
1086	2.6285529570
1087	2.6269505649
1088	2.6251874233
1089	2.6232740810
1090	2.6214379001
1091	2.6200381064
1092	2.6189293767
1093	2.6177836966
1094	2.6166801408
1095	2.6157183104
1096	2.6147595852
1097	2.6134549316
1098	2.6120099510
1099	2.6109444173
1100	2.6102730839
1101	2.6099722708
1102	2.6098419178
1103	2.6101248120
1104	2.6108778847
1105	2.6115000983
1106	2.6121906033
1107	2.6133997923
1108	2.6151353652
1109	2.6175842263
1110	2.6208664726
1111	2.6247156868
1112	2.6290000756
1113	2.6335159649
1114	2.6377413647
1115	2.6413606832
1116	2.6442865639
1117	2.6462903179
1118	2.6471518452
1119	2.6470839990
1120	2.6465043098
1121	2.6454175526
1122	2.6437934403
1123	2.6415915833
1124	2.6389499124
1125	2.6362516193
1126	2.6333889948
1127	2.6304448936
1128	2.6276149381
1129	2.6247646077
1130	2.6216555040
1131	2.6184172641
1132	2.6156646255
1133	2.6135344347
1134	2.6118054033
1135	2.6104597454
1136	2.6096209619
1137	2.6093743479
1138	2.6095630611
1139	2.6099856558
1140	2.6106996033
1141	2.6118475771
1142	2.6134479480
1143	2.6154156526
1144	2.6177137506
1145	2.6202915880
1146	2.6229348917
1147	2.6255476785
1148	2.6280736436
1149	2.6302594791
1150	2.6321446110
1151	2.6335702247
1152	2.6343593309
1153	2.6352208602
1154	2.6362900575
1155	2.6372110063
1156	2.6383023034
1157	2.6397177410
1158	2.6410659461
1159	2.6419931407
1160	2.6423661128
1161	2.6421661892
1162	2.6413051330
1163	2.6398726531
1164	2.6381557210
1165	2.6362532798
1166	2.6342799552
1167	2.6322780856
1168	2.6305222400
1169	2.6291008710
1170	2.6278565582
1171	2.6269158906
1172	2.6263419102
1173	2.6262595304
1174	2.6264809492
1175	2.6268421653
1176	2.6274685483
1177	2.6283797994
1178	2.6295197855
1179	2.6304555206
1180	2.6310419993
1181	2.6317651527
1182	2.6325880458
1183	2.6333235698
1184	2.6341961555
1185	2.6349480203
1186	2.6351434512
1187	2.6349012654
1188	2.6345287813
1189	2.6343338070
1190	2.6344246652
1191	2.6344889339
1192	2.6343904466
1193	2.6340790042
1194	2.6336743111
1195	2.6335770532
1196	2.6340664182
1197	2.6348822356
1198	2.6352726062
1199	2.6352835762
1200	2.6353754918
1201	2.6358339047
1202	2.6368909794
1203	2.6384189194
1204	2.6402670799
1205	2.6423755016
1206	2.6446638676
1207	2.6470759752
1208	2.6495665482
1209	2.6520065368
1210	2.6542122061
1211	2.6560524719
1212	2.6574540105
1213	2.6582082712
1214	2.6581765815
1215	2.6576039700
1216	2.6568812200
1217	2.6562786013
1218	2.6558569337
1219	2.6556024965
1220	2.6554173614
1221	2.6551287392
1222	2.6547802401
1223	2.6544861059
1224	2.6541131508
1225	2.6534935858
1226	2.6528586036
1227	2.6524389099
1228	2.6518789376
1229	2.6510572355
1230	2.6503294252
1231	2.6497967161
1232	2.6495550582
1233	2.6496904378
1234	2.6500015961
1235	2.6505340942
1236	2.6513350013
1237	2.6522677978
1238	2.6533546343
1239	2.6545078479
1240	2.6557594394
1241	2.6572048019
1242	2.6588078310
1243	2.6603341614
1244	2.6614947174
1245	2.6623063982
1246	2.6627513719
1247	2.6628080646
1248	2.6625191223
1249	2.6620086034
1250	2.6614130811
1251	2.6606516794
1252	2.6596917497
1253	2.6585373872
1254	2.6571461275
1255	2.6556422938
1256	2.6543034282
1257	2.6533064619
1258	2.6525641419
1259	2.6521255747
1260	2.6522272584
1261	2.6527933474
1262	2.6536236978
1263	2.6546653585
1264	2.6558671881
1265	2.6572122786
1266	2.6586509186
1267	2.6599970509
1268	2.6612872354
1269	2.6625224543
1270	2.6635789984
1271	2.6644491348
1272	2.6650143036
1273	2.6652958225
1274	2.6654465725
1275	2.6655486249
1276	2.6655970872
1277	2.6656316650
1278	2.6657051784
1279	2.6657057592
1280	2.6655572201
1281	2.6652470458
1282	2.6648065374
1283	2.6643273077
1284	2.6638208308
1285	2.6633170632
1286	2.6629569592
1287	2.6627228817
1288	2.6625223201
1289	2.6623500916
1290	2.6622271547
1291	2.6621392615
1292	2.6620563723
1293	2.6620235722
1294	2.6620053117
1295	2.6619724379
1296	2.6619984994
1297	2.6620591974
1298	2.6620435896
1299	2.6619280324
1300	2.6618307598
1301	2.6618203680
1302	2.6618195485
1303	2.6618637348
1304	2.6620472757
1305	2.6623154674
1306	2.6626186457
1307	2.6629532618
1308	2.6632855809
1309	2.6635789049
1310	2.6638238287
1311	2.6639654082
1312	2.6639611225
1313	2.6639707544
1314	2.6641283956
1315	2.6644055199
1316	2.6647811849
1317	2.6651317771
1318	2.6654310938
1319	2.6657814263
1320	2.6661250583
1321	2.6664408889
1322	2.6667216224
1323	2.6668842524
1324	2.6668756746
1325	2.6667483372
1326	2.6666465172
1327	2.6666338874
1328	2.6666865266
1329	2.6667207995
1330	2.6666720320
1331	2.6665642797
1332	2.6664205252
1333	2.6662847887
1334	2.6661852027
1335	2.6660882616
1336	2.6659951177
1337	2.6659167805
1338	2.6658379202
1339	2.6657509133
1340	2.6656693197
1341	2.6655914461
1342	2.6654822893
1343	2.6653552506
1344	2.6652607234
1345	2.6652200795
1346	2.6652130252
1347	2.6652032534
1348	2.6651745934
1349	2.6651304164
1350	2.6651120916
1351	2.6651413877
1352	2.6652085879
1353	2.6653000331
1354	2.6653771620
1355	2.6654285473
1356	2.6654590214
1357	2.6654626305
1358	2.6654477648
1359	2.6654329024
1360	2.6654246812
1361	2.6654071506
1362	2.6653553335
1363	2.6652583771
1364	2.6651240390
1365	2.6649767095
1366	2.6648185233
1367	2.6646142178
1368	2.6643437841
1369	2.6640663116
1370	2.6638151800
1371	2.6635117426
1372	2.6631726445
1373	2.6628732599
1374	2.6626468073
1375	2.6625384145
1376	2.6625316899
1377	2.6625583767
1378	2.6625858927
1379	2.6626207784
1380	2.6626375044
1381	2.6625751737
1382	2.6624381797
1383	2.6623037393
1384	2.6622121965
1385	2.6621991307
1386	2.6622839454
1387	2.6623874172
1388	2.6624504921
1389	2.6625298930
1390	2.6626622767
1391	2.6627909843
1392	2.6629169750
1393	2.6630769133
1394	2.6632217203
1395	2.6632730613
1396	2.6631699854
1397	2.6629125018
1398	2.6624839681
1399	2.6617999813
1400	2.6608248909
1401	2.6596168518
1402	2.6583104067
1403	2.6568843091
1404	2.6553234063
1405	2.6536119989
1406	2.6517385970
1407	2.6499964412
1408	2.6483920032
1409	2.6469094081
1410	2.6458269636
1411	2.6451729413
1412	2.6449299989
1413	2.6450829965
1414	2.6453839207
1415	2.6455998527
1416	2.6457757791
1417	2.6460385071
1418	2.6463933405
1419	2.6467826855
1420	2.6472919822
1421	2.6480755797
1422	2.6490471898
1423	2.6500540310
1424	2.6511130960
1425	2.6522300243
1426	2.6533425330
1427	2.6544388547
1428	2.6554271582
1429	2.6562916872
1430	2.6571558559
1431	2.6578825146
1432	2.6583292936
1433	2.6586035162
1434	2.6587954185
1435	2.6587883760
1436	2.6584210804
1437	2.6577558167
1438	2.6568365650
1439	2.6556597963
1440	2.6542619887
1441	2.6527291843
1442	2.6511807224
1443	2.6496249022
1444	2.6481637487
1445	2.6468182206
1446	2.6455147398
1447	2.6445732348
1448	2.6441538752
1449	2.6440095854
1450	2.6440493961
1451	2.6442534099
1452	2.6446873167
1453	2.6451779220
1454	2.6454132637
1455	2.6454385122
1456	2.6453201268
1457	2.6450707596
1458	2.6447515591
1459	2.6444916563
1460	2.6442635762
1461	2.6438765716
1462	2.6429429873
1463	2.6412168142
1464	2.6390606711
1465	2.6366274385
1466	2.6338661459
1467	2.6312656006
1468	2.6292163263
1469	2.6277292360
1470	2.6270556880
1471	2.6272681119
1472	2.6280959187
1473	2.6294156013
1474	2.6311959451
1475	2.6332393932
1476	2.6352237980
1477	2.6371207373
1478	2.6388890265
1479	2.6402293592
1480	2.6411438350
1481	2.6417898464
1482	2.6421234516
1483	2.6420006424
1484	2.6414694602
1485	2.6406919532
1486	2.6398004350
1487	2.6388274682
1488	2.6374702599
1489	2.6358964797
1490	2.6343425312
1491	2.6326081264
1492	2.6304962987
1493	2.6279322641
1494	2.6252365422
1495	2.6223721306
1496	2.6192525197
1497	2.6160736404
1498	2.6131770367
1499	2.6107347423
1500	2.6084969762
1501	2.6068910878
1502	2.6062733575
1503	2.6064567186
1504	2.6075923783
1505	2.6095031948
1506	2.6117416739
1507	2.6142270672
1508	2.6164737762
1509	2.6182497455
1510	2.6199598972
1511	2.6215439259
1512	2.6227551366
1513	2.6235325264
1514	2.6240617039
1515	2.6246704709
1516	2.6254891263
1517	2.6262815500
1518	2.6265906068
1519	2.6261213388
1520	2.6250216511
1521	2.6237363736
1522	2.6226276406
1523	2.6221265760
1524	2.6221538352
1525	2.6218688238
1526	2.6212078532
1527	2.6207821208
1528	2.6207076089
1529	2.6209192547
1530	2.6212826658
1531	2.6214936277
1532	2.6212298600
1533	2.6206502570
1534	2.6204120628
1535	2.6206613792
1536	2.6211001522
1537	2.6215441006
1538	2.6221178252
1539	2.6229833625
1540	2.6239465357
1541	2.6249901693
1542	2.6261936343
1543	2.6277922016
1544	2.6300097014
1545	2.6324066071
1546	2.6346804470
1547	2.6365950584
1548	2.6379742226
1549	2.6390373331
1550	2.6398480171
1551	2.6403616822
1552	2.6404217488
1553	2.6398365036
1554	2.6386815788
1555	2.6372469037
1556	2.6357470796
1557	2.6342872889
1558	2.6330031664
1559	2.6321971162
1560	2.6319095498
1561	2.6315810708
1562	2.6309897991
1563	2.6304250699
1564	2.6298408121
1565	2.6292188952
1566	2.6289757038
1567	2.6289170345
1568	2.6287078067
1569	2.6285992005
1570	2.6285904738
1571	2.6287022530
1572	2.6289524891
1573	2.6293295657
1574	2.6301958511
1575	2.6317429267
1576	2.6336269043
1577	2.6353040681
1578	2.6367884354
1579	2.6381092280
1580	2.6389985897
1581	2.6394640245
1582	2.6397265351
1583	2.6400019219
1584	2.6402721639
1585	2.6406176371
1586	2.6408654303
1587	2.6408826998
1588	2.6409856568
1589	2.6412779992
1590	2.6417864128
1591	2.6423474178
1592	2.6428120729
1593	2.6432590421
1594	2.6437169115
1595	2.6442120048
1596	2.6447379424
1597	2.6453604838
1598	2.6462657305
1599	2.6474377032
1600	2.6486727975
1601	2.6498173124
1602	2.6508782903
1603	2.6518002307
1604	2.6524332348
1605	2.6529309319
1606	2.6533213165
1607	2.6536695321
1608	2.6542063282
1609	2.6548549638
1610	2.6555464334
1611	2.6560929929
1612	2.6562859272
1613	2.6562652599
1614	2.6559974586
1615	2.6553462612
1616	2.6546233083
1617	2.6541348737
1618	2.6538196158
1619	2.6535727785
1620	2.6534565458
1621	2.6534672894
1622	2.6534708208
1623	2.6534503705
1624	2.6534808956
1625	2.6535405166
1626	2.6536269897
1627	2.6537873985
1628	2.6538142149
1629	2.6536568736
1630	2.6534218681
1631	2.6530493070
1632	2.6526289109
1633	2.6522814114
1634	2.6521596438
1635	2.6523875267
1636	2.6528780168
1637	2.6534554344
1638	2.6539618153
1639	2.6545044686
1640	2.6551581061
1641	2.6557952444
1642	2.6563452891
1643	2.6568226216
1644	2.6572955167
1645	2.6577156885
1646	2.6581396419
1647	2.6586929005
1648	2.6593023672
1649	2.6597930011
1650	2.6600547845
1651	2.6602239775
1652	2.6604475093
1653	2.6606714936
1654	2.6607721922
1655	2.6605378001
1656	2.6598286006
1657	2.6588418365
1658	2.6577507676
1659	2.6565426834
1660	2.6551531391
1661	2.6536306704
1662	2.6521147686
1663	2.6507136788
1664	2.6496975936
1665	2.6491893670
1666	2.6490503788
1667	2.6491363797
1668	2.6494553170
1669	2.6500334428
1670	2.6508496595
1671	2.6518600897
1672	2.6529457475
1673	2.6542868708
1674	2.6558871110
1675	2.6574744528
1676	2.6589483306
1677	2.6600903423
1678	2.6608807268
1679	2.6615694032
1680	2.6621707073
1681	2.6625107772
1682	2.6625356454
1683	2.6622218396
1684	2.6614938311
1685	2.6603794636
1686	2.6589251510
1687	2.6572187178
1688	2.6553932298
1689	2.6535882546
1690	2.6519578364
1691	2.6505914927
1692	2.6494954591
1693	2.6486544497
1694	2.6483174423
1695	2.6486741500
1696	2.6493441874
1697	2.6500102027
1698	2.6507164361
1699	2.6515596734
1700	2.6525443731
1701	2.6535411518
1702	2.6546707313
1703	2.6560478928
1704	2.6575770147
1705	2.6591432494
1706	2.6604595632
1707	2.6612929070
1708	2.6616277431
1709	2.6615799634
1710	2.6611831238
1711	2.6604867454
1712	2.6597545756
1713	2.6591768962
1714	2.6588245718
1715	2.6587077200
1716	2.6587791621
1717	2.6590251938
1718	2.6593816505
1719	2.6599956484
1720	2.6609537512
1721	2.6618401740
1722	2.6625084532
1723	2.6630397262
1724	2.6633838414
1725	2.6635763123
1726	2.6635946660
1727	2.6634116848
1728	2.6630873186
1729	2.6625712120
1730	2.6617869156
1731	2.6608978457
1732	2.6600280102
1733	2.6591807315
1734	2.6583085918
1735	2.6573806482
1736	2.6564576610
1737	2.6555372116
1738	2.6546794415
1739	2.6536329834
1740	2.6522266488
1741	2.6508539611
1742	2.6495718285
1743	2.6482776256
1744	2.6470675280
1745	2.6460322669
1746	2.6451744136
1747	2.6443525595
1748	2.6433980793
1749	2.6420731165
1750	2.6403100305
1751	2.6384396371
1752	2.6370096738
1753	2.6362153050
1754	2.6359461551
1755	2.6363573427
1756	2.6376227831
1757	2.6394137251
1758	2.6413473039
1759	2.6433262619
1760	2.6453100635
1761	2.6472832145
1762	2.6490562300
1763	2.6504674916
1764	2.6512584257
1765	2.6514353812
1766	2.6510581287
1767	2.6498740587
1768	2.6482186136
1769	2.6464485337
1770	2.6445459384
1771	2.6423652877
1772	2.6399959538
1773	2.6376510950
1774	2.6352701234
1775	2.6328244802
1776	2.6304322494
1777	2.6282902532
1778	2.6263424589
1779	2.6245951369
1780	2.6232094955
1781	2.6221426228
1782	2.6212046457
1783	2.6202873787
1784	2.6194730552
1785	2.6184445821
1786	2.6170416421
1787	2.6158321792
1788	2.6147607051
1789	2.6134970549
1790	2.6122350125
1791	2.6112741523
1792	2.6111604708
1793	2.6118916102
1794	2.6128195561
1795	2.6138332696
1796	2.6150163362
1797	2.6158544218
1798	2.6161387884
1799	2.6160585718
1800	2.6156737800
1801	2.6153742562
1802	2.6150003505
1803	2.6140666337
1804	2.6127408287
1805	2.6112360108
1806	2.6093204040
1807	2.6067821323
1808	2.6042912708
1809	2.6022500880
1810	2.6003462736
1811	2.5986349660
1812	2.5970804033
1813	2.5956455117
1814	2.5943877706
1815	2.5932604075
1816	2.5922485779
1817	2.5911434547
1818	2.5901364860
1819	2.5893821225
1820	2.5883722369
1821	2.5869690492
1822	2.5853064685
1823	2.5833249364
1824	2.5809878937
1825	2.5785885556
1826	2.5765771930
1827	2.5750203874
1828	2.5741766272
1829	2.5741177447
1830	2.5746803846
1831	2.5756611489
1832	2.5764735621
1833	2.5766614395
1834	2.5757366531
1835	2.5740733370
1836	2.5720879732
1837	2.5696699598
1838	2.5676395155
1839	2.5664295522
1840	2.5655104372
1841	2.5644186724
1842	2.5630682597
1843	2.5619285286
1844	2.5615162779
1845	2.5608191902
1846	2.5591139558
1847	2.5571354340
1848	2.5547549936
1849	2.5522351961
1850	2.5503411101
1851	2.5488337379
1852	2.5469061323
1853	2.5439544213
1854	2.5404103978
1855	2.5370262005
1856	2.5344831261
1857	2.5329076275
1858	2.5311260301
1859	2.5285978601
1860	2.5260982087
1861	2.5242553676
1862	2.5239391204
1863	2.5254866603
1864	2.5283491831
1865	2.5320269669
1866	2.5358412782
1867	2.5395641686
1868	2.5429786343
1869	2.5459184674
1870	2.5483405716
1871	2.5501243192
1872	2.5514907910
1873	2.5528759679
1874	2.5542639737
1875	2.5544990161
1876	2.5539866335
1877	2.5540476913
1878	2.5541573541
1879	2.5531258497
1880	2.5504969095
1881	2.5467146732
1882	2.5418482202
1883	2.5362882893
1884	2.5308730904
1885	2.5255111791
1886	2.5200011074
1887	2.5144383411
1888	2.5090840869
1889	2.5042379148
1890	2.4999067722
1891	2.4965426913
1892	2.4951286376
1893	2.4960898737
1894	2.4988179424
1895	2.5022831962
1896	2.5056441829
1897	2.5086894996
1898	2.5114321921
1899	2.5132100309
1900	2.5138244139
1901	2.5132434289
1902	2.5112425674
1903	2.5079275794
1904	2.5035363541
1905	2.4983876524
1906	2.4922563169
1907	2.4857331037
1908	2.4796297421
1909	2.4738563942
1910	2.4682103500
1911	2.4619173505
1912	2.4547514432
1913	2.4476400300
1914	2.4410818758
1915	2.4354304690
1916	2.4316174338
1917	2.4300983801
1918	2.4313679028
1919	2.4350361207
1920	2.4391527434
1921	2.4439024221
1922	2.4503701329
1923	2.4577385216
1924	2.4657546370
1925	2.4742439728
1926	2.4820613818
1927	2.4886773547
1928	2.4937898960
1929	2.4970361201
1930	2.4981729389
1931	2.4975773923
1932	2.4959365064
1933	2.4937070108
1934	2.4914821372
1935	2.4888842970
1936	2.4860409312
1937	2.4839511933
1938	2.4824143128
1939	2.4805306448
1940	2.4776766163
1941	2.4747245216
1942	2.4717832605
1943	2.4677212859
1944	2.4626705501
1945	2.4571325978
1946	2.4513492373
1947	2.4453689407
1948	2.4398031364
1949	2.4350581641
1950	2.4315199103
1951	2.4298764015
1952	2.4298833561
1953	2.4311108209
1954	2.4331966514
1955	2.4362328367
1956	2.4403027470
1957	2.4453198723
1958	2.4512373131
1959	2.4576167022
1960	2.4639427623
1961	2.4700322825
1962	2.4754509627
1963	2.4793764392
1964	2.4816455560
1965	2.4827043930
1966	2.4835188020
1967	2.4841240498
1968	2.4844561450
1969	2.4855018072
1970	2.4864545671
1971	2.4857476360
1972	2.4835309533
1973	2.4802756579
1974	2.4770795183
1975	2.4751878345
1976	2.4739845856
1977	2.4733150340
1978	2.4729745423
1979	2.4723830002
1980	2.4720332474
1981	2.4717721128
1982	2.4705723617
1983	2.4673658554
1984	2.4628210175
1985	2.4578209486
1986	2.4527117346
1987	2.4493719499
1988	2.4484209851
1989	2.4482645892
1990	2.4477338654
1991	2.4475787047
1992	2.4491101807
1993	2.4520574529
1994	2.4554908525
1995	2.4588774545
1996	2.4620131397
1997	2.4648347066
1998	2.4674219012
1999	2.4694916393
2000	2.4708514245
2001	2.4724036358
2002	2.4741593255
2003	2.4758749403
2004	2.4779319313
2005	2.4797675696
2006	2.4812075254
2007	2.4826867010
2008	2.4844525448
2009	2.4862710502
2010	2.4876508143
2011	2.4882014763
2012	2.4875938003
2013	2.4864976617
2014	2.4858766801
2015	2.4859038971
2016	2.4859543332
2017	2.4855121505
2018	2.4846206794
2019	2.4834119219
2020	2.4815533619
2021	2.4785525514
2022	2.4752824823
2023	2.4730079177
2024	2.4722399000
2025	2.4722650069
2026	2.4720116335
2027	2.4715741297
2028	2.4706998731
2029	2.4689798129
2030	2.4667554829
2031	2.4639886566
2032	2.4602446198
2033	2.4556748520
2034	2.4509348498
2035	2.4461255294
2036	2.4409402901
2037	2.4359695477
2038	2.4320567713
2039	2.4293801987
2040	2.4279305315
2041	2.4277175872
2042	2.4289873730
2043	2.4316309504
2044	2.4354758367
2045	2.4404631433
2046	2.4456286989
2047	2.4502710806
2048	2.4551167198
2049	2.4602925990
2050	2.4648128068
2051	2.4678738656
2052	2.4688310254
2053	2.4694959990
2054	2.4713029728
2055	2.4729404825
2056	2.4744799076
2057	2.4756535491
2058	2.4757401246
2059	2.4751375695
2060	2.4742535735
2061	2.4734406755
2062	2.4732372501
2063	2.4742245004
2064	2.4757730612
2065	2.4777242530
2066	2.4804007706
2067	2.4833362581
2068	2.4861757353
2069	2.4887427849
2070	2.4909311608
2071	2.4924481258
2072	2.4933972966
2073	2.4940754760
2074	2.4941703913
2075	2.4933843437
2076	2.4918528075
2077	2.4892486979
2078	2.4852950621
2079	2.4801776690
2080	2.4736825058
2081	2.4661463093
2082	2.4591842475
2083	2.4539124885
2084	2.4497146609
2085	2.4463590003
2086	2.4449137136
2087	2.4462926343
2088	2.4496358208
2089	2.4536285997
2090	2.4583720963
2091	2.4636578526
2092	2.4684266930
2093	2.4717741185
2094	2.4736642144
2095	2.4745768828
2096	2.4754223114
2097	2.4771549680
2098	2.4798657460
2099	2.4828317646
2100	2.4854848829
2101	2.4877128952
2102	2.4886750875
2103	2.4880855134
2104	2.4862906566
2105	2.4839591355
2106	2.4816886699
2107	2.4788243036
2108	2.4760355148
2109	2.4736212688
2110	2.4706687408
2111	2.4681813873
2112	2.4662491241
2113	2.4642774914
2114	2.4631326376
2115	2.4633762965
2116	2.4648877394
2117	2.4671980861
2118	2.4700423728
2119	2.4729811979
2120	2.4759734573
2121	2.4791777144
2122	2.4823289721
2123	2.4858811633
2124	2.4899195046
2125	2.4935421013
2126	2.4962208446
2127	2.4987817334
2128	2.5016689755
2129	2.5043489195
2130	2.5065053815
2131	2.5081233121
2132	2.5093790169
2133	2.5099548067
2134	2.5098162057
2135	2.5090376519
2136	2.5080267947
2137	2.5078961191
2138	2.5084906098
2139	2.5092021567
2140	2.5100967048
2141	2.5110716860
2142	2.5119664001
2143	2.5126535285
2144	2.5129265563
2145	2.5132694475
2146	2.5140668733
2147	2.5147738177
2148	2.5153677503
2149	2.5163855371
2150	2.5179042458
2151	2.5198206572
2152	2.5224561080
2153	2.5260061984
2154	2.5300784017
2155	2.5345913385
2156	2.5394840508
2157	2.5437101617
2158	2.5464045149
2159	2.5479131591
2160	2.5488459617
2161	2.5490822077
2162	2.5485096958
2163	2.5481517948
2164	2.5485737047
2165	2.5495961212
2166	2.5512755306
2167	2.5536434809
2168	2.5568488431
2169	2.5603151362
2170	2.5632295023
2171	2.5654645526
2172	2.5676219020
2173	2.5702837224
2174	2.5732629641
2175	2.5761263022
2176	2.5784492516
2177	2.5802209304
2178	2.5815497607
2179	2.5830879335
2180	2.5854448072
2181	2.5882772529
2182	2.5906790114
2183	2.5921100902
2184	2.5932733013
2185	2.5944975736
2186	2.5955744657
2187	2.5959830558
2188	2.5954411156
2189	2.5941918348
2190	2.5922895503
2191	2.5907287580
2192	2.5899176201
2193	2.5891288091
2194	2.5881042845
2195	2.5862440273
2196	2.5835312703
2197	2.5809316233
2198	2.5785629859
2199	2.5767290746
2200	2.5759336703
2201	2.5758614981
2202	2.5765354226
2203	2.5779646886
2204	2.5792348068
2205	2.5799932890
2206	2.5812507333
2207	2.5833894880
2208	2.5860435804
2209	2.5890720817
2210	2.5923974419
2211	2.5959813062
2212	2.5999076099
2213	2.6044757789
2214	2.6094598430
2215	2.6143056715
2216	2.6187422916
2217	2.6225523268
2218	2.6255917106
2219	2.6280459595
2220	2.6300066997
2221	2.6312601619
2222	2.6321197424
2223	2.6330359982
2224	2.6338129543
2225	2.6339239975
2226	2.6333962070
2227	2.6328385852
2228	2.6322621173
2229	2.6311467330
2230	2.6293144584
2231	2.6268541253
2232	2.6237850144
2233	2.6203366745
2234	2.6169316611
2235	2.6137651217
2236	2.6111435461
2237	2.6093065567
2238	2.6082828457
2239	2.6078926973
2240	2.6078004540
2241	2.6080405500
2242	2.6085630904
2243	2.6097992606
2244	2.6121609135
2245	2.6154093657
2246	2.6194037290
2247	2.6237393571
2248	2.6281649672
2249	2.6320757803
2250	2.6349659119
2251	2.6369112847
2252	2.6377891020
2253	2.6378483631
2254	2.6368804803
2255	2.6344429425
2256	2.6310422628
2257	2.6272195694
2258	2.6233100103
2259	2.6199002975
2260	2.6170869651
2261	2.6148727522
2262	2.6136070708
2263	2.6130181415
2264	2.6128564704
2265	2.6133697345
2266	2.6146045994
2267	2.6164382851
2268	2.6189511955
2269	2.6219221277
2270	2.6245391800
2271	2.6265044813
2272	2.6280715156
2273	2.6290145715
2274	2.6288418199
2275	2.6276285654
2276	2.6260856240
2277	2.6245928570
2278	2.6228564534
2279	2.6209669026
2280	2.6193276970
2281	2.6180554760
2282	2.6169613220
2283	2.6159711159
2284	2.6154962850
2285	2.6155897686
2286	2.6162343562
2287	2.6175989491
2288	2.6192591549
2289	2.6207846580
2290	2.6222497232
2291	2.6235250150
2292	2.6244910043
2293	2.6252715819
2294	2.6256492593
2295	2.6258835201
2296	2.6264155851
2297	2.6271568438
2298	2.6278389446
2299	2.6284002933
2300	2.6290434972
2301	2.6295966719
2302	2.6300802431
2303	2.6306047308
2304	2.6310554199
2305	2.6311138544
2306	2.6304100412
2307	2.6290175608
2308	2.6273549484
2309	2.6262347894
2310	2.6258988739
2311	2.6258134325
2312	2.6255667643
2313	2.6252532063
2314	2.6250240512
2315	2.6248468853
2316	2.6247631432
2317	2.6246245352
2318	2.6241718151
2319	2.6231883886
2320	2.6219835428
2321	2.6207980012
2322	2.6191468120
2323	2.6167615807
2324	2.6136901999
2325	2.6101178113
2326	2.6064788266
2327	2.6033790120
2328	2.6013982705
2329	2.6003490395
2330	2.5998136449
2331	2.5997555102
2332	2.6000426661
2333	2.6004164740
2334	2.6002817777
2335	2.5997595649
2336	2.5996193293
2337	2.6002376780
2338	2.6015665725
2339	2.6030649177
2340	2.6048454844
2341	2.6071639117
2342	2.6098957840
2343	2.6129670672
2344	2.6159971781
2345	2.6189555917
2346	2.6217195349
2347	2.6238468913
2348	2.6255872433
2349	2.6268096491
2350	2.6269041484
2351	2.6262466591
2352	2.6248512459
2353	2.6222128147
2354	2.6188644844
2355	2.6150450832
2356	2.6105645384
2357	2.6061273128
2358	2.6024317503
2359	2.5994401684
2360	2.5966702267
2361	2.5937092849
2362	2.5905157852
2363	2.5873874099
2364	2.5845891760
2365	2.5820725278
2366	2.5798736538
2367	2.5784176753
2368	2.5782254868
2369	2.5788735947
2370	2.5799643699
2371	2.5818423345
2372	2.5846740310
2373	2.5882148394
2374	2.5917814629
2375	2.5952025402
2376	2.5984179144
2377	2.6012191718
2378	2.6033444372
2379	2.6043248929
2380	2.6039894768
2381	2.6025748432
2382	2.6009316377
2383	2.5995629176
2384	2.5986125819
2385	2.5976201355
2386	2.5960549103
2387	2.5944816479
2388	2.5931209720
2389	2.5918742802
2390	2.5906171925
2391	2.5891576874
2392	2.5873689872
2393	2.5852555146
2394	2.5835310699
2395	2.5824790345
2396	2.5817620828
2397	2.5816151186
2398	2.5822558953
2399	2.5833221090
2400	2.5841463272
2401	2.5846882139
2402	2.5857114716
2403	2.5872562142
2404	2.5890142498
2405	2.5911790347
2406	2.5940287904
2407	2.5973063126
2408	2.6002698699
2409	2.6029403778
2410	2.6054251984
2411	2.6072549040
2412	2.6085388815
2413	2.6090754428
2414	2.6081910872
2415	2.6064768167
2416	2.6043337567
2417	2.6015317139
2418	2.5982898395
2419	2.5945900989
2420	2.5907333031
2421	2.5871757440
2422	2.5840177070
2423	2.5812567097
2424	2.5791243089
2425	2.5778594025
2426	2.5772723100
2427	2.5769988977
2428	2.5764220332
2429	2.5754823409
2430	2.5745167663
2431	2.5738895697
2432	2.5740174834
2433	2.5748191492
2434	2.5758007411
2435	2.5768918265
2436	2.5785335939
2437	2.5804499466
2438	2.5821801319
2439	2.5835876546
2440	2.5849724940
2441	2.5863630457
2442	2.5871110132
2443	2.5868639577
2444	2.5857019337
2445	2.5843821656
2446	2.5825365686
2447	2.5794030277
2448	2.5759399661
2449	2.5726479465
2450	2.5690244961
2451	2.5649772839
2452	2.5605563252
2453	2.5558073394
2454	2.5514169343
2455	2.5482947832
2456	2.5469918441
2457	2.5477996803
2458	2.5507359853
2459	2.5552835791
2460	2.5605133388
2461	2.5657989517
2462	2.5710685442
2463	2.5761004452
2464	2.5806058016
2465	2.5846493532
2466	2.5883383238
2467	2.5915031551
2468	2.5936315963
2469	2.5944649699
2470	2.5940090338
2471	2.5924368653
2472	2.5896738489
2473	2.5856424427
2474	2.5805540784
2475	2.5744624017
2476	2.5679088774
2477	2.5614365394
2478	2.5555463533
2479	2.5503342234
2480	2.5456383406
2481	2.5420416389
2482	2.5393141223
2483	2.5366910630
2484	2.5340156792
2485	2.5316726377
2486	2.5301151320
2487	2.5291415512
2488	2.5290883120
2489	2.5305770303
2490	2.5336336439
2491	2.5379942260
2492	2.5429708495
2493	2.5483330339
2494	2.5541590197
2495	2.5604951841
2496	2.5669774279
2497	2.5727295266
2498	2.5776417473
2499	2.5818565646
2500	2.5851940649
2501	2.5877383731
2502	2.5897872413
2503	2.5913066406
2504	2.5920864203
2505	2.5919918398
2506	2.5913895762
2507	2.5908563440
2508	2.5908996182
2509	2.5910514949
2510	2.5896120152
2511	2.5868932688
2512	2.5837851375
2513	2.5803031218
2514	2.5773227790
2515	2.5749147800
2516	2.5721194722
2517	2.5688681996
2518	2.5657574054
2519	2.5630433793
2520	2.5610615117
2521	2.5595136652
2522	2.5580355415
2523	2.5566981774
2524	2.5551502171
2525	2.5538954520
2526	2.5534811228
2527	2.5535516760
2528	2.5535196727
2529	2.5532740907
2530	2.5534983498
2531	2.5543803020
2532	2.5557166021
2533	2.5578252673
2534	2.5611003804
2535	2.5653221376
2536	2.5698643072
2537	2.5741288701
2538	2.5772924231
2539	2.5790574216
2540	2.5801057178
2541	2.5810646966
2542	2.5821806064
2543	2.5834155062
2544	2.5845887632
2545	2.5851267795
2546	2.5850514573
2547	2.5853287048
2548	2.5857852845
2549	2.5859869235
2550	2.5862825254
2551	2.5871269874
2552	2.5883697599
2553	2.5890904242
2554	2.5891085454
2555	2.5888754778
2556	2.5885938249
2557	2.5882289768
2558	2.5877905721
2559	2.5873906657
2560	2.5870818044
2561	2.5869334794
2562	2.5872223137
2563	2.5880647808
2564	2.5891818026
2565	2.5902553265
2566	2.5910715787
2567	2.5922282414
2568	2.5939536357
2569	2.5959433992
2570	2.5985073744
2571	2.6019427972
2572	2.6063154339
2573	2.6111385984
2574	2.6159366245
2575	2.6200064444
2576	2.6227438526
2577	2.6244679967
2578	2.6251077099
2579	2.6245493065
2580	2.6233212594
2581	2.6217968521
2582	2.6201560826
2583	2.6184644196
2584	2.6164832609
2585	2.6146665529
2586	2.6136670398
2587	2.6135123621
2588	2.6142710988
2589	2.6156913785
2590	2.6173795141
2591	2.6192036749
2592	2.6210847811
2593	2.6230576940
2594	2.6252374533
2595	2.6276335146
2596	2.6300944196
2597	2.6325478398
2598	2.6348941869
2599	2.6369005605
2600	2.6383344228
2601	2.6391638865
2602	2.6398814565
2603	2.6405419591
2604	2.6406229776
2605	2.6402955339
2606	2.6398976447
2607	2.6392918499
2608	2.6382553160
2609	2.6369309512
2610	2.6354758064
2611	2.6338808903
2612	2.6324057736
2613	2.6310741417
2614	2.6298863215
2615	2.6292005974
2616	2.6291012314
2617	2.6294472452
2618	2.6302625690
2619	2.6314204556
2620	2.6328494632
2621	2.6345823073
2622	2.6361723266
2623	2.6373340024
2624	2.6381098685
2625	2.6385679224
2626	2.6390037027
2627	2.6395842501
2628	2.6403426663
2629	2.6413788040
2630	2.6429263475
2631	2.6450814785
2632	2.6474927998
2633	2.6498201160
2634	2.6518918368
2635	2.6536335575
2636	2.6549908889
2637	2.6560844668
2638	2.6570710474
2639	2.6578105110
2640	2.6581658402
2641	2.6579037207
2642	2.6569891428
2643	2.6557007888
2644	2.6543249670
2645	2.6528808758
2646	2.6511206349
2647	2.6491501147
2648	2.6472190034
2649	2.6455042962
2650	2.6441338133
2651	2.6431101636
2652	2.6423659802
2653	2.6418805231
2654	2.6416962886
2655	2.6418956381
2656	2.6424310919
2657	2.6430370173
2658	2.6436295738
2659	2.6443198485
2660	2.6452106986
2661	2.6460756965
2662	2.6468755545
2663	2.6477639119
2664	2.6484523306
2665	2.6487042227
2666	2.6486226700
2667	2.6483993784
2668	2.6477889168
2669	2.6467958085
2670	2.6458663789
2671	2.6451017666
2672	2.6444858012
2673	2.6437804658
2674	2.6427701049
2675	2.6417263935
2676	2.6410455777
2677	2.6407944111
2678	2.6408327806
2679	2.6413271656
2680	2.6423708487
2681	2.6436416479
2682	2.6450240105
2683	2.6463744503
2684	2.6473347276
2685	2.6479441353
2686	2.6484347805
2687	2.6488849039
2688	2.6492986112
2689	2.6494937798
2690	2.6495842098
2691	2.6498593488
2692	2.6499540527
2693	2.6498445679
2694	2.6496812912
2695	2.6491112923
2696	2.6481190798
2697	2.6469079535
2698	2.6456864501
2699	2.6445988673
2700	2.6437415257
2701	2.6431087609
2702	2.6426003712
2703	2.6422288186
2704	2.6420328405
2705	2.6419361151
2706	2.6419089285
2707	2.6423114631
2708	2.6432041436
2709	2.6443263573
2710	2.6457050746
2711	2.6474806262
2712	2.6495757755
2713	2.6514987724
2714	2.6527433543
2715	2.6532987235
2716	2.6535676625
2717	2.6537486813
2718	2.6536641716
2719	2.6531124963
2720	2.6520828962
2721	2.6505532269
2722	2.6486838294
2723	2.6467424407
2724	2.6446536135
2725	2.6425577020
2726	2.6406758173
2727	2.6391488118
2728	2.6380152688
2729	2.6372413610
2730	2.6370617816
2731	2.6374785087
2732	2.6383886089
2733	2.6397344365
2734	2.6413707123
2735	2.6431748607
2736	2.6450233220
2737	2.6468944768
2738	2.6488078494
2739	2.6507620210
2740	2.6525785607
2741	2.6539986226
2742	2.6551362960
2743	2.6561257675
2744	2.6568802814
2745	2.6575707006
2746	2.6583821239
2747	2.6591519888
2748	2.6596389494
2749	2.6597992249
2750	2.6596579632
2751	2.6590827379
2752	2.6579502624
2753	2.6562578270
2754	2.6540842938
2755	2.6515536695
2756	2.6486206548
2757	2.6453939222
2758	2.6421367673
2759	2.6391068844
2760	2.6367876586
2761	2.6350137936
2762	2.6335458667
2763	2.6327662849
2764	2.6327654903
2765	2.6335075718
2766	2.6348091663
2767	2.6361634676
2768	2.6371917829
2769	2.6379156835
2770	2.6383317494
2771	2.6382772876
2772	2.6378992455
2773	2.6375764968
2774	2.6375945537
2775	2.6378469245
2776	2.6383258257
2777	2.6391941828
2778	2.6401216387
2779	2.6409701722
2780	2.6417861728
2781	2.6423365828
2782	2.6426962136
2783	2.6430716268
2784	2.6434461683
2785	2.6437884190
2786	2.6439302264
2787	2.6435251961
2788	2.6428151923
2789	2.6422141734
2790	2.6416674178
2791	2.6408834306
2792	2.6396532338
2793	2.6379879250
2794	2.6356428746
2795	2.6323977547
2796	2.6281762223
2797	2.6236966453
2798	2.6195102241
2799	2.6153261543
2800	2.6115682228
2801	2.6083361791
2802	2.6053446189
2803	2.6028745494
2804	2.6012923176
2805	2.6005682152
2806	2.6006982249
2807	2.6017958796
2808	2.6034986969
2809	2.6052470734
2810	2.6068339064
2811	2.6085402576
2812	2.6102558226
2813	2.6115874482
2814	2.6127592892
2815	2.6143242159
2816	2.6161903520
2817	2.6177440602
2818	2.6186735427
2819	2.6191442074
2820	2.6191737953
2821	2.6183372799
2822	2.6169255092
2823	2.6154701010
2824	2.6140650605
2825	2.6126498500
2826	2.6111201400
2827	2.6097679204
2828	2.6088432093
2829	2.6084196710
2830	2.6082104193
2831	2.6076507108
2832	2.6065670198
2833	2.6048907750
2834	2.6031255355
2835	2.6019930719
2836	2.6013759778
2837	2.6009773617
2838	2.6006773434
2839	2.6005597364
2840	2.6005634235
2841	2.6008610889
2842	2.6015251565
2843	2.6015622694
2844	2.6004315836
2845	2.5982142309
2846	2.5954898427
2847	2.5933570785
2848	2.5923866916
2849	2.5919133812
2850	2.5909219040
2851	2.5898100977
2852	2.5889446332
2853	2.5879918570
2854	2.5869189877
2855	2.5857483532
2856	2.5842731253
2857	2.5825989432
2858	2.5809115063
2859	2.5789274952
2860	2.5767447056
2861	2.5744325527
2862	2.5718887277
2863	2.5687871860
2864	2.5651791438
2865	2.5616332961
2866	2.5580264058
2867	2.5544031451
2868	2.5514030866
2869	2.5500612462
2870	2.5501864537
2871	2.5506397474
2872	2.5517075304
2873	2.5536442925
2874	2.5562890653
2875	2.5601465742
2876	2.5645284966
2877	2.5682206193
2878	2.5710384862
2879	2.5723837458
2880	2.5723911982
2881	2.5715812230
2882	2.5697968307
2883	2.5678135091
2884	2.5663903760
2885	2.5652338896
2886	2.5637428462
2887	2.5614756568
2888	2.5582709017
2889	2.5544896457
2890	2.5506926728
2891	2.5473199162
2892	2.5441452389
2893	2.5406255773
2894	2.5371963966
2895	2.5340481830
2896	2.5310084455
2897	2.5282111496
2898	2.5254308078
2899	2.5230528844
2900	2.5217002475
2901	2.5214899386
2902	2.5223637240
2903	2.5238553772
2904	2.5258679245
2905	2.5285918390
2906	2.5321413512
2907	2.5360625006
2908	2.5399027497
2909	2.5443283606
2910	2.5492407882
2911	2.5539366907
2912	2.5584650118
2913	2.5628664233
2914	2.5667163306
2915	2.5694307908
2916	2.5707573025
2917	2.5705555856
2918	2.5684661163
2919	2.5647954118
2920	2.5607361121
2921	2.5573148487
2922	2.5547639367
2923	2.5522496172
2924	2.5492275857
2925	2.5461927398
2926	2.5433389951
2927	2.5402199289
2928	2.5369380370
2929	2.5345976785
2930	2.5333826305
2931	2.5326583184
2932	2.5321215022
2933	2.5313464558
2934	2.5305824908
2935	2.5300804062
2936	2.5298928731
2937	2.5302435182
2938	2.5309488959
2939	2.5321722236
2940	2.5336127433
2941	2.5349439686
2942	2.5360958249
2943	2.5366868342
2944	2.5363790743
2945	2.5348484495
2946	2.5326520886
2947	2.5297563620
2948	2.5258012506
2949	2.5215156602
2950	2.5174722461
2951	2.5138655957
2952	2.5109839304
2953	2.5088076145
2954	2.5075552794
2955	2.5079630938
2956	2.5091474982
2957	2.5103711900
2958	2.5120979116
2959	2.5143720831
2960	2.5172558755
2961	2.5207594727
2962	2.5246617860
2963	2.5285103202
2964	2.5328099697
2965	2.5383050706
2966	2.5442155351
2967	2.5489903025
2968	2.5524419973
2969	2.5549650567
2970	2.5557193322
2971	2.5549501056
2972	2.5536625817
2973	2.5521054948
2974	2.5499792025
2975	2.5467886446
2976	2.5432016868
2977	2.5401731869
2978	2.5380283544
2979	2.5372934487
2980	2.5377097401
2981	2.5382115178
2982	2.5386460111
2983	2.5392551928
2984	2.5399209924
2985	2.5404255672
2986	2.5407256813
2987	2.5407286551
2988	2.5410089021
2989	2.5422534630
2990	2.5435807941
2991	2.5443942361
2992	2.5448230201
2993	2.5447711329
2994	2.5445278813
2995	2.5440993228
2996	2.5434600494
2997	2.5433536924
2998	2.5440059672
2999	2.5451989907
