0	2.5912592505
1	2.6054142189
2	2.6318580591
3	2.6591372252
4	2.6853404578
5	2.7056830933
6	2.7201444036
7	2.7274581432
8	2.7292632517
9	2.7266334793
10	2.7219668438
11	2.7167665114
12	2.7130284155
13	2.7112996072
14	2.7122918909
15	2.7154422933
16	2.7201151347
17	2.7253557721
18	2.7299589526
19	2.7333898998
20	2.7348400025
21	2.7345813710
22	2.7325933882
23	2.7298068550
24	2.7266334390
25	2.7241325278
26	2.7225294715
27	2.7224220552
28	2.7235499096
29	2.7257779671
30	2.7285517763
31	2.7312330320
32	2.7334114962
33	2.7344682996
34	2.7344757594
35	2.7332099891
36	2.7312579059
37	2.7287507853
38	2.7265078708
39	2.7246870800
40	2.7239086655
41	2.7240791041
42	2.7252970741
43	2.7272031922
44	2.7293686326
45	2.7314115426
46	2.7327293287
47	2.7332870401
48	2.7327513503
49	2.7315758166
50	2.7297215213
51	2.7278333569
52	2.7259322424
53	2.7246223571
54	2.7239498921
55	2.7242278424
56	2.7252738565
57	2.7267844424
58	2.7284742886
59	2.7298510185
60	2.7309037895
61	2.7311174875
62	2.7306853163
63	2.7293363073
64	2.7276650480
65	2.7256703749
66	2.7239414571
67	2.7225801232
68	2.7220380812
69	2.7222859708
70	2.7230837906
71	2.7242815071
72	2.7255325039
73	2.7268665761
74	2.7275382071
75	2.7276070747
76	2.7268084085
77	2.7257623100
78	2.7242270463
79	2.7224802857
80	2.7205086498
81	2.7188891329
82	2.7180687210
83	2.7182564713
84	2.7192812850
85	2.7201642872
86	2.7208087825
87	2.7211285168
88	2.7217583020
89	2.7220307236
90	2.7219842181
91	2.7211750728
92	2.7196563112
93	2.7172087719
94	2.7146346305
95	2.7128323734
96	2.7119904648
97	2.7122496523
98	2.7131838416
99	2.7145219691
100	2.7151151447
101	2.7152869012
102	2.7148720807
103	2.7143195245
104	2.7135744522
105	2.7131368693
106	2.7125482745
107	2.7114436381
108	2.7098863712
109	2.7077465656
110	2.7054979933
111	2.7035481855
112	2.7028888062
113	2.7031786595
114	2.7047817006
115	2.7068114466
116	2.7086694319
117	2.7093966915
118	2.7088848746
119	2.7069095752
120	2.7038257805
121	2.7005769844
122	2.6977410344
123	2.6965397278
124	2.6971229265
125	2.6991652962
126	2.7004217164
127	2.6997082144
128	2.6967190820
129	2.6943493223
130	2.6954072274
131	2.6997999236
132	2.7031808843
133	2.7006800329
134	2.6924515967
135	2.6839737840
136	2.6818122204
137	2.6860543933
138	2.6925131100
139	2.6964802369
140	2.6975729631
141	2.6957635327
142	2.6901208492
143	2.6803467565
144	2.6707379911
145	2.6670010226
146	2.6704008854
147	2.6782155740
148	2.6872168510
149	2.6966926123
150	2.7033958248
151	2.7031280521
152	2.6943304706
153	2.6810424566
154	2.6666836442
155	2.6531830852
156	2.6432217560
157	2.6412692423
158	2.6487814487
159	2.6618750367
160	2.6773408261
161	2.6929370063
162	2.7053609485
163	2.7093958755
164	2.7044277922
165	2.6923352581
166	2.6747675315
167	2.6530877889
168	2.6325984339
169	2.6183756670
170	2.6113324271
171	2.6119058696
172	2.6213735443
173	2.6389275884
174	2.6592879480
175	2.6793811095
176	2.6967819806
177	2.7079950507
178	2.7095136560
179	2.7023084089
180	2.6876401572
181	2.6660602491
182	2.6410943220
183	2.6178793050
184	2.5989008592
185	2.5854453959
186	2.5814044932
187	2.5872540838
188	2.6008149724
189	2.6197457383
190	2.6428390517
191	2.6652874284
192	2.6830247903
193	2.6950240931
194	2.6996252522
195	2.6955502808
196	2.6849314977
197	2.6708093913
198	2.6541793467
199	2.6386232892
200	2.6273646853
201	2.6215093306
202	2.6211422673
203	2.6275277292
204	2.6373064296
205	2.6457176478
206	2.6515876279
207	2.6550179929
208	2.6561894141
209	2.6557427812
210	2.6520204147
211	2.6409655660
212	2.6266609553
213	2.6184743220
214	2.6222812158
215	2.6350829423
216	2.6492555135
217	2.6577722189
218	2.6623633403
219	2.6705368157
220	2.6823951788
221	2.6912772790
222	2.6927328730
223	2.6865841708
224	2.6735366780
225	2.6567942481
226	2.6396410544
227	2.6280777838
228	2.6273975709
229	2.6351940819
230	2.6430144939
231	2.6479146207
232	2.6513801707
233	2.6521197952
234	2.6501261338
235	2.6478684699
236	2.6478628493
237	2.6493811701
238	2.6489452208
239	2.6430170184
240	2.6351145104
241	2.6285427038
242	2.6231463003
243	2.6221079825
244	2.6302519310
245	2.6457378897
246	2.6621974924
247	2.6761780617
248	2.6849402607
249	2.6869117571
250	2.6814563961
251	2.6715798413
252	2.6630964090
253	2.6593564704
254	2.6587727956
255	2.6621506323
256	2.6694405737
257	2.6754155227
258	2.6777731358
259	2.6777834501
260	2.6755542340
261	2.6706054746
262	2.6657982573
263	2.6635684134
264	2.6646350356
265	2.6665469109
266	2.6673630814
267	2.6663680456
268	2.6613051211
269	2.6517797122
270	2.6430573894
271	2.6382789429
272	2.6363747999
273	2.6400259650
274	2.6491834206
275	2.6593669823
276	2.6667221542
277	2.6699232766
278	2.6675040869
279	2.6598741523
280	2.6497617460
281	2.6415129907
282	2.6379052237
283	2.6390362861
284	2.6462960930
285	2.6580541089
286	2.6690487902
287	2.6768328279
288	2.6815905836
289	2.6802279787
290	2.6740489362
291	2.6674319009
292	2.6619907168
293	2.6593182071
294	2.6614190376
295	2.6681306641
296	2.6770794230
297	2.6858350486
298	2.6919803747
299	2.6935937698
300	2.6892900204
301	2.6819402965
302	2.6741330128
303	2.6669337375
304	2.6635766810
305	2.6660969142
306	2.6719111596
307	2.6799304446
308	2.6891025126
309	2.6947917178
310	2.6955275107
311	2.6911518053
312	2.6816106313
313	2.6689238194
314	2.6570127759
315	2.6487253942
316	2.6460308336
317	2.6497692471
318	2.6594518761
319	2.6716046072
320	2.6825438130
321	2.6905670553
322	2.6920338008
323	2.6857697381
324	2.6742975036
325	2.6591510311
326	2.6426047739
327	2.6304751628
328	2.6242902858
329	2.6244573914
330	2.6324012917
331	2.6461405642
332	2.6631161678
333	2.6807144809
334	2.6943485348
335	2.6989513260
336	2.6931610160
337	2.6798492411
338	2.6643913171
339	2.6506751615
340	2.6400965634
341	2.6297702965
342	2.6200589595
343	2.6184985899
344	2.6301636124
345	2.6527904151
346	2.6778608049
347	2.6940845375
348	2.6981068526
349	2.6981750086
350	2.6995343624
351	2.7007589078
352	2.6970998477
353	2.6855438401
354	2.6695490712
355	2.6546455620
356	2.6427764002
357	2.6353171368
358	2.6359826273
359	2.6467639925
360	2.6634743913
361	2.6781983484
362	2.6873982682
363	2.6924652408
364	2.6979822357
365	2.7047117333
366	2.7091621181
367	2.7110136927
368	2.7106470354
369	2.7043176955
370	2.6901747485
371	2.6710860708
372	2.6529414633
373	2.6424249069
374	2.6392581045
375	2.6415776086
376	2.6507040177
377	2.6651301744
378	2.6790814293
379	2.6888685596
380	2.6952596033
381	2.7005293193
382	2.7042955479
383	2.7048047788
384	2.7025429149
385	2.6989982711
386	2.6936570528
387	2.6843569633
388	2.6745329579
389	2.6690345699
390	2.6681183241
391	2.6713371212
392	2.6792026871
393	2.6901119932
394	2.7005376181
395	2.7049665212
396	2.7012776856
397	2.6931205457
398	2.6810578295
399	2.6663873848
400	2.6550507180
401	2.6515859022
402	2.6557774209
403	2.6653210953
404	2.6783581919
405	2.6933392421
406	2.7060998067
407	2.7129886127
408	2.7147574777
409	2.7132546031
410	2.7080894175
411	2.6993104953
412	2.6908016743
413	2.6832934781
414	2.6753372787
415	2.6688380454
416	2.6660871326
417	2.6667204252
418	2.6694230143
419	2.6738019077
420	2.6820655144
421	2.6935220594
422	2.7033969451
423	2.7109406044
424	2.7145788820
425	2.7114531405
426	2.7037845815
427	2.6961654445
428	2.6905310876
429	2.6866367537
430	2.6851005140
431	2.6889258827
432	2.6986162674
433	2.7113228749
434	2.7248092050
435	2.7360020305
436	2.7405929376
437	2.7368542572
438	2.7278418424
439	2.7155324647
440	2.7019172268
441	2.6916634942
442	2.6871214404
443	2.6871039101
444	2.6905122709
445	2.6972817905
446	2.7070999072
447	2.7169948284
448	2.7240685738
449	2.7289664596
450	2.7297269857
451	2.7252749016
452	2.7188381092
453	2.7124552670
454	2.7074066009
455	2.7060175218
456	2.7090826992
457	2.7149547711
458	2.7210324748
459	2.7265550754
460	2.7314216931
461	2.7341047827
462	2.7354164397
463	2.7371396910
464	2.7385224114
465	2.7378058097
466	2.7358889302
467	2.7333881048
468	2.7298024158
469	2.7266723596
470	2.7247586025
471	2.7232601528
472	2.7228299724
473	2.7247103617
474	2.7287109971
475	2.7331857137
476	2.7361428475
477	2.7373183612
478	2.7361189213
479	2.7342787990
480	2.7346133784
481	2.7348193654
482	2.7324884872
483	2.7285394180
484	2.7239339512
485	2.7201332145
486	2.7193322986
487	2.7225584648
488	2.7290837095
489	2.7372256808
490	2.7460173610
491	2.7527350929
492	2.7546603225
493	2.7523951466
494	2.7476790645
495	2.7413798906
496	2.7349412105
497	2.7300142946
498	2.7269102632
499	2.7270608133
500	2.7309909719
501	2.7364272364
502	2.7422979878
503	2.7487540823
504	2.7537911873
505	2.7552941433
506	2.7527389765
507	2.7470404612
508	2.7387823171
509	2.7289704191
510	2.7200227047
511	2.7122631601
512	2.7071500070
513	2.7070990650
514	2.7105613729
515	2.7163125849
516	2.7252218638
517	2.7356246683
518	2.7447737033
519	2.7508954697
520	2.7532435736
521	2.7510776744
522	2.7444552707
523	2.7350203307
524	2.7244656733
525	2.7157457170
526	2.7113306635
527	2.7110812046
528	2.7145236041
529	2.7222883161
530	2.7320479946
531	2.7401479707
532	2.7464032468
533	2.7507848886
534	2.7522550679
535	2.7517596554
536	2.7500307436
537	2.7469904588
538	2.7433255842
539	2.7387284702
540	2.7330138804
541	2.7265605752
542	2.7203281145
543	2.7142407358
544	2.7088990291
545	2.7083373376
546	2.7132133087
547	2.7203901322
548	2.7283614427
549	2.7347377092
550	2.7380613363
551	2.7399375051
552	2.7405636187
553	2.7387477227
554	2.7331197114
555	2.7243043102
556	2.7161778873
557	2.7138714532
558	2.7174081599
559	2.7203731893
560	2.7185775308
561	2.7133611502
562	2.7079754572
563	2.7057548182
564	2.7084454076
565	2.7130179569
566	2.7167331915
567	2.7210341667
568	2.7263061350
569	2.7310342340
570	2.7347151497
571	2.7361277685
572	2.7353250700
573	2.7328191849
574	2.7264078507
575	2.7172510015
576	2.7106436859
577	2.7105968766
578	2.7161212021
579	2.7236610272
580	2.7305893881
581	2.7338630026
582	2.7322243277
583	2.7262585040
584	2.7164467376
585	2.7070133483
586	2.7015856825
587	2.6996452781
588	2.7007253264
589	2.7038686150
590	2.7092125072
591	2.7175743769
592	2.7269301964
593	2.7338950607
594	2.7380327743
595	2.7391276260
596	2.7341235874
597	2.7225468700
598	2.7083421647
599	2.6955104561
600	2.6869477692
601	2.6848479202
602	2.6888600682
603	2.6972963779
604	2.7069775256
605	2.7127263126
606	2.7131780700
607	2.7121985515
608	2.7112534119
609	2.7106546988
610	2.7112098958
611	2.7116408100
612	2.7126215358
613	2.7138849547
614	2.7131313899
615	2.7110158734
616	2.7098972587
617	2.7104194546
618	2.7116622452
619	2.7145374596
620	2.7197635927
621	2.7245902874
622	2.7272952604
623	2.7273504225
624	2.7249529272
625	2.7205053277
626	2.7129378611
627	2.7050970379
628	2.7002789126
629	2.6972202390
630	2.6952105332
631	2.6956611095
632	2.6984997796
633	2.7032295049
634	2.7098867755
635	2.7173872053
636	2.7250829235
637	2.7320124733
638	2.7353658027
639	2.7339200102
640	2.7289584191
641	2.7206519644
642	2.7099412032
643	2.7007185308
644	2.6967143802
645	2.6993746974
646	2.7083792370
647	2.7207850048
648	2.7329159229
649	2.7407000251
650	2.7395629813
651	2.7307225439
652	2.7167882156
653	2.6988505574
654	2.6820829346
655	2.6713645243
656	2.6676591740
657	2.6704201146
658	2.6792084226
659	2.6930906229
660	2.7083410627
661	2.7211682075
662	2.7294478064
663	2.7328615051
664	2.7317401761
665	2.7253568055
666	2.7160699925
667	2.7061605924
668	2.6962268175
669	2.6888304575
670	2.6858325860
671	2.6881745922
672	2.6963994517
673	2.7082223502
674	2.7215083386
675	2.7352831302
676	2.7453063445
677	2.7473734757
678	2.7403183978
679	2.7236324805
680	2.7007642344
681	2.6805185100
682	2.6688151836
683	2.6657375069
684	2.6690206138
685	2.6767780256
686	2.6886872582
687	2.7047873973
688	2.7232779340
689	2.7392278071
690	2.7467455851
691	2.7427737725
692	2.7329207158
693	2.7248188970
694	2.7186865314
695	2.7138629799
696	2.7099283811
697	2.7065012594
698	2.7061643031
699	2.7094046109
700	2.7148188531
701	2.7212392451
702	2.7277779309
703	2.7347210578
704	2.7409252389
705	2.7442529978
706	2.7444348907
707	2.7443840114
708	2.7449109918
709	2.7425045385
710	2.7349334661
711	2.7226182752
712	2.7089414224
713	2.6974989506
714	2.6896214211
715	2.6872362573
716	2.6910928153
717	2.6993903199
718	2.7100582034
719	2.7182008832
720	2.7205841705
721	2.7214587195
722	2.7238822292
723	2.7259464979
724	2.7275190418
725	2.7290384503
726	2.7289671970
727	2.7261054250
728	2.7195445799
729	2.7106543450
730	2.7028383608
731	2.6987829144
732	2.6985012711
733	2.7000630516
734	2.7030701419
735	2.7087547546
736	2.7165503210
737	2.7226868972
738	2.7273421132
739	2.7329891658
740	2.7373518077
741	2.7384363321
742	2.7353166857
743	2.7283442750
744	2.7194774324
745	2.7084722601
746	2.6979259818
747	2.6922353279
748	2.6926414784
749	2.6983791382
750	2.7062531957
751	2.7129236271
752	2.7171974270
753	2.7184510837
754	2.7145031826
755	2.7060072505
756	2.6979141582
757	2.6925826327
758	2.6900266266
759	2.6912293828
760	2.6970969129
761	2.7059965889
762	2.7132710045
763	2.7175912160
764	2.7217339458
765	2.7258486202
766	2.7286578078
767	2.7283024501
768	2.7229821769
769	2.7158266119
770	2.7103705163
771	2.7060088330
772	2.7039379689
773	2.7048517702
774	2.7057362108
775	2.7064783030
776	2.7095525615
777	2.7159911174
778	2.7230731096
779	2.7275266024
780	2.7300869177
781	2.7322640004
782	2.7338351547
783	2.7346474537
784	2.7359283903
785	2.7373802764
786	2.7372517730
787	2.7337426779
788	2.7259852157
789	2.7176051174
790	2.7114560148
791	2.7080978031
792	2.7092414036
793	2.7139451223
794	2.7203854834
795	2.7262628472
796	2.7297129339
797	2.7320985683
798	2.7325197785
799	2.7297364315
800	2.7262519395
801	2.7230781518
802	2.7184880417
803	2.7135871743
804	2.7120368973
805	2.7149777677
806	2.7213205861
807	2.7293930525
808	2.7375002880
809	2.7442920181
810	2.7477856680
811	2.7472675237
812	2.7440618577
813	2.7392585045
814	2.7326454235
815	2.7236814876
816	2.7149162319
817	2.7093427672
818	2.7062574808
819	2.7061035907
820	2.7109503116
821	2.7191106391
822	2.7290523945
823	2.7403903900
824	2.7493527161
825	2.7523872748
826	2.7480378611
827	2.7378943228
828	2.7260981889
829	2.7157968948
830	2.7099366632
831	2.7102701702
832	2.7159747717
833	2.7245327125
834	2.7334308584
835	2.7409563325
836	2.7455659804
837	2.7460959918
838	2.7423242072
839	2.7355517343
840	2.7252433436
841	2.7108076180
842	2.6963650304
843	2.6855000938
844	2.6796149569
845	2.6793000441
846	2.6847306965
847	2.6959925643
848	2.7092192821
849	2.7206107068
850	2.7290935879
851	2.7325860302
852	2.7311487861
853	2.7270394118
854	2.7209892659
855	2.7136013465
856	2.7061259125
857	2.6994752237
858	2.6948259210
859	2.6929225052
860	2.6935342063
861	2.6974882283
862	2.7049034162
863	2.7135948177
864	2.7218962484
865	2.7286395748
866	2.7318907997
867	2.7301300407
868	2.7237857594
869	2.7138434158
870	2.7009172095
871	2.6879187859
872	2.6788685418
873	2.6745012305
874	2.6749037403
875	2.6815766320
876	2.6928149978
877	2.7056185322
878	2.7178567297
879	2.7275548764
880	2.7343674684
881	2.7371534421
882	2.7354176768
883	2.7311975459
884	2.7262756358
885	2.7219185970
886	2.7189293004
887	2.7174051742
888	2.7166743351
889	2.7164774384
890	2.7178925438
891	2.7216352747
892	2.7265734355
893	2.7308472095
894	2.7339263798
895	2.7354983081
896	2.7364159099
897	2.7384622361
898	2.7400290211
899	2.7385644851
900	2.7340499900
901	2.7288505115
902	2.7256680097
903	2.7248766561
904	2.7255179172
905	2.7248834387
906	2.7211790434
907	2.7171248959
908	2.7151545103
909	2.7155387623
910	2.7181774360
911	2.7221439218
912	2.7268615024
913	2.7320734862
914	2.7363544184
915	2.7387721938
916	2.7394469647
917	2.7384076361
918	2.7368125817
919	2.7353805391
920	2.7331755582
921	2.7309326468
922	2.7310591873
923	2.7340288165
924	2.7379095705
925	2.7410007521
926	2.7424223946
927	2.7415195882
928	2.7385206117
929	2.7346827218
930	2.7310466865
931	2.7288791518
932	2.7297006705
933	2.7326171131
934	2.7359362057
935	2.7387285410
936	2.7404658482
937	2.7417578926
938	2.7422407109
939	2.7415022168
940	2.7402974317
941	2.7389460883
942	2.7379322601
943	2.7371858936
944	2.7361135961
945	2.7351833930
946	2.7354212836
947	2.7367154854
948	2.7376866666
949	2.7377119936
950	2.7372616937
951	2.7365082595
952	2.7352395791
953	2.7345207026
954	2.7356862212
955	2.7382755876
956	2.7414774917
957	2.7440687815
958	2.7450069613
959	2.7448951314
960	2.7442117698
961	2.7430243337
962	2.7418133181
963	2.7414650803
964	2.7416780833
965	2.7408238203
966	2.7387111654
967	2.7360296355
968	2.7335072750
969	2.7321735587
970	2.7322183451
971	2.7335055323
972	2.7359873371
973	2.7389608408
974	2.7417907006
975	2.7434396758
976	2.7429210609
977	2.7413137379
978	2.7391456582
979	2.7363305417
980	2.7348348635
981	2.7360018123
982	2.7387817820
983	2.7419655273
984	2.7452092569
985	2.7481990267
986	2.7506837896
987	2.7521199898
988	2.7518802352
989	2.7502459164
990	2.7478377656
991	2.7449049162
992	2.7419069924
993	2.7406595823
994	2.7417182294
995	2.7437037000
996	2.7465780853
997	2.7503972621
998	2.7545858587
999	2.7581757156
1000	2.7601310833
1001	2.7606836868
1002	2.7596806464
1003	2.7572277559
1004	2.7544733969
1005	2.7525826274
1006	2.7528321324
1007	2.7552531369
1008	2.7584295008
1009	2.7612527665
1010	2.7633501372
1011	2.7639001250
1012	2.7621384316
1013	2.7588577849
1014	2.7556453274
1015	2.7532190038
1016	2.7517654852
1017	2.7519923189
1018	2.7530320272
1019	2.7534748406
1020	2.7534844205
1021	2.7528014410
1022	2.7525102398
1023	2.7542688434
1024	2.7570545766
1025	2.7593970256
1026	2.7611081335
1027	2.7627175019
1028	2.7643756354
1029	2.7658832920
1030	2.7664815151
1031	2.7643502876
1032	2.7593579194
1033	2.7541450439
1034	2.7508033506
1035	2.7492564180
1036	2.7482376311
1037	2.7474857752
1038	2.7478122950
1039	2.7489540616
1040	2.7512215429
1041	2.7545067332
1042	2.7572059308
1043	2.7588024994
1044	2.7588360300
1045	2.7570149406
1046	2.7535398409
1047	2.7475626014
1048	2.7397190202
1049	2.7333592045
1050	2.7294614388
1051	2.7265797718
1052	2.7254387430
1053	2.7274239676
1054	2.7327489169
1055	2.7400912449
1056	2.7468610483
1057	2.7511558211
1058	2.7524953276
1059	2.7516547335
1060	2.7484738220
1061	2.7432744209
1062	2.7375055220
1063	2.7311457771
1064	2.7246925825
1065	2.7181936641
1066	2.7114030774
1067	2.7055630219
1068	2.7030994566
1069	2.7071326761
1070	2.7166398265
1071	2.7281426995
1072	2.7403933801
1073	2.7517421304
1074	2.7593515192
1075	2.7618907031
1076	2.7601661999
1077	2.7560958039
1078	2.7514187349
1079	2.7463707661
1080	2.7412393830
1081	2.7373641920
1082	2.7360392902
1083	2.7378703838
1084	2.7424076990
1085	2.7490153517
1086	2.7558784321
1087	2.7615777038
1088	2.7658699191
1089	2.7664636450
1090	2.7629952314
1091	2.7582012762
1092	2.7531072613
1093	2.7480297306
1094	2.7445660919
1095	2.7441030423
1096	2.7459994577
1097	2.7480128602
1098	2.7490278504
1099	2.7494897312
1100	2.7502807312
1101	2.7515807486
1102	2.7519922954
1103	2.7511238313
1104	2.7492636055
1105	2.7471063882
1106	2.7459474507
1107	2.7454660814
1108	2.7453249675
1109	2.7452337865
1110	2.7457705782
1111	2.7484805980
1112	2.7531892215
1113	2.7592539002
1114	2.7644550574
1115	2.7649516147
1116	2.7607797936
1117	2.7553870126
1118	2.7507970553
1119	2.7475604393
1120	2.7451689758
1121	2.7435266056
1122	2.7442376256
1123	2.7460373048
1124	2.7468180651
1125	2.7475539077
1126	2.7485258602
1127	2.7487318232
1128	2.7476853039
1129	2.7464504524
1130	2.7456091676
1131	2.7456689670
1132	2.7481551800
1133	2.7517704576
1134	2.7546516991
1135	2.7558280664
1136	2.7543842394
1137	2.7506378218
1138	2.7457648566
1139	2.7412330277
1140	2.7371634659
1141	2.7336244602
1142	2.7319924549
1143	2.7326082856
1144	2.7345440055
1145	2.7373138942
1146	2.7409221627
1147	2.7449997803
1148	2.7473189595
1149	2.7453737305
1150	2.7405684471
1151	2.7355225657
1152	2.7311580503
1153	2.7285209061
1154	2.7282453361
1155	2.7298098257
1156	2.7320255314
1157	2.7342321204
1158	2.7357030016
1159	2.7357203988
1160	2.7352653589
1161	2.7339429687
1162	2.7308814159
1163	2.7281332897
1164	2.7264365732
1165	2.7246141746
1166	2.7226569823
1167	2.7207090791
1168	2.7200365701
1169	2.7218296809
1170	2.7255928870
1171	2.7308171608
1172	2.7361291018
1173	2.7397430563
1174	2.7409094394
1175	2.7406982955
1176	2.7399583579
1177	2.7383474366
1178	2.7368969387
1179	2.7364094362
1180	2.7361481402
1181	2.7350899191
1182	2.7335975555
1183	2.7331192003
1184	2.7337069888
1185	2.7348529986
1186	2.7362183415
1187	2.7371457116
1188	2.7372690537
1189	2.7363450547
1190	2.7346433722
1191	2.7332150485
1192	2.7322124974
1193	2.7312489213
1194	2.7306968268
1195	2.7301236988
1196	2.7296678708
1197	2.7298794313
1198	2.7301028365
1199	2.7314966670
1200	2.7347474768
1201	2.7380635718
1202	2.7399889972
1203	2.7400132216
1204	2.7376042369
1205	2.7327368976
1206	2.7273504702
1207	2.7232068791
1208	2.7212810862
1209	2.7223209165
1210	2.7256789523
1211	2.7300535993
1212	2.7341925631
1213	2.7373206966
1214	2.7394306687
1215	2.7404045482
1216	2.7401433612
1217	2.7393514217
1218	2.7387323841
1219	2.7383136815
1220	2.7378952129
1221	2.7375037663
1222	2.7368351716
1223	2.7351339916
1224	2.7323753388
1225	2.7290637023
1226	2.7261390197
1227	2.7244695088
1228	2.7234058562
1229	2.7227351435
1230	2.7235840548
1231	2.7260086534
1232	2.7289940840
1233	2.7317771955
1234	2.7335821532
1235	2.7334127595
1236	2.7314447422
1237	2.7291511135
1238	2.7269529444
1239	2.7241617478
1240	2.7204267257
1241	2.7161499653
1242	2.7130869152
1243	2.7123831732
1244	2.7138450992
1245	2.7172167149
1246	2.7209930891
1247	2.7236839078
1248	2.7252676070
1249	2.7258669666
1250	2.7251494954
1251	2.7229765545
1252	2.7198524621
1253	2.7166111328
1254	2.7141495604
1255	2.7127356804
1256	2.7125926798
1257	2.7143073784
1258	2.7177853918
1259	2.7222928876
1260	2.7267559159
1261	2.7304052063
1262	2.7330873243
1263	2.7348407860
1264	2.7357361394
1265	2.7354807321
1266	2.7337160220
1267	2.7309309591
1268	2.7282400367
1269	2.7264187040
1270	2.7259708411
1271	2.7269944955
1272	2.7293044268
1273	2.7325074111
1274	2.7357643816
1275	2.7386943484
1276	2.7403682607
1277	2.7402447838
1278	2.7395336881
1279	2.7386151793
1280	2.7372463842
1281	2.7359472935
1282	2.7353347878
1283	2.7356329562
1284	2.7365895988
1285	2.7376638981
1286	2.7385004695
1287	2.7391348910
1288	2.7395521748
1289	2.7396746439
1290	2.7396818719
1291	2.7397373934
1292	2.7399687668
1293	2.7406002389
1294	2.7413989768
1295	2.7418100755
1296	2.7416086547
1297	2.7409750386
1298	2.7401979908
1299	2.7392799890
1300	2.7383517458
1301	2.7379739133
1302	2.7383889582
1303	2.7392425207
1304	2.7400977739
1305	2.7408035122
1306	2.7414449262
1307	2.7420495392
1308	2.7425068493
1309	2.7427884884
1310	2.7429937202
1311	2.7430869265
1312	2.7429117195
1313	2.7426232680
1314	2.7426772808
1315	2.7434258713
1316	2.7449510903
1317	2.7469178570
1318	2.7489111293
1319	2.7508562102
1320	2.7527282538
1321	2.7545667101
1322	2.7561772817
1323	2.7572136717
1324	2.7577229248
1325	2.7575560547
1326	2.7568411896
1327	2.7558991895
1328	2.7546702931
1329	2.7536684806
1330	2.7532497205
1331	2.7531147778
1332	2.7531761375
1333	2.7535353426
1334	2.7542862731
1335	2.7554060187
1336	2.7566024128
1337	2.7574537979
1338	2.7578430059
1339	2.7577889528
1340	2.7573024362
1341	2.7567308767
1342	2.7565166649
1343	2.7568052141
1344	2.7575187991
1345	2.7585095271
1346	2.7595096877
1347	2.7603698088
1348	2.7612016235
1349	2.7620849852
1350	2.7627947026
1351	2.7631949027
1352	2.7634913804
1353	2.7635705172
1354	2.7633027127
1355	2.7627231190
1356	2.7617190567
1357	2.7601245197
1358	2.7584018510
1359	2.7575693085
1360	2.7573694114
1361	2.7575374750
1362	2.7587332417
1363	2.7607446479
1364	2.7631782056
1365	2.7653608735
1366	2.7659164785
1367	2.7646232678
1368	2.7620914814
1369	2.7590979762
1370	2.7569632267
1371	2.7563169451
1372	2.7568426615
1373	2.7579198374
1374	2.7588130785
1375	2.7593318976
1376	2.7603469630
1377	2.7621466344
1378	2.7634227604
1379	2.7634582012
1380	2.7627184145
1381	2.7616991348
1382	2.7601321193
1383	2.7574954271
1384	2.7544271034
1385	2.7516829347
1386	2.7493870962
1387	2.7481007915
1388	2.7480456291
1389	2.7486575294
1390	2.7497736834
1391	2.7513508280
1392	2.7530499063
1393	2.7547775452
1394	2.7565098305
1395	2.7578865111
1396	2.7589116579
1397	2.7602106629
1398	2.7613073372
1399	2.7613642699
1400	2.7608096586
1401	2.7600293179
1402	2.7589487683
1403	2.7571688800
1404	2.7549785613
1405	2.7528134759
1406	2.7507608285
1407	2.7496211393
1408	2.7495142860
1409	2.7504398461
1410	2.7523870843
1411	2.7552817116
1412	2.7584377616
1413	2.7602720504
1414	2.7604034405
1415	2.7585712308
1416	2.7552328679
1417	2.7512685670
1418	2.7463691731
1419	2.7411280404
1420	2.7368261926
1421	2.7340185345
1422	2.7331094315
1423	2.7339067894
1424	2.7367072635
1425	2.7431208168
1426	2.7513216530
1427	2.7569502301
1428	2.7588248118
1429	2.7576461189
1430	2.7537907980
1431	2.7485262842
1432	2.7437665686
1433	2.7400004556
1434	2.7371314630
1435	2.7351783306
1436	2.7337414653
1437	2.7325892152
1438	2.7318713165
1439	2.7324871187
1440	2.7345013349
1441	2.7380554301
1442	2.7434950623
1443	2.7490475630
1444	2.7533041493
1445	2.7550417032
1446	2.7530304737
1447	2.7487233463
1448	2.7449971664
1449	2.7425007317
1450	2.7389209822
1451	2.7337959168
1452	2.7292345264
1453	2.7265429633
1454	2.7268203685
1455	2.7291258713
1456	2.7317677865
1457	2.7345963174
1458	2.7364024128
1459	2.7381695162
1460	2.7410703503
1461	2.7422886877
1462	2.7395346606
1463	2.7325448146
1464	2.7229381422
1465	2.7147982596
1466	2.7114892045
1467	2.7132900233
1468	2.7198434137
1469	2.7298979072
1470	2.7402404868
1471	2.7480488296
1472	2.7510981828
1473	2.7487330010
1474	2.7429573876
1475	2.7358307203
1476	2.7276516707
1477	2.7181048319
1478	2.7091574653
1479	2.7055344832
1480	2.7084345992
1481	2.7149233874
1482	2.7240158565
1483	2.7341863226
1484	2.7423981904
1485	2.7466601461
1486	2.7460259183
1487	2.7414190909
1488	2.7347578505
1489	2.7274749921
1490	2.7189207231
1491	2.7101386046
1492	2.7033841858
1493	2.6991358512
1494	2.6993671308
1495	2.7044754481
1496	2.7123299142
1497	2.7200105644
1498	2.7266340746
1499	2.7334430152
1500	2.7392738452
1501	2.7429433072
1502	2.7439825546
1503	2.7418805552
1504	2.7371943691
1505	2.7318966508
1506	2.7276539039
1507	2.7244127389
1508	2.7232586879
1509	2.7258127907
1510	2.7311325972
1511	2.7372132975
1512	2.7427187146
1513	2.7463835297
1514	2.7460982464
1515	2.7399913089
1516	2.7307770339
1517	2.7222557485
1518	2.7149812041
1519	2.7103907014
1520	2.7096476969
1521	2.7129810905
1522	2.7205846511
1523	2.7298192922
1524	2.7381747718
1525	2.7455166443
1526	2.7503052205
1527	2.7497675585
1528	2.7436888180
1529	2.7336346608
1530	2.7224433861
1531	2.7144957002
1532	2.7118741832
1533	2.7137706921
1534	2.7186894822
1535	2.7255774438
1536	2.7327291922
1537	2.7375667467
1538	2.7401720134
1539	2.7413209724
1540	2.7409610842
1541	2.7404525163
1542	2.7399238147
1543	2.7385815548
1544	2.7361297593
1545	2.7325881056
1546	2.7294261379
1547	2.7278734723
1548	2.7287417280
1549	2.7320540161
1550	2.7374388055
1551	2.7437974066
1552	2.7482968045
1553	2.7504616029
1554	2.7510063966
1555	2.7499059442
1556	2.7478715306
1557	2.7456638285
1558	2.7441067035
1559	2.7430076356
1560	2.7416152540
1561	2.7414903346
1562	2.7438192029
1563	2.7470062118
1564	2.7500578873
1565	2.7524216411
1566	2.7532731434
1567	2.7528172300
1568	2.7516881683
1569	2.7507689774
1570	2.7509347871
1571	2.7520316637
1572	2.7531447312
1573	2.7540196201
1574	2.7539517289
1575	2.7514884765
1576	2.7453604142
1577	2.7364820466
1578	2.7286541733
1579	2.7240394822
1580	2.7233288697
1581	2.7257282303
1582	2.7291854696
1583	2.7337422295
1584	2.7391712695
1585	2.7444757246
1586	2.7491537280
1587	2.7522076861
1588	2.7521349767
1589	2.7495601477
1590	2.7467701411
1591	2.7441931524
1592	2.7417201366
1593	2.7395382869
1594	2.7378128637
1595	2.7371322685
1596	2.7383419296
1597	2.7415826129
1598	2.7453925959
1599	2.7486418146
1600	2.7512365218
1601	2.7524067617
1602	2.7512139792
1603	2.7480212795
1604	2.7443757193
1605	2.7418233109
1606	2.7407087183
1607	2.7407009515
1608	2.7413433537
1609	2.7424907100
1610	2.7442027176
1611	2.7461092888
1612	2.7479616968
1613	2.7493023610
1614	2.7500712769
1615	2.7507917886
1616	2.7516150169
1617	2.7524461699
1618	2.7526575577
1619	2.7518788053
1620	2.7499966322
1621	2.7467269471
1622	2.7425169582
1623	2.7379950432
1624	2.7346934240
1625	2.7344402891
1626	2.7364014169
1627	2.7392289080
1628	2.7432501753
1629	2.7478684575
1630	2.7513124869
1631	2.7528619133
1632	2.7524793165
1633	2.7505816477
1634	2.7482997964
1635	2.7464745736
1636	2.7455594663
1637	2.7453459951
1638	2.7458638556
1639	2.7476069213
1640	2.7498853125
1641	2.7513289441
1642	2.7511499980
1643	2.7504119129
1644	2.7496763463
1645	2.7480179034
1646	2.7459207498
1647	2.7440152711
1648	2.7424643535
1649	2.7415382773
1650	2.7413978734
1651	2.7423305925
1652	2.7446714038
1653	2.7483596685
1654	2.7522769906
1655	2.7553716622
1656	2.7571477954
1657	2.7569092214
1658	2.7544251470
1659	2.7505734707
1660	2.7469984859
1661	2.7451652284
1662	2.7444538708
1663	2.7435113479
1664	2.7415349693
1665	2.7386924588
1666	2.7378055163
1667	2.7401631170
1668	2.7445298081
1669	2.7499445525
1670	2.7549794290
1671	2.7582760368
1672	2.7593817199
1673	2.7584682669
1674	2.7559963106
1675	2.7530170843
1676	2.7502910658
1677	2.7486327671
1678	2.7487041048
1679	2.7500687205
1680	2.7526001893
1681	2.7553621920
1682	2.7570990661
1683	2.7576924289
1684	2.7576905975
1685	2.7572663083
1686	2.7559158210
1687	2.7545066563
1688	2.7535261102
1689	2.7517597577
1690	2.7494428710
1691	2.7481116389
1692	2.7481863693
1693	2.7496290636
1694	2.7519299976
1695	2.7535101643
1696	2.7538985568
1697	2.7532028374
1698	2.7505557684
1699	2.7461546560
1700	2.7413721922
1701	2.7373587704
1702	2.7349144213
1703	2.7337072799
1704	2.7333134167
1705	2.7341259497
1706	2.7368132079
1707	2.7412369422
1708	2.7457100007
1709	2.7488768257
1710	2.7498287946
1711	2.7479404494
1712	2.7436637182
1713	2.7385224309
1714	2.7341230611
1715	2.7300832724
1716	2.7258205949
1717	2.7227176017
1718	2.7224666731
1719	2.7250526494
1720	2.7291257190
1721	2.7340382532
1722	2.7383536981
1723	2.7400198035
1724	2.7395757113
1725	2.7382732379
1726	2.7364759372
1727	2.7339383091
1728	2.7312983874
1729	2.7298038243
1730	2.7288587168
1731	2.7286530436
1732	2.7288937341
1733	2.7284233538
1734	2.7289171814
1735	2.7315143273
1736	2.7346869253
1737	2.7372616319
1738	2.7390398820
1739	2.7396698768
1740	2.7385114295
1741	2.7335157107
1742	2.7254907946
1743	2.7181050394
1744	2.7118002834
1745	2.7071349081
1746	2.7043545941
1747	2.7031731353
1748	2.7052440911
1749	2.7108895702
1750	2.7190333482
1751	2.7285109373
1752	2.7384581989
1753	2.7464005199
1754	2.7490109968
1755	2.7459601221
1756	2.7378521202
1757	2.7252246187
1758	2.7111387631
1759	2.6994148694
1760	2.6935961772
1761	2.6950406548
1762	2.7011576117
1763	2.7102787369
1764	2.7215023463
1765	2.7321815279
1766	2.7388422127
1767	2.7417468344
1768	2.7433942831
1769	2.7427352337
1770	2.7387789637
1771	2.7322218407
1772	2.7260363400
1773	2.7223657431
1774	2.7215248762
1775	2.7231909848
1776	2.7231185373
1777	2.7193753671
1778	2.7139767066
1779	2.7088705892
1780	2.7060110630
1781	2.7072001226
1782	2.7125661836
1783	2.7201068238
1784	2.7274111644
1785	2.7324694948
1786	2.7344365878
1787	2.7315759391
1788	2.7245411634
1789	2.7166070825
1790	2.7084640365
1791	2.7034024411
1792	2.7040940375
1793	2.7058153732
1794	2.7041536240
1795	2.7012364263
1796	2.7025331359
1797	2.7091244780
1798	2.7165144899
1799	2.7198422348
1800	2.7165034107
1801	2.7089130250
1802	2.7005335721
1803	2.6926520992
1804	2.6874716490
1805	2.6837765453
1806	2.6780134530
1807	2.6720903193
1808	2.6687608085
1809	2.6662466382
1810	2.6650452290
1811	2.6667384967
1812	2.6703185378
1813	2.6766016776
1814	2.6839505869
1815	2.6891231852
1816	2.6924704884
1817	2.6945679209
1818	2.6951146546
1819	2.6926717995
1820	2.6873091283
1821	2.6827769171
1822	2.6825144762
1823	2.6883307480
1824	2.6990447443
1825	2.7097407969
1826	2.7138311676
1827	2.7086494995
1828	2.6978502867
1829	2.6830858876
1830	2.6666387534
1831	2.6552063369
1832	2.6526673746
1833	2.6562294876
1834	2.6600790925
1835	2.6634719549
1836	2.6677964693
1837	2.6740961852
1838	2.6809345365
1839	2.6840599279
1840	2.6845545031
1841	2.6856491867
1842	2.6879358104
1843	2.6887544864
1844	2.6861846794
1845	2.6799982895
1846	2.6698100584
1847	2.6595197500
1848	2.6531607173
1849	2.6499023803
1850	2.6487988174
1851	2.6513509451
1852	2.6562357669
1853	2.6608683117
1854	2.6634733252
1855	2.6637944125
1856	2.6633906848
1857	2.6599544713
1858	2.6555406843
1859	2.6549394510
1860	2.6559435589
1861	2.6584197957
1862	2.6631522179
1863	2.6665629090
1864	2.6672083244
1865	2.6635735932
1866	2.6562728314
1867	2.6499580421
1868	2.6446617469
1869	2.6405374900
1870	2.6386123907
1871	2.6379822278
1872	2.6372833074
1873	2.6383056490
1874	2.6450037614
1875	2.6539832005
1876	2.6610723204
1877	2.6626447980
1878	2.6584045334
1879	2.6554296649
1880	2.6553831363
1881	2.6532899869
1882	2.6475682692
1883	2.6430715258
1884	2.6402692538
1885	2.6370888727
1886	2.6361060238
1887	2.6390137361
1888	2.6456037564
1889	2.6534606256
1890	2.6599150484
1891	2.6613282157
1892	2.6552472010
1893	2.6459960759
1894	2.6372656358
1895	2.6303018317
1896	2.6301761478
1897	2.6406696000
1898	2.6582087878
1899	2.6758298637
1900	2.6874093767
1901	2.6885303968
1902	2.6771804476
1903	2.6553511066
1904	2.6301146479
1905	2.6084049176
1906	2.5941227309
1907	2.5889194968
1908	2.5903763599
1909	2.5996541188
1910	2.6182896868
1911	2.6411005747
1912	2.6652969773
1913	2.6856192370
1914	2.6937666513
1915	2.6879966834
1916	2.6710006229
1917	2.6472250372
1918	2.6217136718
1919	2.6008287186
1920	2.5923190151
1921	2.6014344186
1922	2.6258228717
1923	2.6559125839
1924	2.6828232136
1925	2.6998447383
1926	2.7017973528
1927	2.6921946796
1928	2.6771653514
1929	2.6545728714
1930	2.6240330126
1931	2.5929879997
1932	2.5683609870
1933	2.5564778536
1934	2.5593346315
1935	2.5708146261
1936	2.5876433815
1937	2.6068767511
1938	2.6262162937
1939	2.6462188384
1940	2.6631264018
1941	2.6757581662
1942	2.6834776646
1943	2.6844546802
1944	2.6785575034
1945	2.6660600895
1946	2.6486452555
1947	2.6292849828
1948	2.6137654618
1949	2.6052264317
1950	2.6051916682
1951	2.6117779673
1952	2.6209733266
1953	2.6366366321
1954	2.6595585569
1955	2.6799898895
1956	2.6898681379
1957	2.6918817960
1958	2.6888500444
1959	2.6786537104
1960	2.6636122649
1961	2.6493327824
1962	2.6390895451
1963	2.6339966695
1964	2.6343563239
1965	2.6383909080
1966	2.6439947045
1967	2.6499731913
1968	2.6556044542
1969	2.6600247282
1970	2.6630880927
1971	2.6647793043
1972	2.6642258951
1973	2.6619686403
1974	2.6567635155
1975	2.6476037341
1976	2.6370369372
1977	2.6288146873
1978	2.6253711311
1979	2.6262143196
1980	2.6295316273
1981	2.6357294738
1982	2.6440100115
1983	2.6518171397
1984	2.6576103977
1985	2.6550989044
1986	2.6460372991
1987	2.6383018274
1988	2.6337982118
1989	2.6335228156
1990	2.6330001915
1991	2.6325836258
1992	2.6361099621
1993	2.6405981050
1994	2.6446408655
1995	2.6471562700
1996	2.6466484228
1997	2.6453789256
1998	2.6461355614
1999	2.6462409663
2000	2.6447735728
2001	2.6451028377
2002	2.6440015974
2003	2.6396722815
2004	2.6381930682
2005	2.6414325281
2006	2.6451474429
2007	2.6470240428
2008	2.6477795721
2009	2.6493357230
2010	2.6562154266
2011	2.6691281454
2012	2.6810045489
2013	2.6836707435
2014	2.6742675358
2015	2.6590290678
2016	2.6451514749
2017	2.6347044191
2018	2.6279614042
2019	2.6252756563
2020	2.6259777116
2021	2.6248665671
2022	2.6188709965
2023	2.6142799682
2024	2.6176460485
2025	2.6272387651
2026	2.6403269179
2027	2.6552200931
2028	2.6671942034
2029	2.6732087727
2030	2.6730297500
2031	2.6688509442
2032	2.6637980435
2033	2.6600913026
2034	2.6590779191
2035	2.6598573894
2036	2.6632142026
2037	2.6678873203
2038	2.6677529486
2039	2.6610271228
2040	2.6483062560
2041	2.6316530323
2042	2.6161781730
2043	2.6050418830
2044	2.6026433669
2045	2.6096439501
2046	2.6210108640
2047	2.6337653740
2048	2.6436246796
2049	2.6456248163
2050	2.6428055421
2051	2.6430263572
2052	2.6442344105
2053	2.6394754855
2054	2.6288001013
2055	2.6182230421
2056	2.6133534646
2057	2.6147494941
2058	2.6217852120
2059	2.6330699276
2060	2.6461274936
2061	2.6538930774
2062	2.6536345315
2063	2.6495455040
2064	2.6416407713
2065	2.6341729152
2066	2.6298776360
2067	2.6283100509
2068	2.6335358618
2069	2.6462129157
2070	2.6611757765
2071	2.6708887450
2072	2.6726074569
2073	2.6684698573
2074	2.6580195764
2075	2.6415730063
2076	2.6262411054
2077	2.6166641395
2078	2.6119332230
2079	2.6133307665
2080	2.6204228603
2081	2.6293846182
2082	2.6391633242
2083	2.6486250134
2084	2.6548705568
2085	2.6583447978
2086	2.6588228489
2087	2.6563551094
2088	2.6537635055
2089	2.6506778798
2090	2.6431527245
2091	2.6300977522
2092	2.6157853588
2093	2.6047353635
2094	2.6017408688
2095	2.6084508803
2096	2.6215285211
2097	2.6378069209
2098	2.6556570748
2099	2.6718409827
2100	2.6802281620
2101	2.6793179959
2102	2.6719933756
2103	2.6610449003
2104	2.6475816364
2105	2.6337310647
2106	2.6238505563
2107	2.6211482434
2108	2.6258265243
2109	2.6338341989
2110	2.6453683844
2111	2.6623059942
2112	2.6818335021
2113	2.6990182237
2114	2.7089047165
2115	2.7105721870
2116	2.7018560518
2117	2.6842532046
2118	2.6656248739
2119	2.6484771712
2120	2.6330175649
2121	2.6194651348
2122	2.6100986468
2123	2.6093259392
2124	2.6178528576
2125	2.6368352429
2126	2.6624981494
2127	2.6862342042
2128	2.7054935412
2129	2.7185220274
2130	2.7216727102
2131	2.7163711192
2132	2.7060477226
2133	2.6920577044
2134	2.6778963368
2135	2.6670004669
2136	2.6618025069
2137	2.6627695866
2138	2.6652397720
2139	2.6673880275
2140	2.6740157523
2141	2.6872710170
2142	2.7017105611
2143	2.7109161078
2144	2.7109413599
2145	2.7020178471
2146	2.6895631161
2147	2.6781625289
2148	2.6699406787
2149	2.6659959799
2150	2.6652042743
2151	2.6668485160
2152	2.6723871299
2153	2.6816263740
2154	2.6919590187
2155	2.7019780059
2156	2.7120685758
2157	2.7197142648
2158	2.7205715769
2159	2.7150123374
2160	2.7066249326
2161	2.6980851233
2162	2.6926626540
2163	2.6924515804
2164	2.6957713582
2165	2.7014192707
2166	2.7083942568
2167	2.7156917020
2168	2.7224905089
2169	2.7265799998
2170	2.7265136416
2171	2.7218012133
2172	2.7149960187
2173	2.7083682379
2174	2.7021803706
2175	2.6979113021
2176	2.6970259022
2177	2.6999741549
2178	2.7035155597
2179	2.7060918156
2180	2.7108429020
2181	2.7186988937
2182	2.7266557189
2183	2.7319274351
2184	2.7330053004
2185	2.7296501162
2186	2.7243817397
2187	2.7182794021
2188	2.7117734295
2189	2.7059107974
2190	2.7028281458
2191	2.7052058936
2192	2.7115983317
2193	2.7198434749
2194	2.7285388833
2195	2.7359029312
2196	2.7408571354
2197	2.7433851047
2198	2.7427706250
2199	2.7378015134
2200	2.7311476749
2201	2.7255979838
2202	2.7203620027
2203	2.7169593368
2204	2.7178874998
2205	2.7232764171
2206	2.7316095802
2207	2.7386518566
2208	2.7417467304
2209	2.7391443654
2210	2.7296955178
2211	2.7163795046
2212	2.7041694661
2213	2.6971899834
2214	2.6961288764
2215	2.7002041844
2216	2.7096616365
2217	2.7232509219
2218	2.7362549518
2219	2.7450696587
2220	2.7471707221
2221	2.7408559726
2222	2.7302094004
2223	2.7202313126
2224	2.7134414484
2225	2.7107021041
2226	2.7105320869
2227	2.7116495223
2228	2.7146865000
2229	2.7187782228
2230	2.7214740725
2231	2.7228457788
2232	2.7235514705
2233	2.7242572989
2234	2.7254571105
2235	2.7262660130
2236	2.7270808376
2237	2.7295635860
2238	2.7339666985
2239	2.7378229429
2240	2.7398272392
2241	2.7406157421
2242	2.7399340099
2243	2.7383078528
2244	2.7364999253
2245	2.7344194995
2246	2.7316981376
2247	2.7296031507
2248	2.7283847453
2249	2.7258822338
2250	2.7236173918
2251	2.7236537757
2252	2.7255210835
2253	2.7279334733
2254	2.7308821550
2255	2.7350813279
2256	2.7369979778
2257	2.7341251729
2258	2.7274840948
2259	2.7194641997
2260	2.7133537370
2261	2.7097071384
2262	2.7090180023
2263	2.7126169114
2264	2.7195020605
2265	2.7272014977
2266	2.7330282276
2267	2.7359392846
2268	2.7363341126
2269	2.7350922889
2270	2.7352756971
2271	2.7376774547
2272	2.7391420327
2273	2.7377224232
2274	2.7324090019
2275	2.7248052922
2276	2.7188333274
2277	2.7158787669
2278	2.7166402630
2279	2.7205298139
2280	2.7243926779
2281	2.7279870286
2282	2.7316867281
2283	2.7335970860
2284	2.7334170773
2285	2.7318017936
2286	2.7291157623
2287	2.7261000258
2288	2.7223524712
2289	2.7164581648
2290	2.7106020101
2291	2.7067460853
2292	2.7040924487
2293	2.7037521002
2294	2.7062908638
2295	2.7110848457
2296	2.7184121886
2297	2.7284833998
2298	2.7384754648
2299	2.7453170031
2300	2.7479474783
2301	2.7455970408
2302	2.7383816680
2303	2.7272039122
2304	2.7140626810
2305	2.7002573582
2306	2.6896634196
2307	2.6856386800
2308	2.6872815007
2309	2.6943960236
2310	2.7051416462
2311	2.7174581253
2312	2.7299382324
2313	2.7402197002
2314	2.7459388493
2315	2.7458071975
2316	2.7410150152
2317	2.7328003038
2318	2.7209651119
2319	2.7076508752
2320	2.6986359918
2321	2.6952811617
2322	2.6934587919
2323	2.6922521802
2324	2.6950116658
2325	2.7016306757
2326	2.7089169839
2327	2.7160101024
2328	2.7211190399
2329	2.7228355208
2330	2.7230341428
2331	2.7224220492
2332	2.7199383394
2333	2.7145143423
2334	2.7065271401
2335	2.6994525722
2336	2.6962718182
2337	2.6998724894
2338	2.7100619124
2339	2.7217556475
2340	2.7329251328
2341	2.7424842743
2342	2.7486845593
2343	2.7489507303
2344	2.7414137065
2345	2.7284619594
2346	2.7145444860
2347	2.7031689006
2348	2.6956055194
2349	2.6950674000
2350	2.7016305631
2351	2.7105811707
2352	2.7203317768
2353	2.7305674337
2354	2.7397396292
2355	2.7442867528
2356	2.7388960630
2357	2.7237788281
2358	2.7062673837
2359	2.6924523752
2360	2.6854500114
2361	2.6859003655
2362	2.6917513759
2363	2.7004193058
2364	2.7092753992
2365	2.7176610040
2366	2.7242342128
2367	2.7277827355
2368	2.7305639987
2369	2.7310862345
2370	2.7254528342
2371	2.7141396854
2372	2.7015314726
2373	2.6928535917
2374	2.6897754697
2375	2.6911598962
2376	2.6962958287
2377	2.7021816961
2378	2.7036198769
2379	2.7024447538
2380	2.7015348506
2381	2.6998795487
2382	2.7001432024
2383	2.7027844937
2384	2.7048751511
2385	2.7048459926
2386	2.7036480352
2387	2.7027865039
2388	2.7031474915
2389	2.7057307334
2390	2.7087633596
2391	2.7108782959
2392	2.7112052688
2393	2.7090247801
2394	2.7061425672
2395	2.7036688481
2396	2.6999055166
2397	2.6927033543
2398	2.6862996652
2399	2.6868285215
2400	2.6932370256
2401	2.7018254075
2402	2.7086864053
2403	2.7116305769
2404	2.7116065776
2405	2.7092209450
2406	2.7058573251
2407	2.7030778229
2408	2.7028146021
2409	2.7042590804
2410	2.7030545875
2411	2.6987735664
2412	2.6922368769
2413	2.6837301460
2414	2.6747972954
2415	2.6665434914
2416	2.6604196261
2417	2.6576737457
2418	2.6586140704
2419	2.6631413345
2420	2.6688507442
2421	2.6733597303
2422	2.6778503885
2423	2.6837126210
2424	2.6914946260
2425	2.6990372695
2426	2.7054769703
2427	2.7109789513
2428	2.7107329052
2429	2.7036647195
2430	2.6932028952
2431	2.6848538596
2432	2.6812330297
2433	2.6783216819
2434	2.6758653505
2435	2.6776872820
2436	2.6833718772
2437	2.6897377946
2438	2.6955181009
2439	2.6986979543
2440	2.6996794343
2441	2.6988166655
2442	2.6954610293
2443	2.6927614557
2444	2.6901717440
2445	2.6854098053
2446	2.6802236420
2447	2.6762049901
2448	2.6725319028
2449	2.6714801439
2450	2.6748860668
2451	2.6804364959
2452	2.6875949258
2453	2.6940881150
2454	2.6969527168
2455	2.6981357231
2456	2.6997044814
2457	2.6988909046
2458	2.6923661657
2459	2.6828040340
2460	2.6744221242
2461	2.6664104984
2462	2.6586161579
2463	2.6520472207
2464	2.6461322251
2465	2.6423174368
2466	2.6435959919
2467	2.6521786154
2468	2.6663908279
2469	2.6826932168
2470	2.6969369372
2471	2.7030846095
2472	2.6987659030
2473	2.6883357888
2474	2.6750365996
2475	2.6595728032
2476	2.6462770844
2477	2.6392098879
2478	2.6404507407
2479	2.6485643527
2480	2.6591594574
2481	2.6690537259
2482	2.6768544958
2483	2.6831588519
2484	2.6883134745
2485	2.6936466801
2486	2.6974350677
2487	2.6965860720
2488	2.6927722889
2489	2.6878881829
2490	2.6833395532
2491	2.6773967295
2492	2.6662896813
2493	2.6497585415
2494	2.6323453831
2495	2.6221570222
2496	2.6220157264
2497	2.6299533167
2498	2.6459825146
2499	2.6684068516
2500	2.6902050164
2501	2.7032016954
2502	2.7049443344
2503	2.6991699128
2504	2.6904813507
2505	2.6819400903
2506	2.6770650446
2507	2.6772403592
2508	2.6797639585
2509	2.6836640729
2510	2.6907651476
2511	2.6993832249
2512	2.7059783231
2513	2.7105117654
2514	2.7116183083
2515	2.7083768731
2516	2.7026796444
2517	2.6959928201
2518	2.6907907802
2519	2.6882835383
2520	2.6895402522
2521	2.6942774090
2522	2.6997706863
2523	2.7054186413
2524	2.7114487930
2525	2.7171962246
2526	2.7205968981
2527	2.7200446810
2528	2.7166133671
2529	2.7128531104
2530	2.7099796136
2531	2.7076593398
2532	2.7054541917
2533	2.7038162122
2534	2.7041134025
2535	2.7054792902
2536	2.7070291482
2537	2.7079077120
2538	2.7063918270
2539	2.7053889576
2540	2.7066091696
2541	2.7075268561
2542	2.7082562044
2543	2.7098321330
2544	2.7133925406
2545	2.7187676343
2546	2.7221861411
2547	2.7218481611
2548	2.7203811008
2549	2.7192744380
2550	2.7171463155
2551	2.7152927006
2552	2.7149384061
2553	2.7153583111
2554	2.7175222118
2555	2.7227722626
2556	2.7304476381
2557	2.7369176285
2558	2.7397449582
2559	2.7384614566
2560	2.7337874033
2561	2.7277732883
2562	2.7214815279
2563	2.7157730446
2564	2.7115405835
2565	2.7092864131
2566	2.7101763160
2567	2.7152393492
2568	2.7229202132
2569	2.7305079888
2570	2.7358976904
2571	2.7393301238
2572	2.7419591209
2573	2.7435918875
2574	2.7441951224
2575	2.7431725933
2576	2.7416033167
2577	2.7406337359
2578	2.7401970635
2579	2.7410121712
2580	2.7435086922
2581	2.7477131511
2582	2.7517779910
2583	2.7535002593
2584	2.7519396250
2585	2.7473784168
2586	2.7415881387
2587	2.7363960445
2588	2.7328613823
2589	2.7314845378
2590	2.7323923921
2591	2.7353988879
2592	2.7396944805
2593	2.7443391710
2594	2.7490518497
2595	2.7528947652
2596	2.7551560071
2597	2.7551329070
2598	2.7514910314
2599	2.7451267354
2600	2.7381390523
2601	2.7318630236
2602	2.7273504452
2603	2.7253874993
2604	2.7273871645
2605	2.7324929823
2606	2.7374608051
2607	2.7427242714
2608	2.7489029084
2609	2.7539982453
2610	2.7571471983
2611	2.7580814209
2612	2.7568014455
2613	2.7551801165
2614	2.7539574102
2615	2.7514867798
2616	2.7484835025
2617	2.7459447514
2618	2.7440605383
2619	2.7441300398
2620	2.7464378279
2621	2.7498904495
2622	2.7528562605
2623	2.7549220956
2624	2.7563967939
2625	2.7571635033
2626	2.7576325498
2627	2.7584201053
2628	2.7583470438
2629	2.7560092881
2630	2.7522560742
2631	2.7482807515
2632	2.7449380953
2633	2.7430395794
2634	2.7442228559
2635	2.7492130833
2636	2.7557422819
2637	2.7614535497
2638	2.7649573283
2639	2.7660339466
2640	2.7646133101
2641	2.7610829492
2642	2.7572739114
2643	2.7539866112
2644	2.7521206157
2645	2.7520342400
2646	2.7518305971
2647	2.7498085063
2648	2.7464637720
2649	2.7429939700
2650	2.7401579475
2651	2.7400110754
2652	2.7429038921
2653	2.7470308497
2654	2.7517877404
2655	2.7565664423
2656	2.7600090179
2657	2.7611073356
2658	2.7599578341
2659	2.7573669459
2660	2.7531653357
2661	2.7474994356
2662	2.7428683398
2663	2.7405430378
2664	2.7398060555
2665	2.7401104157
2666	2.7414091878
2667	2.7438071966
2668	2.7468239908
2669	2.7507544855
2670	2.7549289313
2671	2.7573727807
2672	2.7571981995
2673	2.7549176364
2674	2.7521668412
2675	2.7494747261
2676	2.7462961306
2677	2.7431975069
2678	2.7420157593
2679	2.7431283734
2680	2.7451767178
2681	2.7476414033
2682	2.7493767332
2683	2.7494041336
2684	2.7485310016
2685	2.7473878271
2686	2.7467606897
2687	2.7469064292
2688	2.7473349040
2689	2.7480098380
2690	2.7488517628
2691	2.7498802472
2692	2.7505219351
2693	2.7495423806
2694	2.7467319278
2695	2.7434338387
2696	2.7407248022
2697	2.7388475716
2698	2.7371937622
2699	2.7355791791
2700	2.7348284181
2701	2.7348379951
2702	2.7365875692
2703	2.7402510748
2704	2.7442173991
2705	2.7466498219
2706	2.7461453440
2707	2.7441376773
2708	2.7422310775
2709	2.7415803927
2710	2.7423653296
2711	2.7439381022
2712	2.7470043548
2713	2.7503604601
2714	2.7512804539
2715	2.7506013295
2716	2.7500807035
2717	2.7490555784
2718	2.7468560640
2719	2.7422963526
2720	2.7358653888
2721	2.7302989923
2722	2.7267154829
2723	2.7253937776
2724	2.7274986567
2725	2.7324386106
2726	2.7375965365
2727	2.7411285924
2728	2.7418930397
2729	2.7410280290
2730	2.7400211924
2731	2.7388512843
2732	2.7360959306
2733	2.7300800079
2734	2.7215539368
2735	2.7122059456
2736	2.7057575539
2737	2.7054747884
2738	2.7112290953
2739	2.7213962167
2740	2.7322945320
2741	2.7408209636
2742	2.7459401966
2743	2.7461236055
2744	2.7400621311
2745	2.7288366718
2746	2.7170301290
2747	2.7085559503
2748	2.7045936983
2749	2.7062797312
2750	2.7121415462
2751	2.7194704241
2752	2.7269634639
2753	2.7333288070
2754	2.7367175636
2755	2.7364901316
2756	2.7351485367
2757	2.7343758324
2758	2.7327249643
2759	2.7294165522
2760	2.7262361599
2761	2.7249173822
2762	2.7256614003
2763	2.7267960530
2764	2.7273504707
2765	2.7276699023
2766	2.7277774666
2767	2.7279937455
2768	2.7276242852
2769	2.7261764669
2770	2.7221591564
2771	2.7159230347
2772	2.7101177436
2773	2.7042287706
2774	2.6996278218
2775	2.6985909375
2776	2.6998780385
2777	2.7017014505
2778	2.7061189863
2779	2.7168298217
2780	2.7307665891
2781	2.7416009932
2782	2.7467668042
2783	2.7446010142
2784	2.7342945148
2785	2.7190532467
2786	2.7014614090
2787	2.6845097386
2788	2.6740967129
2789	2.6716909398
2790	2.6768448972
2791	2.6888297535
2792	2.7032712527
2793	2.7168226715
2794	2.7273797452
2795	2.7313386083
2796	2.7271785441
2797	2.7179874171
2798	2.7078668278
2799	2.6988614829
2800	2.6885124934
2801	2.6767577128
2802	2.6690930084
2803	2.6666721724
2804	2.6688706142
2805	2.6758938997
2806	2.6870059797
2807	2.6991170345
2808	2.7076232773
2809	2.7125295888
2810	2.7141277271
2811	2.7109274288
2812	2.7038372205
2813	2.6952888844
2814	2.6871815257
2815	2.6810224207
2816	2.6779991766
2817	2.6771702807
2818	2.6773101192
2819	2.6795501053
2820	2.6834145265
2821	2.6882475657
2822	2.6968444801
2823	2.7075142918
2824	2.7151193090
2825	2.7182833826
2826	2.7180866622
2827	2.7144928993
2828	2.7042142251
2829	2.6855282001
2830	2.6637298144
2831	2.6476265783
2832	2.6403257033
2833	2.6408369280
2834	2.6487678734
2835	2.6605133211
2836	2.6725432550
2837	2.6835356416
2838	2.6935968820
2839	2.7039217438
2840	2.7111089048
2841	2.7129246085
2842	2.7111402446
2843	2.7065939512
2844	2.7008107916
2845	2.6949035215
2846	2.6911024275
2847	2.6914941001
2848	2.6959364719
2849	2.7004928413
2850	2.7006850127
2851	2.6981518065
2852	2.6953109114
2853	2.6938861149
2854	2.6934779774
2855	2.6921108273
2856	2.6893586863
2857	2.6870239332
2858	2.6866509756
2859	2.6871388789
2860	2.6901301272
2861	2.6960013992
2862	2.7016407236
2863	2.7030909718
2864	2.6978975437
2865	2.6871978914
2866	2.6747580831
2867	2.6643011841
2868	2.6581840420
2869	2.6586759936
2870	2.6643832718
2871	2.6739207377
2872	2.6845321164
2873	2.6919799637
2874	2.6960093161
2875	2.6957180177
2876	2.6917389624
2877	2.6882181133
2878	2.6871875280
2879	2.6860511372
2880	2.6818754065
2881	2.6767663302
2882	2.6741856894
2883	2.6723743979
2884	2.6699664038
2885	2.6677894357
2886	2.6677245489
2887	2.6725019121
2888	2.6779691108
2889	2.6781871299
2890	2.6714931616
2891	2.6607492041
2892	2.6505295627
2893	2.6434422680
2894	2.6414977303
2895	2.6432532798
2896	2.6493852302
2897	2.6642065449
2898	2.6841938217
2899	2.7026992745
2900	2.7160179063
2901	2.7188751248
2902	2.7110565466
2903	2.6985057337
2904	2.6847489558
2905	2.6728489372
2906	2.6659729648
2907	2.6633497636
2908	2.6652494235
2909	2.6716084922
2910	2.6805924752
2911	2.6912657690
2912	2.6968459027
2913	2.6952819435
2914	2.6926720340
2915	2.6908154684
2916	2.6889275489
2917	2.6874582477
2918	2.6871685691
2919	2.6854915546
2920	2.6824462732
2921	2.6806296959
2922	2.6785485123
2923	2.6765553578
2924	2.6779949880
2925	2.6827709720
2926	2.6873357368
2927	2.6898744381
2928	2.6913909935
2929	2.6930939385
2930	2.6943414748
2931	2.6947406335
2932	2.6929740742
2933	2.6864859984
2934	2.6759683758
2935	2.6658790841
2936	2.6610589046
2937	2.6598428806
2938	2.6616725590
2939	2.6696678914
2940	2.6794365075
2941	2.6839456835
2942	2.6817384044
2943	2.6783368297
2944	2.6773439511
2945	2.6775855268
2946	2.6785973719
2947	2.6789643066
2948	2.6790525734
2949	2.6795253140
2950	2.6812969348
2951	2.6875982038
2952	2.6989983925
2953	2.7112580986
2954	2.7190785614
2955	2.7212841960
2956	2.7176390269
2957	2.7077006566
2958	2.6942437135
2959	2.6796187926
2960	2.6643114319
2961	2.6529299159
2962	2.6499423402
2963	2.6538301230
2964	2.6628106137
2965	2.6747023781
2966	2.6871332537
2967	2.6990739296
2968	2.7096473687
2969	2.7165786100
2970	2.7175037550
2971	2.7140247929
2972	2.7052630821
2973	2.6900727946
2974	2.6737247300
2975	2.6608115490
2976	2.6528866012
2977	2.6508684111
2978	2.6533173745
2979	2.6584540135
2980	2.6660810892
2981	2.6748161409
2982	2.6844839118
2983	2.6947008784
2984	2.7032096796
2985	2.7097133242
2986	2.7107572645
2987	2.7034227390
2988	2.6928458388
2989	2.6817058226
2990	2.6697826009
2991	2.6605419832
2992	2.6576392052
2993	2.6642281617
2994	2.6796077345
2995	2.6992331691
2996	2.7183446646
2997	2.7319057557
2998	2.7376957002
2999	2.7357816850
