0	2.5912592505
1	2.5918872755
2	2.5931906726
3	2.5947787025
4	2.5966436152
5	2.5986306967
6	2.6007667730
7	2.6029259595
8	2.6051494398
9	2.6073295733
10	2.6095058097
11	2.6115943997
12	2.6136217872
13	2.6155331497
14	2.6173365511
15	2.6190067545
16	2.6205337047
17	2.6219179496
18	2.6231357384
19	2.6242066142
20	2.6250996858
21	2.6258456047
22	2.6264131343
23	2.6268366258
24	2.6270902354
25	2.6272060103
26	2.6271675825
27	2.6270004119
28	2.6266999528
29	2.6262824735
30	2.6257560003
31	2.6251265913
32	2.6244141338
33	2.6236150731
34	2.6227590057
35	2.6218348907
36	2.6208780593
37	2.6198729397
38	2.6188547345
39	2.6178076216
40	2.6167620315
41	2.6157090932
42	2.6146709923
43	2.6136486040
44	2.6126483027
45	2.6116803016
46	2.6107372116
47	2.6098429828
48	2.6089785663
49	2.6081716939
50	2.6073941334
51	2.6066771272
52	2.6059944852
53	2.6053685986
54	2.6047769964
55	2.6042327428
56	2.6037279844
57	2.6032565757
58	2.6028211782
59	2.6024025941
60	2.6020184989
61	2.6016387333
62	2.6012929077
63	2.6009442577
64	2.6006043509
65	2.6002256104
66	2.5998335435
67	2.5994285033
68	2.5990312051
69	2.5986189177
70	2.5981513138
71	2.5976274551
72	2.5970482503
73	2.5964460200
74	2.5957599828
75	2.5950036735
76	2.5941703986
77	2.5933110040
78	2.5923761616
79	2.5913724360
80	2.5903045756
81	2.5891921048
82	2.5880046171
83	2.5867139771
84	2.5853595622
85	2.5839225815
86	2.5823999749
87	2.5807664572
88	2.5790964033
89	2.5773472690
90	2.5755362521
91	2.5736748578
92	2.5718034048
93	2.5698815497
94	2.5679243774
95	2.5659675415
96	2.5639762543
97	2.5619541163
98	2.5599016492
99	2.5578510937
100	2.5557340801
101	2.5536111210
102	2.5514709026
103	2.5493184568
104	2.5471413245
105	2.5449981718
106	2.5428594696
107	2.5407235891
108	2.5386498092
109	2.5366036044
110	2.5345979166
111	2.5326391131
112	2.5307555371
113	2.5288783129
114	2.5270798998
115	2.5253151105
116	2.5235766526
117	2.5218730047
118	2.5202161947
119	2.5185632780
120	2.5169186976
121	2.5152965761
122	2.5136343164
123	2.5120247902
124	2.5104793218
125	2.5090057028
126	2.5075148087
127	2.5059445804
128	2.5042013807
129	2.5025012748
130	2.5010913258
131	2.5000184604
132	2.4990734430
133	2.4978327015
134	2.4961291109
135	2.4942454337
136	2.4926543597
137	2.4914277294
138	2.4904408632
139	2.4894155013
140	2.4883563856
141	2.4872958595
142	2.4860332190
143	2.4843344796
144	2.4823389468
145	2.4803670678
146	2.4785427849
147	2.4768371013
148	2.4751532480
149	2.4736980338
150	2.4724352395
151	2.4710761103
152	2.4694162520
153	2.4675871076
154	2.4655956148
155	2.4633584182
156	2.4608753993
157	2.4583800255
158	2.4561291724
159	2.4539974015
160	2.4520335132
161	2.4504291007
162	2.4491941073
163	2.4480577422
164	2.4469926750
165	2.4459913859
166	2.4449772850
167	2.4437250987
168	2.4422543715
169	2.4407583623
170	2.4390963620
171	2.4372430211
172	2.4354179501
173	2.4337597809
174	2.4321560122
175	2.4307399520
176	2.4296195353
177	2.4288042463
178	2.4281242985
179	2.4276445026
180	2.4274119526
181	2.4271504478
182	2.4268020068
183	2.4264469989
184	2.4259605633
185	2.4251672197
186	2.4242061467
187	2.4230482867
188	2.4216664957
189	2.4201122142
190	2.4186389720
191	2.4172339451
192	2.4157902599
193	2.4144596426
194	2.4132634020
195	2.4122681227
196	2.4118210456
197	2.4120679789
198	2.4125541038
199	2.4129659728
200	2.4132054056
201	2.4135439272
202	2.4143469881
203	2.4158249549
204	2.4175389681
205	2.4187638782
206	2.4194343515
207	2.4197778170
208	2.4198791998
209	2.4197970899
210	2.4196042744
211	2.4192812012
212	2.4191095747
213	2.4189856942
214	2.4184773246
215	2.4173911881
216	2.4160608207
217	2.4147293713
218	2.4133243336
219	2.4120404988
220	2.4111061873
221	2.4106682831
222	2.4107046843
223	2.4109287786
224	2.4110738215
225	2.4113753437
226	2.4117022768
227	2.4117884515
228	2.4117756539
229	2.4119723682
230	2.4124114971
231	2.4129654458
232	2.4137251792
233	2.4146616929
234	2.4156997143
235	2.4165806813
236	2.4170696366
237	2.4172263682
238	2.4171321192
239	2.4164763075
240	2.4154337973
241	2.4143668659
242	2.4132418771
243	2.4120920966
244	2.4111039517
245	2.4104287574
246	2.4099342093
247	2.4095616085
248	2.4092586933
249	2.4090638090
250	2.4088633525
251	2.4085004949
252	2.4081199688
253	2.4079343543
254	2.4077452319
255	2.4076730262
256	2.4080885656
257	2.4088694855
258	2.4100532276
259	2.4117619120
260	2.4139894807
261	2.4165058967
262	2.4191990371
263	2.4220318260
264	2.4249537305
265	2.4277797506
266	2.4303538516
267	2.4327030088
268	2.4347180744
269	2.4362837349
270	2.4376525015
271	2.4389727262
272	2.4399817220
273	2.4408987113
274	2.4418288364
275	2.4426669626
276	2.4434186271
277	2.4441011321
278	2.4446424680
279	2.4449566891
280	2.4450529529
281	2.4448969478
282	2.4443859695
283	2.4434020582
284	2.4420973793
285	2.4405055072
286	2.4385139744
287	2.4362468047
288	2.4339985400
289	2.4316614797
290	2.4294005260
291	2.4274615789
292	2.4257378875
293	2.4243927850
294	2.4235265078
295	2.4230758968
296	2.4229875816
297	2.4233405698
298	2.4240938515
299	2.4251321045
300	2.4263610969
301	2.4278475857
302	2.4295040221
303	2.4311646760
304	2.4328948019
305	2.4347233672
306	2.4365188356
307	2.4383451562
308	2.4403292247
309	2.4422907582
310	2.4444373554
311	2.4467908972
312	2.4492179284
313	2.4518639007
314	2.4547841634
315	2.4578790948
316	2.4611050956
317	2.4644377704
318	2.4677467381
319	2.4709484951
320	2.4741038827
321	2.4773174371
322	2.4803467432
323	2.4829272297
324	2.4848605662
325	2.4861191466
326	2.4870026341
327	2.4879416270
328	2.4887513989
329	2.4889364859
330	2.4881582865
331	2.4863074701
332	2.4841952820
333	2.4825912677
334	2.4814268237
335	2.4801727984
336	2.4783793698
337	2.4760151043
338	2.4735531867
339	2.4713830308
340	2.4695161443
341	2.4678356030
342	2.4665046851
343	2.4657080902
344	2.4650765577
345	2.4641051555
346	2.4625964659
347	2.4608724704
348	2.4594068108
349	2.4583764048
350	2.4574399852
351	2.4566508939
352	2.4562018165
353	2.4558062995
354	2.4552074730
355	2.4541269762
356	2.4527179158
357	2.4515458802
358	2.4507692528
359	2.4502152887
360	2.4500853613
361	2.4506486737
362	2.4518194303
363	2.4531416786
364	2.4544145180
365	2.4557867325
366	2.4574049631
367	2.4592506677
368	2.4612587259
369	2.4637376530
370	2.4669875736
371	2.4708521042
372	2.4749248886
373	2.4792135063
374	2.4836111170
375	2.4878659279
376	2.4917230722
377	2.4950186924
378	2.4981093197
379	2.5010940949
380	2.5037353188
381	2.5062220716
382	2.5088419257
383	2.5114439823
384	2.5137963576
385	2.5157967536
386	2.5175179006
387	2.5188400599
388	2.5195858832
389	2.5198183960
390	2.5198220032
391	2.5197274726
392	2.5194620399
393	2.5192428424
394	2.5193540556
395	2.5197516042
396	2.5201924408
397	2.5207319019
398	2.5213278137
399	2.5218341164
400	2.5220534570
401	2.5219701206
402	2.5218216811
403	2.5214356065
404	2.5207669333
405	2.5202223883
406	2.5198759236
407	2.5195532040
408	2.5193154220
409	2.5192285553
410	2.5192636157
411	2.5191643844
412	2.5188316340
413	2.5183111511
414	2.5175017870
415	2.5162363108
416	2.5146125224
417	2.5128358204
418	2.5108368228
419	2.5086973177
420	2.5067164489
421	2.5050466207
422	2.5035380382
423	2.5023010147
424	2.5014633768
425	2.5009325988
426	2.5005166235
427	2.5001555787
428	2.5000282243
429	2.4999209257
430	2.4996861274
431	2.4996034661
432	2.4996580753
433	2.4997407908
434	2.5000754568
435	2.5007453676
436	2.5017675238
437	2.5031324452
438	2.5049514540
439	2.5072809381
440	2.5099301007
441	2.5128163521
442	2.5159821955
443	2.5192710235
444	2.5223903149
445	2.5254044582
446	2.5283053410
447	2.5308718746
448	2.5330209331
449	2.5349493598
450	2.5366879979
451	2.5382298406
452	2.5397647644
453	2.5413149741
454	2.5427851926
455	2.5441002526
456	2.5454786159
457	2.5470350671
458	2.5486318044
459	2.5502835230
460	2.5518037500
461	2.5528638939
462	2.5536813466
463	2.5544985350
464	2.5553049747
465	2.5560087333
466	2.5564933975
467	2.5567386039
468	2.5567565026
469	2.5567724319
470	2.5569949711
471	2.5573890487
472	2.5579122297
473	2.5587988861
474	2.5600552895
475	2.5614709741
476	2.5630049756
477	2.5646786933
478	2.5664672339
479	2.5683959143
480	2.5704760850
481	2.5724343105
482	2.5741613911
483	2.5756988665
484	2.5769864250
485	2.5778963235
486	2.5784473307
487	2.5788359380
488	2.5791069693
489	2.5793042969
490	2.5795439069
491	2.5796836437
492	2.5797551134
493	2.5799255430
494	2.5800235802
495	2.5800054196
496	2.5800117715
497	2.5801542398
498	2.5803668267
499	2.5805815407
500	2.5808122210
501	2.5810134842
502	2.5810945551
503	2.5810517150
504	2.5808477259
505	2.5804588266
506	2.5800714154
507	2.5796891278
508	2.5792540532
509	2.5788888839
510	2.5787258894
511	2.5786547555
512	2.5786449828
513	2.5787699550
514	2.5790003935
515	2.5794119352
516	2.5800526777
517	2.5809132952
518	2.5820101443
519	2.5833257537
520	2.5847152252
521	2.5860266398
522	2.5873805698
523	2.5888226701
524	2.5900178549
525	2.5908579336
526	2.5912810914
527	2.5912324398
528	2.5909571181
529	2.5906442208
530	2.5902724019
531	2.5896933634
532	2.5887695194
533	2.5874893460
534	2.5860859664
535	2.5847859284
536	2.5835588185
537	2.5821749738
538	2.5806907194
539	2.5792212354
540	2.5776918911
541	2.5761482406
542	2.5746665518
543	2.5732961587
544	2.5721112142
545	2.5711462509
546	2.5701674609
547	2.5690273165
548	2.5676840771
549	2.5661133834
550	2.5645167873
551	2.5629692976
552	2.5613534512
553	2.5597684109
554	2.5583961319
555	2.5571616970
556	2.5558325924
557	2.5544788587
558	2.5532794703
559	2.5522244191
560	2.5514573042
561	2.5509193026
562	2.5505815292
563	2.5505980939
564	2.5508483357
565	2.5511692540
566	2.5516257772
567	2.5522552866
568	2.5530805329
569	2.5542050792
570	2.5555797638
571	2.5570960735
572	2.5586870225
573	2.5603494505
574	2.5617661950
575	2.5626938090
576	2.5632239947
577	2.5633736533
578	2.5631107202
579	2.5624595812
580	2.5615422449
581	2.5604884793
582	2.5593560162
583	2.5579710871
584	2.5563824541
585	2.5547922375
586	2.5530427904
587	2.5510884253
588	2.5491173764
589	2.5471761744
590	2.5453846013
591	2.5438418451
592	2.5425046143
593	2.5413128989
594	2.5402904776
595	2.5394163986
596	2.5385353823
597	2.5378078375
598	2.5372719023
599	2.5368520888
600	2.5366311992
601	2.5365781794
602	2.5367457441
603	2.5372321439
604	2.5377709566
605	2.5382216406
606	2.5387301417
607	2.5391331396
608	2.5392380583
609	2.5390695394
610	2.5388002423
611	2.5384040670
612	2.5379326543
613	2.5375706957
614	2.5373579014
615	2.5373109029
616	2.5373661577
617	2.5375202695
618	2.5377728286
619	2.5380255355
620	2.5381592800
621	2.5382892977
622	2.5384812775
623	2.5386681284
624	2.5389718303
625	2.5394084936
626	2.5399687303
627	2.5408047288
628	2.5417551665
629	2.5427206113
630	2.5438415976
631	2.5450068335
632	2.5460509900
633	2.5469627853
634	2.5478156271
635	2.5485046335
636	2.5490127829
637	2.5493605920
638	2.5495289773
639	2.5495734372
640	2.5494095270
641	2.5490491784
642	2.5485933988
643	2.5477709052
644	2.5464712073
645	2.5449633052
646	2.5431910419
647	2.5412336639
648	2.5392844780
649	2.5373461451
650	2.5353267145
651	2.5333343800
652	2.5317348030
653	2.5307908034
654	2.5305561998
655	2.5306841296
656	2.5308406079
657	2.5309660950
658	2.5312472116
659	2.5319882512
660	2.5333030312
661	2.5348656623
662	2.5362020114
663	2.5372064240
664	2.5381363134
665	2.5394455573
666	2.5412897952
667	2.5433544383
668	2.5455140554
669	2.5477088779
670	2.5497650311
671	2.5517878553
672	2.5536700993
673	2.5552513226
674	2.5567256616
675	2.5582999188
676	2.5598113449
677	2.5608969986
678	2.5614056413
679	2.5614586210
680	2.5613185720
681	2.5610923798
682	2.5607917407
683	2.5604496972
684	2.5599894310
685	2.5593922175
686	2.5587109743
687	2.5575500266
688	2.5558705170
689	2.5541005940
690	2.5523826609
691	2.5507537101
692	2.5491256606
693	2.5474901992
694	2.5459529407
695	2.5445361014
696	2.5430462681
697	2.5414939038
698	2.5401393939
699	2.5391629734
700	2.5386151587
701	2.5383299156
702	2.5381357658
703	2.5379896500
704	2.5378462692
705	2.5374783395
706	2.5367371938
707	2.5357841990
708	2.5349001067
709	2.5341910472
710	2.5335373241
711	2.5329650207
712	2.5326726196
713	2.5324789660
714	2.5322504376
715	2.5319887098
716	2.5315870552
717	2.5313041656
718	2.5312615825
719	2.5312482017
720	2.5312742343
721	2.5315085195
722	2.5318477213
723	2.5319917921
724	2.5318000257
725	2.5314468038
726	2.5310659264
727	2.5305890474
728	2.5300681110
729	2.5298337506
730	2.5300376370
731	2.5306416012
732	2.5316965691
733	2.5329706738
734	2.5345029048
735	2.5362685480
736	2.5379512191
737	2.5396086566
738	2.5413937164
739	2.5433055592
740	2.5452788479
741	2.5472779997
742	2.5493194432
743	2.5514658352
744	2.5534626605
745	2.5550935499
746	2.5564693051
747	2.5576163926
748	2.5584143085
749	2.5588400116
750	2.5590450188
751	2.5591605074
752	2.5591979975
753	2.5590881027
754	2.5588168460
755	2.5584135185
756	2.5577728788
757	2.5567029701
758	2.5551706825
759	2.5532711047
760	2.5511112167
761	2.5485816708
762	2.5458645233
763	2.5433667659
764	2.5409489648
765	2.5385775432
766	2.5364824369
767	2.5346135452
768	2.5328463261
769	2.5311058842
770	2.5294078017
771	2.5278805591
772	2.5264835827
773	2.5251615931
774	2.5239500855
775	2.5229802164
776	2.5222564443
777	2.5217042526
778	2.5213000598
779	2.5210680255
780	2.5209374270
781	2.5205056183
782	2.5199059146
783	2.5193917452
784	2.5188814508
785	2.5184084484
786	2.5179741780
787	2.5176178889
788	2.5174901150
789	2.5177189008
790	2.5185318677
791	2.5200873563
792	2.5219876387
793	2.5239678277
794	2.5260546512
795	2.5281925791
796	2.5303486886
797	2.5324366128
798	2.5343706426
799	2.5361421857
800	2.5376968285
801	2.5390165373
802	2.5402635696
803	2.5414769548
804	2.5425023466
805	2.5433861059
806	2.5443730618
807	2.5453052148
808	2.5458620448
809	2.5460438532
810	2.5460628338
811	2.5459583766
812	2.5456904349
813	2.5455054313
814	2.5454219421
815	2.5453821165
816	2.5455279437
817	2.5457701315
818	2.5460690746
819	2.5464409043
820	2.5467983891
821	2.5473018977
822	2.5479438629
823	2.5485055827
824	2.5489216480
825	2.5493079353
826	2.5496970759
827	2.5499905362
828	2.5502603999
829	2.5506581500
830	2.5513120288
831	2.5521836145
832	2.5533900807
833	2.5549077433
834	2.5565276914
835	2.5583250687
836	2.5602745547
837	2.5622278209
838	2.5641111483
839	2.5659153096
840	2.5676646269
841	2.5692714372
842	2.5705521778
843	2.5717050531
844	2.5728719124
845	2.5738811645
846	2.5747059707
847	2.5753628958
848	2.5759383082
849	2.5765454995
850	2.5771881833
851	2.5778457109
852	2.5783468582
853	2.5784155984
854	2.5781327891
855	2.5776946582
856	2.5771669295
857	2.5766419580
858	2.5761865118
859	2.5756310743
860	2.5748736016
861	2.5742396648
862	2.5739842272
863	2.5740655137
864	2.5742854404
865	2.5745275114
866	2.5747399471
867	2.5748817729
868	2.5750209506
869	2.5750991607
870	2.5751127494
871	2.5751483519
872	2.5751209763
873	2.5750468631
874	2.5748135492
875	2.5742775081
876	2.5736315084
877	2.5730038369
878	2.5724778534
879	2.5721976309
880	2.5721763955
881	2.5722315321
882	2.5723746995
883	2.5727331146
884	2.5732665730
885	2.5738414921
886	2.5744525147
887	2.5753174922
888	2.5763699618
889	2.5774321857
890	2.5784548487
891	2.5793842205
892	2.5802593300
893	2.5811662053
894	2.5820888627
895	2.5830365605
896	2.5840208602
897	2.5850757758
898	2.5862285423
899	2.5872399861
900	2.5880708982
901	2.5888515405
902	2.5895398172
903	2.5901346520
904	2.5906830230
905	2.5911781776
906	2.5916097664
907	2.5919140093
908	2.5920914546
909	2.5921079712
910	2.5918474294
911	2.5915168356
912	2.5913023016
913	2.5911863691
914	2.5912124245
915	2.5914923123
916	2.5920070971
917	2.5926829079
918	2.5934981966
919	2.5943288416
920	2.5951773439
921	2.5960634307
922	2.5968789496
923	2.5975629582
924	2.5981649100
925	2.5987939471
926	2.5993659191
927	2.5997482565
928	2.5999642596
929	2.6000558967
930	2.6000858207
931	2.6000002364
932	2.5998483506
933	2.5998078221
934	2.5998263862
935	2.5998985910
936	2.6000790654
937	2.6002732340
938	2.6004293218
939	2.6006174360
940	2.6007884584
941	2.6009240919
942	2.6011198506
943	2.6013993670
944	2.6017264494
945	2.6020624687
946	2.6024496656
947	2.6028481012
948	2.6031652502
949	2.6034069297
950	2.6035684632
951	2.6036337915
952	2.6036968477
953	2.6037651293
954	2.6038114788
955	2.6039153916
956	2.6041407665
957	2.6044924677
958	2.6048280893
959	2.6051374572
960	2.6055076759
961	2.6058079035
962	2.6059524489
963	2.6060456743
964	2.6061110409
965	2.6061563598
966	2.6061746622
967	2.6061787576
968	2.6062529698
969	2.6063640336
970	2.6065405559
971	2.6067294627
972	2.6068652579
973	2.6069855099
974	2.6070604941
975	2.6071558635
976	2.6074533300
977	2.6079807124
978	2.6085641658
979	2.6091821565
980	2.6098550827
981	2.6105740003
982	2.6114390880
983	2.6124343844
984	2.6134008061
985	2.6141577133
986	2.6146236254
987	2.6149030566
988	2.6151569815
989	2.6154966893
990	2.6158296093
991	2.6159359805
992	2.6157342972
993	2.6153260396
994	2.6149009833
995	2.6144812166
996	2.6140432321
997	2.6136334948
998	2.6132065977
999	2.6127747176
1000	2.6124460255
1001	2.6121935643
1002	2.6120139043
1003	2.6120026425
1004	2.6121691140
1005	2.6125229802
1006	2.6129680020
1007	2.6132795449
1008	2.6133817537
1009	2.6134203243
1010	2.6135160580
1011	2.6136229546
1012	2.6137079721
1013	2.6138490973
1014	2.6140244310
1015	2.6141976982
1016	2.6144247169
1017	2.6146380966
1018	2.6148059516
1019	2.6150267709
1020	2.6153761869
1021	2.6157623264
1022	2.6159977845
1023	2.6160415345
1024	2.6159675128
1025	2.6157754022
1026	2.6154961883
1027	2.6151306146
1028	2.6147193689
1029	2.6144256470
1030	2.6141547655
1031	2.6137843656
1032	2.6132280043
1033	2.6124513478
1034	2.6115074893
1035	2.6104086187
1036	2.6092113797
1037	2.6079138788
1038	2.6065852235
1039	2.6053419789
1040	2.6041426432
1041	2.6028877528
1042	2.6016365601
1043	2.6004531017
1044	2.5993904419
1045	2.5985417721
1046	2.5978214418
1047	2.5972277985
1048	2.5969166917
1049	2.5968186833
1050	2.5967551039
1051	2.5966963319
1052	2.5967337961
1053	2.5969468516
1054	2.5973025380
1055	2.5978222694
1056	2.5985348918
1057	2.5994155427
1058	2.6003976543
1059	2.6013494280
1060	2.6021645127
1061	2.6028194504
1062	2.6033899225
1063	2.6038698751
1064	2.6041954956
1065	2.6044550658
1066	2.6047710346
1067	2.6051677662
1068	2.6056202831
1069	2.6059932398
1070	2.6063074303
1071	2.6066986554
1072	2.6070123063
1073	2.6071767741
1074	2.6073613248
1075	2.6075804193
1076	2.6077659771
1077	2.6079096618
1078	2.6079656073
1079	2.6078671215
1080	2.6075865430
1081	2.6071375539
1082	2.6064686679
1083	2.6056320586
1084	2.6047819401
1085	2.6038986428
1086	2.6029232103
1087	2.6018871975
1088	2.6007659825
1089	2.5995157335
1090	2.5980263023
1091	2.5962352148
1092	2.5942804282
1093	2.5922167852
1094	2.5900936736
1095	2.5878959496
1096	2.5858079351
1097	2.5840021489
1098	2.5822961426
1099	2.5806951705
1100	2.5792376000
1101	2.5779374596
1102	2.5767343603
1103	2.5754648008
1104	2.5741058344
1105	2.5727501578
1106	2.5714276975
1107	2.5701003805
1108	2.5688138895
1109	2.5676351498
1110	2.5664752652
1111	2.5652051467
1112	2.5639349394
1113	2.5627640165
1114	2.5617588220
1115	2.5610451554
1116	2.5605142897
1117	2.5601195027
1118	2.5601685939
1119	2.5606930236
1120	2.5615809858
1121	2.5628713178
1122	2.5644159667
1123	2.5659921692
1124	2.5674311186
1125	2.5688136810
1126	2.5702749597
1127	2.5717582563
1128	2.5731916396
1129	2.5746542372
1130	2.5762488726
1131	2.5779077897
1132	2.5794955507
1133	2.5809565263
1134	2.5822971279
1135	2.5834729508
1136	2.5844173420
1137	2.5850631640
1138	2.5853951623
1139	2.5853808162
1140	2.5851052042
1141	2.5846678205
1142	2.5840881909
1143	2.5835549925
1144	2.5830056976
1145	2.5822782346
1146	2.5815925768
1147	2.5810011307
1148	2.5802924788
1149	2.5795167275
1150	2.5788518029
1151	2.5783525930
1152	2.5779849331
1153	2.5777019802
1154	2.5775529072
1155	2.5775981464
1156	2.5778122073
1157	2.5781339854
1158	2.5785463713
1159	2.5791217728
1160	2.5797429408
1161	2.5803977839
1162	2.5812039308
1163	2.5820028009
1164	2.5827653366
1165	2.5835531514
1166	2.5844956615
1167	2.5856064954
1168	2.5867641920
1169	2.5879439688
1170	2.5890210920
1171	2.5899120978
1172	2.5904876949
1173	2.5906892847
1174	2.5906582281
1175	2.5903814689
1176	2.5897461665
1177	2.5888110888
1178	2.5877274338
1179	2.5867401192
1180	2.5859820969
1181	2.5853651752
1182	2.5848038885
1183	2.5841877061
1184	2.5834659995
1185	2.5828079636
1186	2.5824280750
1187	2.5822089823
1188	2.5818733810
1189	2.5814101775
1190	2.5809110491
1191	2.5803032269
1192	2.5797685937
1193	2.5794780009
1194	2.5792863564
1195	2.5791382382
1196	2.5789427199
1197	2.5787212423
1198	2.5785714206
1199	2.5784081070
1200	2.5781826977
1201	2.5780344211
1202	2.5780760060
1203	2.5782971867
1204	2.5785699794
1205	2.5788529760
1206	2.5793000546
1207	2.5799927104
1208	2.5809534301
1209	2.5821400210
1210	2.5834638817
1211	2.5847642487
1212	2.5860245918
1213	2.5873358700
1214	2.5886292967
1215	2.5898500655
1216	2.5911101123
1217	2.5925929912
1218	2.5941857270
1219	2.5957426679
1220	2.5973357599
1221	2.5989110414
1222	2.6004203220
1223	2.6020011654
1224	2.6036625732
1225	2.6053278207
1226	2.6069680861
1227	2.6084633145
1228	2.6097899835
1229	2.6108937581
1230	2.6116041576
1231	2.6120015181
1232	2.6122208130
1233	2.6123039787
1234	2.6122895426
1235	2.6122277426
1236	2.6121686779
1237	2.6120964777
1238	2.6120825958
1239	2.6120826006
1240	2.6120563647
1241	2.6121138413
1242	2.6122765268
1243	2.6125694838
1244	2.6129116661
1245	2.6132144835
1246	2.6135407217
1247	2.6139512715
1248	2.6144233234
1249	2.6149199556
1250	2.6155235282
1251	2.6162770539
1252	2.6170591837
1253	2.6178055392
1254	2.6185162229
1255	2.6191712573
1256	2.6197256019
1257	2.6201427407
1258	2.6204872142
1259	2.6207892123
1260	2.6210497605
1261	2.6213381311
1262	2.6216395245
1263	2.6218797659
1264	2.6220962429
1265	2.6223051197
1266	2.6224642011
1267	2.6225589007
1268	2.6226255864
1269	2.6226934022
1270	2.6227620426
1271	2.6228314109
1272	2.6228255290
1273	2.6227532208
1274	2.6226536518
1275	2.6224960802
1276	2.6223363647
1277	2.6222369568
1278	2.6222005459
1279	2.6223238751
1280	2.6226347279
1281	2.6230444162
1282	2.6235363692
1283	2.6240912895
1284	2.6246863316
1285	2.6252346881
1286	2.6257133617
1287	2.6261913904
1288	2.6266521886
1289	2.6270341468
1290	2.6273527567
1291	2.6276599192
1292	2.6279143517
1293	2.6280996619
1294	2.6282255989
1295	2.6282910067
1296	2.6283112601
1297	2.6283264778
1298	2.6283579176
1299	2.6284018166
1300	2.6284774692
1301	2.6285530120
1302	2.6285563932
1303	2.6284969251
1304	2.6284500116
1305	2.6284134475
1306	2.6283358914
1307	2.6281581966
1308	2.6278705317
1309	2.6275633594
1310	2.6272688902
1311	2.6270198828
1312	2.6268555772
1313	2.6266605643
1314	2.6263825535
1315	2.6260799921
1316	2.6258273190
1317	2.6257050414
1318	2.6257128839
1319	2.6257999459
1320	2.6258940433
1321	2.6259994678
1322	2.6261700738
1323	2.6264438869
1324	2.6268058933
1325	2.6271746016
1326	2.6275565241
1327	2.6279758106
1328	2.6283996861
1329	2.6288432412
1330	2.6293336369
1331	2.6298616459
1332	2.6304286427
1333	2.6310407030
1334	2.6316627355
1335	2.6322119051
1336	2.6326378975
1337	2.6329561232
1338	2.6332021266
1339	2.6334073561
1340	2.6335723454
1341	2.6336830289
1342	2.6337477663
1343	2.6337949929
1344	2.6338408894
1345	2.6338677876
1346	2.6338824033
1347	2.6339209309
1348	2.6339758235
1349	2.6340295108
1350	2.6340781024
1351	2.6341153517
1352	2.6341468004
1353	2.6341834150
1354	2.6342342989
1355	2.6343004545
1356	2.6343634023
1357	2.6344073284
1358	2.6344392058
1359	2.6344653108
1360	2.6344698642
1361	2.6344465456
1362	2.6344198103
1363	2.6344030987
1364	2.6344043067
1365	2.6344175422
1366	2.6344286893
1367	2.6344438330
1368	2.6344639364
1369	2.6344870125
1370	2.6345122972
1371	2.6345427879
1372	2.6345815530
1373	2.6346205704
1374	2.6346551268
1375	2.6346856777
1376	2.6347117746
1377	2.6347357975
1378	2.6347504185
1379	2.6347514882
1380	2.6347411034
1381	2.6347130591
1382	2.6346642078
1383	2.6345935922
1384	2.6344981467
1385	2.6343822157
1386	2.6342554296
1387	2.6341144027
1388	2.6339541111
1389	2.6337788933
1390	2.6335896167
1391	2.6333780045
1392	2.6331380339
1393	2.6328898602
1394	2.6326583108
1395	2.6324466172
1396	2.6322419340
1397	2.6320413421
1398	2.6318764547
1399	2.6317246067
1400	2.6315581344
1401	2.6313977581
1402	2.6312324404
1403	2.6310802882
1404	2.6309617864
1405	2.6308766754
1406	2.6308318372
1407	2.6308324795
1408	2.6308945171
1409	2.6310205036
1410	2.6311843634
1411	2.6313640664
1412	2.6315791363
1413	2.6318384267
1414	2.6321133594
1415	2.6323909412
1416	2.6326694298
1417	2.6329402086
1418	2.6332003609
1419	2.6334118130
1420	2.6335620949
1421	2.6336855020
1422	2.6337766663
1423	2.6338142943
1424	2.6338043931
1425	2.6337620718
1426	2.6336619892
1427	2.6334805263
1428	2.6332191371
1429	2.6328800246
1430	2.6324810119
1431	2.6320561142
1432	2.6316400973
1433	2.6312541318
1434	2.6309081951
1435	2.6305934513
1436	2.6302687479
1437	2.6299149292
1438	2.6295504174
1439	2.6291455501
1440	2.6286565702
1441	2.6280574741
1442	2.6273543716
1443	2.6266155692
1444	2.6258514501
1445	2.6250581096
1446	2.6242549202
1447	2.6234217872
1448	2.6225672668
1449	2.6216954184
1450	2.6208303503
1451	2.6200329963
1452	2.6193541955
1453	2.6187402456
1454	2.6181315685
1455	2.6176336591
1456	2.6172526784
1457	2.6169246409
1458	2.6166582676
1459	2.6164223523
1460	2.6162167176
1461	2.6160830014
1462	2.6159675270
1463	2.6158412675
1464	2.6157678959
1465	2.6157793385
1466	2.6158675184
1467	2.6159850584
1468	2.6161417040
1469	2.6162976952
1470	2.6163633089
1471	2.6163827546
1472	2.6163872708
1473	2.6163707718
1474	2.6163886228
1475	2.6164611879
1476	2.6165603526
1477	2.6167294476
1478	2.6169722759
1479	2.6171463395
1480	2.6171945961
1481	2.6171748906
1482	2.6170973731
1483	2.6168936380
1484	2.6165355588
1485	2.6161755835
1486	2.6158607655
1487	2.6155500226
1488	2.6152710015
1489	2.6150769864
1490	2.6149777296
1491	2.6148797274
1492	2.6148269443
1493	2.6147972536
1494	2.6146982158
1495	2.6145245445
1496	2.6142469807
1497	2.6139625422
1498	2.6137359482
1499	2.6134479352
1500	2.6130598602
1501	2.6125532106
1502	2.6118852928
1503	2.6110875668
1504	2.6101802089
1505	2.6092321990
1506	2.6082498015
1507	2.6071684636
1508	2.6059480554
1509	2.6046733068
1510	2.6034840829
1511	2.6024673381
1512	2.6015348248
1513	2.6004223235
1514	2.5991976441
1515	2.5980127854
1516	2.5968731562
1517	2.5958919795
1518	2.5951169613
1519	2.5943888824
1520	2.5936161578
1521	2.5928639430
1522	2.5922209009
1523	2.5917244493
1524	2.5912946873
1525	2.5908648975
1526	2.5903840841
1527	2.5898099483
1528	2.5890045264
1529	2.5878840251
1530	2.5865588952
1531	2.5851385916
1532	2.5837244381
1533	2.5823921491
1534	2.5812468732
1535	2.5802406590
1536	2.5792426605
1537	2.5783590854
1538	2.5776973357
1539	2.5772859217
1540	2.5770225105
1541	2.5767553316
1542	2.5765436204
1543	2.5764012341
1544	2.5763233540
1545	2.5763146711
1546	2.5763840665
1547	2.5766968692
1548	2.5773504944
1549	2.5782526864
1550	2.5792884404
1551	2.5803977298
1552	2.5814570458
1553	2.5825033449
1554	2.5836818701
1555	2.5848887689
1556	2.5860235585
1557	2.5871915973
1558	2.5883654777
1559	2.5894887044
1560	2.5905363026
1561	2.5913680328
1562	2.5921670819
1563	2.5930724291
1564	2.5939252336
1565	2.5947108162
1566	2.5955303645
1567	2.5964012393
1568	2.5971932225
1569	2.5979668058
1570	2.5988743631
1571	2.5998444235
1572	2.6008926199
1573	2.6021675661
1574	2.6035920232
1575	2.6049194502
1576	2.6060442133
1577	2.6069110179
1578	2.6075177835
1579	2.6079376219
1580	2.6081560598
1581	2.6082464629
1582	2.6083056739
1583	2.6083790400
1584	2.6084632116
1585	2.6084988751
1586	2.6085469582
1587	2.6086300513
1588	2.6087281195
1589	2.6088483498
1590	2.6089603023
1591	2.6090552999
1592	2.6090939162
1593	2.6090616925
1594	2.6089160395
1595	2.6085997671
1596	2.6082186829
1597	2.6078075971
1598	2.6073960102
1599	2.6069684767
1600	2.6064994007
1601	2.6061652482
1602	2.6059125766
1603	2.6055740889
1604	2.6051896750
1605	2.6048739072
1606	2.6046251057
1607	2.6043983940
1608	2.6042266306
1609	2.6041786700
1610	2.6042692283
1611	2.6044550693
1612	2.6047543810
1613	2.6051167599
1614	2.6055367702
1615	2.6061161380
1616	2.6068686258
1617	2.6077647520
1618	2.6088182607
1619	2.6099374122
1620	2.6110620286
1621	2.6121712783
1622	2.6131221267
1623	2.6139790657
1624	2.6148260663
1625	2.6156058899
1626	2.6163203522
1627	2.6170278187
1628	2.6177885121
1629	2.6186131310
1630	2.6194938058
1631	2.6203540512
1632	2.6211007306
1633	2.6217224943
1634	2.6222823743
1635	2.6229051901
1636	2.6236423124
1637	2.6244446635
1638	2.6252265373
1639	2.6259118393
1640	2.6265204444
1641	2.6270985205
1642	2.6277145867
1643	2.6283272464
1644	2.6287568043
1645	2.6289422832
1646	2.6289769852
1647	2.6289606214
1648	2.6288820615
1649	2.6286995525
1650	2.6284215391
1651	2.6280287869
1652	2.6275057882
1653	2.6269650069
1654	2.6264993389
1655	2.6261325572
1656	2.6258621571
1657	2.6256927564
1658	2.6256415933
1659	2.6256554066
1660	2.6256628222
1661	2.6256350733
1662	2.6256179167
1663	2.6256303976
1664	2.6257269598
1665	2.6258854265
1666	2.6259753532
1667	2.6260835879
1668	2.6263265700
1669	2.6266839624
1670	2.6271473045
1671	2.6276984508
1672	2.6282920755
1673	2.6288998169
1674	2.6294980728
1675	2.6300629471
1676	2.6305888492
1677	2.6311125240
1678	2.6316447837
1679	2.6321704068
1680	2.6326641362
1681	2.6330502489
1682	2.6332799529
1683	2.6334139982
1684	2.6334993004
1685	2.6335029186
1686	2.6334414301
1687	2.6333195963
1688	2.6331393863
1689	2.6328895869
1690	2.6325327670
1691	2.6320763064
1692	2.6315294496
1693	2.6309679091
1694	2.6304411987
1695	2.6299214594
1696	2.6293896852
1697	2.6288552402
1698	2.6283580107
1699	2.6278767008
1700	2.6273991494
1701	2.6269524843
1702	2.6265415923
1703	2.6261655317
1704	2.6258194776
1705	2.6255212668
1706	2.6252640995
1707	2.6250855843
1708	2.6250811653
1709	2.6252303455
1710	2.6254848953
1711	2.6258655320
1712	2.6263414874
1713	2.6268795993
1714	2.6274239882
1715	2.6278745978
1716	2.6282296790
1717	2.6285539408
1718	2.6289091071
1719	2.6292673384
1720	2.6295571579
1721	2.6297572226
1722	2.6298852369
1723	2.6299026662
1724	2.6297379559
1725	2.6294201510
1726	2.6290542417
1727	2.6287273161
1728	2.6283834241
1729	2.6280441202
1730	2.6277870825
1731	2.6275421670
1732	2.6273029806
1733	2.6270811347
1734	2.6268582289
1735	2.6266546227
1736	2.6264559240
1737	2.6262519606
1738	2.6260423841
1739	2.6257972427
1740	2.6255372615
1741	2.6253419608
1742	2.6252051182
1743	2.6251086740
1744	2.6251389795
1745	2.6253348926
1746	2.6256634427
1747	2.6260749367
1748	2.6265179540
1749	2.6269565191
1750	2.6273656845
1751	2.6277161760
1752	2.6279449659
1753	2.6280351183
1754	2.6280772407
1755	2.6280670177
1756	2.6279049721
1757	2.6275995926
1758	2.6272011626
1759	2.6267178162
1760	2.6260729474
1761	2.6252975184
1762	2.6244966235
1763	2.6237278041
1764	2.6230822049
1765	2.6225749800
1766	2.6221656332
1767	2.6217968471
1768	2.6214609051
1769	2.6211435458
1770	2.6207918002
1771	2.6204366793
1772	2.6201374434
1773	2.6198655379
1774	2.6195711845
1775	2.6193165947
1776	2.6191523025
1777	2.6190295689
1778	2.6189392072
1779	2.6187917653
1780	2.6185475032
1781	2.6183382428
1782	2.6180794272
1783	2.6177215037
1784	2.6172858771
1785	2.6166870160
1786	2.6159211179
1787	2.6150007547
1788	2.6138649842
1789	2.6125864845
1790	2.6113375512
1791	2.6100653390
1792	2.6087759878
1793	2.6075782382
1794	2.6064864999
1795	2.6053242179
1796	2.6040135807
1797	2.6027130730
1798	2.6014236446
1799	2.6001538430
1800	2.5988644624
1801	2.5975474886
1802	2.5963504941
1803	2.5952459709
1804	2.5941628869
1805	2.5930756964
1806	2.5919632253
1807	2.5908742077
1808	2.5897133555
1809	2.5883810019
1810	2.5869358577
1811	2.5854290748
1812	2.5838998558
1813	2.5823987740
1814	2.5809793647
1815	2.5795525327
1816	2.5780620475
1817	2.5765457126
1818	2.5748480190
1819	2.5728354499
1820	2.5705576297
1821	2.5680953249
1822	2.5654597426
1823	2.5627943933
1824	2.5604817130
1825	2.5585143611
1826	2.5566865694
1827	2.5550340359
1828	2.5536949337
1829	2.5528228149
1830	2.5522615793
1831	2.5518821618
1832	2.5516922822
1833	2.5515479072
1834	2.5512987803
1835	2.5511132274
1836	2.5511843147
1837	2.5514185012
1838	2.5516510030
1839	2.5515483207
1840	2.5510623967
1841	2.5504536835
1842	2.5499552974
1843	2.5496020493
1844	2.5491843648
1845	2.5486543272
1846	2.5479536529
1847	2.5470825679
1848	2.5463059371
1849	2.5456049790
1850	2.5447583951
1851	2.5436974368
1852	2.5423850773
1853	2.5410529190
1854	2.5398216696
1855	2.5386198588
1856	2.5376343419
1857	2.5369277022
1858	2.5364259866
1859	2.5360133036
1860	2.5352665852
1861	2.5338832097
1862	2.5321150373
1863	2.5300513900
1864	2.5275816623
1865	2.5249377333
1866	2.5221812806
1867	2.5191180349
1868	2.5156882057
1869	2.5121313797
1870	2.5086988128
1871	2.5052545548
1872	2.5017684172
1873	2.4983068876
1874	2.4948692446
1875	2.4914717529
1876	2.4878813087
1877	2.4840418521
1878	2.4802268710
1879	2.4767630432
1880	2.4736919380
1881	2.4707965720
1882	2.4681469429
1883	2.4656922755
1884	2.4632825984
1885	2.4610494756
1886	2.4591197748
1887	2.4573986970
1888	2.4556664145
1889	2.4540718795
1890	2.4526677171
1891	2.4512135453
1892	2.4495251015
1893	2.4476597613
1894	2.4459249984
1895	2.4443233968
1896	2.4427696454
1897	2.4411315703
1898	2.4395442495
1899	2.4381506513
1900	2.4367662381
1901	2.4354653412
1902	2.4342630611
1903	2.4333626790
1904	2.4332376866
1905	2.4337570170
1906	2.4344285415
1907	2.4353599160
1908	2.4363912997
1909	2.4372242923
1910	2.4381805154
1911	2.4391955037
1912	2.4402221965
1913	2.4414028506
1914	2.4425962825
1915	2.4437426448
1916	2.4447154937
1917	2.4452435216
1918	2.4453003134
1919	2.4451524649
1920	2.4449410795
1921	2.4443811407
1922	2.4435948498
1923	2.4429145971
1924	2.4421393466
1925	2.4412774762
1926	2.4405298301
1927	2.4401627777
1928	2.4401894622
1929	2.4404611568
1930	2.4411760051
1931	2.4420265549
1932	2.4424998478
1933	2.4425219605
1934	2.4419704193
1935	2.4405381719
1936	2.4381459309
1937	2.4351462590
1938	2.4317231682
1939	2.4279914480
1940	2.4240057241
1941	2.4197152416
1942	2.4153564768
1943	2.4109225401
1944	2.4060996947
1945	2.4005708292
1946	2.3946159316
1947	2.3886870267
1948	2.3827312794
1949	2.3766802834
1950	2.3705976480
1951	2.3646063062
1952	2.3586248527
1953	2.3525960206
1954	2.3467455401
1955	2.3413520346
1956	2.3363496495
1957	2.3316421039
1958	2.3271561568
1959	2.3228430056
1960	2.3191490808
1961	2.3163307339
1962	2.3141756073
1963	2.3124813510
1964	2.3110002608
1965	2.3099321771
1966	2.3101724364
1967	2.3119364911
1968	2.3147735269
1969	2.3181774664
1970	2.3218684441
1971	2.3256956520
1972	2.3296046142
1973	2.3343247755
1974	2.3401218341
1975	2.3463947919
1976	2.3526042656
1977	2.3585797844
1978	2.3645109140
1979	2.3703122589
1980	2.3756079708
1981	2.3802629103
1982	2.3840572570
1983	2.3869484899
1984	2.3892241766
1985	2.3908455365
1986	2.3918794536
1987	2.3925520878
1988	2.3928406982
1989	2.3929595756
1990	2.3930855575
1991	2.3925406132
1992	2.3912941475
1993	2.3898733233
1994	2.3883858552
1995	2.3870938632
1996	2.3859907696
1997	2.3848757244
1998	2.3832511308
1999	2.3810597261
2000	2.3786659810
2001	2.3761277454
2002	2.3736432779
2003	2.3713322562
2004	2.3694171935
2005	2.3681670946
2006	2.3676675760
2007	2.3675493639
2008	2.3673996066
2009	2.3674907774
2010	2.3680557277
2011	2.3688438110
2012	2.3693935440
2013	2.3694909813
2014	2.3691673942
2015	2.3685388029
2016	2.3677640223
2017	2.3668139133
2018	2.3658078410
2019	2.3650467373
2020	2.3647725726
2021	2.3648509047
2022	2.3648875161
2023	2.3649256471
2024	2.3652719976
2025	2.3660290195
2026	2.3672213249
2027	2.3690241010
2028	2.3712529340
2029	2.3733177821
2030	2.3750524099
2031	2.3767654349
2032	2.3783722797
2033	2.3796817815
2034	2.3810316091
2035	2.3827448449
2036	2.3849563441
2037	2.3873660120
2038	2.3895598218
2039	2.3918393573
2040	2.3941136626
2041	2.3957597592
2042	2.3969832000
2043	2.3976956326
2044	2.3978717973
2045	2.3981356939
2046	2.3982859857
2047	2.3980068788
2048	2.3973091804
2049	2.3964227894
2050	2.3954385286
2051	2.3942742506
2052	2.3929474591
2053	2.3912870228
2054	2.3895082345
2055	2.3877035222
2056	2.3857162113
2057	2.3836514319
2058	2.3817477454
2059	2.3803640531
2060	2.3795953991
2061	2.3794109021
2062	2.3796696625
2063	2.3799053150
2064	2.3799846028
2065	2.3801315216
2066	2.3801220929
2067	2.3796778784
2068	2.3791913888
2069	2.3788932184
2070	2.3784812069
2071	2.3777323136
2072	2.3765846139
2073	2.3751874968
2074	2.3736670303
2075	2.3719894875
2076	2.3703479816
2077	2.3690860218
2078	2.3684094760
2079	2.3682835064
2080	2.3685152505
2081	2.3688802173
2082	2.3692392552
2083	2.3696663265
2084	2.3701107463
2085	2.3703645205
2086	2.3705585146
2087	2.3711601252
2088	2.3722373469
2089	2.3734346771
2090	2.3747852653
2091	2.3765903620
2092	2.3786873458
2093	2.3804745140
2094	2.3818561558
2095	2.3828898329
2096	2.3834239947
2097	2.3837751687
2098	2.3840189544
2099	2.3839455912
2100	2.3836270505
2101	2.3830838284
2102	2.3825795657
2103	2.3823163486
2104	2.3822390280
2105	2.3824783622
2106	2.3830861807
2107	2.3840999401
2108	2.3851893548
2109	2.3861813844
2110	2.3872159679
2111	2.3881593506
2112	2.3889036102
2113	2.3893362925
2114	2.3896489586
2115	2.3900754409
2116	2.3906330699
2117	2.3909502329
2118	2.3908028672
2119	2.3903161501
2120	2.3895064574
2121	2.3881315313
2122	2.3859884065
2123	2.3838218976
2124	2.3818887151
2125	2.3801872641
2126	2.3790551353
2127	2.3782434648
2128	2.3777809091
2129	2.3776592231
2130	2.3774809461
2131	2.3773503430
2132	2.3775491775
2133	2.3779148481
2134	2.3783815581
2135	2.3791717486
2136	2.3802857381
2137	2.3815165731
2138	2.3829082293
2139	2.3845298911
2140	2.3861769186
2141	2.3878497498
2142	2.3897787185
2143	2.3918344574
2144	2.3937989298
2145	2.3959317226
2146	2.3984646256
2147	2.4011518475
2148	2.4036747168
2149	2.4061971135
2150	2.4090238262
2151	2.4121117261
2152	2.4152200407
2153	2.4180936498
2154	2.4205291069
2155	2.4224660177
2156	2.4240418868
2157	2.4252516247
2158	2.4258978585
2159	2.4259750272
2160	2.4253528550
2161	2.4237839639
2162	2.4215980406
2163	2.4195327495
2164	2.4178455842
2165	2.4161606166
2166	2.4142457275
2167	2.4122164161
2168	2.4103620165
2169	2.4088254231
2170	2.4078011357
2171	2.4074089905
2172	2.4073652259
2173	2.4074687083
2174	2.4077744904
2175	2.4087515538
2176	2.4104615164
2177	2.4127685304
2178	2.4153380960
2179	2.4176265192
2180	2.4199502257
2181	2.4222399677
2182	2.4243052862
2183	2.4264627032
2184	2.4286819186
2185	2.4313081310
2186	2.4347250394
2187	2.4384957046
2188	2.4423874765
2189	2.4465289573
2190	2.4508129970
2191	2.4551087491
2192	2.4594104413
2193	2.4634137650
2194	2.4667366769
2195	2.4695109599
2196	2.4719659216
2197	2.4742855189
2198	2.4766413479
2199	2.4791924387
2200	2.4818769098
2201	2.4844866930
2202	2.4870829534
2203	2.4896999229
2204	2.4921147030
2205	2.4943476727
2206	2.4968369544
2207	2.4997240345
2208	2.5028224476
2209	2.5058252308
2210	2.5085837413
2211	2.5111365537
2212	2.5133007081
2213	2.5150795083
2214	2.5167956549
2215	2.5183970566
2216	2.5197038212
2217	2.5209362937
2218	2.5222603470
2219	2.5236438322
2220	2.5250504041
2221	2.5265811214
2222	2.5283930602
2223	2.5305852348
2224	2.5330044435
2225	2.5354255397
2226	2.5378918858
2227	2.5405251859
2228	2.5432474986
2229	2.5457930562
2230	2.5482343856
2231	2.5506378208
2232	2.5529132095
2233	2.5549489924
2234	2.5565867164
2235	2.5578223647
2236	2.5587239546
2237	2.5596002474
2238	2.5605182318
2239	2.5614286174
2240	2.5623672778
2241	2.5631772705
2242	2.5638773645
2243	2.5643914515
2244	2.5646138245
2245	2.5646005731
2246	2.5644017285
2247	2.5641346568
2248	2.5639213270
2249	2.5636546746
2250	2.5631809523
2251	2.5627171840
2252	2.5624602354
2253	2.5623573607
2254	2.5623074053
2255	2.5624138154
2256	2.5627394785
2257	2.5630342686
2258	2.5631336075
2259	2.5629832539
2260	2.5626924647
2261	2.5623404338
2262	2.5619317939
2263	2.5616943379
2264	2.5617601559
2265	2.5621018631
2266	2.5626793919
2267	2.5634851131
2268	2.5645501288
2269	2.5657363489
2270	2.5670623327
2271	2.5685824705
2272	2.5700898569
2273	2.5716480698
2274	2.5732201794
2275	2.5746771920
2276	2.5762304293
2277	2.5777953363
2278	2.5790879596
2279	2.5802856759
2280	2.5816434156
2281	2.5831281694
2282	2.5846906191
2283	2.5862663957
2284	2.5877482845
2285	2.5890015974
2286	2.5900564382
2287	2.5910405415
2288	2.5919722890
2289	2.5928709283
2290	2.5936642879
2291	2.5942185137
2292	2.5944997266
2293	2.5946963859
2294	2.5949252741
2295	2.5950190230
2296	2.5947840431
2297	2.5941793194
2298	2.5933839502
2299	2.5926663275
2300	2.5921961619
2301	2.5917808987
2302	2.5911053682
2303	2.5901141393
2304	2.5888490676
2305	2.5873890596
2306	2.5858430739
2307	2.5843662592
2308	2.5830089303
2309	2.5817368168
2310	2.5805334570
2311	2.5793834546
2312	2.5783592509
2313	2.5773479019
2314	2.5762474938
2315	2.5751233490
2316	2.5740546825
2317	2.5730643712
2318	2.5719125490
2319	2.5705751403
2320	2.5693172752
2321	2.5683212005
2322	2.5676123848
2323	2.5670496071
2324	2.5666523969
2325	2.5663835935
2326	2.5662180055
2327	2.5663343557
2328	2.5666963066
2329	2.5671838761
2330	2.5676180279
2331	2.5680582113
2332	2.5687083212
2333	2.5693281976
2334	2.5699603526
2335	2.5709778951
2336	2.5722908583
2337	2.5738301272
2338	2.5756639032
2339	2.5775102713
2340	2.5791360615
2341	2.5805123562
2342	2.5816990773
2343	2.5828581878
2344	2.5840284694
2345	2.5851221898
2346	2.5861922487
2347	2.5873127998
2348	2.5884218357
2349	2.5893629758
2350	2.5900032037
2351	2.5904438008
2352	2.5908437510
2353	2.5911855192
2354	2.5912991517
2355	2.5911108842
2356	2.5906226231
2357	2.5899412917
2358	2.5891609942
2359	2.5883072391
2360	2.5873809707
2361	2.5863142694
2362	2.5852651435
2363	2.5842237555
2364	2.5831422194
2365	2.5821501841
2366	2.5813585168
2367	2.5808360354
2368	2.5805413690
2369	2.5803201930
2370	2.5800821846
2371	2.5799968193
2372	2.5798966487
2373	2.5796143345
2374	2.5792932497
2375	2.5789863223
2376	2.5786726194
2377	2.5783416687
2378	2.5781029819
2379	2.5777987726
2380	2.5771612950
2381	2.5762181817
2382	2.5751004705
2383	2.5738680245
2384	2.5724566678
2385	2.5709107971
2386	2.5694028841
2387	2.5679613976
2388	2.5664630667
2389	2.5647348456
2390	2.5627746490
2391	2.5607539671
2392	2.5588719773
2393	2.5572410521
2394	2.5558091093
2395	2.5546609275
2396	2.5540074834
2397	2.5538307218
2398	2.5540243679
2399	2.5546003256
2400	2.5555437010
2401	2.5569193566
2402	2.5586307353
2403	2.5603654056
2404	2.5620769720
2405	2.5637206096
2406	2.5651761211
2407	2.5663734486
2408	2.5672692992
2409	2.5679063564
2410	2.5681966321
2411	2.5680873885
2412	2.5675595548
2413	2.5665428549
2414	2.5650538305
2415	2.5631836493
2416	2.5612401766
2417	2.5592927325
2418	2.5572639023
2419	2.5553031429
2420	2.5534077198
2421	2.5514544352
2422	2.5494038307
2423	2.5473158897
2424	2.5452977721
2425	2.5434984161
2426	2.5419786332
2427	2.5406692869
2428	2.5396998675
2429	2.5394337479
2430	2.5396087622
2431	2.5398012436
2432	2.5401017727
2433	2.5402840244
2434	2.5402762125
2435	2.5402305187
2436	2.5400271988
2437	2.5397291850
2438	2.5395892406
2439	2.5397368772
2440	2.5401123008
2441	2.5406486143
2442	2.5414319674
2443	2.5425863595
2444	2.5439964592
2445	2.5455137341
2446	2.5472095646
2447	2.5491137714
2448	2.5511031891
2449	2.5529276552
2450	2.5544268663
2451	2.5556285589
2452	2.5563997259
2453	2.5566164180
2454	2.5563216594
2455	2.5556690947
2456	2.5547232172
2457	2.5535852620
2458	2.5524788733
2459	2.5512343819
2460	2.5497193745
2461	2.5480496370
2462	2.5463430102
2463	2.5445175486
2464	2.5425466294
2465	2.5406748583
2466	2.5389070867
2467	2.5371512044
2468	2.5353372466
2469	2.5334772102
2470	2.5316327574
2471	2.5298388728
2472	2.5282769899
2473	2.5269053878
2474	2.5255744615
2475	2.5244894448
2476	2.5237153156
2477	2.5231093044
2478	2.5225537093
2479	2.5220641104
2480	2.5216968373
2481	2.5213655217
2482	2.5213542840
2483	2.5219095804
2484	2.5229973841
2485	2.5243340347
2486	2.5254747543
2487	2.5263898845
2488	2.5272723369
2489	2.5281885578
2490	2.5288644944
2491	2.5291518099
2492	2.5292447161
2493	2.5291140480
2494	2.5287637951
2495	2.5287683517
2496	2.5292971702
2497	2.5299766003
2498	2.5306233136
2499	2.5309051393
2500	2.5309388925
2501	2.5309667689
2502	2.5308570238
2503	2.5305700995
2504	2.5299213137
2505	2.5288051682
2506	2.5274265062
2507	2.5259811466
2508	2.5243898785
2509	2.5227369368
2510	2.5211480321
2511	2.5195927173
2512	2.5180776136
2513	2.5164536902
2514	2.5147682955
2515	2.5130494224
2516	2.5112981408
2517	2.5097292786
2518	2.5083918765
2519	2.5071039900
2520	2.5056639475
2521	2.5040958844
2522	2.5025324549
2523	2.5011800848
2524	2.5001575182
2525	2.4992287817
2526	2.4981339572
2527	2.4970912189
2528	2.4963882452
2529	2.4957311966
2530	2.4950574715
2531	2.4947716473
2532	2.4949397996
2533	2.4955373260
2534	2.4964244405
2535	2.4974027780
2536	2.4985617171
2537	2.4998393909
2538	2.5012073941
2539	2.5027960048
2540	2.5045749664
2541	2.5062898955
2542	2.5077560578
2543	2.5090595757
2544	2.5103444622
2545	2.5117056157
2546	2.5131147234
2547	2.5145359219
2548	2.5159051594
2549	2.5171322582
2550	2.5180446337
2551	2.5184667497
2552	2.5184095973
2553	2.5180987349
2554	2.5178677967
2555	2.5177699846
2556	2.5178395017
2557	2.5181481704
2558	2.5186595968
2559	2.5192338709
2560	2.5197101237
2561	2.5200942333
2562	2.5203019489
2563	2.5205010726
2564	2.5209497528
2565	2.5215689774
2566	2.5223473352
2567	2.5232164732
2568	2.5241840933
2569	2.5254192443
2570	2.5268491243
2571	2.5283302311
2572	2.5297777166
2573	2.5311461764
2574	2.5324680983
2575	2.5336901197
2576	2.5347419125
2577	2.5356794051
2578	2.5366553859
2579	2.5379113661
2580	2.5394296923
2581	2.5409033518
2582	2.5421497172
2583	2.5433157978
2584	2.5444369824
2585	2.5451661760
2586	2.5456683614
2587	2.5462402711
2588	2.5467447663
2589	2.5471980973
2590	2.5476091880
2591	2.5478866001
2592	2.5479547571
2593	2.5479258839
2594	2.5479205768
2595	2.5479653293
2596	2.5482373604
2597	2.5486166918
2598	2.5489926983
2599	2.5494879498
2600	2.5499688677
2601	2.5503696145
2602	2.5508133338
2603	2.5512718782
2604	2.5517606985
2605	2.5522532033
2606	2.5525472624
2607	2.5528929380
2608	2.5534567966
2609	2.5538586963
2610	2.5539133972
2611	2.5537334855
2612	2.5535086026
2613	2.5532271480
2614	2.5528899959
2615	2.5526433931
2616	2.5523165998
2617	2.5517236168
2618	2.5510531831
2619	2.5505862164
2620	2.5505099689
2621	2.5509584837
2622	2.5519491435
2623	2.5532497100
2624	2.5547931465
2625	2.5567655509
2626	2.5592148713
2627	2.5621101195
2628	2.5652070128
2629	2.5682844448
2630	2.5712473422
2631	2.5741869079
2632	2.5772952578
2633	2.5805012029
2634	2.5836470896
2635	2.5864996037
2636	2.5890749721
2637	2.5914913508
2638	2.5937325561
2639	2.5957723582
2640	2.5976895120
2641	2.5997113960
2642	2.6018027392
2643	2.6037848319
2644	2.6056522752
2645	2.6074337933
2646	2.6090432342
2647	2.6105346137
2648	2.6120033492
2649	2.6134315236
2650	2.6147184826
2651	2.6157274995
2652	2.6164025681
2653	2.6167563997
2654	2.6169261476
2655	2.6169014715
2656	2.6166732337
2657	2.6163731466
2658	2.6160807864
2659	2.6158832580
2660	2.6158060772
2661	2.6158188537
2662	2.6158202582
2663	2.6157738766
2664	2.6157285855
2665	2.6155578724
2666	2.6151749798
2667	2.6146384952
2668	2.6140614414
2669	2.6135719408
2670	2.6131017422
2671	2.6126098928
2672	2.6121883227
2673	2.6117996966
2674	2.6114295826
2675	2.6111820318
2676	2.6110284962
2677	2.6109751083
2678	2.6111054667
2679	2.6113622550
2680	2.6117086179
2681	2.6120615130
2682	2.6123471416
2683	2.6126050121
2684	2.6129144413
2685	2.6134048400
2686	2.6140604291
2687	2.6147382986
2688	2.6154222157
2689	2.6161810370
2690	2.6169969469
2691	2.6178746291
2692	2.6188314687
2693	2.6198288614
2694	2.6208781266
2695	2.6219358856
2696	2.6229155396
2697	2.6237716207
2698	2.6245045832
2699	2.6251421145
2700	2.6256727928
2701	2.6261029192
2702	2.6264304871
2703	2.6267074722
2704	2.6270030993
2705	2.6272468198
2706	2.6273711123
2707	2.6273764021
2708	2.6272436795
2709	2.6269886834
2710	2.6265912903
2711	2.6259645754
2712	2.6251971295
2713	2.6243830036
2714	2.6235108501
2715	2.6226089631
2716	2.6217362799
2717	2.6209471938
2718	2.6202060567
2719	2.6194803724
2720	2.6187429092
2721	2.6179068508
2722	2.6169079265
2723	2.6158212649
2724	2.6147917179
2725	2.6138345114
2726	2.6129377777
2727	2.6121524222
2728	2.6115121242
2729	2.6109997255
2730	2.6105546613
2731	2.6101838299
2732	2.6099572537
2733	2.6099110126
2734	2.6100895495
2735	2.6105098572
2736	2.6110932871
2737	2.6117573500
2738	2.6125145552
2739	2.6133948811
2740	2.6142933805
2741	2.6151513511
2742	2.6160642148
2743	2.6170168122
2744	2.6179625772
2745	2.6187819197
2746	2.6193757232
2747	2.6198608519
2748	2.6202499246
2749	2.6204699602
2750	2.6204781564
2751	2.6203703338
2752	2.6201979082
2753	2.6198674117
2754	2.6194495045
2755	2.6190644807
2756	2.6187333100
2757	2.6184329226
2758	2.6181884415
2759	2.6179704498
2760	2.6177406316
2761	2.6175634304
2762	2.6173819662
2763	2.6171106884
2764	2.6168301197
2765	2.6165600503
2766	2.6163013683
2767	2.6161090114
2768	2.6159475739
2769	2.6157599765
2770	2.6155196424
2771	2.6152399051
2772	2.6149139884
2773	2.6144982371
2774	2.6139822841
2775	2.6135053042
2776	2.6131483964
2777	2.6128224481
2778	2.6125234395
2779	2.6123421335
2780	2.6122147252
2781	2.6120574330
2782	2.6119875105
2783	2.6119137750
2784	2.6118753538
2785	2.6120514859
2786	2.6123690234
2787	2.6128191984
2788	2.6134157312
2789	2.6141972135
2790	2.6150923924
2791	2.6159157673
2792	2.6165970154
2793	2.6171959982
2794	2.6177529529
2795	2.6182257054
2796	2.6186377922
2797	2.6190613737
2798	2.6195183132
2799	2.6198570641
2800	2.6199733582
2801	2.6199058307
2802	2.6196546435
2803	2.6192442580
2804	2.6187022518
2805	2.6179732475
2806	2.6170616196
2807	2.6160610132
2808	2.6149939554
2809	2.6138348978
2810	2.6124956456
2811	2.6108994543
2812	2.6090816588
2813	2.6071691390
2814	2.6052785125
2815	2.6034219376
2816	2.6016018920
2817	2.5997020254
2818	2.5976398719
2819	2.5955770030
2820	2.5937057331
2821	2.5920996814
2822	2.5906655613
2823	2.5893264952
2824	2.5879562683
2825	2.5865073283
2826	2.5852182193
2827	2.5840993933
2828	2.5830499884
2829	2.5820587621
2830	2.5810849575
2831	2.5801812412
2832	2.5794779214
2833	2.5791181382
2834	2.5790490174
2835	2.5792217302
2836	2.5795587483
2837	2.5798611924
2838	2.5801350439
2839	2.5804007844
2840	2.5805579719
2841	2.5805144083
2842	2.5803666995
2843	2.5802537406
2844	2.5800421500
2845	2.5794560533
2846	2.5785041267
2847	2.5774408366
2848	2.5763971161
2849	2.5753767020
2850	2.5743323440
2851	2.5732625216
2852	2.5720914040
2853	2.5708415840
2854	2.5695421129
2855	2.5680694194
2856	2.5665334533
2857	2.5648550721
2858	2.5629113876
2859	2.5609209248
2860	2.5589190755
2861	2.5569040052
2862	2.5550564949
2863	2.5534789862
2864	2.5523249448
2865	2.5516762930
2866	2.5512316324
2867	2.5507080715
2868	2.5500738771
2869	2.5495045941
2870	2.5490941459
2871	2.5485606436
2872	2.5479150275
2873	2.5473661240
2874	2.5467923224
2875	2.5461595564
2876	2.5455784068
2877	2.5450972818
2878	2.5447062305
2879	2.5443316363
2880	2.5439269303
2881	2.5433989624
2882	2.5424369614
2883	2.5410589490
2884	2.5395157869
2885	2.5377346480
2886	2.5357729346
2887	2.5338720988
2888	2.5320968665
2889	2.5302331509
2890	2.5282944023
2891	2.5264391087
2892	2.5245039842
2893	2.5224762651
2894	2.5204813380
2895	2.5187177922
2896	2.5173325443
2897	2.5159958001
2898	2.5144807165
2899	2.5130521363
2900	2.5118142782
2901	2.5107430744
2902	2.5098462165
2903	2.5091286945
2904	2.5087673883
2905	2.5086776669
2906	2.5085735797
2907	2.5082653114
2908	2.5077215780
2909	2.5070548721
2910	2.5064609414
2911	2.5061479161
2912	2.5061569657
2913	2.5065692213
2914	2.5073664843
2915	2.5085107189
2916	2.5099562681
2917	2.5114463002
2918	2.5128363037
2919	2.5139948756
2920	2.5149438018
2921	2.5156666684
2922	2.5157653480
2923	2.5151431554
2924	2.5140133196
2925	2.5125604247
2926	2.5108614862
2927	2.5089334223
2928	2.5068645350
2929	2.5045393747
2930	2.5020465176
2931	2.4994129524
2932	2.4965887318
2933	2.4940796628
2934	2.4920554069
2935	2.4903751380
2936	2.4890175396
2937	2.4879866775
2938	2.4871317678
2939	2.4863268925
2940	2.4854906615
2941	2.4840820723
2942	2.4818073397
2943	2.4789997255
2944	2.4760868822
2945	2.4730822289
2946	2.4701345568
2947	2.4673366428
2948	2.4642860616
2949	2.4609301379
2950	2.4576536858
2951	2.4548065052
2952	2.4523253198
2953	2.4501700203
2954	2.4481765138
2955	2.4462343033
2956	2.4444649630
2957	2.4430837566
2958	2.4425031842
2959	2.4424392003
2960	2.4425992490
2961	2.4430028170
2962	2.4435777954
2963	2.4445895836
2964	2.4461103663
2965	2.4476874744
2966	2.4490275899
2967	2.4503113068
2968	2.4516216156
2969	2.4527081133
2970	2.4534753876
2971	2.4539801354
2972	2.4544644397
2973	2.4552089906
2974	2.4557791670
2975	2.4559634201
2976	2.4559391583
2977	2.4554129519
2978	2.4545701938
2979	2.4539758649
2980	2.4536857879
2981	2.4536037051
2982	2.4535722007
2983	2.4535647738
2984	2.4537980713
2985	2.4542349547
2986	2.4548995868
2987	2.4560806814
2988	2.4579351266
2989	2.4603331504
2990	2.4631971398
2991	2.4665127276
2992	2.4701502922
2993	2.4737575810
2994	2.4771300474
2995	2.4804918428
2996	2.4837940298
2997	2.4869763163
2998	2.4898038724
2999	2.4921801359
