0	2.5912592505
1	2.5987509859
2	2.6130819395
3	2.6289487777
4	2.6456950836
5	2.6609012446
6	2.6744272195
7	2.6849030328
8	2.6926095370
9	2.6971218140
10	2.6990346500
11	2.6985906992
12	2.6965738862
13	2.6934960229
14	2.6901377668
15	2.6869614789
16	2.6845046676
17	2.6830398587
18	2.6826826872
19	2.6835191854
20	2.6852344459
21	2.6877922202
22	2.6906194133
23	2.6936320418
24	2.6962531803
25	2.6984255499
26	2.6997733010
27	2.7003295120
28	2.7000000743
29	2.6989288455
30	2.6972687890
31	2.6952233158
32	2.6930964985
33	2.6910434236
34	2.6894103261
35	2.6882012468
36	2.6877081006
37	2.6877523603
38	2.6885016543
39	2.6896513172
40	2.6912102378
41	2.6928498316
42	2.6944351854
43	2.6957301592
44	2.6965538577
45	2.6968817245
46	2.6965950722
47	2.6958714120
48	2.6946177494
49	2.6931054254
50	2.6912835249
51	2.6895314962
52	2.6878667121
53	2.6865984618
54	2.6856666194
55	2.6852103384
56	2.6852171142
57	2.6856661607
58	2.6865041910
59	2.6874625897
60	2.6885587983
61	2.6895011454
62	2.6903502534
63	2.6907375663
64	2.6907675690
65	2.6902358344
66	2.6893264191
67	2.6880000506
68	2.6864743115
69	2.6848215708
70	2.6830643932
71	2.6813879999
72	2.6799139762
73	2.6789425634
74	2.6781975949
75	2.6778148311
76	2.6776826670
77	2.6781467387
78	2.6789130250
79	2.6798686461
80	2.6806032760
81	2.6809815432
82	2.6809699323
83	2.6806286160
84	2.6801308691
85	2.6792922325
86	2.6782527614
87	2.6767613369
88	2.6750108739
89	2.6728405844
90	2.6707179594
91	2.6687538720
92	2.6673116082
93	2.6664029204
94	2.6660897473
95	2.6662463973
96	2.6665314869
97	2.6668738226
98	2.6669893846
99	2.6670343728
100	2.6667706040
101	2.6665709390
102	2.6662637160
103	2.6659904269
104	2.6655086694
105	2.6648509812
106	2.6637435612
107	2.6620965753
108	2.6600631441
109	2.6576171281
110	2.6551318415
111	2.6527721953
112	2.6510370111
113	2.6497989887
114	2.6494686274
115	2.6497177086
116	2.6504587153
117	2.6513368074
118	2.6521598454
119	2.6525307067
120	2.6522624398
121	2.6514065756
122	2.6498567001
123	2.6483075310
124	2.6469945562
125	2.6461566420
126	2.6450832727
127	2.6433749199
128	2.6407632189
129	2.6387529740
130	2.6387843937
131	2.6407507865
132	2.6423676211
133	2.6406609390
134	2.6352761588
135	2.6290833593
136	2.6260386387
137	2.6268176190
138	2.6299492943
139	2.6331669606
140	2.6361715652
141	2.6385729938
142	2.6389140582
143	2.6358205201
144	2.6306862601
145	2.6262982108
146	2.6237052260
147	2.6224729610
148	2.6220070948
149	2.6233065468
150	2.6256378043
151	2.6269237827
152	2.6257341372
153	2.6232580215
154	2.6200387669
155	2.6158102868
156	2.6110671365
157	2.6078846501
158	2.6076645847
159	2.6092851467
160	2.6124019150
161	2.6173048033
162	2.6232848392
163	2.6277354550
164	2.6299578291
165	2.6299917932
166	2.6274104047
167	2.6213670797
168	2.6131985532
169	2.6049231033
170	2.5967641941
171	2.5894164676
172	2.5847690831
173	2.5839719894
174	2.5858814686
175	2.5906976070
176	2.5984345440
177	2.6078515080
178	2.6166777936
179	2.6243857242
180	2.6302836148
181	2.6325292738
182	2.6307884949
183	2.6258750836
184	2.6177624063
185	2.6064065828
186	2.5940793211
187	2.5819775110
188	2.5707336406
189	2.5614694708
190	2.5562227714
191	2.5548377107
192	2.5570358940
193	2.5635640948
194	2.5735545899
195	2.5852201480
196	2.5979946955
197	2.6115153922
198	2.6233802594
199	2.6322564747
200	2.6369289234
201	2.6364793512
202	2.6313418310
203	2.6238297929
204	2.6138229584
205	2.5994168231
206	2.5806844928
207	2.5599794427
208	2.5416411029
209	2.5303181578
210	2.5263981207
211	2.5246530792
212	2.5229086382
213	2.5234079396
214	2.5296885176
215	2.5428524952
216	2.5614262510
217	2.5818359278
218	2.6015503867
219	2.6195554167
220	2.6326505394
221	2.6383830416
222	2.6385292485
223	2.6362856855
224	2.6318976499
225	2.6250534441
226	2.6149976394
227	2.6022573812
228	2.5878747383
229	2.5720047068
230	2.5556211228
231	2.5429498343
232	2.5371970834
233	2.5371167801
234	2.5419261137
235	2.5514450781
236	2.5635763090
237	2.5746888140
238	2.5831246455
239	2.5884904426
240	2.5922386008
241	2.5946318888
242	2.5952349027
243	2.5959602108
244	2.5977959337
245	2.5986042159
246	2.5970869093
247	2.5947256911
248	2.5910881236
249	2.5859315119
250	2.5809408105
251	2.5785074390
252	2.5796602752
253	2.5845769485
254	2.5927067133
255	2.6039197125
256	2.6163285436
257	2.6263577784
258	2.6334710564
259	2.6372349575
260	2.6358934409
261	2.6296537282
262	2.6212070706
263	2.6115976462
264	2.6022136531
265	2.5949448170
266	2.5904436538
267	2.5878504769
268	2.5860964143
269	2.5849125333
270	2.5842767434
271	2.5832394869
272	2.5813526077
273	2.5806840755
274	2.5808321750
275	2.5814391193
276	2.5841063121
277	2.5888038293
278	2.5936778861
279	2.5988141645
280	2.6039529463
281	2.6072872654
282	2.6082188324
283	2.6067954098
284	2.6033054602
285	2.5977497049
286	2.5913315007
287	2.5858745537
288	2.5824484692
289	2.5809911674
290	2.5832918408
291	2.5895243863
292	2.5978041355
293	2.6080650711
294	2.6190961044
295	2.6282690979
296	2.6346891729
297	2.6382233034
298	2.6377026544
299	2.6339297260
300	2.6283452235
301	2.6222040060
302	2.6165264794
303	2.6126836097
304	2.6116581229
305	2.6131288663
306	2.6164616795
307	2.6214517791
308	2.6267575364
309	2.6305615618
310	2.6332044810
311	2.6335210979
312	2.6309774343
313	2.6270227719
314	2.6221123881
315	2.6165781144
316	2.6125004565
317	2.6104890823
318	2.6101877022
319	2.6120117629
320	2.6154983442
321	2.6196146934
322	2.6231734977
323	2.6256781406
324	2.6260216072
325	2.6235182728
326	2.6189554228
327	2.6137968832
328	2.6082559684
329	2.6031984055
330	2.5986779075
331	2.5940004426
332	2.5919098885
333	2.5947162494
334	2.6020055077
335	2.6116839804
336	2.6196077048
337	2.6225661679
338	2.6232935476
339	2.6255604639
340	2.6296802227
341	2.6320533725
342	2.6281615219
343	2.6175621862
344	2.6051277247
345	2.5970889518
346	2.5951341994
347	2.5971304028
348	2.6013690224
349	2.6078288954
350	2.6153806413
351	2.6228466734
352	2.6284832881
353	2.6326156209
354	2.6384824455
355	2.6455208301
356	2.6497695792
357	2.6490927865
358	2.6436272300
359	2.6352012734
360	2.6260417324
361	2.6165548648
362	2.6091788245
363	2.6073336795
364	2.6113279529
365	2.6180505838
366	2.6250231750
367	2.6322033409
368	2.6396208769
369	2.6461998587
370	2.6510199288
371	2.6547953243
372	2.6585882471
373	2.6615891082
374	2.6607193509
375	2.6559526116
376	2.6487300915
377	2.6390079678
378	2.6276964195
379	2.6170760988
380	2.6101637634
381	2.6092220730
382	2.6128579497
383	2.6194400805
384	2.6295558878
385	2.6410196872
386	2.6504456911
387	2.6566347692
388	2.6605801212
389	2.6627925267
390	2.6630094562
391	2.6617446640
392	2.6604768440
393	2.6595522444
394	2.6574304090
395	2.6532759234
396	2.6480062824
397	2.6418828810
398	2.6337152142
399	2.6254440971
400	2.6197299249
401	2.6172472776
402	2.6179149140
403	2.6215790438
404	2.6287168352
405	2.6385348548
406	2.6477669593
407	2.6553889561
408	2.6618578983
409	2.6652233071
410	2.6654264184
411	2.6645773327
412	2.6641538286
413	2.6639377872
414	2.6636719187
415	2.6640349202
416	2.6653883857
417	2.6665522898
418	2.6664521942
419	2.6647830685
420	2.6602711590
421	2.6520184602
422	2.6419151664
423	2.6330227757
424	2.6254114376
425	2.6196665265
426	2.6176758075
427	2.6197177787
428	2.6247540716
429	2.6315936985
430	2.6402108145
431	2.6503562974
432	2.6597850047
433	2.6676894489
434	2.6744708641
435	2.6783992045
436	2.6795099813
437	2.6792544225
438	2.6780807871
439	2.6760046465
440	2.6736148840
441	2.6713967423
442	2.6685509850
443	2.6640392302
444	2.6584782682
445	2.6528141672
446	2.6467458483
447	2.6412067477
448	2.6380453184
449	2.6377099914
450	2.6393840834
451	2.6437492901
452	2.6506275202
453	2.6582484710
454	2.6661235174
455	2.6739255207
456	2.6807399039
457	2.6857162515
458	2.6886520002
459	2.6896632148
460	2.6878206644
461	2.6830805341
462	2.6778773925
463	2.6730663468
464	2.6693869724
465	2.6683122248
466	2.6695014699
467	2.6720855894
468	2.6761470851
469	2.6818953042
470	2.6881794687
471	2.6930307060
472	2.6951998717
473	2.6944489603
474	2.6911519805
475	2.6871249467
476	2.6833798504
477	2.6791763491
478	2.6742901188
479	2.6698720087
480	2.6661682900
481	2.6629629683
482	2.6613365551
483	2.6613887805
484	2.6629581642
485	2.6665502660
486	2.6715298889
487	2.6762738832
488	2.6800200115
489	2.6832586371
490	2.6863739873
491	2.6884326634
492	2.6898314170
493	2.6912304072
494	2.6920878863
495	2.6929253313
496	2.6936341646
497	2.6935778349
498	2.6932926287
499	2.6932947184
500	2.6929784509
501	2.6919257614
502	2.6904718008
503	2.6889904267
504	2.6872054560
505	2.6854834142
506	2.6844876036
507	2.6842975863
508	2.6853705823
509	2.6875993053
510	2.6898312495
511	2.6913730850
512	2.6925171839
513	2.6921613160
514	2.6895117453
515	2.6857936173
516	2.6817198332
517	2.6775326619
518	2.6740870015
519	2.6717487036
520	2.6706292497
521	2.6706088348
522	2.6713791146
523	2.6725262371
524	2.6737777429
525	2.6761128905
526	2.6788459277
527	2.6812607226
528	2.6843931701
529	2.6879202279
530	2.6908923887
531	2.6931307966
532	2.6938514137
533	2.6923650012
534	2.6890476150
535	2.6846513478
536	2.6802072025
537	2.6765351264
538	2.6738596406
539	2.6715832423
540	2.6707399495
541	2.6731754517
542	2.6783147219
543	2.6839760979
544	2.6882753132
545	2.6896473686
546	2.6880088669
547	2.6857537452
548	2.6838199560
549	2.6807792648
550	2.6755262898
551	2.6678774668
552	2.6597638769
553	2.6542961872
554	2.6516837844
555	2.6509627997
556	2.6519172310
557	2.6545404664
558	2.6579382276
559	2.6609177185
560	2.6639284936
561	2.6669112460
562	2.6702885172
563	2.6744835308
564	2.6772162405
565	2.6765625495
566	2.6728804956
567	2.6669352009
568	2.6604230346
569	2.6544129275
570	2.6489064323
571	2.6451336165
572	2.6440772848
573	2.6445347491
574	2.6446409444
575	2.6453825658
576	2.6482759686
577	2.6530670356
578	2.6592039367
579	2.6660869318
580	2.6725353639
581	2.6775325077
582	2.6800160087
583	2.6786591470
584	2.6741805213
585	2.6682929799
586	2.6615389517
587	2.6545876771
588	2.6476997529
589	2.6408784129
590	2.6355829689
591	2.6315003861
592	2.6280021938
593	2.6266681505
594	2.6290292248
595	2.6347317693
596	2.6425083953
597	2.6522718299
598	2.6626228578
599	2.6708652433
600	2.6752596418
601	2.6750527821
602	2.6713801829
603	2.6657678282
604	2.6581024836
605	2.6497907197
606	2.6422651023
607	2.6351702379
608	2.6289269034
609	2.6240770818
610	2.6207455556
611	2.6193659917
612	2.6204554553
613	2.6232834492
614	2.6278056769
615	2.6344522558
616	2.6416307554
617	2.6476430611
618	2.6526902678
619	2.6569089445
620	2.6593382537
621	2.6598186439
622	2.6592512917
623	2.6588678342
624	2.6593683711
625	2.6601745514
626	2.6614090761
627	2.6634651026
628	2.6640218099
629	2.6622442019
630	2.6589921819
631	2.6541720958
632	2.6485030658
633	2.6431807620
634	2.6394706822
635	2.6381145683
636	2.6391114615
637	2.6418425057
638	2.6457326933
639	2.6504056783
640	2.6545399503
641	2.6573174803
642	2.6596330773
643	2.6613923741
644	2.6628028160
645	2.6646599209
646	2.6667352749
647	2.6692744435
648	2.6713520364
649	2.6718028078
650	2.6710711488
651	2.6691041646
652	2.6651240403
653	2.6604389731
654	2.6566697902
655	2.6533002485
656	2.6500126265
657	2.6472037010
658	2.6446016188
659	2.6416331065
660	2.6383068695
661	2.6350666630
662	2.6320641634
663	2.6290347938
664	2.6267169695
665	2.6271216156
666	2.6311597282
667	2.6374147858
668	2.6449013208
669	2.6518165342
670	2.6566152657
671	2.6607854422
672	2.6646399961
673	2.6670125059
674	2.6658472090
675	2.6592934399
676	2.6494271146
677	2.6406760710
678	2.6356686702
679	2.6345151273
680	2.6356470660
681	2.6372479129
682	2.6391604052
683	2.6434647090
684	2.6505005993
685	2.6576416437
686	2.6627022671
687	2.6645961591
688	2.6641177740
689	2.6609633599
690	2.6544019875
691	2.6468538398
692	2.6405200621
693	2.6361742599
694	2.6345732455
695	2.6342598105
696	2.6329339673
697	2.6320729906
698	2.6340592632
699	2.6387749860
700	2.6451235821
701	2.6524310412
702	2.6605488900
703	2.6687126366
704	2.6748931449
705	2.6779735439
706	2.6786420396
707	2.6782818689
708	2.6775246281
709	2.6758191801
710	2.6720992274
711	2.6664715123
712	2.6604411623
713	2.6538477474
714	2.6472391685
715	2.6426464637
716	2.6419227153
717	2.6462729373
718	2.6534629465
719	2.6609376172
720	2.6683409090
721	2.6739147075
722	2.6758016701
723	2.6740068871
724	2.6691946084
725	2.6629762601
726	2.6569953568
727	2.6516008252
728	2.6461868875
729	2.6421020915
730	2.6409267014
731	2.6422006937
732	2.6451641008
733	2.6497815772
734	2.6570657777
735	2.6652759117
736	2.6714438632
737	2.6756460302
738	2.6779496353
739	2.6774171219
740	2.6743958018
741	2.6693330065
742	2.6636590949
743	2.6601297730
744	2.6589711694
745	2.6591010969
746	2.6604876372
747	2.6624146567
748	2.6636306767
749	2.6635520937
750	2.6628927931
751	2.6630386677
752	2.6630769669
753	2.6616298969
754	2.6596567738
755	2.6590363182
756	2.6596695609
757	2.6600964805
758	2.6595536371
759	2.6576573157
760	2.6551344413
761	2.6522215575
762	2.6494472160
763	2.6482295746
764	2.6481713505
765	2.6485905386
766	2.6486581727
767	2.6477759881
768	2.6475075708
769	2.6476557373
770	2.6480126774
771	2.6513363850
772	2.6580299130
773	2.6656909455
774	2.6728242418
775	2.6794749284
776	2.6845640805
777	2.6865703647
778	2.6851165131
779	2.6808050118
780	2.6746775611
781	2.6669941830
782	2.6588223308
783	2.6518339432
784	2.6477088570
785	2.6476118993
786	2.6506096370
787	2.6558653166
788	2.6632532928
789	2.6703881039
790	2.6754468549
791	2.6791134044
792	2.6810986838
793	2.6811827969
794	2.6805715677
795	2.6801385867
796	2.6801812117
797	2.6797280826
798	2.6778403187
799	2.6750835479
800	2.6710726091
801	2.6658076839
802	2.6607021084
803	2.6568515597
804	2.6541340007
805	2.6515971334
806	2.6493474776
807	2.6486181859
808	2.6503312194
809	2.6534738756
810	2.6572921695
811	2.6623009089
812	2.6678152731
813	2.6732287067
814	2.6787995223
815	2.6845784152
816	2.6897677977
817	2.6929631438
818	2.6950258860
819	2.6965966292
820	2.6964937532
821	2.6951261915
822	2.6925581397
823	2.6882402903
824	2.6823608955
825	2.6751698443
826	2.6671724660
827	2.6597915033
828	2.6546596459
829	2.6531336270
830	2.6563536152
831	2.6634154926
832	2.6724718192
833	2.6824951077
834	2.6924430392
835	2.7005018067
836	2.7051778020
837	2.7069877603
838	2.7069053026
839	2.7046160956
840	2.7006426190
841	2.6961577488
842	2.6911236629
843	2.6860978007
844	2.6820646226
845	2.6791934374
846	2.6777250250
847	2.6775105606
848	2.6785278452
849	2.6807679393
850	2.6825701092
851	2.6835185363
852	2.6842972066
853	2.6845250352
854	2.6840627997
855	2.6829470249
856	2.6818668764
857	2.6813742392
858	2.6811828362
859	2.6813771639
860	2.6822998104
861	2.6837193187
862	2.6853231841
863	2.6876540936
864	2.6905010844
865	2.6929907537
866	2.6953328670
867	2.6974130424
868	2.6987736234
869	2.6996020924
870	2.7006386932
871	2.7017643387
872	2.7013130243
873	2.6992977561
874	2.6964506198
875	2.6931298567
876	2.6903317005
877	2.6879144589
878	2.6853871974
879	2.6829200743
880	2.6810321534
881	2.6812432479
882	2.6846975688
883	2.6898171014
884	2.6942578336
885	2.6968314479
886	2.6972167474
887	2.6965769444
888	2.6964271616
889	2.6967336647
890	2.6964706769
891	2.6955949849
892	2.6952586241
893	2.6958197945
894	2.6966513854
895	2.6978386794
896	2.6994279751
897	2.7009583858
898	2.7023534546
899	2.7031064123
900	2.7026987043
901	2.7017724311
902	2.7011692176
903	2.7015257017
904	2.7023636175
905	2.7023024454
906	2.7012054769
907	2.6989054577
908	2.6956279424
909	2.6924438954
910	2.6895474911
911	2.6873421490
912	2.6865265040
913	2.6873454907
914	2.6890396397
915	2.6901964390
916	2.6908983676
917	2.6921808170
918	2.6938307224
919	2.6950321572
920	2.6960661694
921	2.6970756978
922	2.6975583634
923	2.6977924549
924	2.6977342280
925	2.6974476218
926	2.6978660916
927	2.6993786334
928	2.7014486172
929	2.7030061428
930	2.7039450494
931	2.7045388551
932	2.7046305834
933	2.7043788826
934	2.7039030104
935	2.7036051865
936	2.7039836548
937	2.7048297607
938	2.7057712874
939	2.7062806226
940	2.7057458565
941	2.7044497047
942	2.7024542440
943	2.6997076343
944	2.6975467054
945	2.6968425642
946	2.6970029280
947	2.6977057061
948	2.6991189435
949	2.7010703252
950	2.7031507594
951	2.7050668493
952	2.7067416164
953	2.7082989778
954	2.7099428736
955	2.7112758846
956	2.7114589416
957	2.7105052000
958	2.7090048710
959	2.7070297789
960	2.7049024115
961	2.7034038802
962	2.7030485173
963	2.7038734184
964	2.7053313277
965	2.7073988548
966	2.7098747795
967	2.7120991997
968	2.7140638152
969	2.7154374903
970	2.7160323397
971	2.7161525828
972	2.7158508875
973	2.7150929196
974	2.7139821975
975	2.7129053632
976	2.7117387427
977	2.7100216966
978	2.7081368326
979	2.7066941484
980	2.7055538798
981	2.7047239406
982	2.7046781748
983	2.7052001789
984	2.7062075450
985	2.7074248462
986	2.7079907947
987	2.7082060707
988	2.7086003880
989	2.7090939921
990	2.7096047586
991	2.7105761832
992	2.7124249073
993	2.7144663375
994	2.7161306236
995	2.7176021876
996	2.7189177224
997	2.7197152660
998	2.7195156475
999	2.7184285468
1000	2.7170022296
1001	2.7154874024
1002	2.7144600832
1003	2.7141303764
1004	2.7138235005
1005	2.7133011521
1006	2.7123753862
1007	2.7112890444
1008	2.7111276231
1009	2.7116523238
1010	2.7117698748
1011	2.7115360563
1012	2.7115567751
1013	2.7124105246
1014	2.7144953372
1015	2.7173119056
1016	2.7194796243
1017	2.7200227447
1018	2.7191157267
1019	2.7174763437
1020	2.7156336813
1021	2.7137514015
1022	2.7113210015
1023	2.7081559753
1024	2.7051424381
1025	2.7021900777
1026	2.6988838577
1027	2.6956216532
1028	2.6933121948
1029	2.6927662054
1030	2.6934032418
1031	2.6951025264
1032	2.6977813589
1033	2.7005077457
1034	2.7035377707
1035	2.7071920383
1036	2.7107457697
1037	2.7131601654
1038	2.7139763271
1039	2.7137395318
1040	2.7130350090
1041	2.7118999218
1042	2.7103443571
1043	2.7089486985
1044	2.7081631014
1045	2.7072034595
1046	2.7046829606
1047	2.7007153537
1048	2.6960199319
1049	2.6906518918
1050	2.6857199431
1051	2.6818659957
1052	2.6788813417
1053	2.6776709860
1054	2.6788846133
1055	2.6820748583
1056	2.6864010981
1057	2.6914256695
1058	2.6971657073
1059	2.7030131611
1060	2.7076022641
1061	2.7095802852
1062	2.7085554722
1063	2.7051444778
1064	2.6996724892
1065	2.6926304541
1066	2.6854911114
1067	2.6800770781
1068	2.6774165522
1069	2.6767644221
1070	2.6773792852
1071	2.6789719424
1072	2.6808483918
1073	2.6834816497
1074	2.6869363297
1075	2.6902688298
1076	2.6938578249
1077	2.6975193900
1078	2.7000987669
1079	2.7012650334
1080	2.7010034046
1081	2.6996915397
1082	2.6980683099
1083	2.6955987015
1084	2.6918784479
1085	2.6888637706
1086	2.6881914711
1087	2.6892777932
1088	2.6908360229
1089	2.6928774239
1090	2.6953284282
1091	2.6975714955
1092	2.7003290484
1093	2.7035883580
1094	2.7066724859
1095	2.7088703565
1096	2.7093365269
1097	2.7081236196
1098	2.7055512192
1099	2.7024321896
1100	2.6989259109
1101	2.6947944506
1102	2.6908167798
1103	2.6875206150
1104	2.6851662219
1105	2.6835353463
1106	2.6823079709
1107	2.6823649202
1108	2.6839587176
1109	2.6854275516
1110	2.6858289547
1111	2.6862419925
1112	2.6876459071
1113	2.6899184516
1114	2.6927474263
1115	2.6961891531
1116	2.6996554587
1117	2.7022939695
1118	2.7036480906
1119	2.7030248553
1120	2.7010622873
1121	2.6987440323
1122	2.6959038293
1123	2.6930968429
1124	2.6908017961
1125	2.6888539286
1126	2.6876439329
1127	2.6874581859
1128	2.6886393094
1129	2.6916229493
1130	2.6957965548
1131	2.6999801601
1132	2.7033497854
1133	2.7052748670
1134	2.7045085056
1135	2.7004062176
1136	2.6944016017
1137	2.6882832059
1138	2.6828820427
1139	2.6783902370
1140	2.6756217196
1141	2.6753688100
1142	2.6768342932
1143	2.6795826466
1144	2.6835936797
1145	2.6884794723
1146	2.6934762946
1147	2.6969976941
1148	2.6987481577
1149	2.6993821389
1150	2.6988396151
1151	2.6974424757
1152	2.6955699813
1153	2.6929204064
1154	2.6902929196
1155	2.6881562482
1156	2.6855565592
1157	2.6830126688
1158	2.6811441234
1159	2.6795920452
1160	2.6783206294
1161	2.6781357599
1162	2.6793932602
1163	2.6810733541
1164	2.6833313908
1165	2.6861817643
1166	2.6885455645
1167	2.6896749645
1168	2.6891329341
1169	2.6878407112
1170	2.6866311608
1171	2.6855894936
1172	2.6852199985
1173	2.6857667451
1174	2.6868325671
1175	2.6875119097
1176	2.6875568187
1177	2.6873613933
1178	2.6868109834
1179	2.6862215682
1180	2.6864184152
1181	2.6876735701
1182	2.6899582232
1183	2.6927646317
1184	2.6952998780
1185	2.6976014568
1186	2.6996746605
1187	2.7010270974
1188	2.7017141535
1189	2.7023412623
1190	2.7031283741
1191	2.7036190394
1192	2.7037268425
1193	2.7036531104
1194	2.7033883915
1195	2.7028414789
1196	2.7017366837
1197	2.7004084984
1198	2.6991312537
1199	2.6973544538
1200	2.6954679812
1201	2.6938436130
1202	2.6917110667
1203	2.6893603207
1204	2.6877418819
1205	2.6873755376
1206	2.6886329654
1207	2.6914313115
1208	2.6951981918
1209	2.6988610989
1210	2.7017332611
1211	2.7037888319
1212	2.7051658951
1213	2.7057074791
1214	2.7048242306
1215	2.7025930790
1216	2.6998408014
1217	2.6977950047
1218	2.6971463284
1219	2.6974964901
1220	2.6981818737
1221	2.6985672283
1222	2.6986314787
1223	2.6989400531
1224	2.6997913516
1225	2.7007006297
1226	2.7007771229
1227	2.6999286130
1228	2.6991332747
1229	2.6987140717
1230	2.6985095238
1231	2.6992548434
1232	2.7006889693
1233	2.7020617267
1234	2.7034989908
1235	2.7047129426
1236	2.7053188397
1237	2.7053420876
1238	2.7052886325
1239	2.7055350435
1240	2.7056824483
1241	2.7050825327
1242	2.7035252938
1243	2.7015654141
1244	2.6994695144
1245	2.6972656033
1246	2.6953223184
1247	2.6937598636
1248	2.6928111448
1249	2.6926467806
1250	2.6929689054
1251	2.6935965519
1252	2.6945179984
1253	2.6957436009
1254	2.6972641290
1255	2.6988600896
1256	2.7000961978
1257	2.7006351363
1258	2.7005111313
1259	2.6997991524
1260	2.6985366073
1261	2.6968959735
1262	2.6948237421
1263	2.6923483893
1264	2.6897391410
1265	2.6871914448
1266	2.6851813007
1267	2.6843424764
1268	2.6850737552
1269	2.6872159809
1270	2.6900202052
1271	2.6930059802
1272	2.6961836957
1273	2.6993317870
1274	2.7018790161
1275	2.7035584417
1276	2.7047368746
1277	2.7056798215
1278	2.7063066383
1279	2.7067305426
1280	2.7067176280
1281	2.7060699344
1282	2.7050823344
1283	2.7037550769
1284	2.7022688930
1285	2.7009630943
1286	2.7000746383
1287	2.6998822753
1288	2.7002842026
1289	2.7010357584
1290	2.7021163370
1291	2.7036147934
1292	2.7052760889
1293	2.7066739139
1294	2.7077193486
1295	2.7085081212
1296	2.7089784189
1297	2.7088894716
1298	2.7082620299
1299	2.7072840889
1300	2.7060677536
1301	2.7048417895
1302	2.7038825463
1303	2.7032435646
1304	2.7028588664
1305	2.7027924032
1306	2.7029730727
1307	2.7031470261
1308	2.7032153053
1309	2.7033170886
1310	2.7035391790
1311	2.7037371790
1312	2.7038981633
1313	2.7041081828
1314	2.7043067173
1315	2.7044413022
1316	2.7044692124
1317	2.7043568026
1318	2.7041369210
1319	2.7038753659
1320	2.7036236768
1321	2.7033903638
1322	2.7032081701
1323	2.7031286496
1324	2.7031838168
1325	2.7033611566
1326	2.7036586438
1327	2.7041296655
1328	2.7046653830
1329	2.7050881335
1330	2.7054307259
1331	2.7057887456
1332	2.7062165259
1333	2.7066658494
1334	2.7069856622
1335	2.7072089845
1336	2.7073591640
1337	2.7072899056
1338	2.7070587470
1339	2.7068544796
1340	2.7067637522
1341	2.7067231857
1342	2.7066351918
1343	2.7064852573
1344	2.7062944851
1345	2.7062991817
1346	2.7066736957
1347	2.7071278136
1348	2.7073354397
1349	2.7072981710
1350	2.7071483383
1351	2.7069761507
1352	2.7068119145
1353	2.7066211843
1354	2.7063274056
1355	2.7059575805
1356	2.7056809639
1357	2.7055175457
1358	2.7053576908
1359	2.7050959515
1360	2.7047141655
1361	2.7042974039
1362	2.7039149292
1363	2.7035927057
1364	2.7031683033
1365	2.7027896313
1366	2.7026653396
1367	2.7026086710
1368	2.7025219905
1369	2.7022013571
1370	2.7018874794
1371	2.7021220487
1372	2.7027211639
1373	2.7034571449
1374	2.7043704622
1375	2.7050433463
1376	2.7050384106
1377	2.7045905381
1378	2.7038430434
1379	2.7026548382
1380	2.7011602533
1381	2.6998418801
1382	2.6990020285
1383	2.6983947973
1384	2.6978385726
1385	2.6974244334
1386	2.6973595730
1387	2.6978255343
1388	2.6986782053
1389	2.6994443160
1390	2.7000906206
1391	2.7009451605
1392	2.7016441360
1393	2.7018846039
1394	2.7017202372
1395	2.7010292654
1396	2.6997637706
1397	2.6981025334
1398	2.6963874830
1399	2.6945765093
1400	2.6931728038
1401	2.6929821848
1402	2.6937930530
1403	2.6953165816
1404	2.6969417114
1405	2.6983122846
1406	2.6996987633
1407	2.7003911934
1408	2.6999845661
1409	2.6991860775
1410	2.6986679618
1411	2.6990240417
1412	2.7002431107
1413	2.7016906817
1414	2.7030263553
1415	2.7040836486
1416	2.7045566345
1417	2.7044446866
1418	2.7041326917
1419	2.7034826364
1420	2.7019962268
1421	2.6993532305
1422	2.6959164601
1423	2.6925197773
1424	2.6893048339
1425	2.6864446502
1426	2.6839598934
1427	2.6816505337
1428	2.6805356535
1429	2.6817438126
1430	2.6847143672
1431	2.6880702239
1432	2.6909667838
1433	2.6931459146
1434	2.6948692441
1435	2.6964660570
1436	2.6978865356
1437	2.6989503556
1438	2.7000624232
1439	2.7011583701
1440	2.7013394311
1441	2.7006840674
1442	2.6999486315
1443	2.6995917589
1444	2.6992279707
1445	2.6988643489
1446	2.6985744072
1447	2.6971042069
1448	2.6941321720
1449	2.6903427041
1450	2.6866538864
1451	2.6836778862
1452	2.6816073509
1453	2.6808934453
1454	2.6815878580
1455	2.6840223286
1456	2.6881761221
1457	2.6933546916
1458	2.6985939570
1459	2.7028785337
1460	2.7060450944
1461	2.7070788166
1462	2.7047049142
1463	2.6998362688
1464	2.6938145082
1465	2.6873689071
1466	2.6813510734
1467	2.6758584316
1468	2.6716596502
1469	2.6695207504
1470	2.6677613699
1471	2.6654881157
1472	2.6640275360
1473	2.6645207191
1474	2.6667249094
1475	2.6701392197
1476	2.6746048814
1477	2.6791504876
1478	2.6829615825
1479	2.6864789683
1480	2.6904012764
1481	2.6943528987
1482	2.6978462432
1483	2.7003989809
1484	2.7007500091
1485	2.6990231298
1486	2.6957270023
1487	2.6910266422
1488	2.6861355301
1489	2.6819887266
1490	2.6791201462
1491	2.6777131033
1492	2.6777456152
1493	2.6789045177
1494	2.6805340953
1495	2.6826251788
1496	2.6844862833
1497	2.6856158536
1498	2.6865363740
1499	2.6869295037
1500	2.6866526453
1501	2.6856352940
1502	2.6845446507
1503	2.6844554967
1504	2.6838653970
1505	2.6824105457
1506	2.6820642526
1507	2.6834115351
1508	2.6855293163
1509	2.6875550452
1510	2.6891863936
1511	2.6901770207
1512	2.6902516963
1513	2.6891135800
1514	2.6876064034
1515	2.6869817219
1516	2.6876564868
1517	2.6896899250
1518	2.6926636060
1519	2.6962452553
1520	2.6999826176
1521	2.7029132169
1522	2.7048324565
1523	2.7058219763
1524	2.7050597562
1525	2.7027135564
1526	2.6990322162
1527	2.6938140497
1528	2.6882604319
1529	2.6833375292
1530	2.6794807961
1531	2.6776257704
1532	2.6787227428
1533	2.6817229761
1534	2.6850069231
1535	2.6887633235
1536	2.6928517097
1537	2.6967874735
1538	2.7004062862
1539	2.7038897632
1540	2.7070167150
1541	2.7090210438
1542	2.7101990103
1543	2.7103710786
1544	2.7085655404
1545	2.7039384502
1546	2.6966611513
1547	2.6886840257
1548	2.6821257881
1549	2.6786105760
1550	2.6787857419
1551	2.6818071739
1552	2.6859698099
1553	2.6901906710
1554	2.6948541333
1555	2.7003948800
1556	2.7058050850
1557	2.7092336491
1558	2.7098424669
1559	2.7088578410
1560	2.7079750793
1561	2.7077822834
1562	2.7084731566
1563	2.7092071181
1564	2.7095094660
1565	2.7100987767
1566	2.7106801108
1567	2.7114554940
1568	2.7128827994
1569	2.7141682546
1570	2.7149770181
1571	2.7155305839
1572	2.7154891242
1573	2.7144480800
1574	2.7127909557
1575	2.7114337378
1576	2.7110207098
1577	2.7111044764
1578	2.7107573968
1579	2.7099267775
1580	2.7091512447
1581	2.7087747790
1582	2.7086963687
1583	2.7089904015
1584	2.7095364911
1585	2.7095002408
1586	2.7092061110
1587	2.7090429599
1588	2.7082519716
1589	2.7071165959
1590	2.7065830394
1591	2.7070565649
1592	2.7079869689
1593	2.7086486266
1594	2.7090302898
1595	2.7092844335
1596	2.7099022314
1597	2.7109258273
1598	2.7120782109
1599	2.7131296445
1600	2.7137834500
1601	2.7141044453
1602	2.7137682843
1603	2.7128317618
1604	2.7118983934
1605	2.7112463413
1606	2.7111248673
1607	2.7113904063
1608	2.7116178406
1609	2.7119787109
1610	2.7125778039
1611	2.7129977199
1612	2.7128720627
1613	2.7120635467
1614	2.7110873463
1615	2.7104015566
1616	2.7098517164
1617	2.7093225620
1618	2.7091009191
1619	2.7092973552
1620	2.7096991971
1621	2.7101868664
1622	2.7103835972
1623	2.7099393851
1624	2.7088295066
1625	2.7079384020
1626	2.7078498596
1627	2.7080792611
1628	2.7090146181
1629	2.7108180886
1630	2.7126387789
1631	2.7140169764
1632	2.7148672886
1633	2.7149456511
1634	2.7140301471
1635	2.7121741124
1636	2.7097036328
1637	2.7072775702
1638	2.7049583546
1639	2.7023618201
1640	2.6995968134
1641	2.6969888309
1642	2.6950457865
1643	2.6941420090
1644	2.6945010254
1645	2.6962279939
1646	2.6990405728
1647	2.7024970093
1648	2.7058703521
1649	2.7084089798
1650	2.7099167636
1651	2.7105284203
1652	2.7104279601
1653	2.7096106164
1654	2.7079774903
1655	2.7057523371
1656	2.7029571767
1657	2.6994695241
1658	2.6956421852
1659	2.6924826818
1660	2.6906525597
1661	2.6898450860
1662	2.6899968569
1663	2.6912609952
1664	2.6935878194
1665	2.6966042489
1666	2.7000905737
1667	2.7039610926
1668	2.7073446936
1669	2.7097983273
1670	2.7112145802
1671	2.7110494119
1672	2.7096966324
1673	2.7079124647
1674	2.7059970471
1675	2.7041308887
1676	2.7023592851
1677	2.7015225459
1678	2.7022998789
1679	2.7038856715
1680	2.7054945943
1681	2.7071055009
1682	2.7082702924
1683	2.7086833876
1684	2.7088516645
1685	2.7088084070
1686	2.7084367665
1687	2.7078909539
1688	2.7075836738
1689	2.7078487067
1690	2.7088307939
1691	2.7105664154
1692	2.7121204700
1693	2.7129454143
1694	2.7132855148
1695	2.7133079670
1696	2.7131718383
1697	2.7127985668
1698	2.7120906292
1699	2.7109580036
1700	2.7092184416
1701	2.7065371193
1702	2.7031554910
1703	2.7000138696
1704	2.6975736199
1705	2.6959477183
1706	2.6954941760
1707	2.6963996118
1708	2.6981451116
1709	2.7000808344
1710	2.7024720492
1711	2.7053946453
1712	2.7075326958
1713	2.7081771716
1714	2.7076108307
1715	2.7063787230
1716	2.7048763407
1717	2.7029873720
1718	2.7013934067
1719	2.7005346876
1720	2.7003558607
1721	2.7008699727
1722	2.7013215938
1723	2.7010532042
1724	2.7007184008
1725	2.7009891765
1726	2.7012346663
1727	2.7014140213
1728	2.7018612992
1729	2.7024663781
1730	2.7030625605
1731	2.7034617021
1732	2.7035541699
1733	2.7025626867
1734	2.7002900029
1735	2.6968656415
1736	2.6921818129
1737	2.6868406518
1738	2.6809027331
1739	2.6749411408
1740	2.6705339949
1741	2.6678189433
1742	2.6666239275
1743	2.6680240487
1744	2.6724166102
1745	2.6789748049
1746	2.6864122263
1747	2.6928669680
1748	2.6976027404
1749	2.7012737730
1750	2.7034567984
1751	2.7030644971
1752	2.6997792007
1753	2.6942740764
1754	2.6881101919
1755	2.6821908931
1756	2.6769934999
1757	2.6729541368
1758	2.6694376853
1759	2.6656660578
1760	2.6620980054
1761	2.6608205420
1762	2.6627299310
1763	2.6670131415
1764	2.6729341004
1765	2.6786993115
1766	2.6829565253
1767	2.6861553242
1768	2.6889816007
1769	2.6908519977
1770	2.6906913884
1771	2.6891481524
1772	2.6873517476
1773	2.6855514813
1774	2.6834314262
1775	2.6799600543
1776	2.6749765831
1777	2.6694380474
1778	2.6643016797
1779	2.6593978349
1780	2.6554294046
1781	2.6553557528
1782	2.6594392664
1783	2.6657836668
1784	2.6720955427
1785	2.6767548073
1786	2.6794376384
1787	2.6791441610
1788	2.6771485142
1789	2.6759358853
1790	2.6750288682
1791	2.6733391115
1792	2.6717633388
1793	2.6697480112
1794	2.6667644920
1795	2.6635969944
1796	2.6599298406
1797	2.6572201227
1798	2.6560838439
1799	2.6556342378
1800	2.6562635791
1801	2.6578047348
1802	2.6596284444
1803	2.6618050210
1804	2.6651264341
1805	2.6687020485
1806	2.6706290340
1807	2.6710810696
1808	2.6695384512
1809	2.6648810726
1810	2.6582819229
1811	2.6507824978
1812	2.6439765351
1813	2.6395938619
1814	2.6360326230
1815	2.6308934124
1816	2.6248713292
1817	2.6216781965
1818	2.6224054999
1819	2.6250583719
1820	2.6289639175
1821	2.6344202546
1822	2.6405406804
1823	2.6446616429
1824	2.6467110500
1825	2.6475509843
1826	2.6468834130
1827	2.6452272312
1828	2.6420018178
1829	2.6369606161
1830	2.6303233575
1831	2.6231992891
1832	2.6171112917
1833	2.6130416479
1834	2.6130557802
1835	2.6179202199
1836	2.6262496287
1837	2.6368542723
1838	2.6488884451
1839	2.6603329696
1840	2.6700612410
1841	2.6767041026
1842	2.6776014199
1843	2.6729311982
1844	2.6638509903
1845	2.6509808407
1846	2.6354305761
1847	2.6180776148
1848	2.6007054480
1849	2.5849528430
1850	2.5721562923
1851	2.5645661151
1852	2.5632562479
1853	2.5678889974
1854	2.5767126196
1855	2.5887124251
1856	2.6030120986
1857	2.6153859797
1858	2.6243598896
1859	2.6321309858
1860	2.6380083997
1861	2.6399306662
1862	2.6374518851
1863	2.6308017082
1864	2.6213487069
1865	2.6101646193
1866	2.5977234066
1867	2.5874442314
1868	2.5820910668
1869	2.5813256494
1870	2.5835598283
1871	2.5850371537
1872	2.5838976842
1873	2.5806507894
1874	2.5750924864
1875	2.5693331123
1876	2.5655560505
1877	2.5636340557
1878	2.5636892726
1879	2.5669020004
1880	2.5739561244
1881	2.5835977441
1882	2.5951525310
1883	2.6051337269
1884	2.6090132664
1885	2.6084554680
1886	2.6064894377
1887	2.6027735032
1888	2.5945820228
1889	2.5823622738
1890	2.5680407111
1891	2.5532417192
1892	2.5428911219
1893	2.5407741298
1894	2.5459402022
1895	2.5530515985
1896	2.5592420955
1897	2.5654443033
1898	2.5724945783
1899	2.5799573486
1900	2.5849891494
1901	2.5865059934
1902	2.5855461571
1903	2.5831416657
1904	2.5798042198
1905	2.5760250845
1906	2.5725958141
1907	2.5702941318
1908	2.5694025013
1909	2.5703972421
1910	2.5728253896
1911	2.5737893457
1912	2.5740587210
1913	2.5752848394
1914	2.5755266434
1915	2.5732532490
1916	2.5666902385
1917	2.5572685142
1918	2.5501564144
1919	2.5463932402
1920	2.5471676770
1921	2.5536622770
1922	2.5612324661
1923	2.5676118054
1924	2.5726097610
1925	2.5741497985
1926	2.5715482063
1927	2.5673583253
1928	2.5650686383
1929	2.5656086462
1930	2.5702499417
1931	2.5766705026
1932	2.5805431353
1933	2.5828911460
1934	2.5848456967
1935	2.5853269507
1936	2.5826169206
1937	2.5772326198
1938	2.5717065009
1939	2.5675814557
1940	2.5652367678
1941	2.5651223491
1942	2.5692229531
1943	2.5771338846
1944	2.5856554068
1945	2.5910772185
1946	2.5918252136
1947	2.5884706604
1948	2.5800846894
1949	2.5677595286
1950	2.5543786932
1951	2.5405143829
1952	2.5276494010
1953	2.5197178514
1954	2.5174358911
1955	2.5169776944
1956	2.5165104972
1957	2.5187111924
1958	2.5257262500
1959	2.5368231324
1960	2.5502493932
1961	2.5640787331
1962	2.5774272200
1963	2.5909845300
1964	2.6038000500
1965	2.6136621139
1966	2.6197368184
1967	2.6207137706
1968	2.6168016883
1969	2.6086063357
1970	2.5969205438
1971	2.5848268258
1972	2.5729168072
1973	2.5610868821
1974	2.5508398806
1975	2.5433439370
1976	2.5399431230
1977	2.5416835132
1978	2.5481268952
1979	2.5574086328
1980	2.5680778102
1981	2.5800326943
1982	2.5917918814
1983	2.6011402421
1984	2.6062559653
1985	2.6061050608
1986	2.6025422706
1987	2.5957918847
1988	2.5844611182
1989	2.5714655981
1990	2.5610003822
1991	2.5526812326
1992	2.5456335263
1993	2.5396709172
1994	2.5346654025
1995	2.5321973077
1996	2.5328793738
1997	2.5395306249
1998	2.5515110112
1999	2.5654712633
2000	2.5814274050
2001	2.5942200661
2002	2.5976624236
2003	2.5922720900
2004	2.5825991009
2005	2.5713347825
2006	2.5601264610
2007	2.5512341569
2008	2.5452325709
2009	2.5428782421
2010	2.5431015811
2011	2.5447569103
2012	2.5492378302
2013	2.5568422578
2014	2.5652155444
2015	2.5726464845
2016	2.5802980436
2017	2.5879316391
2018	2.5929833179
2019	2.5937194535
2020	2.5902374492
2021	2.5838741075
2022	2.5771850424
2023	2.5719890022
2024	2.5674021129
2025	2.5624016045
2026	2.5582688583
2027	2.5569852609
2028	2.5593272097
2029	2.5652480717
2030	2.5729345539
2031	2.5803464640
2032	2.5862933794
2033	2.5898696232
2034	2.5912901574
2035	2.5917336691
2036	2.5920354924
2037	2.5906831058
2038	2.5857943823
2039	2.5786826796
2040	2.5715229178
2041	2.5633351474
2042	2.5549979335
2043	2.5501213167
2044	2.5510876187
2045	2.5565518157
2046	2.5619749963
2047	2.5683361837
2048	2.5757566645
2049	2.5823614253
2050	2.5902173312
2051	2.5972783155
2052	2.6019407051
2053	2.6055559450
2054	2.6073617298
2055	2.6066173957
2056	2.6032191056
2057	2.5974300293
2058	2.5905396748
2059	2.5839522114
2060	2.5764273797
2061	2.5673879312
2062	2.5582700638
2063	2.5481499096
2064	2.5377249460
2065	2.5303925577
2066	2.5262525635
2067	2.5235783573
2068	2.5237593957
2069	2.5290414984
2070	2.5389143228
2071	2.5515762174
2072	2.5646873972
2073	2.5766864999
2074	2.5872000846
2075	2.5957207042
2076	2.6019554935
2077	2.6060271170
2078	2.6100715682
2079	2.6144046633
2080	2.6155743483
2081	2.6128567503
2082	2.6082328801
2083	2.6025931694
2084	2.5959195482
2085	2.5875613415
2086	2.5764213875
2087	2.5641133001
2088	2.5542832557
2089	2.5495123189
2090	2.5510605530
2091	2.5580662249
2092	2.5678341450
2093	2.5775116707
2094	2.5869012510
2095	2.5973310716
2096	2.6074151326
2097	2.6136969687
2098	2.6138144017
2099	2.6089100061
2100	2.6020547373
2101	2.5942354157
2102	2.5876903736
2103	2.5843007244
2104	2.5812340814
2105	2.5763955357
2106	2.5702024011
2107	2.5660626864
2108	2.5656707402
2109	2.5673210838
2110	2.5714711168
2111	2.5790267343
2112	2.5892106246
2113	2.6003631871
2114	2.6112801968
2115	2.6194748865
2116	2.6249164338
2117	2.6299613259
2118	2.6332766646
2119	2.6321094427
2120	2.6273981966
2121	2.6229882269
2122	2.6193653762
2123	2.6164350525
2124	2.6142592159
2125	2.6127514344
2126	2.6135135053
2127	2.6166014317
2128	2.6225242956
2129	2.6303064276
2130	2.6373404712
2131	2.6428190601
2132	2.6459233860
2133	2.6471072600
2134	2.6471135529
2135	2.6458451925
2136	2.6455746610
2137	2.6471034247
2138	2.6476930441
2139	2.6464303515
2140	2.6434037866
2141	2.6380133700
2142	2.6315644106
2143	2.6265408143
2144	2.6250538434
2145	2.6289747805
2146	2.6373679052
2147	2.6471111948
2148	2.6562817860
2149	2.6627536570
2150	2.6650279804
2151	2.6645663169
2152	2.6639786708
2153	2.6637145034
2154	2.6626857187
2155	2.6608922349
2156	2.6591186664
2157	2.6586801151
2158	2.6601024883
2159	2.6622063047
2160	2.6635212738
2161	2.6645471684
2162	2.6656602982
2163	2.6647655910
2164	2.6611727070
2165	2.6565174975
2166	2.6522090001
2167	2.6481259109
2168	2.6446622144
2169	2.6422283854
2170	2.6404499560
2171	2.6405497878
2172	2.6444792068
2173	2.6530166315
2174	2.6640429086
2175	2.6757214418
2176	2.6869873804
2177	2.6952158084
2178	2.6990057699
2179	2.6982538376
2180	2.6940046103
2181	2.6873789648
2182	2.6793152406
2183	2.6719121036
2184	2.6668026570
2185	2.6655833132
2186	2.6675536827
2187	2.6704165124
2188	2.6742315773
2189	2.6781251842
2190	2.6806708636
2191	2.6811991647
2192	2.6795381300
2193	2.6775585923
2194	2.6759590433
2195	2.6735576028
2196	2.6713495704
2197	2.6708158196
2198	2.6714090247
2199	2.6734815672
2200	2.6771434775
2201	2.6811130829
2202	2.6848081257
2203	2.6877124289
2204	2.6892852655
2205	2.6898527142
2206	2.6896882646
2207	2.6887389523
2208	2.6881019038
2209	2.6879712862
2210	2.6867198602
2211	2.6839515481
2212	2.6808236028
2213	2.6786412257
2214	2.6783696748
2215	2.6799051034
2216	2.6820961797
2217	2.6837467592
2218	2.6848459534
2219	2.6859840142
2220	2.6866685613
2221	2.6870047076
2222	2.6871740361
2223	2.6862539058
2224	2.6842359561
2225	2.6823379915
2226	2.6809822560
2227	2.6792786584
2228	2.6762709030
2229	2.6718017314
2230	2.6678464410
2231	2.6661107544
2232	2.6670703392
2233	2.6695984567
2234	2.6711198587
2235	2.6716251201
2236	2.6722968093
2237	2.6734616948
2238	2.6745796486
2239	2.6763977288
2240	2.6796614844
2241	2.6826459745
2242	2.6849098292
2243	2.6869638526
2244	2.6883276056
2245	2.6881288126
2246	2.6869418694
2247	2.6862325975
2248	2.6859264320
2249	2.6851053511
2250	2.6838875420
2251	2.6831968951
2252	2.6834288294
2253	2.6845733457
2254	2.6852191809
2255	2.6847013903
2256	2.6841854089
2257	2.6841219126
2258	2.6851143950
2259	2.6873847348
2260	2.6902626221
2261	2.6935329604
2262	2.6971009079
2263	2.7002785571
2264	2.7020182360
2265	2.7023257763
2266	2.7016851741
2267	2.7002648483
2268	2.6985520543
2269	2.6958443031
2270	2.6917433777
2271	2.6869579988
2272	2.6821502495
2273	2.6787669297
2274	2.6768442609
2275	2.6753934092
2276	2.6736741690
2277	2.6716373689
2278	2.6702131451
2279	2.6689861687
2280	2.6679429173
2281	2.6688334689
2282	2.6721665481
2283	2.6769769769
2284	2.6825886700
2285	2.6881515783
2286	2.6934509434
2287	2.6979272857
2288	2.7000765028
2289	2.7003629322
2290	2.6991791726
2291	2.6966709932
2292	2.6943309227
2293	2.6917742472
2294	2.6868386490
2295	2.6801162973
2296	2.6742502600
2297	2.6699195217
2298	2.6666440994
2299	2.6639368873
2300	2.6620454249
2301	2.6619372950
2302	2.6640063751
2303	2.6678191633
2304	2.6723961351
2305	2.6773886089
2306	2.6817575361
2307	2.6843435719
2308	2.6858236183
2309	2.6867548703
2310	2.6866079235
2311	2.6849147367
2312	2.6824338011
2313	2.6791070562
2314	2.6743881256
2315	2.6695064222
2316	2.6653710047
2317	2.6621143132
2318	2.6594242015
2319	2.6581468756
2320	2.6592584396
2321	2.6622989311
2322	2.6673483659
2323	2.6731203775
2324	2.6783762774
2325	2.6824933657
2326	2.6837554954
2327	2.6809240903
2328	2.6741711120
2329	2.6660606871
2330	2.6585871818
2331	2.6515316090
2332	2.6453364407
2333	2.6410525540
2334	2.6393389858
2335	2.6395658616
2336	2.6401858330
2337	2.6411011208
2338	2.6417483051
2339	2.6414297183
2340	2.6407158316
2341	2.6398767658
2342	2.6408445593
2343	2.6452379563
2344	2.6521830410
2345	2.6604690966
2346	2.6672300614
2347	2.6694115756
2348	2.6677542098
2349	2.6629818349
2350	2.6554373237
2351	2.6470004194
2352	2.6386105955
2353	2.6319808436
2354	2.6282740185
2355	2.6263034122
2356	2.6258235962
2357	2.6289726934
2358	2.6354974592
2359	2.6438325860
2360	2.6551464385
2361	2.6683182978
2362	2.6797184381
2363	2.6863006858
2364	2.6872605588
2365	2.6834731535
2366	2.6767126541
2367	2.6691616066
2368	2.6612209498
2369	2.6526304555
2370	2.6439204201
2371	2.6361448227
2372	2.6288725744
2373	2.6226983864
2374	2.6197563967
2375	2.6209508152
2376	2.6258089883
2377	2.6324701961
2378	2.6407130286
2379	2.6498795274
2380	2.6581209478
2381	2.6651328457
2382	2.6697604822
2383	2.6708367423
2384	2.6687302988
2385	2.6635459339
2386	2.6559018973
2387	2.6485090305
2388	2.6436906412
2389	2.6414526336
2390	2.6411383190
2391	2.6423782562
2392	2.6449392042
2393	2.6485958801
2394	2.6522095263
2395	2.6547259803
2396	2.6569682344
2397	2.6595835220
2398	2.6610781919
2399	2.6599019336
2400	2.6557202748
2401	2.6488879656
2402	2.6406708222
2403	2.6325280853
2404	2.6255865883
2405	2.6197986210
2406	2.6163348248
2407	2.6173978008
2408	2.6220602990
2409	2.6292403353
2410	2.6379136387
2411	2.6471950685
2412	2.6560514460
2413	2.6617910918
2414	2.6647090512
2415	2.6665688204
2416	2.6668195970
2417	2.6636653454
2418	2.6572517686
2419	2.6485966328
2420	2.6376866979
2421	2.6269951882
2422	2.6196584270
2423	2.6157437493
2424	2.6133646103
2425	2.6112589053
2426	2.6108204117
2427	2.6140889582
2428	2.6201200927
2429	2.6265790903
2430	2.6313032911
2431	2.6331960594
2432	2.6335598984
2433	2.6332281340
2434	2.6328711969
2435	2.6327385890
2436	2.6315667188
2437	2.6289368869
2438	2.6248578309
2439	2.6210951253
2440	2.6189611089
2441	2.6169595238
2442	2.6145664879
2443	2.6111845673
2444	2.6074442012
2445	2.6064269955
2446	2.6086457510
2447	2.6129913257
2448	2.6205654321
2449	2.6305509132
2450	2.6400258500
2451	2.6484889045
2452	2.6541555271
2453	2.6561677868
2454	2.6565357389
2455	2.6557366513
2456	2.6534120090
2457	2.6497626530
2458	2.6455166720
2459	2.6405363099
2460	2.6363762790
2461	2.6352188285
2462	2.6353533208
2463	2.6340030464
2464	2.6313238521
2465	2.6295015096
2466	2.6280705690
2467	2.6251295866
2468	2.6208995620
2469	2.6169723284
2470	2.6154660219
2471	2.6168850763
2472	2.6203762592
2473	2.6259853696
2474	2.6336011097
2475	2.6425397200
2476	2.6505641830
2477	2.6559098886
2478	2.6585862893
2479	2.6582556914
2480	2.6555885732
2481	2.6505984181
2482	2.6440045275
2483	2.6375242304
2484	2.6308872927
2485	2.6233150280
2486	2.6147652334
2487	2.6068322181
2488	2.6013445135
2489	2.5999206023
2490	2.6043744797
2491	2.6144286639
2492	2.6262795405
2493	2.6367481829
2494	2.6452469092
2495	2.6520218168
2496	2.6569630736
2497	2.6595425086
2498	2.6608889528
2499	2.6608351429
2500	2.6596059223
2501	2.6579492857
2502	2.6549504028
2503	2.6513137778
2504	2.6485204418
2505	2.6487998393
2506	2.6518228557
2507	2.6543331948
2508	2.6549350696
2509	2.6528227636
2510	2.6475184517
2511	2.6412586996
2512	2.6351437048
2513	2.6280964562
2514	2.6228805578
2515	2.6218128919
2516	2.6241113923
2517	2.6300135948
2518	2.6386633050
2519	2.6481307416
2520	2.6572861915
2521	2.6644167067
2522	2.6678690330
2523	2.6684902304
2524	2.6681681817
2525	2.6674720418
2526	2.6660838562
2527	2.6642138366
2528	2.6631338722
2529	2.6626146944
2530	2.6612254324
2531	2.6600016609
2532	2.6604273435
2533	2.6624324320
2534	2.6655825572
2535	2.6699297647
2536	2.6760031272
2537	2.6829199560
2538	2.6895737130
2539	2.6950279292
2540	2.6977225256
2541	2.6966958544
2542	2.6919457386
2543	2.6847525404
2544	2.6761463321
2545	2.6667798216
2546	2.6592153799
2547	2.6559210733
2548	2.6553320154
2549	2.6554978871
2550	2.6569068939
2551	2.6599468490
2552	2.6653173379
2553	2.6728623456
2554	2.6810391437
2555	2.6882285641
2556	2.6936512405
2557	2.6971205027
2558	2.6982670346
2559	2.6975072252
2560	2.6949032177
2561	2.6903105948
2562	2.6838817419
2563	2.6767137880
2564	2.6709795495
2565	2.6670654120
2566	2.6645093186
2567	2.6634344938
2568	2.6642572128
2569	2.6672274105
2570	2.6718627850
2571	2.6778676119
2572	2.6841254459
2573	2.6890485596
2574	2.6928231403
2575	2.6963493928
2576	2.6999076610
2577	2.7027764865
2578	2.7035194624
2579	2.7019076255
2580	2.6985422201
2581	2.6932163484
2582	2.6862077737
2583	2.6792707304
2584	2.6745673687
2585	2.6728773767
2586	2.6738622601
2587	2.6768615967
2588	2.6809576967
2589	2.6856269965
2590	2.6899757290
2591	2.6938901520
2592	2.6974387385
2593	2.6998939364
2594	2.7013496220
2595	2.7020721288
2596	2.7026254364
2597	2.7032196444
2598	2.7035884662
2599	2.7038527273
2600	2.7040541637
2601	2.7042856638
2602	2.7044476545
2603	2.7040655795
2604	2.7031177309
2605	2.7023907303
2606	2.7023076814
2607	2.7024408669
2608	2.7023730795
2609	2.7023107706
2610	2.7023509182
2611	2.7026172784
2612	2.7032758762
2613	2.7029438530
2614	2.7009444675
2615	2.6981892136
2616	2.6939447565
2617	2.6885059817
2618	2.6840812983
2619	2.6811823798
2620	2.6799448179
2621	2.6805988461
2622	2.6831428889
2623	2.6873274988
2624	2.6923970001
2625	2.6974980232
2626	2.7017380973
2627	2.7044652983
2628	2.7050439576
2629	2.7040500986
2630	2.7023831177
2631	2.7001600480
2632	2.6969768917
2633	2.6927219348
2634	2.6885755925
2635	2.6857176398
2636	2.6849044489
2637	2.6855948015
2638	2.6865997745
2639	2.6878630468
2640	2.6897784260
2641	2.6920613122
2642	2.6942343533
2643	2.6961622463
2644	2.6975541203
2645	2.6981861422
2646	2.6983172682
2647	2.6983330944
2648	2.6978786234
2649	2.6973439629
2650	2.6971624048
2651	2.6966385847
2652	2.6955767635
2653	2.6942420289
2654	2.6931184847
2655	2.6917717590
2656	2.6898907799
2657	2.6880550240
2658	2.6863732644
2659	2.6851115728
2660	2.6846384308
2661	2.6854157930
2662	2.6876493387
2663	2.6909010889
2664	2.6946055002
2665	2.6977608672
2666	2.6995284579
2667	2.6997474337
2668	2.6986937634
2669	2.6968477945
2670	2.6937664973
2671	2.6892042191
2672	2.6842726032
2673	2.6796642883
2674	2.6753513036
2675	2.6718458595
2676	2.6700341066
2677	2.6698351488
2678	2.6704830521
2679	2.6723989901
2680	2.6759516089
2681	2.6797985408
2682	2.6840057163
2683	2.6892342671
2684	2.6942177757
2685	2.6980800893
2686	2.7006061889
2687	2.7021155207
2688	2.7030630091
2689	2.7029823376
2690	2.7016612026
2691	2.6998099939
2692	2.6978499247
2693	2.6956295168
2694	2.6931391680
2695	2.6906341476
2696	2.6891027045
2697	2.6886929023
2698	2.6887551509
2699	2.6894161911
2700	2.6904143559
2701	2.6910935868
2702	2.6913198599
2703	2.6919243101
2704	2.6938107393
2705	2.6966580580
2706	2.6996425456
2707	2.7022535617
2708	2.7036836508
2709	2.7033852538
2710	2.7021175228
2711	2.7006264206
2712	2.6993377224
2713	2.6986427114
2714	2.6982957361
2715	2.6971720676
2716	2.6943815502
2717	2.6905709239
2718	2.6866522172
2719	2.6840395980
2720	2.6838362667
2721	2.6855560084
2722	2.6891424101
2723	2.6941974415
2724	2.6995343923
2725	2.7043064353
2726	2.7078129191
2727	2.7096784093
2728	2.7100338537
2729	2.7088741766
2730	2.7061117355
2731	2.7026037769
2732	2.6992914509
2733	2.6965405937
2734	2.6946212811
2735	2.6938912113
2736	2.6947853280
2737	2.6969565306
2738	2.6991793759
2739	2.7013827559
2740	2.7041810617
2741	2.7069231188
2742	2.7086198337
2743	2.7085478228
2744	2.7070405046
2745	2.7046548766
2746	2.7015935086
2747	2.6981065209
2748	2.6940545777
2749	2.6898540307
2750	2.6852217648
2751	2.6800724178
2752	2.6753210682
2753	2.6716122847
2754	2.6701214999
2755	2.6711069146
2756	2.6733666949
2757	2.6761256668
2758	2.6800127351
2759	2.6861367820
2760	2.6937985691
2761	2.7006643295
2762	2.7046384776
2763	2.7053761987
2764	2.7039797914
2765	2.7015266979
2766	2.6997069176
2767	2.6988167044
2768	2.6975198732
2769	2.6956590335
2770	2.6936036090
2771	2.6914371765
2772	2.6889107975
2773	2.6861150331
2774	2.6827547158
2775	2.6788959523
2776	2.6761393998
2777	2.6760604686
2778	2.6781222516
2779	2.6812316031
2780	2.6851751538
2781	2.6883568394
2782	2.6905739488
2783	2.6920987362
2784	2.6924046604
2785	2.6918921266
2786	2.6910505120
2787	2.6898924651
2788	2.6877113986
2789	2.6855646177
2790	2.6833130049
2791	2.6799061281
2792	2.6773070343
2793	2.6762265548
2794	2.6751428991
2795	2.6733017856
2796	2.6705128597
2797	2.6682776456
2798	2.6685264384
2799	2.6699216832
2800	2.6714892301
2801	2.6733545194
2802	2.6752583319
2803	2.6780905190
2804	2.6817488794
2805	2.6849857157
2806	2.6882812804
2807	2.6921070528
2808	2.6947460016
2809	2.6955716584
2810	2.6945894098
2811	2.6903968323
2812	2.6824467117
2813	2.6731050230
2814	2.6652165483
2815	2.6582258252
2816	2.6522262048
2817	2.6494556335
2818	2.6500904012
2819	2.6527623783
2820	2.6558710039
2821	2.6591536012
2822	2.6626898531
2823	2.6650974398
2824	2.6654453138
2825	2.6635411125
2826	2.6608518089
2827	2.6585764583
2828	2.6565618412
2829	2.6541514630
2830	2.6493701934
2831	2.6434907499
2832	2.6396729168
2833	2.6386280753
2834	2.6399247112
2835	2.6437823084
2836	2.6509255388
2837	2.6598239943
2838	2.6680423571
2839	2.6742278538
2840	2.6771940009
2841	2.6762585784
2842	2.6723435633
2843	2.6665888757
2844	2.6593649950
2845	2.6499019160
2846	2.6370700393
2847	2.6231727825
2848	2.6131267860
2849	2.6097900230
2850	2.6113106372
2851	2.6163651077
2852	2.6249729939
2853	2.6344248015
2854	2.6430323944
2855	2.6495605190
2856	2.6532151969
2857	2.6551494637
2858	2.6565615167
2859	2.6574702055
2860	2.6568874494
2861	2.6560159505
2862	2.6555694328
2863	2.6540368844
2864	2.6511686907
2865	2.6468974158
2866	2.6409589406
2867	2.6347618917
2868	2.6299369269
2869	2.6274325336
2870	2.6279656752
2871	2.6306866095
2872	2.6355752236
2873	2.6422052818
2874	2.6482333065
2875	2.6544799210
2876	2.6611978594
2877	2.6661278812
2878	2.6685204897
2879	2.6677026057
2880	2.6628658998
2881	2.6548187401
2882	2.6443703612
2883	2.6324109746
2884	2.6215023432
2885	2.6131870327
2886	2.6076112566
2887	2.6025067550
2888	2.5962968681
2889	2.5917085780
2890	2.5904873789
2891	2.5924525100
2892	2.5955089542
2893	2.5980244325
2894	2.6021159080
2895	2.6093211467
2896	2.6190042189
2897	2.6307021118
2898	2.6428362933
2899	2.6526307163
2900	2.6584701424
2901	2.6599163429
2902	2.6563183027
2903	2.6475545979
2904	2.6354709813
2905	2.6207144397
2906	2.6047004448
2907	2.5903036406
2908	2.5783359922
2909	2.5692552694
2910	2.5622462854
2911	2.5571535307
2912	2.5566104616
2913	2.5624186598
2914	2.5746434279
2915	2.5921941751
2916	2.6117340944
2917	2.6296752290
2918	2.6451869367
2919	2.6571418904
2920	2.6626192885
2921	2.6613315143
2922	2.6553460271
2923	2.6468605732
2924	2.6362570928
2925	2.6233594992
2926	2.6122220625
2927	2.6055400772
2928	2.6038083319
2929	2.6075709517
2930	2.6154049348
2931	2.6245172195
2932	2.6315503227
2933	2.6365979232
2934	2.6402494970
2935	2.6422212216
2936	2.6429700259
2937	2.6436925591
2938	2.6460308262
2939	2.6486025752
2940	2.6486708563
2941	2.6447594245
2942	2.6378334565
2943	2.6291361040
2944	2.6195942111
2945	2.6107010692
2946	2.6037997270
2947	2.5986463995
2948	2.5940236633
2949	2.5924252122
2950	2.5960658013
2951	2.6033438003
2952	2.6118369557
2953	2.6209082414
2954	2.6305419741
2955	2.6403532766
2956	2.6496819469
2957	2.6559565408
2958	2.6583615077
2959	2.6565622086
2960	2.6485718273
2961	2.6352742280
2962	2.6205290557
2963	2.6076870096
2964	2.5977133496
2965	2.5907638713
2966	2.5874400182
2967	2.5883741291
2968	2.5955284771
2969	2.6083341154
2970	2.6214198149
2971	2.6325216073
2972	2.6416846362
2973	2.6478434210
2974	2.6522224074
2975	2.6566457580
2976	2.6601619270
2977	2.6604282335
2978	2.6582341855
2979	2.6558066039
2980	2.6531539979
2981	2.6503269123
2982	2.6477380449
2983	2.6458871857
2984	2.6449005837
2985	2.6442839993
2986	2.6449432810
2987	2.6456068667
2988	2.6449466406
2989	2.6449575102
2990	2.6446173078
2991	2.6416891801
2992	2.6373515133
2993	2.6328033451
2994	2.6281208111
2995	2.6244464592
2996	2.6212955080
2997	2.6193258609
2998	2.6209088212
2999	2.6248905042
