0	2.5912592505
1	2.5927848558
2	2.5958389062
3	2.5994903615
4	2.6037013735
5	2.6080799557
6	2.6126627800
7	2.6171402992
8	2.6215782800
9	2.6257324020
10	2.6296640477
11	2.6332053067
12	2.6363951259
13	2.6391448878
14	2.6414681994
15	2.6433463573
16	2.6447746378
17	2.6457874810
18	2.6463717701
19	2.6465972093
20	2.6464499294
21	2.6460197960
22	2.6452958978
23	2.6443764017
24	2.6432546392
25	2.6420267321
26	2.6406917350
27	2.6393331759
28	2.6379590311
29	2.6366295281
30	2.6353657694
31	2.6341959766
32	2.6331571106
33	2.6322419120
34	2.6315017920
35	2.6308979820
36	2.6304888895
37	2.6302142217
38	2.6301252962
39	2.6301534754
40	2.6303294559
41	2.6305961455
42	2.6309605889
43	2.6313932605
44	2.6318684284
45	2.6323768710
46	2.6328584072
47	2.6333319102
48	2.6337285906
49	2.6340850474
50	2.6343200367
51	2.6344691796
52	2.6344711411
53	2.6343623725
54	2.6340987045
55	2.6336922025
56	2.6331372636
57	2.6324347225
58	2.6316028437
59	2.6306131930
60	2.6295229767
61	2.6283035982
62	2.6270252433
63	2.6256433635
64	2.6242213852
65	2.6227055075
66	2.6211609332
67	2.6196124913
68	2.6181352552
69	2.6167144690
70	2.6153052836
71	2.6139200025
72	2.6125540741
73	2.6112926934
74	2.6100933244
75	2.6090211390
76	2.6080324943
77	2.6072036630
78	2.6064382537
79	2.6057369604
80	2.6050814497
81	2.6045019593
82	2.6039611594
83	2.6034329715
84	2.6029851895
85	2.6025586993
86	2.6021592533
87	2.6017087020
88	2.6012761618
89	2.6007458921
90	2.6001370830
91	2.5994096907
92	2.5986107702
93	2.5976849517
94	2.5966498073
95	2.5955628121
96	2.5943816884
97	2.5931291595
98	2.5917896014
99	2.5904239411
100	2.5889080324
101	2.5873346138
102	2.5856461691
103	2.5838468691
104	2.5819020336
105	2.5798899543
106	2.5777721530
107	2.5755683765
108	2.5733757446
109	2.5711561130
110	2.5689814029
111	2.5668614198
112	2.5648800095
113	2.5629492267
114	2.5611929234
115	2.5595370440
116	2.5579973685
117	2.5565632508
118	2.5552462594
119	2.5539774094
120	2.5527345748
121	2.5515299093
122	2.5502568715
123	2.5490695539
124	2.5479791604
125	2.5470172515
126	2.5459923660
127	2.5447800265
128	2.5432425231
129	2.5417988845
130	2.5409230293
131	2.5407122327
132	2.5407143634
133	2.5400905818
134	2.5385512678
135	2.5366479992
136	2.5353083378
137	2.5346821594
138	2.5344643522
139	2.5340854530
140	2.5335426465
141	2.5328587142
142	2.5316638664
143	2.5295460644
144	2.5267912230
145	2.5240811961
146	2.5217001149
147	2.5195900199
148	2.5176043924
149	2.5161401070
150	2.5151104897
151	2.5139870938
152	2.5123709687
153	2.5105228897
154	2.5085066005
155	2.5061633338
156	2.5035172654
157	2.5010564516
158	2.4992429968
159	2.4978322008
160	2.4968825107
161	2.4966827087
162	2.4972192864
163	2.4979038389
164	2.4986033714
165	2.4992729792
166	2.4996963005
167	2.4994144774
168	2.4984857576
169	2.4972831112
170	2.4956100013
171	2.4934664524
172	2.4912830310
173	2.4893825824
174	2.4875816993
175	2.4861588604
176	2.4853675536
177	2.4852053095
178	2.4853347065
179	2.4858798785
180	2.4869095633
181	2.4879120140
182	2.4887363195
183	2.4894769667
184	2.4898933464
185	2.4896407774
186	2.4890012737
187	2.4879703843
188	2.4864734815
189	2.4845542818
190	2.4825826439
191	2.4804662869
192	2.4782026381
193	2.4764047288
194	2.4752666023
195	2.4745503309
196	2.4741254285
197	2.4738803011
198	2.4735613713
199	2.4738261039
200	2.4752130308
201	2.4773642425
202	2.4791134560
203	2.4797998871
204	2.4794444653
205	2.4787222253
206	2.4786693056
207	2.4791293555
208	2.4790451825
209	2.4780172143
210	2.4764131809
211	2.4741599614
212	2.4713807098
213	2.4682560613
214	2.4653560403
215	2.4634152100
216	2.4627320847
217	2.4626147136
218	2.4624508716
219	2.4626681177
220	2.4632893631
221	2.4638914832
222	2.4645778748
223	2.4659693657
224	2.4683078206
225	2.4717180336
226	2.4756413304
227	2.4797346789
228	2.4840326515
229	2.4880350869
230	2.4909118899
231	2.4926189717
232	2.4937034217
233	2.4939839843
234	2.4934577919
235	2.4925491451
236	2.4915671383
237	2.4904114937
238	2.4889242319
239	2.4867919950
240	2.4842513413
241	2.4811679101
242	2.4770389555
243	2.4722830956
244	2.4674783066
245	2.4626590339
246	2.4579469278
247	2.4541878711
248	2.4516120467
249	2.4501284912
250	2.4497949702
251	2.4506936615
252	2.4526161812
253	2.4552271068
254	2.4581082856
255	2.4613623118
256	2.4649718847
257	2.4683696895
258	2.4719279396
259	2.4759412438
260	2.4801451908
261	2.4845006839
262	2.4894386468
263	2.4947447699
264	2.5000683126
265	2.5053418251
266	2.5103555358
267	2.5147409874
268	2.5181714154
269	2.5205139624
270	2.5216906810
271	2.5214737336
272	2.5197479833
273	2.5171850108
274	2.5137736955
275	2.5095292075
276	2.5050356260
277	2.5004748410
278	2.4957630030
279	2.4912768552
280	2.4872069400
281	2.4832876792
282	2.4796399307
283	2.4763612545
284	2.4733405648
285	2.4703183525
286	2.4673353109
287	2.4644968072
288	2.4618283628
289	2.4591692247
290	2.4569925741
291	2.4555008250
292	2.4545364419
293	2.4546846054
294	2.4560066655
295	2.4582822978
296	2.4617486624
297	2.4664700567
298	2.4719136052
299	2.4780332615
300	2.4847781594
301	2.4917857730
302	2.4987428293
303	2.5055424000
304	2.5120277273
305	2.5179174672
306	2.5230914644
307	2.5275682948
308	2.5313018893
309	2.5341232981
310	2.5364027611
311	2.5380127204
312	2.5389932790
313	2.5397855905
314	2.5402591521
315	2.5403414356
316	2.5403812172
317	2.5403369489
318	2.5400924589
319	2.5398415889
320	2.5393305784
321	2.5382074416
322	2.5363473406
323	2.5339854452
324	2.5313276561
325	2.5284925610
326	2.5251288369
327	2.5206708323
328	2.5148720481
329	2.5085932991
330	2.5030796584
331	2.4987480793
332	2.4953881024
333	2.4916248872
334	2.4867614009
335	2.4820454958
336	2.4790133541
337	2.4782092550
338	2.4792918751
339	2.4809583273
340	2.4824865803
341	2.4842793057
342	2.4865385812
343	2.4889724586
344	2.4914494835
345	2.4945173772
346	2.4986612791
347	2.5036490460
348	2.5082801310
349	2.5116967295
350	2.5139823654
351	2.5159267698
352	2.5176834271
353	2.5190340657
354	2.5205717089
355	2.5226954516
356	2.5254466725
357	2.5282976809
358	2.5303416631
359	2.5316780989
360	2.5330645376
361	2.5343130951
362	2.5353615958
363	2.5367388809
364	2.5389942053
365	2.5421066127
366	2.5453656271
367	2.5481913179
368	2.5505857347
369	2.5525235608
370	2.5534358086
371	2.5532492257
372	2.5525384514
373	2.5519342742
374	2.5512748382
375	2.5504666135
376	2.5497314868
377	2.5491017981
378	2.5483410766
379	2.5467945791
380	2.5445512110
381	2.5422782410
382	2.5398442678
383	2.5371933962
384	2.5351544306
385	2.5341494370
386	2.5342402661
387	2.5352080456
388	2.5370011122
389	2.5397095014
390	2.5428376540
391	2.5457126999
392	2.5484002752
393	2.5511619502
394	2.5536463515
395	2.5557007503
396	2.5576151255
397	2.5597846156
398	2.5619949212
399	2.5641054840
400	2.5661755031
401	2.5680424656
402	2.5691966143
403	2.5691343789
404	2.5682160501
405	2.5666453775
406	2.5639925912
407	2.5605771284
408	2.5570620650
409	2.5534636709
410	2.5500269824
411	2.5470733924
412	2.5450092176
413	2.5438659699
414	2.5432736749
415	2.5432717805
416	2.5438820222
417	2.5445157082
418	2.5448588692
419	2.5452566467
420	2.5456582693
421	2.5459070373
422	2.5461471534
423	2.5468356283
424	2.5479088829
425	2.5491620384
426	2.5507860646
427	2.5528866275
428	2.5552071615
429	2.5573697714
430	2.5595546910
431	2.5616841022
432	2.5631377843
433	2.5639735622
434	2.5644541963
435	2.5642231584
436	2.5634505078
437	2.5624949985
438	2.5616219988
439	2.5609752071
440	2.5606643097
441	2.5611193687
442	2.5623538145
443	2.5640346408
444	2.5662367531
445	2.5689943823
446	2.5717381758
447	2.5743664301
448	2.5769992351
449	2.5794722914
450	2.5814888062
451	2.5831007547
452	2.5844317313
453	2.5853013209
454	2.5859102773
455	2.5866083918
456	2.5873928143
457	2.5879319958
458	2.5882550626
459	2.5886343548
460	2.5890658056
461	2.5897413306
462	2.5908570498
463	2.5916819150
464	2.5917739954
465	2.5913389090
466	2.5905782533
467	2.5897483404
468	2.5888907584
469	2.5880009214
470	2.5869184110
471	2.5857024076
472	2.5848817789
473	2.5847299122
474	2.5850174321
475	2.5860172542
476	2.5879801989
477	2.5906586041
478	2.5938415254
479	2.5972628509
480	2.6006404298
481	2.6038507244
482	2.6071092019
483	2.6102824018
484	2.6130098345
485	2.6152900463
486	2.6172008867
487	2.6185103689
488	2.6190222055
489	2.6188682035
490	2.6181892647
491	2.6171137383
492	2.6160369341
493	2.6149444493
494	2.6136707298
495	2.6126027091
496	2.6116932144
497	2.6106870227
498	2.6095780898
499	2.6085324540
500	2.6076249212
501	2.6067511246
502	2.6059032224
503	2.6051073588
504	2.6042465229
505	2.6033922837
506	2.6025327724
507	2.6014160318
508	2.6003886147
509	2.5997095484
510	2.5993030579
511	2.5992905605
512	2.5999747665
513	2.6013574387
514	2.6032441326
515	2.6055833572
516	2.6082094173
517	2.6109918153
518	2.6138905408
519	2.6166496687
520	2.6189957110
521	2.6209765441
522	2.6226164492
523	2.6237380536
524	2.6243736761
525	2.6246993732
526	2.6241853439
527	2.6225361474
528	2.6200221289
529	2.6168755882
530	2.6135115808
531	2.6100151798
532	2.6060945513
533	2.6016960916
534	2.5972056353
535	2.5931290985
536	2.5898765635
537	2.5875567652
538	2.5859576617
539	2.5844731779
540	2.5831473020
541	2.5825176951
542	2.5824736111
543	2.5829113599
544	2.5838882103
545	2.5854021457
546	2.5873777216
547	2.5895485795
548	2.5913874639
549	2.5927983651
550	2.5941600522
551	2.5955728298
552	2.5969780744
553	2.5984050262
554	2.5996163476
555	2.6005176561
556	2.6013556372
557	2.6021441681
558	2.6026977787
559	2.6032217809
560	2.6042030539
561	2.6054438399
562	2.6066578103
563	2.6075005441
564	2.6076520516
565	2.6072648420
566	2.6061599990
567	2.6040392972
568	2.6013041437
569	2.5983865756
570	2.5952443075
571	2.5918226000
572	2.5881410309
573	2.5842696554
574	2.5800796482
575	2.5757557596
576	2.5713201626
577	2.5667977306
578	2.5627548617
579	2.5592960246
580	2.5563127268
581	2.5538764034
582	2.5520013332
583	2.5507270056
584	2.5500875925
585	2.5498430616
586	2.5501706319
587	2.5516734057
588	2.5543013569
589	2.5576728528
590	2.5619989043
591	2.5672109476
592	2.5727448708
593	2.5782028664
594	2.5833586212
595	2.5880609382
596	2.5921319057
597	2.5955306893
598	2.5981551322
599	2.6003191690
600	2.6021473534
601	2.6033225488
602	2.6039703604
603	2.6041215316
604	2.6035525713
605	2.6023626465
606	2.6004569234
607	2.5978008779
608	2.5949001018
609	2.5918843134
610	2.5888038046
611	2.5858971674
612	2.5834574156
613	2.5812826281
614	2.5791274690
615	2.5772018853
616	2.5753820944
617	2.5735243873
618	2.5716378950
619	2.5698626481
620	2.5684480317
621	2.5672612796
622	2.5660974840
623	2.5652928681
624	2.5648293918
625	2.5642409503
626	2.5635554733
627	2.5629291626
628	2.5621101749
629	2.5611464637
630	2.5601409354
631	2.5591182297
632	2.5584504228
633	2.5582272366
634	2.5585108553
635	2.5595270102
636	2.5614093513
637	2.5638727963
638	2.5667539979
639	2.5700005651
640	2.5732447457
641	2.5763559060
642	2.5792521207
643	2.5818085899
644	2.5842205677
645	2.5863795478
646	2.5882042097
647	2.5903515292
648	2.5927637667
649	2.5951590042
650	2.5975794966
651	2.5997887254
652	2.6014645102
653	2.6026389742
654	2.6037487415
655	2.6047118667
656	2.6050831787
657	2.6045042834
658	2.6030382706
659	2.6012541266
660	2.5996471231
661	2.5983740290
662	2.5970919022
663	2.5949365810
664	2.5917359684
665	2.5882896276
666	2.5852815076
667	2.5829254064
668	2.5809214791
669	2.5786050830
670	2.5759629797
671	2.5736046215
672	2.5717871278
673	2.5708265952
674	2.5707127765
675	2.5712896589
676	2.5727762364
677	2.5750012456
678	2.5771466720
679	2.5786278072
680	2.5796531154
681	2.5806346544
682	2.5817267616
683	2.5826019707
684	2.5828233673
685	2.5823274258
686	2.5811946419
687	2.5795359325
688	2.5777796932
689	2.5757936394
690	2.5739257060
691	2.5731636779
692	2.5731636819
693	2.5732365369
694	2.5731298549
695	2.5728937193
696	2.5725888708
697	2.5721879143
698	2.5716776287
699	2.5712059750
700	2.5711716766
701	2.5716911507
702	2.5724431407
703	2.5730598479
704	2.5735131661
705	2.5741897503
706	2.5751979467
707	2.5762096035
708	2.5774173025
709	2.5791298146
710	2.5811859205
711	2.5831457743
712	2.5845178256
713	2.5851626822
714	2.5854030850
715	2.5851564572
716	2.5844027281
717	2.5836589577
718	2.5831267093
719	2.5830601118
720	2.5834001634
721	2.5836414497
722	2.5838016014
723	2.5841251816
724	2.5842569250
725	2.5838246277
726	2.5830498889
727	2.5824409526
728	2.5820537686
729	2.5816617326
730	2.5813150779
731	2.5811536907
732	2.5809146023
733	2.5802122734
734	2.5794158814
735	2.5786553494
736	2.5782466449
737	2.5784752531
738	2.5788952486
739	2.5797396338
740	2.5813193593
741	2.5832038387
742	2.5849303485
743	2.5864375478
744	2.5876781571
745	2.5884345409
746	2.5884582063
747	2.5878536144
748	2.5870152577
749	2.5860910816
750	2.5849953100
751	2.5838678066
752	2.5828134093
753	2.5816774516
754	2.5802262007
755	2.5782915384
756	2.5761692179
757	2.5741261703
758	2.5720648510
759	2.5700907611
760	2.5686236653
761	2.5676889907
762	2.5670350223
763	2.5662772879
764	2.5654071097
765	2.5646760270
766	2.5634961248
767	2.5617105854
768	2.5599435961
769	2.5582181609
770	2.5564691418
771	2.5550820476
772	2.5543476782
773	2.5545072035
774	2.5555117335
775	2.5572467297
776	2.5596545916
777	2.5626548954
778	2.5659293314
779	2.5690664263
780	2.5720254358
781	2.5746801147
782	2.5769096405
783	2.5784791768
784	2.5799408324
785	2.5817774575
786	2.5833696826
787	2.5846429686
788	2.5856838717
789	2.5862105590
790	2.5862896504
791	2.5860810367
792	2.5856311897
793	2.5849259186
794	2.5836313345
795	2.5819055989
796	2.5804227007
797	2.5794610985
798	2.5788475755
799	2.5783907503
800	2.5779643191
801	2.5774417551
802	2.5767170372
803	2.5758391202
804	2.5750735819
805	2.5743112989
806	2.5734414139
807	2.5728486543
808	2.5728103221
809	2.5730547608
810	2.5735132094
811	2.5745802166
812	2.5765740026
813	2.5793781081
814	2.5826880371
815	2.5865178197
816	2.5905078390
817	2.5942007330
818	2.5976696483
819	2.6006847617
820	2.6029982432
821	2.6047597762
822	2.6059457821
823	2.6067465404
824	2.6071084068
825	2.6067813147
826	2.6060339059
827	2.6052031352
828	2.6042303849
829	2.6029396463
830	2.6015877566
831	2.6001813314
832	2.5985785300
833	2.5967595824
834	2.5949253892
835	2.5932088773
836	2.5916145275
837	2.5906898415
838	2.5905186834
839	2.5907976930
840	2.5916738386
841	2.5931335214
842	2.5949619276
843	2.5969026139
844	2.5985075100
845	2.5998578873
846	2.6010327636
847	2.6017582616
848	2.6022356834
849	2.6027490035
850	2.6032071202
851	2.6034426823
852	2.6034739802
853	2.6034546185
854	2.6036332277
855	2.6041892404
856	2.6052209648
857	2.6064040033
858	2.6073454342
859	2.6083043521
860	2.6096422995
861	2.6112484238
862	2.6128697872
863	2.6143173365
864	2.6151918638
865	2.6153764506
866	2.6152941012
867	2.6154636049
868	2.6159231926
869	2.6162878344
870	2.6164339742
871	2.6163709841
872	2.6161813653
873	2.6160692892
874	2.6158542131
875	2.6155458820
876	2.6152507108
877	2.6148433077
878	2.6143729742
879	2.6134502535
880	2.6118592508
881	2.6100617473
882	2.6084281787
883	2.6068803274
884	2.6054581754
885	2.6042900685
886	2.6031836759
887	2.6021915125
888	2.6015234546
889	2.6012676461
890	2.6012614571
891	2.6015176348
892	2.6022626842
893	2.6032597688
894	2.6041491227
895	2.6047927495
896	2.6051177536
897	2.6053862402
898	2.6058376412
899	2.6064900637
900	2.6075347569
901	2.6089618919
902	2.6108863450
903	2.6133355883
904	2.6158273161
905	2.6182291192
906	2.6208462384
907	2.6236717371
908	2.6265128051
909	2.6293396919
910	2.6321561346
911	2.6348798897
912	2.6372604608
913	2.6392174279
914	2.6406685795
915	2.6415104334
916	2.6418948582
917	2.6418977896
918	2.6414066818
919	2.6404514986
920	2.6391912885
921	2.6375555460
922	2.6354824328
923	2.6330291021
924	2.6302965283
925	2.6275054155
926	2.6248233429
927	2.6223350488
928	2.6199968694
929	2.6178284576
930	2.6159806928
931	2.6142446331
932	2.6124852298
933	2.6107937265
934	2.6093788040
935	2.6084559922
936	2.6078459027
937	2.6077233365
938	2.6083792655
939	2.6095858530
940	2.6111279072
941	2.6130257198
942	2.6151365340
943	2.6173425993
944	2.6196853833
945	2.6219456659
946	2.6240721072
947	2.6262314051
948	2.6283571037
949	2.6302461189
950	2.6318436125
951	2.6332265431
952	2.6343274229
953	2.6349746707
954	2.6352498056
955	2.6352520386
956	2.6350540802
957	2.6348709077
958	2.6347940586
959	2.6349368033
960	2.6353130247
961	2.6359183750
962	2.6367491493
963	2.6375658101
964	2.6383076457
965	2.6390864881
966	2.6397356593
967	2.6401983939
968	2.6406397730
969	2.6410180889
970	2.6412774227
971	2.6413489678
972	2.6412369633
973	2.6409499624
974	2.6404687735
975	2.6398862111
976	2.6392311796
977	2.6385527468
978	2.6379027864
979	2.6372815151
980	2.6368016860
981	2.6366644286
982	2.6367103357
983	2.6365777742
984	2.6362266977
985	2.6357289955
986	2.6351700321
987	2.6346892530
988	2.6343398172
989	2.6340133781
990	2.6334225656
991	2.6326102697
992	2.6319383595
993	2.6316813242
994	2.6318617991
995	2.6320788462
996	2.6319997293
997	2.6315535386
998	2.6309571603
999	2.6304892652
1000	2.6301188078
1001	2.6298285385
1002	2.6296153832
1003	2.6293565507
1004	2.6291936316
1005	2.6293110985
1006	2.6294891325
1007	2.6296986883
1008	2.6301239178
1009	2.6307118039
1010	2.6313600199
1011	2.6318541533
1012	2.6318809023
1013	2.6315632198
1014	2.6312974740
1015	2.6312836158
1016	2.6314426918
1017	2.6317122357
1018	2.6321644599
1019	2.6326407754
1020	2.6330758924
1021	2.6334742379
1022	2.6337348543
1023	2.6339013281
1024	2.6341926395
1025	2.6347736090
1026	2.6354248170
1027	2.6358103041
1028	2.6360002202
1029	2.6361139376
1030	2.6360457797
1031	2.6357860387
1032	2.6352098421
1033	2.6344337430
1034	2.6335676377
1035	2.6323404053
1036	2.6307034658
1037	2.6287916145
1038	2.6268076231
1039	2.6249828713
1040	2.6235676792
1041	2.6226573185
1042	2.6222043121
1043	2.6223215120
1044	2.6230682936
1045	2.6241122673
1046	2.6251392419
1047	2.6262709394
1048	2.6276227589
1049	2.6291787830
1050	2.6309310123
1051	2.6327097475
1052	2.6344717948
1053	2.6361784636
1054	2.6375547193
1055	2.6384579219
1056	2.6389186022
1057	2.6390941473
1058	2.6389157286
1059	2.6382405318
1060	2.6371070598
1061	2.6355664645
1062	2.6337312614
1063	2.6315685922
1064	2.6289791575
1065	2.6260123153
1066	2.6229630280
1067	2.6201606305
1068	2.6176312073
1069	2.6154278048
1070	2.6137764531
1071	2.6125834440
1072	2.6116048038
1073	2.6106354981
1074	2.6094908968
1075	2.6084246323
1076	2.6075981003
1077	2.6067198345
1078	2.6060525642
1079	2.6059941683
1080	2.6062727405
1081	2.6067209769
1082	2.6073751922
1083	2.6082436063
1084	2.6092582442
1085	2.6104044401
1086	2.6116415699
1087	2.6127893783
1088	2.6139456853
1089	2.6152085056
1090	2.6163082607
1091	2.6170538961
1092	2.6175533022
1093	2.6178839304
1094	2.6179887830
1095	2.6176457898
1096	2.6170520731
1097	2.6164911583
1098	2.6160027301
1099	2.6155949741
1100	2.6151840854
1101	2.6150707214
1102	2.6150372714
1103	2.6145982107
1104	2.6138551689
1105	2.6128298540
1106	2.6114925973
1107	2.6099800604
1108	2.6083958516
1109	2.6069280098
1110	2.6058711611
1111	2.6052436122
1112	2.6049197151
1113	2.6049203549
1114	2.6052100365
1115	2.6054830531
1116	2.6055488022
1117	2.6056680209
1118	2.6060932698
1119	2.6068127980
1120	2.6077757724
1121	2.6087434662
1122	2.6098134197
1123	2.6111946832
1124	2.6126233883
1125	2.6141076593
1126	2.6157003066
1127	2.6172225419
1128	2.6183968418
1129	2.6192306013
1130	2.6200263053
1131	2.6207387199
1132	2.6211366932
1133	2.6211366531
1134	2.6208250231
1135	2.6202581179
1136	2.6193959582
1137	2.6182654244
1138	2.6170289570
1139	2.6158679197
1140	2.6149182550
1141	2.6142527840
1142	2.6139538682
1143	2.6140286907
1144	2.6144268322
1145	2.6152218617
1146	2.6162649889
1147	2.6173453891
1148	2.6183601238
1149	2.6187814759
1150	2.6184755599
1151	2.6178401798
1152	2.6166261556
1153	2.6147362726
1154	2.6127238118
1155	2.6109211817
1156	2.6093213868
1157	2.6079248303
1158	2.6068069685
1159	2.6060024143
1160	2.6053629579
1161	2.6048669764
1162	2.6045968246
1163	2.6046178876
1164	2.6049817561
1165	2.6055919372
1166	2.6066784791
1167	2.6081918353
1168	2.6099012623
1169	2.6118186130
1170	2.6139252037
1171	2.6162359084
1172	2.6184251898
1173	2.6203051832
1174	2.6219287539
1175	2.6234101286
1176	2.6248676187
1177	2.6260927538
1178	2.6270856065
1179	2.6280492966
1180	2.6288375667
1181	2.6294713389
1182	2.6301669761
1183	2.6307802501
1184	2.6310408318
1185	2.6307470756
1186	2.6298768095
1187	2.6287263894
1188	2.6275558753
1189	2.6264163768
1190	2.6252803265
1191	2.6238758278
1192	2.6220850903
1193	2.6202604153
1194	2.6189723199
1195	2.6181932153
1196	2.6174731436
1197	2.6168078406
1198	2.6160910663
1199	2.6153462380
1200	2.6147808335
1201	2.6143937195
1202	2.6141840541
1203	2.6140840726
1204	2.6140097583
1205	2.6140568408
1206	2.6143914288
1207	2.6150535113
1208	2.6160713098
1209	2.6175772086
1210	2.6197496487
1211	2.6224171776
1212	2.6251753415
1213	2.6277667457
1214	2.6301375643
1215	2.6323406933
1216	2.6344363298
1217	2.6365525561
1218	2.6386238168
1219	2.6404462768
1220	2.6420334831
1221	2.6435122486
1222	2.6447639516
1223	2.6455517123
1224	2.6460706947
1225	2.6465945428
1226	2.6469680590
1227	2.6471289623
1228	2.6471524906
1229	2.6469992746
1230	2.6467970904
1231	2.6466392067
1232	2.6464822230
1233	2.6464233467
1234	2.6464324042
1235	2.6464522488
1236	2.6464490466
1237	2.6462192138
1238	2.6457242224
1239	2.6450774072
1240	2.6444539769
1241	2.6438662030
1242	2.6433107001
1243	2.6428894781
1244	2.6425929064
1245	2.6424731259
1246	2.6425053416
1247	2.6427032656
1248	2.6431101584
1249	2.6436833382
1250	2.6444641859
1251	2.6453823241
1252	2.6462219850
1253	2.6468509353
1254	2.6473079346
1255	2.6476140337
1256	2.6476133535
1257	2.6473620986
1258	2.6471407933
1259	2.6470277464
1260	2.6469783868
1261	2.6469436153
1262	2.6469154408
1263	2.6469668802
1264	2.6470549748
1265	2.6471063175
1266	2.6472205641
1267	2.6474090876
1268	2.6477470072
1269	2.6483026928
1270	2.6488996248
1271	2.6494577618
1272	2.6499933890
1273	2.6505040478
1274	2.6509113502
1275	2.6512427126
1276	2.6515994544
1277	2.6520157893
1278	2.6525368403
1279	2.6531053059
1280	2.6536738522
1281	2.6542760381
1282	2.6548262956
1283	2.6552508524
1284	2.6556082239
1285	2.6558748364
1286	2.6560350411
1287	2.6561200442
1288	2.6561314124
1289	2.6560253008
1290	2.6557841686
1291	2.6554527800
1292	2.6550042603
1293	2.6544223849
1294	2.6537730003
1295	2.6531189875
1296	2.6523913902
1297	2.6515440660
1298	2.6506666879
1299	2.6497738405
1300	2.6488383209
1301	2.6479185788
1302	2.6470511142
1303	2.6462462459
1304	2.6455912358
1305	2.6451843482
1306	2.6450639214
1307	2.6452854492
1308	2.6458901040
1309	2.6467051072
1310	2.6475213520
1311	2.6483445074
1312	2.6491947908
1313	2.6500825587
1314	2.6509905966
1315	2.6517535869
1316	2.6523889619
1317	2.6529619133
1318	2.6534276187
1319	2.6539120142
1320	2.6544897236
1321	2.6550676654
1322	2.6555130459
1323	2.6557807992
1324	2.6559528672
1325	2.6561152035
1326	2.6563097629
1327	2.6565183434
1328	2.6567040478
1329	2.6568330064
1330	2.6569098545
1331	2.6569612214
1332	2.6569755961
1333	2.6569556243
1334	2.6569145259
1335	2.6568416675
1336	2.6567446059
1337	2.6566493955
1338	2.6565493371
1339	2.6564324322
1340	2.6563226876
1341	2.6562438279
1342	2.6561926922
1343	2.6561329036
1344	2.6560407323
1345	2.6559257396
1346	2.6558084228
1347	2.6557158680
1348	2.6556410936
1349	2.6555691325
1350	2.6554965198
1351	2.6554228330
1352	2.6553722331
1353	2.6553462707
1354	2.6553287248
1355	2.6553206195
1356	2.6553013382
1357	2.6552339870
1358	2.6551135394
1359	2.6549684214
1360	2.6548307357
1361	2.6547050595
1362	2.6545559837
1363	2.6543621557
1364	2.6541497278
1365	2.6539404149
1366	2.6536896092
1367	2.6534132107
1368	2.6532105425
1369	2.6530724645
1370	2.6529561410
1371	2.6528592543
1372	2.6527836981
1373	2.6527343943
1374	2.6527187380
1375	2.6527245836
1376	2.6527369422
1377	2.6528029488
1378	2.6529527187
1379	2.6531742343
1380	2.6534401419
1381	2.6537132326
1382	2.6539660573
1383	2.6541855689
1384	2.6543844652
1385	2.6545617233
1386	2.6546963973
1387	2.6547906940
1388	2.6548248032
1389	2.6547451797
1390	2.6545559756
1391	2.6542991429
1392	2.6539682851
1393	2.6535186822
1394	2.6529208837
1395	2.6522059030
1396	2.6514314665
1397	2.6506456257
1398	2.6498703308
1399	2.6491309567
1400	2.6485036052
1401	2.6480335467
1402	2.6478041789
1403	2.6477638680
1404	2.6477977041
1405	2.6479700996
1406	2.6481852460
1407	2.6483509085
1408	2.6484828402
1409	2.6485401349
1410	2.6485657513
1411	2.6486784379
1412	2.6489324725
1413	2.6492856747
1414	2.6497032672
1415	2.6501615792
1416	2.6506048897
1417	2.6509115629
1418	2.6510347082
1419	2.6510821144
1420	2.6510963519
1421	2.6510207691
1422	2.6508579402
1423	2.6506158260
1424	2.6503036796
1425	2.6499252746
1426	2.6493684978
1427	2.6486752463
1428	2.6480505860
1429	2.6475141126
1430	2.6469595184
1431	2.6463986424
1432	2.6459619295
1433	2.6456223596
1434	2.6452605666
1435	2.6448909486
1436	2.6445211115
1437	2.6441460399
1438	2.6437627850
1439	2.6433910606
1440	2.6430346446
1441	2.6426439163
1442	2.6422992723
1443	2.6419697524
1444	2.6414787614
1445	2.6409100543
1446	2.6403931665
1447	2.6399541619
1448	2.6395807533
1449	2.6392407789
1450	2.6391397704
1451	2.6393937101
1452	2.6399717253
1453	2.6408809067
1454	2.6420298187
1455	2.6432500398
1456	2.6443288883
1457	2.6451627456
1458	2.6457638814
1459	2.6462555519
1460	2.6465485973
1461	2.6464938687
1462	2.6462939914
1463	2.6459648067
1464	2.6453212283
1465	2.6443961025
1466	2.6431394011
1467	2.6414631988
1468	2.6395248774
1469	2.6373563476
1470	2.6349246950
1471	2.6323478639
1472	2.6297996444
1473	2.6273106419
1474	2.6247919692
1475	2.6223984363
1476	2.6202072766
1477	2.6180773156
1478	2.6160922756
1479	2.6144662420
1480	2.6133017089
1481	2.6125847287
1482	2.6122092228
1483	2.6119868171
1484	2.6119893397
1485	2.6122911254
1486	2.6125052023
1487	2.6125456562
1488	2.6126043411
1489	2.6128719439
1490	2.6133114910
1491	2.6137908891
1492	2.6145906291
1493	2.6157786013
1494	2.6172217191
1495	2.6187476847
1496	2.6204501125
1497	2.6223714663
1498	2.6241585255
1499	2.6258217067
1500	2.6272662905
1501	2.6282126421
1502	2.6287177424
1503	2.6287764698
1504	2.6285269663
1505	2.6282307467
1506	2.6276117964
1507	2.6265097888
1508	2.6250500660
1509	2.6232935623
1510	2.6212911505
1511	2.6189419219
1512	2.6161069119
1513	2.6127442609
1514	2.6090438301
1515	2.6053735666
1516	2.6021411503
1517	2.5995351825
1518	2.5975896464
1519	2.5960621867
1520	2.5945881966
1521	2.5936005559
1522	2.5936572674
1523	2.5945217738
1524	2.5958884471
1525	2.5975725978
1526	2.5992145733
1527	2.6007257555
1528	2.6023844580
1529	2.6044351664
1530	2.6065790138
1531	2.6083444565
1532	2.6096704868
1533	2.6106456447
1534	2.6113418536
1535	2.6116825231
1536	2.6117832385
1537	2.6120170713
1538	2.6126129190
1539	2.6136084831
1540	2.6146719931
1541	2.6156345567
1542	2.6164947212
1543	2.6171188344
1544	2.6176609616
1545	2.6181052327
1546	2.6183252103
1547	2.6182511672
1548	2.6178566568
1549	2.6174592115
1550	2.6173533844
1551	2.6176101981
1552	2.6181915050
1553	2.6191047396
1554	2.6203801121
1555	2.6218708332
1556	2.6231835328
1557	2.6242212778
1558	2.6252537694
1559	2.6263184678
1560	2.6274404478
1561	2.6287529030
1562	2.6300183385
1563	2.6309698360
1564	2.6317613340
1565	2.6323161415
1566	2.6325045379
1567	2.6323538033
1568	2.6318398859
1569	2.6312024450
1570	2.6303860274
1571	2.6289832312
1572	2.6269052246
1573	2.6244803046
1574	2.6219621982
1575	2.6193078788
1576	2.6167644504
1577	2.6146123980
1578	2.6128580964
1579	2.6115358029
1580	2.6107510141
1581	2.6104077044
1582	2.6103459188
1583	2.6107620952
1584	2.6116576861
1585	2.6129045594
1586	2.6143819612
1587	2.6159200290
1588	2.6175580980
1589	2.6191856756
1590	2.6207077118
1591	2.6221562255
1592	2.6236022189
1593	2.6252097100
1594	2.6269429136
1595	2.6286092725
1596	2.6301481223
1597	2.6315759036
1598	2.6328500119
1599	2.6338697096
1600	2.6347482873
1601	2.6355851996
1602	2.6363716197
1603	2.6372808915
1604	2.6382334460
1605	2.6390928999
1606	2.6397484733
1607	2.6400930250
1608	2.6403015457
1609	2.6403673143
1610	2.6401731219
1611	2.6399658118
1612	2.6399564521
1613	2.6400097319
1614	2.6400510689
1615	2.6401586605
1616	2.6403932446
1617	2.6406743374
1618	2.6409582831
1619	2.6412972558
1620	2.6416316537
1621	2.6419005058
1622	2.6420682398
1623	2.6419940248
1624	2.6416470190
1625	2.6411558143
1626	2.6405268605
1627	2.6399007061
1628	2.6394487874
1629	2.6392267869
1630	2.6393485581
1631	2.6397226987
1632	2.6401771665
1633	2.6406896149
1634	2.6413407808
1635	2.6421556784
1636	2.6429955908
1637	2.6437937125
1638	2.6445654834
1639	2.6453291633
1640	2.6460737925
1641	2.6467810181
1642	2.6474365831
1643	2.6478642178
1644	2.6479316603
1645	2.6476799969
1646	2.6473000538
1647	2.6469739983
1648	2.6467189121
1649	2.6465181254
1650	2.6463070320
1651	2.6460817841
1652	2.6460611361
1653	2.6464002343
1654	2.6469419588
1655	2.6474850375
1656	2.6479612320
1657	2.6484176993
1658	2.6488639378
1659	2.6493279705
1660	2.6498563240
1661	2.6503241277
1662	2.6506206362
1663	2.6507467174
1664	2.6507853916
1665	2.6507789404
1666	2.6507357799
1667	2.6506821310
1668	2.6507355500
1669	2.6509220316
1670	2.6510417547
1671	2.6510457629
1672	2.6508792159
1673	2.6505724162
1674	2.6503921055
1675	2.6503328584
1676	2.6502528532
1677	2.6502172625
1678	2.6502658047
1679	2.6503276984
1680	2.6503779932
1681	2.6503995578
1682	2.6503815664
1683	2.6503569528
1684	2.6503173189
1685	2.6502494517
1686	2.6501446373
1687	2.6499703052
1688	2.6497066443
1689	2.6494496506
1690	2.6492930707
1691	2.6489995776
1692	2.6483986482
1693	2.6476519387
1694	2.6468870298
1695	2.6461837279
1696	2.6455850133
1697	2.6452208995
1698	2.6452133295
1699	2.6454567406
1700	2.6458432314
1701	2.6461941379
1702	2.6463779162
1703	2.6464388432
1704	2.6464358478
1705	2.6463362110
1706	2.6460617280
1707	2.6457349360
1708	2.6454690340
1709	2.6452584056
1710	2.6450982832
1711	2.6449856400
1712	2.6449536594
1713	2.6450365548
1714	2.6453720519
1715	2.6460695070
1716	2.6468559149
1717	2.6475487196
1718	2.6482434861
1719	2.6488577685
1720	2.6493778476
1721	2.6498320981
1722	2.6501871693
1723	2.6504619668
1724	2.6505644274
1725	2.6503482778
1726	2.6498584640
1727	2.6492767804
1728	2.6487050347
1729	2.6481805464
1730	2.6476741533
1731	2.6472406770
1732	2.6469484725
1733	2.6467862141
1734	2.6466378049
1735	2.6463511894
1736	2.6461400729
1737	2.6461049793
1738	2.6460965849
1739	2.6462000031
1740	2.6464822211
1741	2.6469356173
1742	2.6475320090
1743	2.6481735887
1744	2.6487078523
1745	2.6489801061
1746	2.6489585902
1747	2.6487062161
1748	2.6482267302
1749	2.6474216828
1750	2.6463788371
1751	2.6452191933
1752	2.6438344005
1753	2.6421603033
1754	2.6403176757
1755	2.6384144291
1756	2.6365278783
1757	2.6346780346
1758	2.6328405652
1759	2.6310013496
1760	2.6291787423
1761	2.6274012348
1762	2.6254897634
1763	2.6237020204
1764	2.6224123305
1765	2.6215244154
1766	2.6208982508
1767	2.6205133858
1768	2.6205373307
1769	2.6208227494
1770	2.6211730143
1771	2.6216657372
1772	2.6224186583
1773	2.6234853725
1774	2.6248669012
1775	2.6266085785
1776	2.6285096904
1777	2.6302612282
1778	2.6316800840
1779	2.6326385279
1780	2.6329472266
1781	2.6325868520
1782	2.6319564497
1783	2.6311536601
1784	2.6299724549
1785	2.6285930458
1786	2.6271380797
1787	2.6258254603
1788	2.6247477793
1789	2.6234801638
1790	2.6220506374
1791	2.6206659984
1792	2.6191239759
1793	2.6173993934
1794	2.6157206206
1795	2.6141010646
1796	2.6127485990
1797	2.6116695180
1798	2.6104905534
1799	2.6093289628
1800	2.6082451294
1801	2.6069062116
1802	2.6050583499
1803	2.6030314497
1804	2.6010933941
1805	2.5989284480
1806	2.5966305042
1807	2.5944537831
1808	2.5925019949
1809	2.5909183872
1810	2.5896348823
1811	2.5886879955
1812	2.5881084660
1813	2.5879425718
1814	2.5882515988
1815	2.5886798928
1816	2.5890425511
1817	2.5892861492
1818	2.5890323626
1819	2.5880322620
1820	2.5863378304
1821	2.5841561563
1822	2.5815781963
1823	2.5788962404
1824	2.5765950154
1825	2.5747853953
1826	2.5736149241
1827	2.5729900093
1828	2.5725514842
1829	2.5719143517
1830	2.5709737760
1831	2.5699033185
1832	2.5684269183
1833	2.5669831950
1834	2.5661612835
1835	2.5656438744
1836	2.5650239257
1837	2.5641893933
1838	2.5636033723
1839	2.5637251180
1840	2.5641072244
1841	2.5641475874
1842	2.5640973929
1843	2.5637761929
1844	2.5630597209
1845	2.5625739522
1846	2.5622902273
1847	2.5617496297
1848	2.5604116070
1849	2.5581399829
1850	2.5553533695
1851	2.5526576742
1852	2.5504751318
1853	2.5482024399
1854	2.5451994967
1855	2.5416428766
1856	2.5376761191
1857	2.5337974208
1858	2.5305902321
1859	2.5277554790
1860	2.5249779963
1861	2.5220135972
1862	2.5188426328
1863	2.5157313497
1864	2.5126441041
1865	2.5096376386
1866	2.5067524941
1867	2.5041357994
1868	2.5021025921
1869	2.5006199315
1870	2.4988685046
1871	2.4968463136
1872	2.4959459819
1873	2.4963948256
1874	2.4976870300
1875	2.4996185933
1876	2.5020854701
1877	2.5048085233
1878	2.5075846913
1879	2.5109012247
1880	2.5146088678
1881	2.5181161900
1882	2.5211831929
1883	2.5236157167
1884	2.5253061955
1885	2.5259037728
1886	2.5252834672
1887	2.5239979511
1888	2.5227502245
1889	2.5219413895
1890	2.5213461889
1891	2.5207015818
1892	2.5200119351
1893	2.5192202737
1894	2.5180134498
1895	2.5162407234
1896	2.5139745276
1897	2.5108106448
1898	2.5066538300
1899	2.5017018318
1900	2.4961575324
1901	2.4899913261
1902	2.4834465985
1903	2.4774662817
1904	2.4723567535
1905	2.4679758550
1906	2.4635931642
1907	2.4587216374
1908	2.4538730033
1909	2.4492785541
1910	2.4449384363
1911	2.4411708227
1912	2.4381198692
1913	2.4361943615
1914	2.4356936194
1915	2.4352172056
1916	2.4342167325
1917	2.4333785012
1918	2.4322377874
1919	2.4309233441
1920	2.4301661304
1921	2.4298819820
1922	2.4302195172
1923	2.4312158470
1924	2.4324309672
1925	2.4335166545
1926	2.4342787716
1927	2.4348153406
1928	2.4352609312
1929	2.4360357958
1930	2.4369123044
1931	2.4374644750
1932	2.4385024719
1933	2.4401927062
1934	2.4418762839
1935	2.4431202141
1936	2.4443895989
1937	2.4462897076
1938	2.4480114827
1939	2.4492590970
1940	2.4501757416
1941	2.4504593455
1942	2.4500598073
1943	2.4492221214
1944	2.4481895746
1945	2.4469442693
1946	2.4461578883
1947	2.4461471665
1948	2.4465795993
1949	2.4469889536
1950	2.4468388152
1951	2.4460400250
1952	2.4445229406
1953	2.4423281137
1954	2.4392657365
1955	2.4354001338
1956	2.4314102410
1957	2.4277671473
1958	2.4242608273
1959	2.4207040972
1960	2.4174023364
1961	2.4149693014
1962	2.4138009764
1963	2.4139984079
1964	2.4164842906
1965	2.4212762569
1966	2.4271069526
1967	2.4333002318
1968	2.4392881823
1969	2.4449027149
1970	2.4507398880
1971	2.4563940807
1972	2.4613109641
1973	2.4654028858
1974	2.4682319942
1975	2.4705142216
1976	2.4728535862
1977	2.4746128927
1978	2.4747448181
1979	2.4728510545
1980	2.4691822995
1981	2.4635123688
1982	2.4568859127
1983	2.4505915781
1984	2.4439287032
1985	2.4359205987
1986	2.4268495826
1987	2.4182169653
1988	2.4111645759
1989	2.4058128695
1990	2.4023131260
1991	2.4008448767
1992	2.4014597330
1993	2.4041889263
1994	2.4086623003
1995	2.4141295515
1996	2.4205935273
1997	2.4279386336
1998	2.4354389435
1999	2.4431857494
2000	2.4505794072
2001	2.4569451312
2002	2.4626835069
2003	2.4680270320
2004	2.4729241077
2005	2.4769316733
2006	2.4795391322
2007	2.4799631206
2008	2.4780232561
2009	2.4746449555
2010	2.4706620236
2011	2.4665420999
2012	2.4624655594
2013	2.4588382196
2014	2.4560121329
2015	2.4538788279
2016	2.4516489764
2017	2.4486884838
2018	2.4454957577
2019	2.4428417757
2020	2.4408712967
2021	2.4389811048
2022	2.4371815933
2023	2.4357763268
2024	2.4346770399
2025	2.4340873905
2026	2.4340137409
2027	2.4341664080
2028	2.4343954857
2029	2.4349090624
2030	2.4357678185
2031	2.4365914785
2032	2.4374141139
2033	2.4389007859
2034	2.4412693131
2035	2.4441566448
2036	2.4472605387
2037	2.4505133750
2038	2.4537622626
2039	2.4568562861
2040	2.4602158531
2041	2.4634972384
2042	2.4656119801
2043	2.4665450069
2044	2.4667600148
2045	2.4661035070
2046	2.4641048122
2047	2.4598514784
2048	2.4538116071
2049	2.4477144894
2050	2.4414983950
2051	2.4358415003
2052	2.4316488184
2053	2.4281951614
2054	2.4253083324
2055	2.4225224053
2056	2.4193053654
2057	2.4159767350
2058	2.4134696939
2059	2.4119977116
2060	2.4111647821
2061	2.4112709800
2062	2.4120861814
2063	2.4133251609
2064	2.4149345303
2065	2.4167102010
2066	2.4184944038
2067	2.4202415430
2068	2.4222587342
2069	2.4244771310
2070	2.4266820475
2071	2.4291145365
2072	2.4319897438
2073	2.4355110006
2074	2.4402309543
2075	2.4458476134
2076	2.4512809784
2077	2.4565050507
2078	2.4620832900
2079	2.4674653312
2080	2.4715523909
2081	2.4742218162
2082	2.4760504534
2083	2.4772237198
2084	2.4772508604
2085	2.4763101766
2086	2.4751466077
2087	2.4740599858
2088	2.4729939374
2089	2.4717293459
2090	2.4700619669
2091	2.4678598749
2092	2.4654497017
2093	2.4631863576
2094	2.4610948738
2095	2.4592321337
2096	2.4579880382
2097	2.4571164012
2098	2.4557900833
2099	2.4537132908
2100	2.4509700210
2101	2.4478343468
2102	2.4439186531
2103	2.4396200214
2104	2.4360780204
2105	2.4329935409
2106	2.4306829784
2107	2.4295478740
2108	2.4287683207
2109	2.4284577802
2110	2.4288898690
2111	2.4300420260
2112	2.4318674087
2113	2.4340759600
2114	2.4363733172
2115	2.4383445318
2116	2.4399215819
2117	2.4406900840
2118	2.4408578493
2119	2.4413429158
2120	2.4421941904
2121	2.4428910576
2122	2.4434088641
2123	2.4443181542
2124	2.4456652792
2125	2.4473639819
2126	2.4493036816
2127	2.4518146154
2128	2.4552996999
2129	2.4596790563
2130	2.4645155621
2131	2.4689195519
2132	2.4731296593
2133	2.4771468009
2134	2.4801106154
2135	2.4819929103
2136	2.4829394254
2137	2.4831859217
2138	2.4832248717
2139	2.4831103784
2140	2.4830751006
2141	2.4837441843
2142	2.4849094484
2143	2.4860543449
2144	2.4872372904
2145	2.4883846735
2146	2.4890957652
2147	2.4893259781
2148	2.4893819403
2149	2.4891876283
2150	2.4887835347
2151	2.4888632668
2152	2.4896424560
2153	2.4906195827
2154	2.4917425144
2155	2.4934276069
2156	2.4955355232
2157	2.4974628401
2158	2.4992822687
2159	2.5013838671
2160	2.5035324170
2161	2.5055054992
2162	2.5073842192
2163	2.5095907493
2164	2.5123765860
2165	2.5153239767
2166	2.5178443896
2167	2.5194963948
2168	2.5206537207
2169	2.5219339537
2170	2.5237621522
2171	2.5264913516
2172	2.5301682964
2173	2.5341524982
2174	2.5376498303
2175	2.5409827661
2176	2.5446662488
2177	2.5485300477
2178	2.5516326786
2179	2.5535826897
2180	2.5547461468
2181	2.5554203678
2182	2.5560220168
2183	2.5566486960
2184	2.5574465279
2185	2.5578988421
2186	2.5577913436
2187	2.5579317734
2188	2.5586093400
2189	2.5603633577
2190	2.5632048476
2191	2.5662693779
2192	2.5695608144
2193	2.5729367417
2194	2.5759920330
2195	2.5789027378
2196	2.5814327591
2197	2.5835892444
2198	2.5860241246
2199	2.5886178626
2200	2.5905621151
2201	2.5917445954
2202	2.5924012877
2203	2.5924842502
2204	2.5921300756
2205	2.5912702321
2206	2.5895537632
2207	2.5868099397
2208	2.5834042099
2209	2.5798693310
2210	2.5765196428
2211	2.5737800992
2212	2.5718782958
2213	2.5706799439
2214	2.5702305921
2215	2.5706977146
2216	2.5716348657
2217	2.5725300575
2218	2.5736089309
2219	2.5752935477
2220	2.5774888039
2221	2.5796048082
2222	2.5815025471
2223	2.5835558933
2224	2.5857904141
2225	2.5881691246
2226	2.5909402556
2227	2.5941752084
2228	2.5976294378
2229	2.6011419576
2230	2.6045522171
2231	2.6075372159
2232	2.6099623505
2233	2.6118716944
2234	2.6135289665
2235	2.6151007807
2236	2.6165570097
2237	2.6177101562
2238	2.6183931690
2239	2.6189693964
2240	2.6194878582
2241	2.6197999373
2242	2.6198001970
2243	2.6194639876
2244	2.6189250713
2245	2.6180060698
2246	2.6167465191
2247	2.6150127246
2248	2.6129733445
2249	2.6111761087
2250	2.6095901425
2251	2.6082840113
2252	2.6073189452
2253	2.6065108823
2254	2.6059455296
2255	2.6057107035
2256	2.6056256674
2257	2.6058453580
2258	2.6064386414
2259	2.6071404575
2260	2.6078688234
2261	2.6083766936
2262	2.6083242190
2263	2.6077799632
2264	2.6072292662
2265	2.6067757501
2266	2.6062481283
2267	2.6059670200
2268	2.6062507030
2269	2.6068679128
2270	2.6072474364
2271	2.6071604695
2272	2.6069331516
2273	2.6066389389
2274	2.6061299904
2275	2.6056045750
2276	2.6053459168
2277	2.6054362919
2278	2.6055986063
2279	2.6057371393
2280	2.6057703383
2281	2.6053796320
2282	2.6048504640
2283	2.6044512662
2284	2.6040664342
2285	2.6038623568
2286	2.6039708945
2287	2.6043706559
2288	2.6053392983
2289	2.6066904983
2290	2.6078258807
2291	2.6087644189
2292	2.6097077197
2293	2.6106481556
2294	2.6113744926
2295	2.6118409373
2296	2.6119972162
2297	2.6116652199
2298	2.6110309660
2299	2.6104177382
2300	2.6101919751
2301	2.6104950600
2302	2.6111859279
2303	2.6117904786
2304	2.6120339074
2305	2.6122771658
2306	2.6127458578
2307	2.6133333329
2308	2.6138026803
2309	2.6140933337
2310	2.6141792840
2311	2.6142085561
2312	2.6144639499
2313	2.6148298562
2314	2.6148684141
2315	2.6142882792
2316	2.6133555519
2317	2.6123474189
2318	2.6114884023
2319	2.6110050114
2320	2.6108264710
2321	2.6107466886
2322	2.6104691863
2323	2.6100215683
2324	2.6096003598
2325	2.6091116411
2326	2.6085651196
2327	2.6081291529
2328	2.6081803393
2329	2.6087771449
2330	2.6094304820
2331	2.6099879937
2332	2.6106127209
2333	2.6116569054
2334	2.6129652053
2335	2.6140613119
2336	2.6148222314
2337	2.6150009032
2338	2.6145903554
2339	2.6135551082
2340	2.6118595748
2341	2.6096840424
2342	2.6068037346
2343	2.6034293639
2344	2.6000726520
2345	2.5964585241
2346	2.5928355611
2347	2.5899327564
2348	2.5876059753
2349	2.5859281032
2350	2.5853097206
2351	2.5853664460
2352	2.5856008657
2353	2.5859676625
2354	2.5866466571
2355	2.5879646814
2356	2.5898937661
2357	2.5921125031
2358	2.5943867869
2359	2.5967062515
2360	2.5990017656
2361	2.6009294118
2362	2.6022361868
2363	2.6031800586
2364	2.6041620967
2365	2.6049559952
2366	2.6053091740
2367	2.6051886572
2368	2.6048141853
2369	2.6042966536
2370	2.6034704307
2371	2.6022968896
2372	2.6006563621
2373	2.5988477012
2374	2.5973282074
2375	2.5963034354
2376	2.5955327378
2377	2.5946928377
2378	2.5936448520
2379	2.5924071696
2380	2.5911998283
2381	2.5896653168
2382	2.5877693788
2383	2.5857772803
2384	2.5836529860
2385	2.5816260553
2386	2.5801539202
2387	2.5796417791
2388	2.5797840986
2389	2.5802438668
2390	2.5809541532
2391	2.5812484318
2392	2.5805012149
2393	2.5787968730
2394	2.5766787210
2395	2.5744241852
2396	2.5717946789
2397	2.5689704317
2398	2.5663817043
2399	2.5639581255
2400	2.5614900412
2401	2.5591452328
2402	2.5575212562
2403	2.5568764844
2404	2.5572007724
2405	2.5585118694
2406	2.5602631678
2407	2.5622563192
2408	2.5648826242
2409	2.5677547721
2410	2.5704847614
2411	2.5732393307
2412	2.5759352708
2413	2.5787134220
2414	2.5814891938
2415	2.5838870578
2416	2.5859228097
2417	2.5876292057
2418	2.5889830783
2419	2.5897796233
2420	2.5899579631
2421	2.5895853316
2422	2.5889024274
2423	2.5881969720
2424	2.5874891198
2425	2.5867809262
2426	2.5857455413
2427	2.5842744838
2428	2.5825951473
2429	2.5806251407
2430	2.5781020767
2431	2.5752361916
2432	2.5724775906
2433	2.5700400313
2434	2.5679195333
2435	2.5660110378
2436	2.5645462537
2437	2.5636674621
2438	2.5633025200
2439	2.5629879737
2440	2.5628482790
2441	2.5635067975
2442	2.5641687175
2443	2.5642621946
2444	2.5640787157
2445	2.5635824917
2446	2.5629253277
2447	2.5624839139
2448	2.5623144362
2449	2.5623738567
2450	2.5626499344
2451	2.5627378168
2452	2.5620714619
2453	2.5604712214
2454	2.5582391323
2455	2.5556699556
2456	2.5527364682
2457	2.5497015095
2458	2.5470319432
2459	2.5448626567
2460	2.5430908912
2461	2.5415315689
2462	2.5403297971
2463	2.5396708160
2464	2.5394655471
2465	2.5394687416
2466	2.5395929968
2467	2.5399529173
2468	2.5404229317
2469	2.5411740410
2470	2.5423042470
2471	2.5436186605
2472	2.5450732238
2473	2.5468773893
2474	2.5492260409
2475	2.5514815292
2476	2.5533206493
2477	2.5550355353
2478	2.5565439938
2479	2.5576124753
2480	2.5581216394
2481	2.5584789832
2482	2.5588819867
2483	2.5590923969
2484	2.5591381869
2485	2.5588047463
2486	2.5581294517
2487	2.5573308591
2488	2.5562822083
2489	2.5547089118
2490	2.5524866820
2491	2.5501674716
2492	2.5479083416
2493	2.5455899547
2494	2.5433675143
2495	2.5410592587
2496	2.5382932153
2497	2.5348752951
2498	2.5311206700
2499	2.5277440445
2500	2.5253282448
2501	2.5237586077
2502	2.5223388878
2503	2.5208999673
2504	2.5205481588
2505	2.5215134858
2506	2.5234884985
2507	2.5269241250
2508	2.5308569323
2509	2.5344598827
2510	2.5380970357
2511	2.5420185068
2512	2.5464150297
2513	2.5512033947
2514	2.5558779647
2515	2.5601900373
2516	2.5642070298
2517	2.5677185732
2518	2.5709508859
2519	2.5736248266
2520	2.5749543503
2521	2.5749248961
2522	2.5738588694
2523	2.5722050810
2524	2.5701073940
2525	2.5678651762
2526	2.5660271672
2527	2.5646430023
2528	2.5634855680
2529	2.5623705180
2530	2.5611233916
2531	2.5596472197
2532	2.5583872937
2533	2.5579756822
2534	2.5584810738
2535	2.5596139657
2536	2.5608936326
2537	2.5617650302
2538	2.5620135642
2539	2.5620348767
2540	2.5619232495
2541	2.5608995980
2542	2.5591256343
2543	2.5573635565
2544	2.5556355623
2545	2.5537361393
2546	2.5516494811
2547	2.5500682567
2548	2.5495234230
2549	2.5499270779
2550	2.5511906159
2551	2.5532224388
2552	2.5558233655
2553	2.5586950331
2554	2.5617918025
2555	2.5651984037
2556	2.5687401401
2557	2.5719444885
2558	2.5744455428
2559	2.5761589161
2560	2.5771706493
2561	2.5772899580
2562	2.5764980339
2563	2.5754544508
2564	2.5744894378
2565	2.5737035471
2566	2.5729635820
2567	2.5720644533
2568	2.5710297053
2569	2.5701385449
2570	2.5698670966
2571	2.5699138697
2572	2.5701704056
2573	2.5709134591
2574	2.5720534441
2575	2.5736044863
2576	2.5753468667
2577	2.5770237605
2578	2.5789342375
2579	2.5812914776
2580	2.5840862742
2581	2.5874874941
2582	2.5913125901
2583	2.5953578732
2584	2.5996194878
2585	2.6039860113
2586	2.6084187344
2587	2.6127405673
2588	2.6166830843
2589	2.6200089265
2590	2.6226017860
2591	2.6243258269
2592	2.6250019567
2593	2.6246989520
2594	2.6237592615
2595	2.6226715865
2596	2.6213523868
2597	2.6196214274
2598	2.6180058699
2599	2.6166380321
2600	2.6152264528
2601	2.6138231762
2602	2.6126469389
2603	2.6117347935
2604	2.6110086205
2605	2.6105112777
2606	2.6100102605
2607	2.6094598613
2608	2.6091517336
2609	2.6090940228
2610	2.6094097100
2611	2.6103462093
2612	2.6118865059
2613	2.6140454661
2614	2.6167172830
2615	2.6193723814
2616	2.6217734697
2617	2.6238942024
2618	2.6257142217
2619	2.6274300266
2620	2.6289409683
2621	2.6301357963
2622	2.6312852986
2623	2.6326743462
2624	2.6342114354
2625	2.6354795202
2626	2.6363772830
2627	2.6369825030
2628	2.6372720327
2629	2.6373887894
2630	2.6375384744
2631	2.6377437481
2632	2.6377534163
2633	2.6374578352
2634	2.6367877834
2635	2.6358176034
2636	2.6349413799
2637	2.6343145251
2638	2.6338764000
2639	2.6334464812
2640	2.6331213875
2641	2.6330550460
2642	2.6332272069
2643	2.6335978962
2644	2.6339475230
2645	2.6341633999
2646	2.6342808002
2647	2.6345226943
2648	2.6350801715
2649	2.6358942163
2650	2.6368107228
2651	2.6378058831
2652	2.6389509086
2653	2.6401622910
2654	2.6412310988
2655	2.6421645193
2656	2.6431030057
2657	2.6438359645
2658	2.6442697797
2659	2.6445474740
2660	2.6447290292
2661	2.6447737696
2662	2.6448250948
2663	2.6452003756
2664	2.6458755630
2665	2.6467151412
2666	2.6474578591
2667	2.6478902257
2668	2.6481200209
2669	2.6481676104
2670	2.6479221474
2671	2.6473360276
2672	2.6465219469
2673	2.6454983788
2674	2.6441824178
2675	2.6426423480
2676	2.6407958383
2677	2.6386046505
2678	2.6363451527
2679	2.6341665659
2680	2.6320835924
2681	2.6300781676
2682	2.6281815247
2683	2.6267173903
2684	2.6257930477
2685	2.6251593473
2686	2.6249874233
2687	2.6252565293
2688	2.6255394505
2689	2.6258996217
2690	2.6263742883
2691	2.6269617380
2692	2.6278035901
2693	2.6289114547
2694	2.6302532679
2695	2.6316969568
2696	2.6331901338
2697	2.6346882176
2698	2.6361033325
2699	2.6374859435
2700	2.6390167108
2701	2.6405609956
2702	2.6418277706
2703	2.6429192237
2704	2.6440071879
2705	2.6451274082
2706	2.6460761251
2707	2.6466194179
2708	2.6468314046
2709	2.6469529665
2710	2.6470633759
2711	2.6470311479
2712	2.6467945052
2713	2.6463114875
2714	2.6455157500
2715	2.6444622558
2716	2.6432227022
2717	2.6417826031
2718	2.6403508151
2719	2.6390582728
2720	2.6378042152
2721	2.6365846282
2722	2.6354209363
2723	2.6345032630
2724	2.6338778740
2725	2.6334670951
2726	2.6333072496
2727	2.6333886508
2728	2.6337180216
2729	2.6342232649
2730	2.6349100388
2731	2.6358711950
2732	2.6370704568
2733	2.6382949523
2734	2.6393275618
2735	2.6401437802
2736	2.6406391710
2737	2.6407938443
2738	2.6409695853
2739	2.6414006205
2740	2.6419888301
2741	2.6426393968
2742	2.6433474394
2743	2.6440558038
2744	2.6445818398
2745	2.6448156799
2746	2.6448233392
2747	2.6447166002
2748	2.6446046860
2749	2.6444701345
2750	2.6442402459
2751	2.6438492492
2752	2.6432570818
2753	2.6426560055
2754	2.6419789536
2755	2.6410898315
2756	2.6402161933
2757	2.6394996988
2758	2.6391137642
2759	2.6390903820
2760	2.6392500792
2761	2.6395733704
2762	2.6401360729
2763	2.6408350830
2764	2.6413982614
2765	2.6418069536
2766	2.6421866468
2767	2.6425260967
2768	2.6427827898
2769	2.6430956240
2770	2.6435461671
2771	2.6438869571
2772	2.6440479009
2773	2.6440040682
2774	2.6435547678
2775	2.6427855188
2776	2.6417369338
2777	2.6403073676
2778	2.6384962075
2779	2.6361961173
2780	2.6332928014
2781	2.6300063382
2782	2.6266258985
2783	2.6232393441
2784	2.6200085074
2785	2.6171034513
2786	2.6146989397
2787	2.6126658121
2788	2.6107124957
2789	2.6088312441
2790	2.6073393588
2791	2.6063198108
2792	2.6054837663
2793	2.6052394493
2794	2.6055825906
2795	2.6061514810
2796	2.6071526024
2797	2.6084910075
2798	2.6100125386
2799	2.6117878300
2800	2.6138334336
2801	2.6158255402
2802	2.6174771318
2803	2.6187964656
2804	2.6198310928
2805	2.6203249122
2806	2.6200266550
2807	2.6192479087
2808	2.6183701774
2809	2.6174067735
2810	2.6161374121
2811	2.6146185700
2812	2.6130569551
2813	2.6112716594
2814	2.6088889418
2815	2.6060848454
2816	2.6031769250
2817	2.6002250517
2818	2.5973298175
2819	2.5944688081
2820	2.5918635867
2821	2.5898379891
2822	2.5885985568
2823	2.5880747613
2824	2.5878967339
2825	2.5878432243
2826	2.5877457346
2827	2.5878403618
2828	2.5884198044
2829	2.5891839553
2830	2.5897975550
2831	2.5899756439
2832	2.5895871148
2833	2.5887992004
2834	2.5880734382
2835	2.5877623743
2836	2.5873790836
2837	2.5865377004
2838	2.5850102743
2839	2.5828084875
2840	2.5807868804
2841	2.5795161858
2842	2.5788042952
2843	2.5783549920
2844	2.5785034310
2845	2.5793351233
2846	2.5805361759
2847	2.5820333113
2848	2.5833732460
2849	2.5840553702
2850	2.5839728550
2851	2.5831296320
2852	2.5815258326
2853	2.5795426117
2854	2.5775456298
2855	2.5756349153
2856	2.5739213277
2857	2.5726857458
2858	2.5722010385
2859	2.5720186979
2860	2.5719071678
2861	2.5722491449
2862	2.5733869691
2863	2.5748980663
2864	2.5759876575
2865	2.5766548405
2866	2.5767402397
2867	2.5763571295
2868	2.5760908903
2869	2.5756583250
2870	2.5747814475
2871	2.5733948422
2872	2.5710542091
2873	2.5679738933
2874	2.5644238759
2875	2.5602408877
2876	2.5560373150
2877	2.5522508457
2878	2.5488916518
2879	2.5459872733
2880	2.5430878751
2881	2.5397787214
2882	2.5361326253
2883	2.5327395085
2884	2.5301787497
2885	2.5283010453
2886	2.5268466638
2887	2.5261366682
2888	2.5260484721
2889	2.5261015677
2890	2.5261272865
2891	2.5258673487
2892	2.5254984783
2893	2.5251568094
2894	2.5246897029
2895	2.5241683934
2896	2.5234105202
2897	2.5226467557
2898	2.5225415177
2899	2.5232458532
2900	2.5241554520
2901	2.5247648126
2902	2.5253170399
2903	2.5254632200
2904	2.5248236826
2905	2.5238672314
2906	2.5227909966
2907	2.5216015351
2908	2.5205560768
2909	2.5201509215
2910	2.5206840329
2911	2.5216074188
2912	2.5223388237
2913	2.5231925356
2914	2.5247363454
2915	2.5270940960
2916	2.5297465914
2917	2.5323965304
2918	2.5353325489
2919	2.5383659481
2920	2.5408077643
2921	2.5423320489
2922	2.5432769477
2923	2.5437084926
2924	2.5434979346
2925	2.5426334259
2926	2.5408483914
2927	2.5382707780
2928	2.5350133582
2929	2.5311129682
2930	2.5268937884
2931	2.5224857703
2932	2.5182223527
2933	2.5141222437
2934	2.5101763630
2935	2.5067219932
2936	2.5036460398
2937	2.5010026733
2938	2.4990551549
2939	2.4983338390
2940	2.4986971014
2941	2.4996877588
2942	2.5015580901
2943	2.5040474350
2944	2.5070238673
2945	2.5104210335
2946	2.5139491288
2947	2.5177981313
2948	2.5221882920
2949	2.5262459743
2950	2.5291778994
2951	2.5311720913
2952	2.5322181748
2953	2.5326406942
2954	2.5327301541
2955	2.5322935226
2956	2.5309481418
2957	2.5292556279
2958	2.5282148463
2959	2.5273634230
2960	2.5259284867
2961	2.5239854610
2962	2.5216916734
2963	2.5185974326
2964	2.5152146116
2965	2.5123760477
2966	2.5100723618
2967	2.5079708516
2968	2.5053216073
2969	2.5020359285
2970	2.4982855349
2971	2.4943600383
2972	2.4911700031
2973	2.4887889963
2974	2.4867203740
2975	2.4851797729
2976	2.4843792388
2977	2.4843267535
2978	2.4849080816
2979	2.4855064577
2980	2.4856035319
2981	2.4857725318
2982	2.4868687129
2983	2.4885922673
2984	2.4908641644
2985	2.4938606388
2986	2.4973593130
2987	2.5014186947
2988	2.5054462344
2989	2.5089035648
2990	2.5123055231
2991	2.5157982210
2992	2.5194584976
2993	2.5238374188
2994	2.5288286056
2995	2.5337917273
2996	2.5382366872
2997	2.5419574005
2998	2.5450314572
2999	2.5475974257
