0	0.6478802841
1	0.6478815782
2	0.6478917487
3	0.6479051250
4	0.6479214361
5	0.6479392632
6	0.6479584212
7	0.6479781794
8	0.6479984027
9	0.6480186069
10	0.6480386922
11	0.6480582898
12	0.6480773266
13	0.6480954952
14	0.6481127439
15	0.6481287997
16	0.6481436285
17	0.6481569767
18	0.6481688248
19	0.6481789298
20	0.6481872841
21	0.6481936497
22	0.6481980289
23	0.6482001846
24	0.6482001276
25	0.6481976192
26	0.6481926765
27	0.6481850577
28	0.6481747852
29	0.6481616126
30	0.6481455665
31	0.6481263957
32	0.6481041300
33	0.6480785134
34	0.6480495768
35	0.6480170562
36	0.6479809786
37	0.6479410711
38	0.6478973622
39	0.6478495807
40	0.6477977591
41	0.6477416167
42	0.6476811720
43	0.6476161367
44	0.6475465362
45	0.6474720866
46	0.6473927980
47	0.6473083724
48	0.6472188228
49	0.6471238624
50	0.6470234865
51	0.6469173932
52	0.6468055761
53	0.6466877433
54	0.6465638839
55	0.6464337453
56	0.6462973215
57	0.6461542292
58	0.6460042314
59	0.6458470137
60	0.6456829314
61	0.6455123743
62	0.6453352961
63	0.6451501382
64	0.6449552454
65	0.6447508076
66	0.6445394929
67	0.6443230078
68	0.6440995889
69	0.6438659395
70	0.6436217485
71	0.6433690275
72	0.6431076578
73	0.6428352586
74	0.6425520718
75	0.6422609255
76	0.6419617579
77	0.6416519746
78	0.6413318997
79	0.6410037228
80	0.6406657460
81	0.6403154118
82	0.6399541734
83	0.6395833521
84	0.6392000403
85	0.6388037674
86	0.6383972170
87	0.6379796341
88	0.6375485304
89	0.6371063743
90	0.6366542330
91	0.6361893470
92	0.6357121576
93	0.6352253709
94	0.6347263435
95	0.6342141379
96	0.6336915173
97	0.6331572531
98	0.6326086824
99	0.6320487880
100	0.6314771171
101	0.6308908254
102	0.6302921479
103	0.6296820522
104	0.6290569730
105	0.6284191416
106	0.6277699370
107	0.6271061730
108	0.6264293122
109	0.6257416015
110	0.6250395365
111	0.6243247894
112	0.6235994926
113	0.6228603329
114	0.6221086916
115	0.6213471381
116	0.6205721490
117	0.6197855748
118	0.6189892895
119	0.6181791571
120	0.6173569333
121	0.6165251593
122	0.6156817952
123	0.6148303769
124	0.6139701009
125	0.6130933939
126	0.6122016289
127	0.6112986067
128	0.6103887521
129	0.6094794228
130	0.6085640626
131	0.6076302090
132	0.6066785531
133	0.6057127122
134	0.6047395826
135	0.6037643279
136	0.6027812024
137	0.6017914082
138	0.6008009969
139	0.5998029000
140	0.5987923871
141	0.5977679146
142	0.5967305938
143	0.5956879453
144	0.5946383649
145	0.5935800007
146	0.5925238674
147	0.5914696847
148	0.5904128824
149	0.5893534906
150	0.5882892673
151	0.5872213522
152	0.5861460212
153	0.5850576418
154	0.5839655220
155	0.5828699638
156	0.5817672430
157	0.5806650479
158	0.5795658820
159	0.5784703527
160	0.5773790439
161	0.5762899638
162	0.5752085377
163	0.5741290384
164	0.5730455103
165	0.5719649611
166	0.5708823426
167	0.5697937858
168	0.5687043656
169	0.5676130467
170	0.5665218996
171	0.5654309049
172	0.5643430240
173	0.5632646297
174	0.5621898188
175	0.5611235242
176	0.5600713006
177	0.5590255528
178	0.5579900526
179	0.5569662229
180	0.5559488606
181	0.5549382168
182	0.5539311120
183	0.5529308324
184	0.5519351413
185	0.5509418595
186	0.5499556382
187	0.5489668047
188	0.5479754814
189	0.5469943780
190	0.5460243222
191	0.5450714366
192	0.5441312985
193	0.5431926917
194	0.5422561315
195	0.5413310756
196	0.5404339967
197	0.5395640478
198	0.5387109118
199	0.5378733137
200	0.5370427618
201	0.5362247019
202	0.5354212752
203	0.5346222671
204	0.5338360141
205	0.5330699726
206	0.5323233343
207	0.5315903204
208	0.5308620801
209	0.5301420380
210	0.5294274956
211	0.5287177417
212	0.5280130593
213	0.5273134315
214	0.5266355401
215	0.5259774206
216	0.5253327786
217	0.5247108257
218	0.5241091037
219	0.5235251205
220	0.5229540736
221	0.5223946519
222	0.5218537704
223	0.5213289207
224	0.5208224978
225	0.5203357846
226	0.5198762565
227	0.5194461358
228	0.5190342290
229	0.5186483636
230	0.5182874287
231	0.5179397292
232	0.5176068488
233	0.5172839410
234	0.5169730926
235	0.5166706596
236	0.5163742555
237	0.5160918912
238	0.5158230522
239	0.5155681181
240	0.5153275155
241	0.5151066894
242	0.5149047733
243	0.5147116188
244	0.5145371888
245	0.5143769789
246	0.5142246061
247	0.5140843576
248	0.5139512656
249	0.5138274256
250	0.5137113258
251	0.5136083689
252	0.5135278678
253	0.5134636687
254	0.5134156124
255	0.5133846816
256	0.5133765894
257	0.5133940433
258	0.5134404326
259	0.5135170063
260	0.5136049680
261	0.5137063444
262	0.5138268322
263	0.5139621414
264	0.5141142135
265	0.5142757786
266	0.5144497462
267	0.5146369042
268	0.5148348025
269	0.5150460480
270	0.5152624579
271	0.5154902053
272	0.5157368903
273	0.5160020661
274	0.5162795855
275	0.5165710609
276	0.5168841432
277	0.5172078661
278	0.5175413388
279	0.5178833450
280	0.5182286572
281	0.5185848281
282	0.5189438592
283	0.5193046422
284	0.5196679493
285	0.5200358705
286	0.5204087194
287	0.5207768196
288	0.5211478663
289	0.5215254748
290	0.5219050044
291	0.5222870351
292	0.5226767896
293	0.5230797979
294	0.5234910713
295	0.5239162574
296	0.5243533420
297	0.5248039730
298	0.5252715276
299	0.5257443279
300	0.5262289701
301	0.5267262808
302	0.5272309743
303	0.5277412751
304	0.5282564838
305	0.5287820066
306	0.5293091053
307	0.5298416403
308	0.5303860134
309	0.5309348492
310	0.5314828747
311	0.5320284032
312	0.5325796820
313	0.5331411022
314	0.5337189702
315	0.5343051391
316	0.5348876614
317	0.5354641610
318	0.5360363199
319	0.5366336425
320	0.5372661527
321	0.5379132823
322	0.5385556172
323	0.5391831964
324	0.5398099237
325	0.5404477513
326	0.5411077263
327	0.5417802671
328	0.5424483141
329	0.5431149652
330	0.5437795287
331	0.5444340892
332	0.5450681117
333	0.5456898024
334	0.5463163315
335	0.5469532383
336	0.5475918731
337	0.5482175751
338	0.5488351289
339	0.5494392286
340	0.5500289003
341	0.5506049414
342	0.5511638186
343	0.5517247439
344	0.5522960426
345	0.5528701977
346	0.5534362204
347	0.5539985402
348	0.5545614757
349	0.5551094544
350	0.5556419913
351	0.5561672928
352	0.5566960269
353	0.5572292771
354	0.5577642460
355	0.5583048661
356	0.5588522312
357	0.5594028982
358	0.5599419447
359	0.5604682511
360	0.5609825426
361	0.5614875606
362	0.5619819524
363	0.5624612758
364	0.5629453801
365	0.5634338625
366	0.5639160655
367	0.5643951622
368	0.5648742548
369	0.5653476197
370	0.5658020665
371	0.5662432472
372	0.5666719703
373	0.5670892196
374	0.5674979464
375	0.5679032198
376	0.5683147508
377	0.5687295192
378	0.5691437966
379	0.5695586552
380	0.5699820210
381	0.5704090717
382	0.5708293216
383	0.5712415854
384	0.5716449310
385	0.5720418004
386	0.5724302551
387	0.5728276962
388	0.5732353397
389	0.5736392676
390	0.5740491803
391	0.5744706625
392	0.5749008207
393	0.5753320446
394	0.5757655988
395	0.5762000949
396	0.5766309210
397	0.5770563522
398	0.5774706376
399	0.5778765961
400	0.5782724838
401	0.5786632865
402	0.5790556508
403	0.5794487056
404	0.5798397524
405	0.5802325518
406	0.5806335583
407	0.5810293541
408	0.5814162232
409	0.5817977565
410	0.5821751403
411	0.5825392473
412	0.5828881199
413	0.5832328613
414	0.5835649722
415	0.5838878135
416	0.5842069816
417	0.5845195776
418	0.5848302490
419	0.5851440430
420	0.5854632083
421	0.5857831776
422	0.5861085855
423	0.5864394865
424	0.5867740136
425	0.5871055491
426	0.5874317744
427	0.5877580058
428	0.5880771845
429	0.5883859557
430	0.5886901773
431	0.5889959973
432	0.5892968487
433	0.5895954565
434	0.5898998862
435	0.5902076188
436	0.5905223591
437	0.5908450210
438	0.5911758018
439	0.5915059248
440	0.5918378091
441	0.5921726984
442	0.5925057899
443	0.5928473186
444	0.5931889763
445	0.5935178455
446	0.5938336461
447	0.5941445808
448	0.5944539146
449	0.5947623398
450	0.5950701880
451	0.5953714698
452	0.5956647935
453	0.5959517794
454	0.5962449605
455	0.5965451197
456	0.5968457147
457	0.5971511165
458	0.5974632779
459	0.5977768300
460	0.5980846354
461	0.5983884559
462	0.5986841042
463	0.5989778071
464	0.5992718953
465	0.5995594317
466	0.5998401101
467	0.6001149014
468	0.6003847601
469	0.6006459467
470	0.6009061337
471	0.6011649596
472	0.6014240413
473	0.6016956144
474	0.6019738222
475	0.6022538428
476	0.6025399343
477	0.6028351828
478	0.6031323506
479	0.6034306297
480	0.6037329036
481	0.6040425914
482	0.6043582936
483	0.6046761825
484	0.6049990766
485	0.6053213394
486	0.6056423614
487	0.6059607336
488	0.6062732748
489	0.6065813017
490	0.6068899660
491	0.6071995622
492	0.6075081335
493	0.6078228603
494	0.6081398632
495	0.6084599039
496	0.6087822211
497	0.6091044454
498	0.6094315721
499	0.6097642951
500	0.6100982258
501	0.6104296030
502	0.6107686181
503	0.6111119042
504	0.6114555163
505	0.6118034588
506	0.6121481781
507	0.6124805330
508	0.6128011847
509	0.6131151155
510	0.6134245535
511	0.6137314422
512	0.6140285588
513	0.6143129183
514	0.6145870506
515	0.6148579362
516	0.6151302692
517	0.6153991548
518	0.6156656802
519	0.6159261606
520	0.6161790371
521	0.6164259576
522	0.6166698396
523	0.6169080819
524	0.6171440595
525	0.6173835871
526	0.6176242458
527	0.6178645424
528	0.6180948104
529	0.6183175145
530	0.6185369728
531	0.6187480503
532	0.6189488162
533	0.6191428886
534	0.6193303601
535	0.6195057839
536	0.6196732310
537	0.6198283376
538	0.6199701753
539	0.6201061869
540	0.6202372539
541	0.6203612816
542	0.6204810699
543	0.6205959308
544	0.6207038164
545	0.6208068549
546	0.6208990005
547	0.6209828565
548	0.6210629150
549	0.6211425107
550	0.6212205215
551	0.6212973205
552	0.6213796576
553	0.6214636791
554	0.6215443335
555	0.6216199192
556	0.6216914810
557	0.6217549637
558	0.6218103175
559	0.6218570987
560	0.6218956572
561	0.6219279268
562	0.6219486165
563	0.6219608840
564	0.6219620054
565	0.6219523795
566	0.6219345116
567	0.6219042694
568	0.6218592523
569	0.6218070818
570	0.6217507172
571	0.6216855061
572	0.6216156698
573	0.6215380377
574	0.6214483770
575	0.6213483011
576	0.6212394585
577	0.6211235260
578	0.6210041273
579	0.6208756787
580	0.6207377594
581	0.6206014340
582	0.6204631221
583	0.6203222998
584	0.6201779012
585	0.6200298180
586	0.6198745333
587	0.6197085877
588	0.6195320034
589	0.6193402617
590	0.6191347033
591	0.6189179946
592	0.6186927135
593	0.6184566114
594	0.6182121628
595	0.6179570249
596	0.6176917668
597	0.6174189387
598	0.6171340884
599	0.6168376750
600	0.6165285247
601	0.6162125906
602	0.6158886007
603	0.6155509713
604	0.6152046573
605	0.6148547419
606	0.6144966648
607	0.6141316628
608	0.6137639818
609	0.6133909686
610	0.6130167839
611	0.6126384729
612	0.6122553592
613	0.6118706297
614	0.6114852590
615	0.6110983207
616	0.6107158785
617	0.6103351563
618	0.6099546120
619	0.6095844175
620	0.6092173555
621	0.6088514461
622	0.6084861908
623	0.6081177642
624	0.6077426975
625	0.6073607350
626	0.6069756209
627	0.6065885585
628	0.6061994344
629	0.6057998971
630	0.6053898355
631	0.6049775442
632	0.6045750547
633	0.6041785316
634	0.6037829623
635	0.6033831493
636	0.6029703631
637	0.6025532439
638	0.6021438557
639	0.6017482584
640	0.6013547148
641	0.6009511872
642	0.6005367463
643	0.6001179789
644	0.5997045521
645	0.5993041207
646	0.5989099065
647	0.5985191690
648	0.5981405156
649	0.5977691565
650	0.5974028029
651	0.5970381814
652	0.5966801069
653	0.5963382867
654	0.5960135405
655	0.5956983295
656	0.5953888377
657	0.5950803792
658	0.5947700744
659	0.5944733074
660	0.5941852484
661	0.5939041958
662	0.5936362813
663	0.5933819937
664	0.5931389787
665	0.5928964852
666	0.5926453651
667	0.5923916656
668	0.5921439169
669	0.5918960201
670	0.5916488274
671	0.5914059591
672	0.5911708644
673	0.5909386471
674	0.5907048917
675	0.5904679446
676	0.5902289242
677	0.5899996745
678	0.5897787844
679	0.5895641866
680	0.5893596696
681	0.5891679601
682	0.5889825871
683	0.5887977935
684	0.5886092217
685	0.5884184814
686	0.5882289519
687	0.5880443782
688	0.5878657051
689	0.5876898821
690	0.5875279340
691	0.5873740983
692	0.5872219942
693	0.5870737499
694	0.5869351268
695	0.5868086227
696	0.5866880514
697	0.5865744640
698	0.5864799412
699	0.5864108918
700	0.5863561796
701	0.5863172284
702	0.5862875336
703	0.5862608693
704	0.5862383073
705	0.5862151717
706	0.5861986351
707	0.5861919420
708	0.5861893149
709	0.5861926976
710	0.5862075111
711	0.5862303001
712	0.5862630107
713	0.5862969536
714	0.5863305685
715	0.5863703451
716	0.5864136639
717	0.5864551668
718	0.5864953134
719	0.5865429794
720	0.5865982216
721	0.5866601467
722	0.5867262176
723	0.5867948935
724	0.5868661039
725	0.5869375262
726	0.5870024225
727	0.5870668560
728	0.5871361656
729	0.5872065206
730	0.5872848927
731	0.5873755430
732	0.5874794724
733	0.5875871357
734	0.5877031188
735	0.5878298770
736	0.5879579966
737	0.5880851277
738	0.5882134928
739	0.5883485283
740	0.5884872953
741	0.5886282592
742	0.5887753617
743	0.5889355397
744	0.5891040725
745	0.5892818421
746	0.5894671202
747	0.5896593604
748	0.5898631074
749	0.5900711535
750	0.5902849789
751	0.5905083883
752	0.5907377118
753	0.5909734558
754	0.5912209392
755	0.5914819744
756	0.5917626651
757	0.5920550189
758	0.5923538674
759	0.5926600771
760	0.5929647540
761	0.5932725410
762	0.5935850561
763	0.5938944168
764	0.5941931452
765	0.5944839281
766	0.5947719305
767	0.5950644535
768	0.5953613374
769	0.5956626351
770	0.5959685282
771	0.5962727575
772	0.5965715831
773	0.5968710463
774	0.5971767170
775	0.5974748097
776	0.5977701223
777	0.5980704962
778	0.5983725899
779	0.5986717894
780	0.5989685312
781	0.5992687184
782	0.5995725872
783	0.5998821325
784	0.6001944624
785	0.6005059568
786	0.6008141377
787	0.6011181055
788	0.6014150346
789	0.6017057766
790	0.6019894796
791	0.6022696466
792	0.6025507807
793	0.6028314006
794	0.6031118141
795	0.6033887039
796	0.6036677919
797	0.6039519904
798	0.6042400204
799	0.6045330833
800	0.6048318720
801	0.6051304556
802	0.6054314483
803	0.6057312937
804	0.6060241145
805	0.6063138226
806	0.6066010400
807	0.6068921600
808	0.6071821511
809	0.6074721003
810	0.6077724656
811	0.6080799833
812	0.6083874721
813	0.6086980009
814	0.6090105619
815	0.6093227207
816	0.6096337878
817	0.6099439292
818	0.6102590859
819	0.6105703586
820	0.6108761109
821	0.6111787685
822	0.6114787783
823	0.6117781396
824	0.6120832307
825	0.6123910966
826	0.6126906287
827	0.6129882008
828	0.6132881458
829	0.6135907466
830	0.6138944155
831	0.6141923923
832	0.6144774990
833	0.6147499515
834	0.6150096530
835	0.6152599355
836	0.6155037341
837	0.6157419875
838	0.6159738777
839	0.6161988577
840	0.6164198286
841	0.6166348127
842	0.6168445220
843	0.6170481645
844	0.6172502175
845	0.6174546997
846	0.6176591674
847	0.6178575753
848	0.6180503524
849	0.6182419700
850	0.6184320990
851	0.6186166579
852	0.6187950972
853	0.6189728775
854	0.6191426943
855	0.6193073368
856	0.6194676694
857	0.6196214754
858	0.6197723558
859	0.6199238365
860	0.6200791403
861	0.6202340503
862	0.6203844474
863	0.6205324502
864	0.6206743005
865	0.6208043111
866	0.6209292268
867	0.6210451825
868	0.6211554714
869	0.6212649376
870	0.6213725978
871	0.6214778335
872	0.6215773138
873	0.6216775625
874	0.6217782091
875	0.6218743968
876	0.6219701019
877	0.6220726285
878	0.6221812911
879	0.6222958301
880	0.6224146401
881	0.6225353159
882	0.6226583432
883	0.6227820249
884	0.6229014301
885	0.6230193137
886	0.6231381904
887	0.6232505553
888	0.6233574406
889	0.6234597542
890	0.6235607748
891	0.6236602276
892	0.6237566055
893	0.6238493120
894	0.6239387659
895	0.6240272372
896	0.6241176530
897	0.6242104794
898	0.6243009743
899	0.6243874674
900	0.6244701484
901	0.6245485276
902	0.6246175482
903	0.6246809467
904	0.6247403248
905	0.6247951045
906	0.6248465501
907	0.6248963827
908	0.6249445617
909	0.6249855389
910	0.6250228737
911	0.6250564310
912	0.6250847653
913	0.6251106843
914	0.6251331108
915	0.6251496554
916	0.6251670918
917	0.6251864349
918	0.6252049807
919	0.6252210432
920	0.6252369364
921	0.6252545771
922	0.6252639455
923	0.6252678065
924	0.6252670222
925	0.6252583669
926	0.6252444456
927	0.6252258347
928	0.6252027001
929	0.6251775869
930	0.6251501704
931	0.6251216964
932	0.6250901178
933	0.6250553986
934	0.6250209632
935	0.6249852822
936	0.6249515148
937	0.6249174170
938	0.6248826939
939	0.6248503024
940	0.6248223306
941	0.6247959385
942	0.6247701312
943	0.6247417030
944	0.6247045224
945	0.6246658249
946	0.6246278244
947	0.6245897336
948	0.6245520804
949	0.6245121567
950	0.6244647220
951	0.6244117343
952	0.6243589661
953	0.6243133674
954	0.6242715779
955	0.6242234932
956	0.6241674659
957	0.6241071753
958	0.6240495702
959	0.6239968465
960	0.6239494402
961	0.6239024169
962	0.6238550061
963	0.6238077511
964	0.6237605537
965	0.6237158338
966	0.6236730985
967	0.6236287939
968	0.6235837720
969	0.6235406638
970	0.6234940519
971	0.6234390565
972	0.6233794722
973	0.6233226442
974	0.6232696922
975	0.6232259041
976	0.6231890953
977	0.6231523441
978	0.6231184014
979	0.6230890453
980	0.6230625605
981	0.6230367409
982	0.6230134241
983	0.6229963659
984	0.6229844039
985	0.6229741502
986	0.6229630385
987	0.6229475120
988	0.6229348104
989	0.6229229963
990	0.6229095506
991	0.6228962741
992	0.6228817000
993	0.6228674479
994	0.6228489400
995	0.6228237857
996	0.6227913517
997	0.6227539879
998	0.6227135368
999	0.6226718083
1000	0.6226287477
1001	0.6225843518
1002	0.6225373316
1003	0.6224895699
1004	0.6224408405
1005	0.6223835365
1006	0.6223212193
1007	0.6222608612
1008	0.6222027805
1009	0.6221454101
1010	0.6220895965
1011	0.6220327021
1012	0.6219757866
1013	0.6219162456
1014	0.6218522204
1015	0.6217877665
1016	0.6217221608
1017	0.6216560747
1018	0.6215874241
1019	0.6215147786
1020	0.6214406956
1021	0.6213659755
1022	0.6212851703
1023	0.6211965632
1024	0.6211006481
1025	0.6210026490
1026	0.6209060007
1027	0.6208095733
1028	0.6207140399
1029	0.6206229866
1030	0.6205357381
1031	0.6204456924
1032	0.6203540634
1033	0.6202599942
1034	0.6201619193
1035	0.6200613371
1036	0.6199606709
1037	0.6198586596
1038	0.6197551597
1039	0.6196507687
1040	0.6195418785
1041	0.6194269125
1042	0.6193103552
1043	0.6191901621
1044	0.6190644678
1045	0.6189379795
1046	0.6188087312
1047	0.6186801515
1048	0.6185496921
1049	0.6184147746
1050	0.6182749849
1051	0.6181314131
1052	0.6179851645
1053	0.6178284265
1054	0.6176641195
1055	0.6174989105
1056	0.6173330903
1057	0.6171664427
1058	0.6170001705
1059	0.6168391359
1060	0.6166866756
1061	0.6165348832
1062	0.6163838966
1063	0.6162344552
1064	0.6160854581
1065	0.6159360513
1066	0.6157854177
1067	0.6156346571
1068	0.6154824458
1069	0.6153310432
1070	0.6151799535
1071	0.6150296710
1072	0.6148800122
1073	0.6147269170
1074	0.6145642742
1075	0.6143965050
1076	0.6142272004
1077	0.6140561450
1078	0.6138871379
1079	0.6137199271
1080	0.6135520065
1081	0.6133838509
1082	0.6132159658
1083	0.6130517338
1084	0.6128937778
1085	0.6127332341
1086	0.6125689615
1087	0.6124019595
1088	0.6122366671
1089	0.6120747493
1090	0.6119151510
1091	0.6117602118
1092	0.6116094181
1093	0.6114633343
1094	0.6113197751
1095	0.6111759159
1096	0.6110301099
1097	0.6108862536
1098	0.6107411301
1099	0.6105938548
1100	0.6104478045
1101	0.6103022323
1102	0.6101506327
1103	0.6099977393
1104	0.6098492526
1105	0.6097035277
1106	0.6095608921
1107	0.6094186862
1108	0.6092795335
1109	0.6091413419
1110	0.6090003917
1111	0.6088527046
1112	0.6087057575
1113	0.6085642275
1114	0.6084231687
1115	0.6082885219
1116	0.6081591123
1117	0.6080279333
1118	0.6078999634
1119	0.6077759320
1120	0.6076521938
1121	0.6075268344
1122	0.6074017731
1123	0.6072817305
1124	0.6071618468
1125	0.6070432498
1126	0.6069250482
1127	0.6068119318
1128	0.6067054609
1129	0.6065989938
1130	0.6064927005
1131	0.6063845469
1132	0.6062738368
1133	0.6061588651
1134	0.6060345718
1135	0.6059002166
1136	0.6057553959
1137	0.6055964728
1138	0.6054335129
1139	0.6052738470
1140	0.6051172214
1141	0.6049602632
1142	0.6048042966
1143	0.6046478706
1144	0.6044907306
1145	0.6043374053
1146	0.6041893098
1147	0.6040435786
1148	0.6038947603
1149	0.6037423685
1150	0.6035908451
1151	0.6034501996
1152	0.6033135377
1153	0.6031788828
1154	0.6030481703
1155	0.6029208203
1156	0.6027985667
1157	0.6026770532
1158	0.6025571939
1159	0.6024455749
1160	0.6023384274
1161	0.6022323351
1162	0.6021311922
1163	0.6020279847
1164	0.6019221450
1165	0.6018164041
1166	0.6017178748
1167	0.6016263864
1168	0.6015406815
1169	0.6014628420
1170	0.6013868204
1171	0.6013081033
1172	0.6012274967
1173	0.6011438544
1174	0.6010508295
1175	0.6009532907
1176	0.6008558413
1177	0.6007583936
1178	0.6006586164
1179	0.6005544158
1180	0.6004509342
1181	0.6003550687
1182	0.6002606646
1183	0.6001712972
1184	0.6000894221
1185	0.6000112768
1186	0.5999365522
1187	0.5998665238
1188	0.5997962419
1189	0.5997204346
1190	0.5996505394
1191	0.5995815464
1192	0.5995101237
1193	0.5994382170
1194	0.5993653018
1195	0.5992966644
1196	0.5992290526
1197	0.5991571711
1198	0.5990872370
1199	0.5990220067
1200	0.5989595807
1201	0.5988967811
1202	0.5988334262
1203	0.5987658726
1204	0.5986861308
1205	0.5986012355
1206	0.5985140119
1207	0.5984290387
1208	0.5983454964
1209	0.5982671374
1210	0.5981976887
1211	0.5981313329
1212	0.5980697261
1213	0.5980153676
1214	0.5979640059
1215	0.5979121217
1216	0.5978596329
1217	0.5978087090
1218	0.5977685753
1219	0.5977361029
1220	0.5977095548
1221	0.5976921214
1222	0.5976867146
1223	0.5976900667
1224	0.5977010700
1225	0.5977194134
1226	0.5977459075
1227	0.5977857872
1228	0.5978397707
1229	0.5979009539
1230	0.5979673979
1231	0.5980407383
1232	0.5981146677
1233	0.5981882105
1234	0.5982580424
1235	0.5983293920
1236	0.5984013049
1237	0.5984694959
1238	0.5985436174
1239	0.5986238154
1240	0.5987041870
1241	0.5987902840
1242	0.5988816380
1243	0.5989785429
1244	0.5990836550
1245	0.5991957104
1246	0.5993133673
1247	0.5994318598
1248	0.5995562298
1249	0.5996818019
1250	0.5998054642
1251	0.5999292903
1252	0.6000566521
1253	0.6001830567
1254	0.6003064391
1255	0.6004322559
1256	0.6005648388
1257	0.6007083325
1258	0.6008578982
1259	0.6010142465
1260	0.6011713504
1261	0.6013277864
1262	0.6014959968
1263	0.6016763637
1264	0.6018581570
1265	0.6020419079
1266	0.6022261390
1267	0.6024121187
1268	0.6026058422
1269	0.6028163854
1270	0.6030400348
1271	0.6032665547
1272	0.6034861460
1273	0.6036976251
1274	0.6039196906
1275	0.6041502551
1276	0.6043884202
1277	0.6046332479
1278	0.6048761490
1279	0.6051179189
1280	0.6053623746
1281	0.6056092620
1282	0.6058539783
1283	0.6060932911
1284	0.6063290949
1285	0.6065622712
1286	0.6067924568
1287	0.6070168058
1288	0.6072378667
1289	0.6074671304
1290	0.6077098892
1291	0.6079673066
1292	0.6082302714
1293	0.6084958864
1294	0.6087653449
1295	0.6090393286
1296	0.6093192751
1297	0.6096047457
1298	0.6098945250
1299	0.6101888735
1300	0.6104842487
1301	0.6107799160
1302	0.6110759856
1303	0.6113661644
1304	0.6116564441
1305	0.6119530641
1306	0.6122560260
1307	0.6125615970
1308	0.6128680862
1309	0.6131725639
1310	0.6134788097
1311	0.6137889072
1312	0.6141002672
1313	0.6144113538
1314	0.6147290941
1315	0.6150534169
1316	0.6153764724
1317	0.6156940127
1318	0.6160046798
1319	0.6163152355
1320	0.6166217264
1321	0.6169275417
1322	0.6172329266
1323	0.6175379344
1324	0.6178506778
1325	0.6181654659
1326	0.6184736078
1327	0.6187774324
1328	0.6190790191
1329	0.6193795789
1330	0.6196818713
1331	0.6199873596
1332	0.6202928412
1333	0.6205948738
1334	0.6208975917
1335	0.6211989370
1336	0.6214968940
1337	0.6217942056
1338	0.6220968878
1339	0.6224000831
1340	0.6227019579
1341	0.6230055894
1342	0.6233132072
1343	0.6236226563
1344	0.6239308706
1345	0.6242436920
1346	0.6245593488
1347	0.6248822489
1348	0.6252151345
1349	0.6255534971
1350	0.6258960643
1351	0.6262407646
1352	0.6265858498
1353	0.6269290242
1354	0.6272643615
1355	0.6275923565
1356	0.6279187131
1357	0.6282475104
1358	0.6285742312
1359	0.6289009633
1360	0.6292275656
1361	0.6295521322
1362	0.6298764622
1363	0.6301932471
1364	0.6305062418
1365	0.6308204731
1366	0.6311334771
1367	0.6314441544
1368	0.6317540920
1369	0.6320623874
1370	0.6323669565
1371	0.6326646932
1372	0.6329565591
1373	0.6332445791
1374	0.6335288621
1375	0.6338079697
1376	0.6340828576
1377	0.6343547873
1378	0.6346216694
1379	0.6348831358
1380	0.6351366823
1381	0.6353849153
1382	0.6356284490
1383	0.6358668767
1384	0.6361008538
1385	0.6363344676
1386	0.6365714027
1387	0.6368122972
1388	0.6370540478
1389	0.6372945942
1390	0.6375337723
1391	0.6377727173
1392	0.6380131603
1393	0.6382496283
1394	0.6384827826
1395	0.6387141059
1396	0.6389423879
1397	0.6391684236
1398	0.6393947490
1399	0.6396212893
1400	0.6398462583
1401	0.6400661897
1402	0.6402799142
1403	0.6404897107
1404	0.6406997606
1405	0.6409078849
1406	0.6411131616
1407	0.6413174350
1408	0.6415200914
1409	0.6417211792
1410	0.6419179846
1411	0.6421122923
1412	0.6423014388
1413	0.6424866051
1414	0.6426703746
1415	0.6428492496
1416	0.6430243819
1417	0.6431985630
1418	0.6433696325
1419	0.6435369559
1420	0.6437035205
1421	0.6438679159
1422	0.6440272196
1423	0.6441831726
1424	0.6443383987
1425	0.6444921846
1426	0.6446439935
1427	0.6447967368
1428	0.6449526544
1429	0.6451097671
1430	0.6452661370
1431	0.6454188823
1432	0.6455683323
1433	0.6457129720
1434	0.6458532416
1435	0.6459904007
1436	0.6461245494
1437	0.6462555111
1438	0.6463810026
1439	0.6465035747
1440	0.6466239229
1441	0.6467411748
1442	0.6468553382
1443	0.6469670540
1444	0.6470772022
1445	0.6471849275
1446	0.6472883651
1447	0.6473887315
1448	0.6474874802
1449	0.6475848678
1450	0.6476799632
1451	0.6477729918
1452	0.6478635134
1453	0.6479531318
1454	0.6480416303
1455	0.6481258510
1456	0.6482069450
1457	0.6482844426
1458	0.6483577214
1459	0.6484286066
1460	0.6484980085
1461	0.6485647131
1462	0.6486272033
1463	0.6486840992
1464	0.6487366691
1465	0.6487859124
1466	0.6488322786
1467	0.6488758777
1468	0.6489163048
1469	0.6489529881
1470	0.6489866038
1471	0.6490181203
1472	0.6490477215
1473	0.6490753165
1474	0.6491004659
1475	0.6491241669
1476	0.6491462074
1477	0.6491651966
1478	0.6491802609
1479	0.6491924706
1480	0.6492024985
1481	0.6492112748
1482	0.6492181887
1483	0.6492235078
1484	0.6492283781
1485	0.6492336470
1486	0.6492390125
1487	0.6492435380
1488	0.6492474663
1489	0.6492500345
1490	0.6492517972
1491	0.6492525650
1492	0.6492519693
1493	0.6492503925
1494	0.6492481358
1495	0.6492455673
1496	0.6492424458
1497	0.6492381301
1498	0.6492320590
1499	0.6492246779
1500	0.6492157651
1501	0.6492041842
1502	0.6491917508
1503	0.6491783867
1504	0.6491631611
1505	0.6491459170
1506	0.6491274779
1507	0.6491074704
1508	0.6490846524
1509	0.6490608185
1510	0.6490362922
1511	0.6490101051
1512	0.6489825580
1513	0.6489543469
1514	0.6489254039
1515	0.6488958248
1516	0.6488647718
1517	0.6488328600
1518	0.6488017582
1519	0.6487715771
1520	0.6487416429
1521	0.6487113708
1522	0.6486802203
1523	0.6486475515
1524	0.6486129063
1525	0.6485769291
1526	0.6485388233
1527	0.6484994146
1528	0.6484591741
1529	0.6484174498
1530	0.6483754643
1531	0.6483329204
1532	0.6482909542
1533	0.6482492826
1534	0.6482080046
1535	0.6481669857
1536	0.6481267706
1537	0.6480880755
1538	0.6480494100
1539	0.6480104158
1540	0.6479723066
1541	0.6479351497
1542	0.6478989474
1543	0.6478634428
1544	0.6478292259
1545	0.6477966117
1546	0.6477643665
1547	0.6477327656
1548	0.6477017108
1549	0.6476697511
1550	0.6476356484
1551	0.6476011627
1552	0.6475650648
1553	0.6475277307
1554	0.6474896732
1555	0.6474503583
1556	0.6474108068
1557	0.6473703227
1558	0.6473283148
1559	0.6472862078
1560	0.6472446024
1561	0.6472045463
1562	0.6471672119
1563	0.6471308691
1564	0.6470955136
1565	0.6470606761
1566	0.6470256391
1567	0.6469900145
1568	0.6469539437
1569	0.6469188458
1570	0.6468855669
1571	0.6468527758
1572	0.6468200927
1573	0.6467881811
1574	0.6467574698
1575	0.6467276792
1576	0.6466984631
1577	0.6466686116
1578	0.6466370891
1579	0.6466028386
1580	0.6465684621
1581	0.6465384373
1582	0.6465102193
1583	0.6464815724
1584	0.6464517747
1585	0.6464234987
1586	0.6463974679
1587	0.6463744935
1588	0.6463551252
1589	0.6463360277
1590	0.6463153398
1591	0.6462929989
1592	0.6462717101
1593	0.6462522405
1594	0.6462327235
1595	0.6462133408
1596	0.6461926566
1597	0.6461695609
1598	0.6461470338
1599	0.6461272661
1600	0.6461084648
1601	0.6460906728
1602	0.6460763934
1603	0.6460630627
1604	0.6460498032
1605	0.6460345961
1606	0.6460161789
1607	0.6459963756
1608	0.6459773512
1609	0.6459581127
1610	0.6459369329
1611	0.6459139523
1612	0.6458895057
1613	0.6458645216
1614	0.6458395146
1615	0.6458139792
1616	0.6457874356
1617	0.6457626486
1618	0.6457379433
1619	0.6457116916
1620	0.6456846962
1621	0.6456559343
1622	0.6456263556
1623	0.6455975604
1624	0.6455682335
1625	0.6455375531
1626	0.6455026463
1627	0.6454634885
1628	0.6454216891
1629	0.6453782896
1630	0.6453334704
1631	0.6452866292
1632	0.6452404585
1633	0.6451929485
1634	0.6451431412
1635	0.6450903445
1636	0.6450346464
1637	0.6449772821
1638	0.6449199463
1639	0.6448636834
1640	0.6448083905
1641	0.6447550857
1642	0.6447045762
1643	0.6446561769
1644	0.6446097678
1645	0.6445647403
1646	0.6445213135
1647	0.6444810293
1648	0.6444442547
1649	0.6444092173
1650	0.6443719424
1651	0.6443325531
1652	0.6442932861
1653	0.6442546637
1654	0.6442148895
1655	0.6441759107
1656	0.6441384232
1657	0.6441012965
1658	0.6440625958
1659	0.6440215218
1660	0.6439803712
1661	0.6439395720
1662	0.6438975755
1663	0.6438564865
1664	0.6438166132
1665	0.6437764936
1666	0.6437372094
1667	0.6436955558
1668	0.6436508180
1669	0.6436035438
1670	0.6435544016
1671	0.6435043425
1672	0.6434518188
1673	0.6433985407
1674	0.6433475428
1675	0.6432977837
1676	0.6432481129
1677	0.6431985538
1678	0.6431492032
1679	0.6430999479
1680	0.6430527341
1681	0.6430067079
1682	0.6429602934
1683	0.6429125341
1684	0.6428654037
1685	0.6428184615
1686	0.6427667156
1687	0.6427129927
1688	0.6426582991
1689	0.6426037296
1690	0.6425496603
1691	0.6424966245
1692	0.6424448203
1693	0.6423939418
1694	0.6423438117
1695	0.6422926928
1696	0.6422405435
1697	0.6421901973
1698	0.6421426416
1699	0.6420963084
1700	0.6420501912
1701	0.6420051393
1702	0.6419604303
1703	0.6419142525
1704	0.6418680677
1705	0.6418204184
1706	0.6417712060
1707	0.6417225144
1708	0.6416765194
1709	0.6416335750
1710	0.6415968355
1711	0.6415635955
1712	0.6415305457
1713	0.6414979179
1714	0.6414653584
1715	0.6414344500
1716	0.6414060418
1717	0.6413772306
1718	0.6413474907
1719	0.6413207993
1720	0.6412952998
1721	0.6412709179
1722	0.6412495590
1723	0.6412324979
1724	0.6412180635
1725	0.6412046336
1726	0.6411933592
1727	0.6411855078
1728	0.6411818553
1729	0.6411801269
1730	0.6411799249
1731	0.6411861789
1732	0.6411959002
1733	0.6412065596
1734	0.6412182969
1735	0.6412311869
1736	0.6412496115
1737	0.6412727566
1738	0.6413000164
1739	0.6413309040
1740	0.6413651188
1741	0.6414016955
1742	0.6414413306
1743	0.6414838124
1744	0.6415273193
1745	0.6415732212
1746	0.6416221652
1747	0.6416718264
1748	0.6417221451
1749	0.6417744049
1750	0.6418278389
1751	0.6418803451
1752	0.6419317956
1753	0.6419817279
1754	0.6420280805
1755	0.6420705481
1756	0.6421106922
1757	0.6421510242
1758	0.6421923671
1759	0.6422364569
1760	0.6422846273
1761	0.6423370467
1762	0.6423921535
1763	0.6424495440
1764	0.6425083265
1765	0.6425705391
1766	0.6426368980
1767	0.6427058644
1768	0.6427750174
1769	0.6428458698
1770	0.6429207756
1771	0.6429989130
1772	0.6430783405
1773	0.6431574388
1774	0.6432362960
1775	0.6433122956
1776	0.6433898818
1777	0.6434710192
1778	0.6435529301
1779	0.6436353008
1780	0.6437170059
1781	0.6437981562
1782	0.6438800326
1783	0.6439618931
1784	0.6440441938
1785	0.6441255200
1786	0.6442061820
1787	0.6442866774
1788	0.6443652988
1789	0.6444433563
1790	0.6445236002
1791	0.6446044811
1792	0.6446840524
1793	0.6447645607
1794	0.6448450601
1795	0.6449250068
1796	0.6450021548
1797	0.6450781596
1798	0.6451547640
1799	0.6452322655
1800	0.6453100876
1801	0.6453861361
1802	0.6454626147
1803	0.6455405519
1804	0.6456175122
1805	0.6456933700
1806	0.6457689944
1807	0.6458422756
1808	0.6459118874
1809	0.6459784189
1810	0.6460427774
1811	0.6461045532
1812	0.6461650510
1813	0.6462259394
1814	0.6462872910
1815	0.6463472769
1816	0.6464053655
1817	0.6464613265
1818	0.6465155225
1819	0.6465676994
1820	0.6466175651
1821	0.6466652580
1822	0.6467106433
1823	0.6467523197
1824	0.6467904515
1825	0.6468258402
1826	0.6468572768
1827	0.6468858119
1828	0.6469121324
1829	0.6469354228
1830	0.6469557446
1831	0.6469732684
1832	0.6469870291
1833	0.6469983710
1834	0.6470078623
1835	0.6470149802
1836	0.6470212747
1837	0.6470270031
1838	0.6470327695
1839	0.6470385691
1840	0.6470411609
1841	0.6470407458
1842	0.6470380665
1843	0.6470336095
1844	0.6470266898
1845	0.6470175084
1846	0.6470058560
1847	0.6469907843
1848	0.6469734992
1849	0.6469532351
1850	0.6469299240
1851	0.6469034932
1852	0.6468745126
1853	0.6468441701
1854	0.6468115775
1855	0.6467768487
1856	0.6467424777
1857	0.6467078442
1858	0.6466730059
1859	0.6466378051
1860	0.6466018520
1861	0.6465646779
1862	0.6465254283
1863	0.6464828598
1864	0.6464374636
1865	0.6463904081
1866	0.6463397748
1867	0.6462855065
1868	0.6462299550
1869	0.6461738772
1870	0.6461158737
1871	0.6460558159
1872	0.6459932914
1873	0.6459279049
1874	0.6458595550
1875	0.6457886146
1876	0.6457145745
1877	0.6456370041
1878	0.6455556324
1879	0.6454716462
1880	0.6453841902
1881	0.6452933728
1882	0.6451981796
1883	0.6450983122
1884	0.6449950449
1885	0.6448883246
1886	0.6447776808
1887	0.6446631882
1888	0.6445459171
1889	0.6444217727
1890	0.6442897598
1891	0.6441520892
1892	0.6440112762
1893	0.6438677958
1894	0.6437200875
1895	0.6435690962
1896	0.6434136036
1897	0.6432548796
1898	0.6430970407
1899	0.6429378391
1900	0.6427746794
1901	0.6426050326
1902	0.6424295197
1903	0.6422513171
1904	0.6420728236
1905	0.6418944256
1906	0.6417147942
1907	0.6415297077
1908	0.6413366164
1909	0.6411374731
1910	0.6409351004
1911	0.6407311151
1912	0.6405202917
1913	0.6403045405
1914	0.6400859647
1915	0.6398616900
1916	0.6396339206
1917	0.6394037967
1918	0.6391699085
1919	0.6389336290
1920	0.6386944729
1921	0.6384509081
1922	0.6381993400
1923	0.6379401679
1924	0.6376739035
1925	0.6374003010
1926	0.6371235913
1927	0.6368417642
1928	0.6365486233
1929	0.6362440168
1930	0.6359316916
1931	0.6356165110
1932	0.6353010624
1933	0.6349823130
1934	0.6346633153
1935	0.6343449666
1936	0.6340278344
1937	0.6337071256
1938	0.6333812516
1939	0.6330510343
1940	0.6327203386
1941	0.6323900856
1942	0.6320545175
1943	0.6317130299
1944	0.6313667640
1945	0.6310174969
1946	0.6306641508
1947	0.6303112356
1948	0.6299591111
1949	0.6296031770
1950	0.6292444465
1951	0.6288830899
1952	0.6285150113
1953	0.6281385544
1954	0.6277557743
1955	0.6273701992
1956	0.6269811829
1957	0.6265869158
1958	0.6261850222
1959	0.6257816909
1960	0.6253740196
1961	0.6249616493
1962	0.6245486633
1963	0.6241288121
1964	0.6237060037
1965	0.6232822114
1966	0.6228526731
1967	0.6224111579
1968	0.6219497821
1969	0.6214692156
1970	0.6209791093
1971	0.6204799010
1972	0.6199702771
1973	0.6194517339
1974	0.6189270253
1975	0.6183899979
1976	0.6178391007
1977	0.6172737811
1978	0.6166925742
1979	0.6160994405
1980	0.6154951002
1981	0.6148853602
1982	0.6142668801
1983	0.6136356318
1984	0.6130001326
1985	0.6123587880
1986	0.6117059537
1987	0.6110481531
1988	0.6103862747
1989	0.6097189938
1990	0.6090472826
1991	0.6083661301
1992	0.6076741333
1993	0.6069770229
1994	0.6062694829
1995	0.6055513454
1996	0.6048208112
1997	0.6040814233
1998	0.6033345971
1999	0.6025802621
