0	2.5912592505
1	2.5922887586
2	2.5943790144
3	2.5969017704
4	2.5998383636
5	2.6029318289
6	2.6062161777
7	2.6094849027
8	2.6127928106
9	2.6159695849
10	2.6190662951
11	2.6219574129
12	2.6246749539
13	2.6271435206
14	2.6293709408
15	2.6313294588
16	2.6330058824
17	2.6344112820
18	2.6355192553
19	2.6363679972
20	2.6369266329
21	2.6372489951
22	2.6373069646
23	2.6371603811
24	2.6367888537
25	2.6362506174
26	2.6355361998
27	2.6346960443
28	2.6337337776
29	2.6326868584
30	2.6315734464
31	2.6304141328
32	2.6292418112
33	2.6280586865
34	2.6269104193
35	2.6257826172
36	2.6247282865
37	2.6237208908
38	2.6228111811
39	2.6219674701
40	2.6212294165
41	2.6205728224
42	2.6200217966
43	2.6195675543
44	2.6192075991
45	2.6189453280
46	2.6187524003
47	2.6186523683
48	2.6186021778
49	2.6186318930
50	2.6186831110
51	2.6187869681
52	2.6188939401
53	2.6190256282
54	2.6191386849
55	2.6192372430
56	2.6193056639
57	2.6193274516
58	2.6193009758
59	2.6191909325
60	2.6190241131
61	2.6187558875
62	2.6184244448
63	2.6179820099
64	2.6174548783
65	2.6167823935
66	2.6160004887
67	2.6151165378
68	2.6141687227
69	2.6131419681
70	2.6120027056
71	2.6107579291
72	2.6093996091
73	2.6079809239
74	2.6064523419
75	2.6048622912
76	2.6032139143
77	2.6015905177
78	2.5999329822
79	2.5982596868
80	2.5965754757
81	2.5949028499
82	2.5932097379
83	2.5914827826
84	2.5897859046
85	2.5881030698
86	2.5864617800
87	2.5848350498
88	2.5833186558
89	2.5818521701
90	2.5804550023
91	2.5791133361
92	2.5778659100
93	2.5766419860
94	2.5754446500
95	2.5743113846
96	2.5731873697
97	2.5720833984
98	2.5709992747
99	2.5699816779
100	2.5689421264
101	2.5679643638
102	2.5670097045
103	2.5660804286
104	2.5651419330
105	2.5642390675
106	2.5633142368
107	2.5623360795
108	2.5613433047
109	2.5602683659
110	2.5591163051
111	2.5578674914
112	2.5565619001
113	2.5551044955
114	2.5535951516
115	2.5519909848
116	2.5503031587
117	2.5485565811
118	2.5467881995
119	2.5449645701
120	2.5431064916
121	2.5412421629
122	2.5392971059
123	2.5374062789
124	2.5355786435
125	2.5338267213
126	2.5320078934
127	2.5300154766
128	2.5277267777
129	2.5254381361
130	2.5234883313
131	2.5219514533
132	2.5205091026
133	2.5185546464
134	2.5158817465
135	2.5129167752
136	2.5103748524
137	2.5083952541
138	2.5068027435
139	2.5052281788
140	2.5037066893
141	2.5022940416
142	2.5007367374
143	2.4987286807
144	2.4964899464
145	2.4945085477
146	2.4929711335
147	2.4918258181
148	2.4909226095
149	2.4905293072
150	2.4905592237
151	2.4905687276
152	2.4902210661
153	2.4896678020
154	2.4889015512
155	2.4877693590
156	2.4862462878
157	2.4846611805
158	2.4833589197
159	2.4821446175
160	2.4810672027
161	2.4803617989
162	2.4800338788
163	2.4796911174
164	2.4792963138
165	2.4788726720
166	2.4783100926
167	2.4772814315
168	2.4758180342
169	2.4741926937
170	2.4722602346
171	2.4700469798
172	2.4678975504
173	2.4660420877
174	2.4643203719
175	2.4629222635
176	2.4620219411
177	2.4616175090
178	2.4614442154
179	2.4615624949
180	2.4620106257
181	2.4624049522
182	2.4626459748
183	2.4628142987
184	2.4627152819
185	2.4620808992
186	2.4611195051
187	2.4598184218
188	2.4581378358
189	2.4561346688
190	2.4541109599
191	2.4519834825
192	2.4496399058
193	2.4474556072
194	2.4456552800
195	2.4443265634
196	2.4436331722
197	2.4434122881
198	2.4430301296
199	2.4425819304
200	2.4426001468
201	2.4435506813
202	2.4452619869
203	2.4471764148
204	2.4484622978
205	2.4487532044
206	2.4487753331
207	2.4490962886
208	2.4495387271
209	2.4498646051
210	2.4501051599
211	2.4500923400
212	2.4498311750
213	2.4489980058
214	2.4474085380
215	2.4455087545
216	2.4440864375
217	2.4432519930
218	2.4426774383
219	2.4425892972
220	2.4430742575
221	2.4438180495
222	2.4444704805
223	2.4449091947
224	2.4452154709
225	2.4458680738
226	2.4467463887
227	2.4477318337
228	2.4492017884
229	2.4512833317
230	2.4534748689
231	2.4553672562
232	2.4570422177
233	2.4582521900
234	2.4587415444
235	2.4584325257
236	2.4575022261
237	2.4562507086
238	2.4548544677
239	2.4531464248
240	2.4515465956
241	2.4503014717
242	2.4489795500
243	2.4475041225
244	2.4460512392
245	2.4445077681
246	2.4425532197
247	2.4403919531
248	2.4382166055
249	2.4361696650
250	2.4343455861
251	2.4329639323
252	2.4323641669
253	2.4326850665
254	2.4336368553
255	2.4353685328
256	2.4380400196
257	2.4410673434
258	2.4443511467
259	2.4479261567
260	2.4514952602
261	2.4547242309
262	2.4577611118
263	2.4606815952
264	2.4634439233
265	2.4660534440
266	2.4685965991
267	2.4711789136
268	2.4737139773
269	2.4761828972
270	2.4787532253
271	2.4812428462
272	2.4831622660
273	2.4847442627
274	2.4858442510
275	2.4861104529
276	2.4856131609
277	2.4844042697
278	2.4823662031
279	2.4796267927
280	2.4764463292
281	2.4728742312
282	2.4690504872
283	2.4652035007
284	2.4616517621
285	2.4584083415
286	2.4554712616
287	2.4530396796
288	2.4512359181
289	2.4497144886
290	2.4486026730
291	2.4479597636
292	2.4474100319
293	2.4471300048
294	2.4471251392
295	2.4471699590
296	2.4473210460
297	2.4477822236
298	2.4484222599
299	2.4492752651
300	2.4505043067
301	2.4522435527
302	2.4544508830
303	2.4571450793
304	2.4604838249
305	2.4644198712
306	2.4688090446
307	2.4736793962
308	2.4789620624
309	2.4842698068
310	2.4897097128
311	2.4950197999
312	2.4998891279
313	2.5044460953
314	2.5085275855
315	2.5118610306
316	2.5145110246
317	2.5164962491
318	2.5177457299
319	2.5184623861
320	2.5187971937
321	2.5187303424
322	2.5180469000
323	2.5167910596
324	2.5151929831
325	2.5136617932
326	2.5125268049
327	2.5116636944
328	2.5103150700
329	2.5081316224
330	2.5055131962
331	2.5030958561
332	2.5017553589
333	2.5011128039
334	2.4998505861
335	2.4973341658
336	2.4938691635
337	2.4902027661
338	2.4870906578
339	2.4844121285
340	2.4816307898
341	2.4786681079
342	2.4757421771
343	2.4727797957
344	2.4693772666
345	2.4656613172
346	2.4623595728
347	2.4603287964
348	2.4597043984
349	2.4599853776
350	2.4605974180
351	2.4617553441
352	2.4635148721
353	2.4653768978
354	2.4673669599
355	2.4697146221
356	2.4729276067
357	2.4772991338
358	2.4821980590
359	2.4870346983
360	2.4919677818
361	2.4967909899
362	2.5009695003
363	2.5042383685
364	2.5069398789
365	2.5095965161
366	2.5123278025
367	2.5149844366
368	2.5175969804
369	2.5204538222
370	2.5233460319
371	2.5257384699
372	2.5274292930
373	2.5288078567
374	2.5299170279
375	2.5307323481
376	2.5314628386
377	2.5324236403
378	2.5340212354
379	2.5359382651
380	2.5377941387
381	2.5398306896
382	2.5418985967
383	2.5433975969
384	2.5442419991
385	2.5445839188
386	2.5446057869
387	2.5442504356
388	2.5435715601
389	2.5429352643
390	2.5425348797
391	2.5420910447
392	2.5413907880
393	2.5406149371
394	2.5396484753
395	2.5381114943
396	2.5358720217
397	2.5332570346
398	2.5302914688
399	2.5270064860
400	2.5236693209
401	2.5207227351
402	2.5184613775
403	2.5166080476
404	2.5152891474
405	2.5148276454
406	2.5148191200
407	2.5149795985
408	2.5155019291
409	2.5162836224
410	2.5171622494
411	2.5179797777
412	2.5189242334
413	2.5201952419
414	2.5216672454
415	2.5233816205
416	2.5256701855
417	2.5285252381
418	2.5315802583
419	2.5348326132
420	2.5382432207
421	2.5414528736
422	2.5440601656
423	2.5461727276
424	2.5477777244
425	2.5486636515
426	2.5488655197
427	2.5486418934
428	2.5482210752
429	2.5474338189
430	2.5464906555
431	2.5458183789
432	2.5452369904
433	2.5447178326
434	2.5445796936
435	2.5446651029
436	2.5448415800
437	2.5450562437
438	2.5453184053
439	2.5455193816
440	2.5454366843
441	2.5452296387
442	2.5450771796
443	2.5448762831
444	2.5447145241
445	2.5449978358
446	2.5456720376
447	2.5466264680
448	2.5480152792
449	2.5499709523
450	2.5522481172
451	2.5546822484
452	2.5572776564
453	2.5597183766
454	2.5617998328
455	2.5636017062
456	2.5653151512
457	2.5667621127
458	2.5677016872
459	2.5682020888
460	2.5681713786
461	2.5677204417
462	2.5675071186
463	2.5676139670
464	2.5677829621
465	2.5679553335
466	2.5681671735
467	2.5686220302
468	2.5694631504
469	2.5708519383
470	2.5726530661
471	2.5745050690
472	2.5763456538
473	2.5782999470
474	2.5800619741
475	2.5814837034
476	2.5827848671
477	2.5840803826
478	2.5854285173
479	2.5868810718
480	2.5883752195
481	2.5897120649
482	2.5910734050
483	2.5926180469
484	2.5942173399
485	2.5958171168
486	2.5975483125
487	2.5994298285
488	2.6012260061
489	2.6027953231
490	2.6040362268
491	2.6047216774
492	2.6050055136
493	2.6049813667
494	2.6044156315
495	2.6035082028
496	2.6024450233
497	2.6011609494
498	2.5995320892
499	2.5976238262
500	2.5956106178
501	2.5935574673
502	2.5915636893
503	2.5898229936
504	2.5883941057
505	2.5874130148
506	2.5870658934
507	2.5871151625
508	2.5874885327
509	2.5882714816
510	2.5893065549
511	2.5903344493
512	2.5913959783
513	2.5925566776
514	2.5937223894
515	2.5949061078
516	2.5960249031
517	2.5969912608
518	2.5978637479
519	2.5986679829
520	2.5993368413
521	2.5999119553
522	2.6005095276
523	2.6009630284
524	2.6011058782
525	2.6013730615
526	2.6019498297
527	2.6027271196
528	2.6036005387
529	2.6041842579
530	2.6042924132
531	2.6040772651
532	2.6037335020
533	2.6032918930
534	2.6026192521
535	2.6014257864
536	2.5995362322
537	2.5971291865
538	2.5947065093
539	2.5922904055
540	2.5896737790
541	2.5870070776
542	2.5843084962
543	2.5815121744
544	2.5785899328
545	2.5755543867
546	2.5725626470
547	2.5700630839
548	2.5682571272
549	2.5670636602
550	2.5664939425
551	2.5664134140
552	2.5667159040
553	2.5675785427
554	2.5689617693
555	2.5706126415
556	2.5725304385
557	2.5748981913
558	2.5774841380
559	2.5797926535
560	2.5817710967
561	2.5833145931
562	2.5845002552
563	2.5854362783
564	2.5859419217
565	2.5861974580
566	2.5864596442
567	2.5865184985
568	2.5861647542
569	2.5854031172
570	2.5841944769
571	2.5825930393
572	2.5807248101
573	2.5787728059
574	2.5767519914
575	2.5749525478
576	2.5735670024
577	2.5723068505
578	2.5710756740
579	2.5699026124
580	2.5687480478
581	2.5675096947
582	2.5661203591
583	2.5646379735
584	2.5633572750
585	2.5622220909
586	2.5608885708
587	2.5595220618
588	2.5582908674
589	2.5569054055
590	2.5553302264
591	2.5536848339
592	2.5520433989
593	2.5505525824
594	2.5493472535
595	2.5485177631
596	2.5481187445
597	2.5482741879
598	2.5486596484
599	2.5491299968
600	2.5498289169
601	2.5506013384
602	2.5514551816
603	2.5524802349
604	2.5536249870
605	2.5552031047
606	2.5573833151
607	2.5598671094
608	2.5627025884
609	2.5659586024
610	2.5694233373
611	2.5726929685
612	2.5757163785
613	2.5784638960
614	2.5806334680
615	2.5821873684
616	2.5831626390
617	2.5836415802
618	2.5835989789
619	2.5829251631
620	2.5817354608
621	2.5801738112
622	2.5780144504
623	2.5752197496
624	2.5720632153
625	2.5685468083
626	2.5647288809
627	2.5608708656
628	2.5570171900
629	2.5534355219
630	2.5503454021
631	2.5476102106
632	2.5453336721
633	2.5436029047
634	2.5422809237
635	2.5411500997
636	2.5402812772
637	2.5396631717
638	2.5392224783
639	2.5390591953
640	2.5391656269
641	2.5396608366
642	2.5406105653
643	2.5418679132
644	2.5436832766
645	2.5461278764
646	2.5486375691
647	2.5511812403
648	2.5537302998
649	2.5560483547
650	2.5581848351
651	2.5603365420
652	2.5624303838
653	2.5640456216
654	2.5651010685
655	2.5658543755
656	2.5668215055
657	2.5683019982
658	2.5701039984
659	2.5718210219
660	2.5730575109
661	2.5737962118
662	2.5746103371
663	2.5759352872
664	2.5775339420
665	2.5788895714
666	2.5795510567
667	2.5795505062
668	2.5794685258
669	2.5795638287
670	2.5797709932
671	2.5801581575
672	2.5805041708
673	2.5807909896
674	2.5810540119
675	2.5809243691
676	2.5801878961
677	2.5791717387
678	2.5782802523
679	2.5774523974
680	2.5763618799
681	2.5747312618
682	2.5726161261
683	2.5702470407
684	2.5677613532
685	2.5653398229
686	2.5630733351
687	2.5608436205
688	2.5590295019
689	2.5574419277
690	2.5552859439
691	2.5525640888
692	2.5495601980
693	2.5465512836
694	2.5436571900
695	2.5409289551
696	2.5385112120
697	2.5366694629
698	2.5354172856
699	2.5344617252
700	2.5337089677
701	2.5333295227
702	2.5336642229
703	2.5348843472
704	2.5367982724
705	2.5392601984
706	2.5423856946
707	2.5459930487
708	2.5495786962
709	2.5527413506
710	2.5554183538
711	2.5578374146
712	2.5600703718
713	2.5619047955
714	2.5635732540
715	2.5652654059
716	2.5668095416
717	2.5682122836
718	2.5691859275
719	2.5696480723
720	2.5699702235
721	2.5701932326
722	2.5701215894
723	2.5699385820
724	2.5699788924
725	2.5702403033
726	2.5703811073
727	2.5702787662
728	2.5700622566
729	2.5696612910
730	2.5688298749
731	2.5677074625
732	2.5667165455
733	2.5659455721
734	2.5656566136
735	2.5657010330
736	2.5658864227
737	2.5664466366
738	2.5670864845
739	2.5674242147
740	2.5674629551
741	2.5672925207
742	2.5668613610
743	2.5661201916
744	2.5651077446
745	2.5641160814
746	2.5632902768
747	2.5624375062
748	2.5615484807
749	2.5607937627
750	2.5601137743
751	2.5593187160
752	2.5583760717
753	2.5574663600
754	2.5568232415
755	2.5564223732
756	2.5561951833
757	2.5562593401
758	2.5566471541
759	2.5570463921
760	2.5571346516
761	2.5567326342
762	2.5559896888
763	2.5547956731
764	2.5528499917
765	2.5506779366
766	2.5486038218
767	2.5464494274
768	2.5444601620
769	2.5429110314
770	2.5418063130
771	2.5410920921
772	2.5406282583
773	2.5404677641
774	2.5406457388
775	2.5410826798
776	2.5416120813
777	2.5422461487
778	2.5431062180
779	2.5441366695
780	2.5453175607
781	2.5467202880
782	2.5487121589
783	2.5509240442
784	2.5528733611
785	2.5547742273
786	2.5565602494
787	2.5581399066
788	2.5595674156
789	2.5607570406
790	2.5616691541
791	2.5622797680
792	2.5626643146
793	2.5633741866
794	2.5646104549
795	2.5660303540
796	2.5673803697
797	2.5685215364
798	2.5693645399
799	2.5698509643
800	2.5699227250
801	2.5696275330
802	2.5690000830
803	2.5679207592
804	2.5665513037
805	2.5651897167
806	2.5637912981
807	2.5622127204
808	2.5608048391
809	2.5598999992
810	2.5593520792
811	2.5588864761
812	2.5585174272
813	2.5583655853
814	2.5582158726
815	2.5581901556
816	2.5585092843
817	2.5589973664
818	2.5597559959
819	2.5608650993
820	2.5622135811
821	2.5638497564
822	2.5655469500
823	2.5673058110
824	2.5693737936
825	2.5716578066
826	2.5738581410
827	2.5758874962
828	2.5778590395
829	2.5796011341
830	2.5809947797
831	2.5820800550
832	2.5830569281
833	2.5839592185
834	2.5849284608
835	2.5862553449
836	2.5877327738
837	2.5893057623
838	2.5910798459
839	2.5929008836
840	2.5945852225
841	2.5959657029
842	2.5969800020
843	2.5977296150
844	2.5979786813
845	2.5976685330
846	2.5971348588
847	2.5963876180
848	2.5953034675
849	2.5938771722
850	2.5922138595
851	2.5905508209
852	2.5891100442
853	2.5880042089
854	2.5871887697
855	2.5862982136
856	2.5852535880
857	2.5843831965
858	2.5838357593
859	2.5835776803
860	2.5836263985
861	2.5838329282
862	2.5838711899
863	2.5838924926
864	2.5843371127
865	2.5853956871
866	2.5868128530
867	2.5882534849
868	2.5896186419
869	2.5908233298
870	2.5919421523
871	2.5929909943
872	2.5938327097
873	2.5946234936
874	2.5953712284
875	2.5960364493
876	2.5965851702
877	2.5966754895
878	2.5963911314
879	2.5960648332
880	2.5958019007
881	2.5956529199
882	2.5957826801
883	2.5961260447
884	2.5965380987
885	2.5971676982
886	2.5980918517
887	2.5991862776
888	2.6002782078
889	2.6015132786
890	2.6029312145
891	2.6042258676
892	2.6052000403
893	2.6057585144
894	2.6059210150
895	2.6059040479
896	2.6057822627
897	2.6056010665
898	2.6054769508
899	2.6054497300
900	2.6056825484
901	2.6059769102
902	2.6060507185
903	2.6061034543
904	2.6062787048
905	2.6064810353
906	2.6067166385
907	2.6070353832
908	2.6074531894
909	2.6078883664
910	2.6082258037
911	2.6084860784
912	2.6085176076
913	2.6083420127
914	2.6082117692
915	2.6081744713
916	2.6081964935
917	2.6083973743
918	2.6088378360
919	2.6093640179
920	2.6099310470
921	2.6104835475
922	2.6110008990
923	2.6115849981
924	2.6122191470
925	2.6128174487
926	2.6133290861
927	2.6138653235
928	2.6144651271
929	2.6149332623
930	2.6152371781
931	2.6154342487
932	2.6156466111
933	2.6158828753
934	2.6160570449
935	2.6164116582
936	2.6170131298
937	2.6177147577
938	2.6185334709
939	2.6194460828
940	2.6203122025
941	2.6211525242
942	2.6219523923
943	2.6226153859
944	2.6232613532
945	2.6239719542
946	2.6246747316
947	2.6252612425
948	2.6257342822
949	2.6260786713
950	2.6261220487
951	2.6257821568
952	2.6251156114
953	2.6241092591
954	2.6228657746
955	2.6215227640
956	2.6201110325
957	2.6187359119
958	2.6174814044
959	2.6164598406
960	2.6155983171
961	2.6147738513
962	2.6141406353
963	2.6137142516
964	2.6133118883
965	2.6130237349
966	2.6129573547
967	2.6130672388
968	2.6133327287
969	2.6136909267
970	2.6142063343
971	2.6148541676
972	2.6156110555
973	2.6164977689
974	2.6174416222
975	2.6184627288
976	2.6195398857
977	2.6206576704
978	2.6219817138
979	2.6236646638
980	2.6254987580
981	2.6272533721
982	2.6289133194
983	2.6304325393
984	2.6318372127
985	2.6331739206
986	2.6343686534
987	2.6352362560
988	2.6355893957
989	2.6355185573
990	2.6352660757
991	2.6350410461
992	2.6348478405
993	2.6344466012
994	2.6336937129
995	2.6326327179
996	2.6314914994
997	2.6303783108
998	2.6292465481
999	2.6281441732
1000	2.6270454769
1001	2.6259185684
1002	2.6249239969
1003	2.6240890744
1004	2.6233058280
1005	2.6226742374
1006	2.6222401317
1007	2.6219593097
1008	2.6217536628
1009	2.6213450115
1010	2.6205537567
1011	2.6195930974
1012	2.6187270745
1013	2.6179822167
1014	2.6172828317
1015	2.6167055128
1016	2.6162827275
1017	2.6158869082
1018	2.6155418932
1019	2.6151879064
1020	2.6147192389
1021	2.6142351653
1022	2.6139454366
1023	2.6139008562
1024	2.6138703416
1025	2.6137079746
1026	2.6135681176
1027	2.6135172355
1028	2.6135575670
1029	2.6137293886
1030	2.6139880528
1031	2.6145427662
1032	2.6153651562
1033	2.6161830225
1034	2.6168809253
1035	2.6173896203
1036	2.6177590537
1037	2.6180403838
1038	2.6183194878
1039	2.6185951027
1040	2.6188511411
1041	2.6192206471
1042	2.6197190486
1043	2.6201232837
1044	2.6203500928
1045	2.6205124632
1046	2.6206473380
1047	2.6208338845
1048	2.6210669430
1049	2.6212521916
1050	2.6215047780
1051	2.6218194890
1052	2.6219762905
1053	2.6218940608
1054	2.6216731947
1055	2.6214733425
1056	2.6212620568
1057	2.6209991350
1058	2.6207004758
1059	2.6203535006
1060	2.6199479186
1061	2.6193828241
1062	2.6185751880
1063	2.6175296815
1064	2.6164012678
1065	2.6153239985
1066	2.6142979411
1067	2.6134665927
1068	2.6130352212
1069	2.6129711855
1070	2.6131539295
1071	2.6133412335
1072	2.6133699512
1073	2.6133702942
1074	2.6131612599
1075	2.6124854146
1076	2.6115765099
1077	2.6105420546
1078	2.6092210610
1079	2.6075942446
1080	2.6056684508
1081	2.6034525573
1082	2.6009927592
1083	2.5984360020
1084	2.5958259922
1085	2.5931945902
1086	2.5907956878
1087	2.5887087876
1088	2.5867739972
1089	2.5849833615
1090	2.5834231334
1091	2.5821232332
1092	2.5810103053
1093	2.5799705903
1094	2.5792423291
1095	2.5789540938
1096	2.5791286891
1097	2.5797231625
1098	2.5807871777
1099	2.5826069284
1100	2.5848612201
1101	2.5872820527
1102	2.5898836145
1103	2.5925319935
1104	2.5950916427
1105	2.5973880115
1106	2.5993203564
1107	2.6009902146
1108	2.6025405818
1109	2.6039375288
1110	2.6051585285
1111	2.6062729840
1112	2.6071975220
1113	2.6076542158
1114	2.6075921036
1115	2.6071914893
1116	2.6065366475
1117	2.6057350871
1118	2.6047969793
1119	2.6035573761
1120	2.6022649791
1121	2.6010945842
1122	2.5998750772
1123	2.5986736586
1124	2.5974954097
1125	2.5962057589
1126	2.5946929342
1127	2.5931519926
1128	2.5919116018
1129	2.5910217641
1130	2.5903986813
1131	2.5900486159
1132	2.5900540410
1133	2.5903402801
1134	2.5907067268
1135	2.5910423852
1136	2.5913655802
1137	2.5916700640
1138	2.5919354482
1139	2.5921308382
1140	2.5922758314
1141	2.5923538878
1142	2.5924265343
1143	2.5926856911
1144	2.5931399228
1145	2.5939320088
1146	2.5950736054
1147	2.5961838168
1148	2.5973546891
1149	2.5987341584
1150	2.5999080674
1151	2.6007667065
1152	2.6015647522
1153	2.6023673646
1154	2.6030879844
1155	2.6036512011
1156	2.6041004716
1157	2.6044968834
1158	2.6047673493
1159	2.6048820993
1160	2.6048278574
1161	2.6046602069
1162	2.6043264747
1163	2.6037560703
1164	2.6031571791
1165	2.6024494256
1166	2.6015977822
1167	2.6007075695
1168	2.5999211316
1169	2.5993311871
1170	2.5987367221
1171	2.5980722991
1172	2.5972969311
1173	2.5964832611
1174	2.5956967767
1175	2.5948977077
1176	2.5943108686
1177	2.5940750819
1178	2.5940782371
1179	2.5944347391
1180	2.5953445930
1181	2.5968438702
1182	2.5987986892
1183	2.6008149934
1184	2.6025607157
1185	2.6039692341
1186	2.6050915619
1187	2.6060910917
1188	2.6070973551
1189	2.6078386422
1190	2.6079492318
1191	2.6075157294
1192	2.6069846814
1193	2.6064428802
1194	2.6059041445
1195	2.6055490507
1196	2.6051943696
1197	2.6047969434
1198	2.6044636040
1199	2.6042768531
1200	2.6043586423
1201	2.6046459060
1202	2.6050207502
1203	2.6055469363
1204	2.6062761169
1205	2.6070976737
1206	2.6078737503
1207	2.6086293856
1208	2.6096047571
1209	2.6108787470
1210	2.6123339347
1211	2.6137702799
1212	2.6150542442
1213	2.6161112288
1214	2.6169732244
1215	2.6178140915
1216	2.6186080481
1217	2.6192774174
1218	2.6199303114
1219	2.6207214675
1220	2.6214903171
1221	2.6219905485
1222	2.6223749398
1223	2.6227691245
1224	2.6230971858
1225	2.6234525094
1226	2.6238144033
1227	2.6240237493
1228	2.6241175429
1229	2.6240699338
1230	2.6238873316
1231	2.6237046822
1232	2.6235185343
1233	2.6234855550
1234	2.6237719454
1235	2.6242886758
1236	2.6249342121
1237	2.6256552183
1238	2.6264828401
1239	2.6273390683
1240	2.6281795225
1241	2.6289766513
1242	2.6296681104
1243	2.6303317180
1244	2.6309559257
1245	2.6315279998
1246	2.6320118619
1247	2.6323855137
1248	2.6327937405
1249	2.6333337888
1250	2.6339634836
1251	2.6346212308
1252	2.6353391917
1253	2.6360902657
1254	2.6366709264
1255	2.6370055493
1256	2.6371787130
1257	2.6372328984
1258	2.6371738075
1259	2.6369848950
1260	2.6367116083
1261	2.6363952326
1262	2.6359785555
1263	2.6354556954
1264	2.6348283580
1265	2.6340421892
1266	2.6332252366
1267	2.6324758819
1268	2.6317571055
1269	2.6310993429
1270	2.6305769376
1271	2.6302231284
1272	2.6299754441
1273	2.6298313975
1274	2.6297641427
1275	2.6297914073
1276	2.6299950538
1277	2.6303284997
1278	2.6308074235
1279	2.6315014927
1280	2.6323183889
1281	2.6332068849
1282	2.6341610666
1283	2.6350472005
1284	2.6358239406
1285	2.6365210319
1286	2.6371702652
1287	2.6377476439
1288	2.6382534654
1289	2.6387740208
1290	2.6392998564
1291	2.6397628993
1292	2.6401695208
1293	2.6406077595
1294	2.6410565058
1295	2.6414762043
1296	2.6419182109
1297	2.6423932448
1298	2.6428843741
1299	2.6433965597
1300	2.6438973012
1301	2.6443179247
1302	2.6446288990
1303	2.6448101446
1304	2.6448330938
1305	2.6447465193
1306	2.6446403396
1307	2.6444895204
1308	2.6442426382
1309	2.6439112426
1310	2.6435398991
1311	2.6432234819
1312	2.6429523994
1313	2.6426671772
1314	2.6423929126
1315	2.6420505584
1316	2.6416429875
1317	2.6413323271
1318	2.6411923776
1319	2.6411907141
1320	2.6412054072
1321	2.6411604295
1322	2.6410616881
1323	2.6409821457
1324	2.6410033214
1325	2.6411383033
1326	2.6413533143
1327	2.6415798413
1328	2.6418408790
1329	2.6421796681
1330	2.6425594656
1331	2.6429804827
1332	2.6434490891
1333	2.6439151841
1334	2.6443543498
1335	2.6447736528
1336	2.6451480031
1337	2.6454352446
1338	2.6456475681
1339	2.6458579517
1340	2.6461155349
1341	2.6464117386
1342	2.6467129135
1343	2.6469804887
1344	2.6472074241
1345	2.6474045815
1346	2.6475692879
1347	2.6476925838
1348	2.6477619668
1349	2.6477964093
1350	2.6478111097
1351	2.6478010325
1352	2.6477811711
1353	2.6477606456
1354	2.6477315719
1355	2.6476869852
1356	2.6476298222
1357	2.6475713761
1358	2.6475190255
1359	2.6474642343
1360	2.6473963154
1361	2.6473213607
1362	2.6472448857
1363	2.6471435767
1364	2.6469986974
1365	2.6468428729
1366	2.6466919980
1367	2.6465395239
1368	2.6464124908
1369	2.6463125506
1370	2.6462241146
1371	2.6461551576
1372	2.6461047698
1373	2.6460435508
1374	2.6459532232
1375	2.6458434343
1376	2.6457420446
1377	2.6456669063
1378	2.6456191476
1379	2.6456138760
1380	2.6456153617
1381	2.6455998462
1382	2.6456005477
1383	2.6456049958
1384	2.6455772213
1385	2.6455340000
1386	2.6455182693
1387	2.6455343742
1388	2.6455670463
1389	2.6455958248
1390	2.6456148858
1391	2.6456489813
1392	2.6457098030
1393	2.6457906764
1394	2.6458831755
1395	2.6459878475
1396	2.6460958382
1397	2.6461767866
1398	2.6462140536
1399	2.6461967485
1400	2.6461253589
1401	2.6459794562
1402	2.6457700721
1403	2.6455465021
1404	2.6453012061
1405	2.6450465075
1406	2.6447745886
1407	2.6444548256
1408	2.6440889909
1409	2.6436761019
1410	2.6432157338
1411	2.6427056836
1412	2.6421568522
1413	2.6416153869
1414	2.6411135434
1415	2.6406088426
1416	2.6400499580
1417	2.6394544411
1418	2.6388466771
1419	2.6382126338
1420	2.6375588618
1421	2.6368829459
1422	2.6362567413
1423	2.6357408315
1424	2.6352328955
1425	2.6346888321
1426	2.6341661961
1427	2.6336991120
1428	2.6332394481
1429	2.6327762011
1430	2.6324064187
1431	2.6321570940
1432	2.6320040805
1433	2.6319441218
1434	2.6319402490
1435	2.6319503881
1436	2.6319482057
1437	2.6319339897
1438	2.6318954223
1439	2.6318532563
1440	2.6319506938
1441	2.6322226666
1442	2.6325942104
1443	2.6330860570
1444	2.6337389076
1445	2.6346059051
1446	2.6356134742
1447	2.6365996117
1448	2.6375368723
1449	2.6383502654
1450	2.6389717028
1451	2.6393984022
1452	2.6396541005
1453	2.6397600279
1454	2.6396923821
1455	2.6393998023
1456	2.6388569152
1457	2.6382212074
1458	2.6374843667
1459	2.6365294188
1460	2.6354541807
1461	2.6343270580
1462	2.6331592401
1463	2.6320215439
1464	2.6309100863
1465	2.6298145629
1466	2.6288318860
1467	2.6279504045
1468	2.6270895461
1469	2.6262173440
1470	2.6253964474
1471	2.6246454306
1472	2.6239280807
1473	2.6233793101
1474	2.6230519150
1475	2.6228276776
1476	2.6226222785
1477	2.6223513116
1478	2.6219466068
1479	2.6214648006
1480	2.6209674709
1481	2.6203951231
1482	2.6198788829
1483	2.6196366337
1484	2.6196099376
1485	2.6196575367
1486	2.6197092562
1487	2.6198611011
1488	2.6200018579
1489	2.6199262103
1490	2.6196887924
1491	2.6193540501
1492	2.6189362443
1493	2.6183675522
1494	2.6178202293
1495	2.6173707190
1496	2.6169266121
1497	2.6166534270
1498	2.6165831743
1499	2.6166624293
1500	2.6168086917
1501	2.6167271711
1502	2.6164121345
1503	2.6160475481
1504	2.6155671454
1505	2.6149536306
1506	2.6141515788
1507	2.6131232946
1508	2.6119193298
1509	2.6106295951
1510	2.6094075175
1511	2.6083395297
1512	2.6073637009
1513	2.6062929921
1514	2.6050242481
1515	2.6035934149
1516	2.6024172066
1517	2.6016821399
1518	2.6009768014
1519	2.6001340776
1520	2.5992146681
1521	2.5981701790
1522	2.5971943416
1523	2.5965816298
1524	2.5962657293
1525	2.5959956714
1526	2.5956408081
1527	2.5953559216
1528	2.5952816632
1529	2.5954485402
1530	2.5958833960
1531	2.5966699272
1532	2.5979686966
1533	2.5996571667
1534	2.6014677503
1535	2.6031609429
1536	2.6046297724
1537	2.6058770614
1538	2.6068300534
1539	2.6076061289
1540	2.6081948039
1541	2.6084412000
1542	2.6084017578
1543	2.6082009828
1544	2.6081262552
1545	2.6082433897
1546	2.6084033468
1547	2.6085685512
1548	2.6087234375
1549	2.6088629016
1550	2.6088495460
1551	2.6085541912
1552	2.6081114172
1553	2.6078110064
1554	2.6076922238
1555	2.6077210781
1556	2.6078880648
1557	2.6079496328
1558	2.6078165759
1559	2.6076983190
1560	2.6075626968
1561	2.6073078714
1562	2.6070821076
1563	2.6068907887
1564	2.6068360043
1565	2.6068688056
1566	2.6066872463
1567	2.6064469589
1568	2.6064307439
1569	2.6066537542
1570	2.6069994998
1571	2.6075434777
1572	2.6083883388
1573	2.6093659304
1574	2.6104557916
1575	2.6117350192
1576	2.6130799814
1577	2.6144158322
1578	2.6159372469
1579	2.6177096076
1580	2.6195708679
1581	2.6214153894
1582	2.6230584814
1583	2.6244194966
1584	2.6254343393
1585	2.6260169219
1586	2.6262383464
1587	2.6261616940
1588	2.6258960668
1589	2.6254318176
1590	2.6246952747
1591	2.6237647007
1592	2.6227119572
1593	2.6215804836
1594	2.6204189297
1595	2.6193070109
1596	2.6182880387
1597	2.6173123671
1598	2.6164303602
1599	2.6155299207
1600	2.6144916524
1601	2.6133985323
1602	2.6122940751
1603	2.6113563096
1604	2.6105365862
1605	2.6097619676
1606	2.6093283072
1607	2.6093422662
1608	2.6095921416
1609	2.6100262013
1610	2.6107746015
1611	2.6118472835
1612	2.6131497688
1613	2.6145977871
1614	2.6162150996
1615	2.6179434597
1616	2.6197136623
1617	2.6215104651
1618	2.6232076452
1619	2.6247338201
1620	2.6261892078
1621	2.6275961542
1622	2.6289540231
1623	2.6303720783
1624	2.6317901595
1625	2.6331751022
1626	2.6344599632
1627	2.6354595191
1628	2.6361625486
1629	2.6366155623
1630	2.6368091380
1631	2.6367105706
1632	2.6363859077
1633	2.6359556703
1634	2.6355056327
1635	2.6351161060
1636	2.6347872289
1637	2.6344787345
1638	2.6341076366
1639	2.6336560217
1640	2.6332664471
1641	2.6330734705
1642	2.6331305765
1643	2.6333392541
1644	2.6336045179
1645	2.6338896834
1646	2.6342111171
1647	2.6347002436
1648	2.6353551854
1649	2.6359791018
1650	2.6364261831
1651	2.6367262499
1652	2.6369600772
1653	2.6371399914
1654	2.6372494826
1655	2.6373076634
1656	2.6372236766
1657	2.6369410125
1658	2.6365471429
1659	2.6361370505
1660	2.6357816139
1661	2.6354836821
1662	2.6352650159
1663	2.6351552048
1664	2.6351463928
1665	2.6351097084
1666	2.6349853919
1667	2.6348083465
1668	2.6345987077
1669	2.6345161630
1670	2.6345373326
1671	2.6345007816
1672	2.6344813562
1673	2.6345917657
1674	2.6348264791
1675	2.6351767391
1676	2.6356331486
1677	2.6361533628
1678	2.6367212476
1679	2.6373143731
1680	2.6378681636
1681	2.6383603690
1682	2.6387859782
1683	2.6391223076
1684	2.6393662063
1685	2.6395158182
1686	2.6394661800
1687	2.6391318066
1688	2.6386371035
1689	2.6380576158
1690	2.6374054937
1691	2.6367423742
1692	2.6361388102
1693	2.6356730074
1694	2.6353053897
1695	2.6349961009
1696	2.6347042302
1697	2.6344003335
1698	2.6341835945
1699	2.6340889997
1700	2.6340706064
1701	2.6340411617
1702	2.6339848706
1703	2.6339413040
1704	2.6338604562
1705	2.6337188376
1706	2.6335105001
1707	2.6332375365
1708	2.6328977467
1709	2.6325166669
1710	2.6321333569
1711	2.6316496381
1712	2.6310610942
1713	2.6305192597
1714	2.6300164361
1715	2.6295716673
1716	2.6292649336
1717	2.6290878269
1718	2.6290762980
1719	2.6291480849
1720	2.6291562763
1721	2.6291097017
1722	2.6291936339
1723	2.6295532992
1724	2.6301719054
1725	2.6309617772
1726	2.6318698555
1727	2.6329166135
1728	2.6339979828
1729	2.6349498761
1730	2.6356371478
1731	2.6361418214
1732	2.6366049245
1733	2.6369222745
1734	2.6371399582
1735	2.6373680831
1736	2.6375802985
1737	2.6377752833
1738	2.6379448079
1739	2.6380741744
1740	2.6381228591
1741	2.6380619444
1742	2.6379118648
1743	2.6376868552
1744	2.6373657274
1745	2.6369903763
1746	2.6366606706
1747	2.6363366107
1748	2.6359858632
1749	2.6356944939
1750	2.6355173578
1751	2.6354328075
1752	2.6353866956
1753	2.6353176200
1754	2.6351785065
1755	2.6349246826
1756	2.6345007481
1757	2.6338100258
1758	2.6329092275
1759	2.6320022577
1760	2.6310314069
1761	2.6299119651
1762	2.6286790669
1763	2.6274363971
1764	2.6261638643
1765	2.6247430362
1766	2.6232967115
1767	2.6219433401
1768	2.6207878199
1769	2.6199249126
1770	2.6193752456
1771	2.6190144742
1772	2.6186528096
1773	2.6182179755
1774	2.6176221929
1775	2.6167680188
1776	2.6157166411
1777	2.6146872978
1778	2.6137029082
1779	2.6126169832
1780	2.6115355195
1781	2.6105556524
1782	2.6096824128
1783	2.6089637578
1784	2.6081239420
1785	2.6071646709
1786	2.6063216472
1787	2.6054761636
1788	2.6046229986
1789	2.6038788852
1790	2.6032235507
1791	2.6027155013
1792	2.6024375638
1793	2.6021911066
1794	2.6020651803
1795	2.6022207785
1796	2.6024559803
1797	2.6026326907
1798	2.6028447110
1799	2.6031587681
1800	2.6032101477
1801	2.6028750482
1802	2.6023057908
1803	2.6014725574
1804	2.6003941321
1805	2.5989743398
1806	2.5972345082
1807	2.5953698055
1808	2.5934713479
1809	2.5916614058
1810	2.5899342998
1811	2.5883467563
1812	2.5870331951
1813	2.5858198515
1814	2.5845631551
1815	2.5832953008
1816	2.5820610895
1817	2.5808534682
1818	2.5797393170
1819	2.5788973806
1820	2.5782825091
1821	2.5778753100
1822	2.5776829377
1823	2.5774044008
1824	2.5767655754
1825	2.5756772733
1826	2.5742005447
1827	2.5722137008
1828	2.5699315448
1829	2.5679275324
1830	2.5660757860
1831	2.5641013020
1832	2.5619636125
1833	2.5599647085
1834	2.5584180233
1835	2.5570708861
1836	2.5556343200
1837	2.5541731111
1838	2.5525806222
1839	2.5506856409
1840	2.5489191354
1841	2.5474167324
1842	2.5459333635
1843	2.5441267986
1844	2.5416204777
1845	2.5385679713
1846	2.5354312831
1847	2.5326823198
1848	2.5302231558
1849	2.5276697453
1850	2.5250553425
1851	2.5223625560
1852	2.5197779150
1853	2.5178040706
1854	2.5163353358
1855	2.5151117496
1856	2.5140460790
1857	2.5131229596
1858	2.5127024707
1859	2.5128605056
1860	2.5135152849
1861	2.5147528164
1862	2.5165016498
1863	2.5186657605
1864	2.5209468662
1865	2.5225368349
1866	2.5230210162
1867	2.5230325086
1868	2.5228207673
1869	2.5222285772
1870	2.5215281626
1871	2.5208059788
1872	2.5199170479
1873	2.5187851744
1874	2.5178070653
1875	2.5171647728
1876	2.5164816617
1877	2.5156387724
1878	2.5145196531
1879	2.5130048027
1880	2.5108201635
1881	2.5075674253
1882	2.5033204969
1883	2.4984992839
1884	2.4935973242
1885	2.4886421807
1886	2.4835051972
1887	2.4784402908
1888	2.4735450700
1889	2.4688490687
1890	2.4645578301
1891	2.4609972947
1892	2.4580653846
1893	2.4555820329
1894	2.4538080390
1895	2.4527615252
1896	2.4522819702
1897	2.4522167505
1898	2.4529781334
1899	2.4548921191
1900	2.4577264616
1901	2.4609527115
1902	2.4638940478
1903	2.4666107843
1904	2.4690600284
1905	2.4709404920
1906	2.4722433202
1907	2.4729959596
1908	2.4735922197
1909	2.4747298521
1910	2.4760194958
1911	2.4768667611
1912	2.4776378245
1913	2.4779483358
1914	2.4775330349
1915	2.4768327833
1916	2.4757802034
1917	2.4744776213
1918	2.4731088192
1919	2.4714432597
1920	2.4693534269
1921	2.4666832233
1922	2.4633228731
1923	2.4594395650
1924	2.4554772625
1925	2.4515135585
1926	2.4470957903
1927	2.4426199744
1928	2.4383515728
1929	2.4338349798
1930	2.4289584172
1931	2.4240572456
1932	2.4196797429
1933	2.4155791348
1934	2.4115512166
1935	2.4078187637
1936	2.4039044305
1937	2.3995058028
1938	2.3947946112
1939	2.3899378563
1940	2.3848755153
1941	2.3800232282
1942	2.3761375437
1943	2.3733754163
1944	2.3718338762
1945	2.3713217825
1946	2.3717732717
1947	2.3732718179
1948	2.3756223150
1949	2.3783054144
1950	2.3808007040
1951	2.3834152826
1952	2.3864175250
1953	2.3895368813
1954	2.3923803848
1955	2.3948820159
1956	2.3971182767
1957	2.3990274784
1958	2.4005229628
1959	2.4020679366
1960	2.4041342088
1961	2.4063719168
1962	2.4085972300
1963	2.4106214305
1964	2.4123557161
1965	2.4143528393
1966	2.4166653246
1967	2.4187590856
1968	2.4203848122
1969	2.4211307731
1970	2.4213959479
1971	2.4221662000
1972	2.4233425294
1973	2.4243227566
1974	2.4246419840
1975	2.4243609070
1976	2.4233790660
1977	2.4221485701
1978	2.4219424928
1979	2.4227237622
1980	2.4235171481
1981	2.4237281950
1982	2.4234790636
1983	2.4231900622
1984	2.4226920433
1985	2.4217380222
1986	2.4204067885
1987	2.4187267040
1988	2.4170021509
1989	2.4154696797
1990	2.4139415176
1991	2.4125039025
1992	2.4114017704
1993	2.4103769243
1994	2.4096650809
1995	2.4092211252
1996	2.4083168463
1997	2.4073445544
1998	2.4067752699
1999	2.4067858897
2000	2.4073844840
2001	2.4082786842
2002	2.4088818544
2003	2.4084728671
2004	2.4073176281
2005	2.4058503293
2006	2.4043049370
2007	2.4028742374
2008	2.4017739130
2009	2.4014102054
2010	2.4019757420
2011	2.4032423322
2012	2.4044305471
2013	2.4053282985
2014	2.4064649998
2015	2.4080627850
2016	2.4097161569
2017	2.4110494395
2018	2.4122459262
2019	2.4134349401
2020	2.4148572156
2021	2.4166838465
2022	2.4188159850
2023	2.4212478758
2024	2.4240501978
2025	2.4271713446
2026	2.4300083148
2027	2.4320143472
2028	2.4333429275
2029	2.4343228309
2030	2.4348777823
2031	2.4349204209
2032	2.4345055715
2033	2.4334231269
2034	2.4314322688
2035	2.4290579787
2036	2.4269696466
2037	2.4249381423
2038	2.4229519207
2039	2.4215257781
2040	2.4209179413
2041	2.4210236630
2042	2.4211075079
2043	2.4206784829
2044	2.4203173961
2045	2.4197066841
2046	2.4186120486
2047	2.4179763900
2048	2.4177720768
2049	2.4182708157
2050	2.4196840568
2051	2.4212372261
2052	2.4225514591
2053	2.4238510096
2054	2.4254513571
2055	2.4270159173
2056	2.4284302824
2057	2.4295538823
2058	2.4300640324
2059	2.4300602469
2060	2.4293421554
2061	2.4277238243
2062	2.4252419225
2063	2.4221960023
2064	2.4188112868
2065	2.4148937740
2066	2.4103902591
2067	2.4052170618
2068	2.3993648758
2069	2.3935365881
2070	2.3883903730
2071	2.3836505344
2072	2.3793546902
2073	2.3763268789
2074	2.3747758797
2075	2.3741944970
2076	2.3743405601
2077	2.3754563289
2078	2.3778091406
2079	2.3811739301
2080	2.3852278544
2081	2.3900821513
2082	2.3957847903
2083	2.4021556788
2084	2.4088463903
2085	2.4154674733
2086	2.4216248397
2087	2.4271034730
2088	2.4319310982
2089	2.4359664258
2090	2.4391472333
2091	2.4418944883
2092	2.4446508907
2093	2.4470948174
2094	2.4488468124
2095	2.4499858048
2096	2.4506579635
2097	2.4504166275
2098	2.4488243692
2099	2.4465286851
2100	2.4437920769
2101	2.4407650098
2102	2.4380790621
2103	2.4354880857
2104	2.4327961126
2105	2.4301856609
2106	2.4276495072
2107	2.4254450191
2108	2.4235611985
2109	2.4219781051
2110	2.4206898564
2111	2.4196731811
2112	2.4187104379
2113	2.4173650697
2114	2.4160549361
2115	2.4151441544
2116	2.4145801596
2117	2.4142312778
2118	2.4142534265
2119	2.4148531351
2120	2.4159096059
2121	2.4170320440
2122	2.4177791224
2123	2.4184338465
2124	2.4193807745
2125	2.4209071778
2126	2.4227245189
2127	2.4250101173
2128	2.4284333372
2129	2.4323875334
2130	2.4363949055
2131	2.4400724192
2132	2.4427977628
2133	2.4445321266
2134	2.4451105730
2135	2.4443708356
2136	2.4428954971
2137	2.4410838540
2138	2.4388292169
2139	2.4364324857
2140	2.4343394021
2141	2.4325298855
2142	2.4309404630
2143	2.4298360366
2144	2.4292005043
2145	2.4286827778
2146	2.4284062416
2147	2.4286269882
2148	2.4290174442
2149	2.4293692635
2150	2.4300129813
2151	2.4310350536
2152	2.4319971655
2153	2.4327618667
2154	2.4337514429
2155	2.4350802361
2156	2.4364170484
2157	2.4375232376
2158	2.4385046551
2159	2.4398054474
2160	2.4418336758
2161	2.4447622261
2162	2.4482663549
2163	2.4519284053
2164	2.4556675410
2165	2.4593267256
2166	2.4630679711
2167	2.4674582550
2168	2.4727191824
2169	2.4781330695
2170	2.4830946638
2171	2.4878320392
2172	2.4927763003
2173	2.4979396112
2174	2.5028220674
2175	2.5072029746
2176	2.5107660637
2177	2.5133992536
2178	2.5153547235
2179	2.5171627648
2180	2.5191400230
2181	2.5207833824
2182	2.5219843690
2183	2.5225368313
2184	2.5226551461
2185	2.5230923408
2186	2.5236491457
2187	2.5243743387
2188	2.5255144765
2189	2.5267971314
2190	2.5283310669
2191	2.5297993338
2192	2.5304790485
2193	2.5305850394
2194	2.5305789566
2195	2.5303506842
2196	2.5297965186
2197	2.5290864601
2198	2.5282052068
2199	2.5274532935
2200	2.5273932571
2201	2.5281660163
2202	2.5295662659
2203	2.5313404127
2204	2.5333255175
2205	2.5352398218
2206	2.5370136144
2207	2.5388473442
2208	2.5407035440
2209	2.5424791433
2210	2.5445057491
2211	2.5469683025
2212	2.5494548130
2213	2.5515951926
2214	2.5534654366
2215	2.5554612562
2216	2.5577190625
2217	2.5600842141
2218	2.5626769563
2219	2.5655077817
2220	2.5681760070
2221	2.5705715088
2222	2.5728378343
2223	2.5749494585
2224	2.5768388345
2225	2.5786254362
2226	2.5804155707
2227	2.5821576158
2228	2.5837141479
2229	2.5849526076
2230	2.5860054707
2231	2.5870320140
2232	2.5879857255
2233	2.5884949375
2234	2.5884776184
2235	2.5881904619
2236	2.5876272337
2237	2.5867997397
2238	2.5856656625
2239	2.5843864754
2240	2.5831191226
2241	2.5820153349
2242	2.5811401457
2243	2.5801581962
2244	2.5791380892
2245	2.5781088217
2246	2.5770924917
2247	2.5763518322
2248	2.5759039170
2249	2.5758384869
2250	2.5763222440
2251	2.5772745301
2252	2.5785392880
2253	2.5800656752
2254	2.5816698950
2255	2.5834313010
2256	2.5855629581
2257	2.5878772531
2258	2.5900256556
2259	2.5919218116
2260	2.5936904717
2261	2.5950827442
2262	2.5959144466
2263	2.5964614781
2264	2.5971185297
2265	2.5980627729
2266	2.5991211272
2267	2.6002433140
2268	2.6014774222
2269	2.6026130626
2270	2.6034668663
2271	2.6040215237
2272	2.6044189759
2273	2.6047478362
2274	2.6050238052
2275	2.6054787344
2276	2.6060182869
2277	2.6065550729
2278	2.6072833243
2279	2.6080598640
2280	2.6087976078
2281	2.6094331360
2282	2.6095858040
2283	2.6092339342
2284	2.6086353322
2285	2.6075524807
2286	2.6057246984
2287	2.6032054272
2288	2.6001506092
2289	2.5967120255
2290	2.5930778930
2291	2.5895201231
2292	2.5860074139
2293	2.5824208539
2294	2.5787071039
2295	2.5748790810
2296	2.5711718272
2297	2.5679847643
2298	2.5655515674
2299	2.5636125586
2300	2.5620638499
2301	2.5611772154
2302	2.5612668133
2303	2.5624404458
2304	2.5645357639
2305	2.5671981909
2306	2.5699465723
2307	2.5727769530
2308	2.5759865098
2309	2.5796744083
2310	2.5836690246
2311	2.5877396898
2312	2.5916893111
2313	2.5952056483
2314	2.5981919979
2315	2.6006721930
2316	2.6027476606
2317	2.6044576641
2318	2.6057012729
2319	2.6066423149
2320	2.6074190729
2321	2.6080196760
2322	2.6083130244
2323	2.6082693668
2324	2.6082684462
2325	2.6084480745
2326	2.6086016644
2327	2.6084510334
2328	2.6079301914
2329	2.6072273226
2330	2.6062815806
2331	2.6051434132
2332	2.6038115302
2333	2.6021798593
2334	2.6003107483
2335	2.5982701406
2336	2.5963591105
2337	2.5945606266
2338	2.5926956069
2339	2.5911557553
2340	2.5899405865
2341	2.5886743425
2342	2.5875865511
2343	2.5867509439
2344	2.5860104180
2345	2.5856534761
2346	2.5859037840
2347	2.5866399736
2348	2.5875809402
2349	2.5883246617
2350	2.5887051597
2351	2.5887922646
2352	2.5885260934
2353	2.5878559234
2354	2.5868906420
2355	2.5859493711
2356	2.5852133582
2357	2.5845039725
2358	2.5835568117
2359	2.5824943665
2360	2.5815895024
2361	2.5809350746
2362	2.5805131973
2363	2.5801672894
2364	2.5799632967
2365	2.5799011768
2366	2.5800998327
2367	2.5805652557
2368	2.5809711849
2369	2.5812165407
2370	2.5812904775
2371	2.5812128190
2372	2.5809297986
2373	2.5804643052
2374	2.5798238330
2375	2.5792995825
2376	2.5790649153
2377	2.5789576721
2378	2.5792689302
2379	2.5801039136
2380	2.5811801483
2381	2.5821621318
2382	2.5829524547
2383	2.5834897254
2384	2.5835367428
2385	2.5833229433
2386	2.5831875430
2387	2.5830619189
2388	2.5826796501
2389	2.5819326914
2390	2.5809930639
2391	2.5798263116
2392	2.5782715694
2393	2.5764968357
2394	2.5748523331
2395	2.5735787033
2396	2.5726033595
2397	2.5717230330
2398	2.5707542773
2399	2.5696251838
2400	2.5685724483
2401	2.5675745622
2402	2.5662901368
2403	2.5648484876
2404	2.5634281960
2405	2.5619446175
2406	2.5604487300
2407	2.5588270900
2408	2.5571805888
2409	2.5558784952
2410	2.5548858667
2411	2.5541549844
2412	2.5536851194
2413	2.5534995489
2414	2.5535996745
2415	2.5538807040
2416	2.5543369065
2417	2.5548236014
2418	2.5552739100
2419	2.5556344218
2420	2.5559973078
2421	2.5564526333
2422	2.5567797511
2423	2.5571367248
2424	2.5578625695
2425	2.5589916400
2426	2.5604289138
2427	2.5621862372
2428	2.5642303637
2429	2.5664729622
2430	2.5686933569
2431	2.5705971607
2432	2.5720463019
2433	2.5731296740
2434	2.5736631337
2435	2.5730691967
2436	2.5717983594
2437	2.5704019877
2438	2.5687650235
2439	2.5671621884
2440	2.5656838657
2441	2.5641710245
2442	2.5626712860
2443	2.5611171535
2444	2.5592955026
2445	2.5572752750
2446	2.5553953059
2447	2.5538773319
2448	2.5526733839
2449	2.5517087803
2450	2.5511731575
2451	2.5510915652
2452	2.5511845728
2453	2.5513261964
2454	2.5515767656
2455	2.5521598927
2456	2.5530545585
2457	2.5540324262
2458	2.5550608213
2459	2.5561050741
2460	2.5570291585
2461	2.5576001950
2462	2.5578672582
2463	2.5577836501
2464	2.5572954896
2465	2.5568033295
2466	2.5565327769
2467	2.5563210543
2468	2.5559224955
2469	2.5555675738
2470	2.5553664572
2471	2.5550260178
2472	2.5545545800
2473	2.5540750244
2474	2.5536326000
2475	2.5529969220
2476	2.5519386666
2477	2.5504627013
2478	2.5484272856
2479	2.5460558039
2480	2.5435921892
2481	2.5408687803
2482	2.5379970092
2483	2.5352762129
2484	2.5329613289
2485	2.5308272054
2486	2.5286988413
2487	2.5266032256
2488	2.5241888483
2489	2.5214320715
2490	2.5186634981
2491	2.5164225412
2492	2.5150393040
2493	2.5142414479
2494	2.5135357886
2495	2.5128112763
2496	2.5126018800
2497	2.5131968234
2498	2.5141003913
2499	2.5151425920
2500	2.5163539315
2501	2.5170028493
2502	2.5173722280
2503	2.5182531964
2504	2.5197202737
2505	2.5218630954
2506	2.5242368452
2507	2.5264931151
2508	2.5287444556
2509	2.5310027801
2510	2.5331982401
2511	2.5352798100
2512	2.5368533196
2513	2.5377340178
2514	2.5384266353
2515	2.5390986673
2516	2.5398802056
2517	2.5409062496
2518	2.5422983230
2519	2.5441283325
2520	2.5460178287
2521	2.5477274465
2522	2.5491050351
2523	2.5499872931
2524	2.5504879133
2525	2.5510057951
2526	2.5517078246
2527	2.5523410893
2528	2.5526441063
2529	2.5524269159
2530	2.5517269033
2531	2.5508942857
2532	2.5501253940
2533	2.5490243562
2534	2.5473115859
2535	2.5455400295
2536	2.5438484005
2537	2.5417749059
2538	2.5393776410
2539	2.5369144952
2540	2.5347294163
2541	2.5328775692
2542	2.5311391881
2543	2.5295848165
2544	2.5282475146
2545	2.5271106477
2546	2.5262791527
2547	2.5260198159
2548	2.5263487086
2549	2.5269433438
2550	2.5275162830
2551	2.5280290248
2552	2.5286130723
2553	2.5293573954
2554	2.5303860064
2555	2.5319703938
2556	2.5343907621
2557	2.5374737156
2558	2.5409167421
2559	2.5443827351
2560	2.5476318680
2561	2.5508445132
2562	2.5541100357
2563	2.5573389642
2564	2.5602856490
2565	2.5630223887
2566	2.5656603731
2567	2.5679927829
2568	2.5699968176
2569	2.5714059487
2570	2.5721555263
2571	2.5725757638
2572	2.5727671128
2573	2.5728578961
2574	2.5729104182
2575	2.5727964957
2576	2.5725837288
2577	2.5723546403
2578	2.5720307753
2579	2.5715688393
2580	2.5708466151
2581	2.5698529952
2582	2.5686477178
2583	2.5672217420
2584	2.5655438374
2585	2.5636285684
2586	2.5618276194
2587	2.5605347398
2588	2.5598192837
2589	2.5593326531
2590	2.5590655395
2591	2.5593752136
2592	2.5598852968
2593	2.5603481594
2594	2.5610973918
2595	2.5622526362
2596	2.5637747371
2597	2.5656272998
2598	2.5677342849
2599	2.5698115261
2600	2.5718439673
2601	2.5739989538
2602	2.5762138347
2603	2.5787404805
2604	2.5817295321
2605	2.5850191182
2606	2.5886170030
2607	2.5923517115
2608	2.5958461515
2609	2.5990812610
2610	2.6020846225
2611	2.6048490407
2612	2.6074872979
2613	2.6097421534
2614	2.6115832454
2615	2.6133799634
2616	2.6151737835
2617	2.6166984418
2618	2.6177550334
2619	2.6184795164
2620	2.6189797009
2621	2.6192289708
2622	2.6194171423
2623	2.6196257453
2624	2.6196879761
2625	2.6195034214
2626	2.6191748156
2627	2.6188649221
2628	2.6187615211
2629	2.6191030654
2630	2.6197653279
2631	2.6205578259
2632	2.6214439051
2633	2.6224834467
2634	2.6237189008
2635	2.6249526178
2636	2.6259722232
2637	2.6264843757
2638	2.6264537950
2639	2.6260580220
2640	2.6254820420
2641	2.6248165050
2642	2.6239409729
2643	2.6228888172
2644	2.6218195308
2645	2.6208644016
2646	2.6199763194
2647	2.6191576477
2648	2.6186429856
2649	2.6185530669
2650	2.6186862493
2651	2.6189930064
2652	2.6195398512
2653	2.6201729794
2654	2.6208462893
2655	2.6216724622
2656	2.6227963753
2657	2.6241149112
2658	2.6254522179
2659	2.6266332908
2660	2.6275295112
2661	2.6282831240
2662	2.6288828505
2663	2.6292638748
2664	2.6295155065
2665	2.6297730904
2666	2.6301307430
2667	2.6306115076
2668	2.6312638541
2669	2.6319669203
2670	2.6326136555
2671	2.6332973444
2672	2.6339508658
2673	2.6344435994
2674	2.6347391791
2675	2.6348962398
2676	2.6350934540
2677	2.6353435893
2678	2.6355677404
2679	2.6358753236
2680	2.6362401964
2681	2.6365227439
2682	2.6367908745
2683	2.6369959358
2684	2.6370933124
2685	2.6371430591
2686	2.6370846171
2687	2.6368758781
2688	2.6364424390
2689	2.6357506217
2690	2.6348302846
2691	2.6337635102
2692	2.6327377069
2693	2.6317948744
2694	2.6307264760
2695	2.6294241719
2696	2.6280113475
2697	2.6265098575
2698	2.6249064247
2699	2.6231693783
2700	2.6213105782
2701	2.6195240563
2702	2.6179177060
2703	2.6164818984
2704	2.6151784279
2705	2.6140439175
2706	2.6130981795
2707	2.6123498078
2708	2.6119010035
2709	2.6117911501
2710	2.6120934062
2711	2.6129640371
2712	2.6143303450
2713	2.6159622855
2714	2.6177941998
2715	2.6197438072
2716	2.6218001707
2717	2.6239189052
2718	2.6258939970
2719	2.6277246780
2720	2.6294537139
2721	2.6310522532
2722	2.6324511755
2723	2.6336613166
2724	2.6347875235
2725	2.6358038106
2726	2.6366237867
2727	2.6371818263
2728	2.6374158635
2729	2.6372042005
2730	2.6365696573
2731	2.6357745262
2732	2.6349426933
2733	2.6340438064
2734	2.6330937813
2735	2.6321286966
2736	2.6311330628
2737	2.6300085995
2738	2.6287197057
2739	2.6273617246
2740	2.6260504542
2741	2.6249035710
2742	2.6239927494
2743	2.6232971473
2744	2.6227553304
2745	2.6223712564
2746	2.6222540599
2747	2.6222807836
2748	2.6223137583
2749	2.6224691925
2750	2.6227674400
2751	2.6232696369
2752	2.6239052842
2753	2.6245298245
2754	2.6252481650
2755	2.6261378237
2756	2.6270934821
2757	2.6279138806
2758	2.6286185825
2759	2.6292653695
2760	2.6297350369
2761	2.6300169152
2762	2.6302575899
2763	2.6305050421
2764	2.6306513796
2765	2.6307185413
2766	2.6307303504
2767	2.6306189683
2768	2.6305116607
2769	2.6304468408
2770	2.6303412579
2771	2.6302646318
2772	2.6301951322
2773	2.6300784578
2774	2.6299634673
2775	2.6298737468
2776	2.6297444932
2777	2.6295577199
2778	2.6293380427
2779	2.6290892694
2780	2.6287181098
2781	2.6280902701
2782	2.6273078954
2783	2.6264947858
2784	2.6255864808
2785	2.6245077501
2786	2.6234879529
2787	2.6224793547
2788	2.6213144937
2789	2.6201833761
2790	2.6189513943
2791	2.6176478668
2792	2.6164939039
2793	2.6154806839
2794	2.6145309177
2795	2.6136486061
2796	2.6129733188
2797	2.6124628744
2798	2.6118778677
2799	2.6110833806
2800	2.6103086535
2801	2.6097549542
2802	2.6094149838
2803	2.6092640009
2804	2.6094004404
2805	2.6098997872
2806	2.6104762628
2807	2.6108704662
2808	2.6111421689
2809	2.6113590064
2810	2.6114973588
2811	2.6115660686
2812	2.6114247839
2813	2.6110239095
2814	2.6104598953
2815	2.6097489222
2816	2.6088264420
2817	2.6075023367
2818	2.6056985901
2819	2.6034851773
2820	2.6012099794
2821	2.5991992942
2822	2.5974351165
2823	2.5958812155
2824	2.5943569338
2825	2.5927124289
2826	2.5910924520
2827	2.5897816119
2828	2.5888766991
2829	2.5879858573
2830	2.5867547683
2831	2.5848145072
2832	2.5819708198
2833	2.5787033344
2834	2.5752097715
2835	2.5713538411
2836	2.5671767164
2837	2.5629614434
2838	2.5589612042
2839	2.5554132573
2840	2.5527130941
2841	2.5508334108
2842	2.5497211832
2843	2.5494070122
2844	2.5497073874
2845	2.5505353733
2846	2.5519731045
2847	2.5539844982
2848	2.5563364939
2849	2.5589748211
2850	2.5620068401
2851	2.5653406504
2852	2.5684627673
2853	2.5711957570
2854	2.5739047895
2855	2.5768390099
2856	2.5798624175
2857	2.5826574655
2858	2.5851468727
2859	2.5870674002
2860	2.5883847522
2861	2.5892748520
2862	2.5894708923
2863	2.5889836158
2864	2.5877555726
2865	2.5855262290
2866	2.5825564403
2867	2.5789926928
2868	2.5748050977
2869	2.5703960180
2870	2.5660533820
2871	2.5620073364
2872	2.5584906024
2873	2.5551183941
2874	2.5514518771
2875	2.5473850673
2876	2.5431953119
2877	2.5391945614
2878	2.5351589537
2879	2.5311216168
2880	2.5275275610
2881	2.5244277661
2882	2.5217064944
2883	2.5194590098
2884	2.5177157985
2885	2.5165373941
2886	2.5157843564
2887	2.5151761773
2888	2.5145949806
2889	2.5136882596
2890	2.5126226389
2891	2.5120496229
2892	2.5121278093
2893	2.5126854061
2894	2.5137393520
2895	2.5154083080
2896	2.5172315310
2897	2.5189552320
2898	2.5207993886
2899	2.5225346456
2900	2.5239479769
2901	2.5251529095
2902	2.5264511182
2903	2.5280902201
2904	2.5296231907
2905	2.5305359441
2906	2.5310378399
2907	2.5313673654
2908	2.5314749324
2909	2.5311647030
2910	2.5304482809
2911	2.5296533348
2912	2.5287073363
2913	2.5272164845
2914	2.5249531480
2915	2.5220289361
2916	2.5185994157
2917	2.5148931510
2918	2.5111700144
2919	2.5074191557
2920	2.5037606293
2921	2.5001301469
2922	2.4964148225
2923	2.4926669982
2924	2.4887960419
2925	2.4849358804
2926	2.4811545264
2927	2.4776459984
2928	2.4747303863
2929	2.4721824495
2930	2.4700146746
2931	2.4686059380
2932	2.4683112085
2933	2.4690471425
2934	2.4704909554
2935	2.4726010539
2936	2.4748270123
2937	2.4769118558
2938	2.4787131755
2939	2.4799632461
2940	2.4811896874
2941	2.4827586201
2942	2.4843794679
2943	2.4857522427
2944	2.4870007545
2945	2.4880314566
2946	2.4889886147
2947	2.4901496934
2948	2.4912062301
2949	2.4918586482
2950	2.4925545516
2951	2.4940630940
2952	2.4960484130
2953	2.4980985761
2954	2.5001260900
2955	2.5017068445
2956	2.5024383757
2957	2.5026761323
2958	2.5030367300
2959	2.5035445547
2960	2.5041759453
2961	2.5045848397
2962	2.5046398565
2963	2.5043302238
2964	2.5037529378
2965	2.5034592008
2966	2.5032362242
2967	2.5026809044
2968	2.5019421095
2969	2.5012059497
2970	2.5008400251
2971	2.5010984628
2972	2.5015527954
2973	2.5018099091
2974	2.5021317505
2975	2.5027479806
2976	2.5032713351
2977	2.5035721491
2978	2.5037286781
2979	2.5038016557
2980	2.5040134074
2981	2.5037726553
2982	2.5026353112
2983	2.5008274397
2984	2.4980951921
2985	2.4945835690
2986	2.4910064595
2987	2.4874642857
2988	2.4837821702
2989	2.4798079036
2990	2.4755633397
2991	2.4713805391
2992	2.4674246561
2993	2.4636922695
2994	2.4604520716
2995	2.4579390111
2996	2.4560234664
2997	2.4546905883
2998	2.4539029177
2999	2.4537102326
