0	2.5912592505
1	2.6077542479
2	2.6383399442
3	2.6691437115
4	2.6977380598
5	2.7186263205
6	2.7320485674
7	2.7371878911
8	2.7364847938
9	2.7317761379
10	2.7261547739
11	2.7213111209
12	2.7192847461
13	2.7200859633
14	2.7238411804
15	2.7292842133
16	2.7351713254
17	2.7403021636
18	2.7434627323
19	2.7445008255
20	2.7432027929
21	2.7405169214
22	2.7370078195
23	2.7340315858
24	2.7319856914
25	2.7317617889
26	2.7329785741
27	2.7356250092
28	2.7387823246
29	2.7418251094
30	2.7440318679
31	2.7448699946
32	2.7443602971
33	2.7425080365
34	2.7400545233
35	2.7373359808
36	2.7353186909
37	2.7340996366
38	2.7342890577
39	2.7354326952
40	2.7375328447
41	2.7398271356
42	2.7419366089
43	2.7433222777
44	2.7436675341
45	2.7430114917
46	2.7413533089
47	2.7393084228
48	2.7370976152
49	2.7355915544
50	2.7348181074
51	2.7353099942
52	2.7365295990
53	2.7384197869
54	2.7402553445
55	2.7418132456
56	2.7427055651
57	2.7427066911
58	2.7418403409
59	2.7400968221
60	2.7381502944
61	2.7362082273
62	2.7350209980
63	2.7343790935
64	2.7347272309
65	2.7356275022
66	2.7372024940
67	2.7388048210
68	2.7401798884
69	2.7409123182
70	2.7407672749
71	2.7398197335
72	2.7380605068
73	2.7361663125
74	2.7342065292
75	2.7329196496
76	2.7321790796
77	2.7325141010
78	2.7333011423
79	2.7345061657
80	2.7357537289
81	2.7371426005
82	2.7381140152
83	2.7378338708
84	2.7363290255
85	2.7341353604
86	2.7324548688
87	2.7310807514
88	2.7301446663
89	2.7290645716
90	2.7285031477
91	2.7284189010
92	2.7293191201
93	2.7308839646
94	2.7327143186
95	2.7339085572
96	2.7336102654
97	2.7320504364
98	2.7295404645
99	2.7271925263
100	2.7252569419
101	2.7246000844
102	2.7244918522
103	2.7247570394
104	2.7247342319
105	2.7246560760
106	2.7244053346
107	2.7244187033
108	2.7250295647
109	2.7257073061
110	2.7261959369
111	2.7256935197
112	2.7241942953
113	2.7212968463
114	2.7183198987
115	2.7156749195
116	2.7144783915
117	2.7149590028
118	2.7170597774
119	2.7195997255
120	2.7215376192
121	2.7221046969
122	2.7206810334
123	2.7185050655
124	2.7163173908
125	2.7148610449
126	2.7131236712
127	2.7107817762
128	2.7077473627
129	2.7070806770
130	2.7109258034
131	2.7177462702
132	2.7217625660
133	2.7174737870
134	2.7058780552
135	2.6947381180
136	2.6925882561
137	2.6995064567
138	2.7100107151
139	2.7175593967
140	2.7203868104
141	2.7177138704
142	2.7084925420
143	2.6931546411
144	2.6781740512
145	2.6715262469
146	2.6754494063
147	2.6868813016
148	2.7013726697
149	2.7166128630
150	2.7273127734
151	2.7274980420
152	2.7151489248
153	2.6956558830
154	2.6742711108
155	2.6548386822
156	2.6418549917
157	2.6411479600
158	2.6540543418
159	2.6748575035
160	2.6979898643
161	2.7190532763
162	2.7328769087
163	2.7331834363
164	2.7202084651
165	2.6979033317
166	2.6704645473
167	2.6417065879
168	2.6192581786
169	2.6093006775
170	2.6118893757
171	2.6252144065
172	2.6478988081
173	2.6762168802
174	2.7020228824
175	2.7209512969
176	2.7308255933
177	2.7296195555
178	2.7165224596
179	2.6961046887
180	2.6725728069
181	2.6483099253
182	2.6275774419
183	2.6151575951
184	2.6114985393
185	2.6147644099
186	2.6260399569
187	2.6430228775
188	2.6613879150
189	2.6780681090
190	2.6925033795
191	2.7014486960
192	2.7035600217
193	2.7009766760
194	2.6948121376
195	2.6855986533
196	2.6765194060
197	2.6703223722
198	2.6660863322
199	2.6651713278
200	2.6681590772
201	2.6728959373
202	2.6763739756
203	2.6783086170
204	2.6762824822
205	2.6694880629
206	2.6611786718
207	2.6528984050
208	2.6432181252
209	2.6330264555
210	2.6262846039
211	2.6261430826
212	2.6370086966
213	2.6564380870
214	2.6743799810
215	2.6832460224
216	2.6867730180
217	2.6914039853
218	2.6986491080
219	2.7031076414
220	2.6964205215
221	2.6794212610
222	2.6632335145
223	2.6560808842
224	2.6567310203
225	2.6637209477
226	2.6745002033
227	2.6847613461
228	2.6892031223
229	2.6852535899
230	2.6758809548
231	2.6688693169
232	2.6657993128
233	2.6606374580
234	2.6526232708
235	2.6448756711
236	2.6377826191
237	2.6314757420
238	2.6309291678
239	2.6394607850
240	2.6567936171
241	2.6759889129
242	2.6893023525
243	2.6951356123
244	2.6934608806
245	2.6829831785
246	2.6685888475
247	2.6599293391
248	2.6590290333
249	2.6642294148
250	2.6742978983
251	2.6869223994
252	2.6971626766
253	2.7016073733
254	2.7000878641
255	2.6967932433
256	2.6936405060
257	2.6898800854
258	2.6884850615
259	2.6895882401
260	2.6879971123
261	2.6819349762
262	2.6751008110
263	2.6684898018
264	2.6643404571
265	2.6658198781
266	2.6731077651
267	2.6822605106
268	2.6886406904
269	2.6902241129
270	2.6870882345
271	2.6778556602
272	2.6638703697
273	2.6526038133
274	2.6463714514
275	2.6451971573
276	2.6512364914
277	2.6630235261
278	2.6744002412
279	2.6833142504
280	2.6888227139
281	2.6887086271
282	2.6833420626
283	2.6757125738
284	2.6697426159
285	2.6666023654
286	2.6668541001
287	2.6717348354
288	2.6798074226
289	2.6863151236
290	2.6917268099
291	2.6957558983
292	2.6958318296
293	2.6942436830
294	2.6934416540
295	2.6924729472
296	2.6921407300
297	2.6940612305
298	2.6963029732
299	2.6975107157
300	2.6971151767
301	2.6955402047
302	2.6926373312
303	2.6898282206
304	2.6897313055
305	2.6922724646
306	2.6956973981
307	2.7006351681
308	2.7052517598
309	2.7058298601
310	2.7034497547
311	2.6973726725
312	2.6869700471
313	2.6758508152
314	2.6671751427
315	2.6620264242
316	2.6635001615
317	2.6720311971
318	2.6845425296
319	2.6973831965
320	2.7070090156
321	2.7099777298
322	2.7034108635
323	2.6891231947
324	2.6707139630
325	2.6511062261
326	2.6351529110
327	2.6281158104
328	2.6295403686
329	2.6401080033
330	2.6593375797
331	2.6810540219
332	2.7005823679
333	2.7135201133
334	2.7148672770
335	2.7049494911
336	2.6880815791
337	2.6673492621
338	2.6464827841
339	2.6283105160
340	2.6163709109
341	2.6154823564
342	2.6300006334
343	2.6570458113
344	2.6847727864
345	2.7031559693
346	2.7107986997
347	2.7127685570
348	2.7153925348
349	2.7179274983
350	2.7108147871
351	2.6922479345
352	2.6704491171
353	2.6555927536
354	2.6536598385
355	2.6606917116
356	2.6690765507
357	2.6777816005
358	2.6870992774
359	2.6938973245
360	2.6971627794
361	2.6996026956
362	2.7056705353
363	2.7149934867
364	2.7219813408
365	2.7210205497
366	2.7134774921
367	2.7051483295
368	2.6975275235
369	2.6897329895
370	2.6849595730
371	2.6850457648
372	2.6871299920
373	2.6879584621
374	2.6851928810
375	2.6833212346
376	2.6870210025
377	2.6935692351
378	2.7004005967
379	2.7080866597
380	2.7144987787
381	2.7160569750
382	2.7109231751
383	2.7023316840
384	2.6969155751
385	2.6967670929
386	2.7005195341
387	2.7076881210
388	2.7177105832
389	2.7244964262
390	2.7222260131
391	2.7123738189
392	2.6991204891
393	2.6846353462
394	2.6718611616
395	2.6642510200
396	2.6649572776
397	2.6730615645
398	2.6819140246
399	2.6905143079
400	2.7000495916
401	2.7071490490
402	2.7106708298
403	2.7133162249
404	2.7164389516
405	2.7190975596
406	2.7186282332
407	2.7155676707
408	2.7118717131
409	2.7059865755
410	2.6986160436
411	2.6943726290
412	2.6957833161
413	2.7004884557
414	2.7075462446
415	2.7167269287
416	2.7241319298
417	2.7252451229
418	2.7193568227
419	2.7081449407
420	2.6940441371
421	2.6794542494
422	2.6698273956
423	2.6719641109
424	2.6833687957
425	2.6989867152
426	2.7168355915
427	2.7326218646
428	2.7422010676
429	2.7448507209
430	2.7408573138
431	2.7310897318
432	2.7171205581
433	2.7049594933
434	2.7015962500
435	2.7061529654
436	2.7147227782
437	2.7249768101
438	2.7339603544
439	2.7379286002
440	2.7370211076
441	2.7330457187
442	2.7259797283
443	2.7168361068
444	2.7085918869
445	2.7027260893
446	2.6993428822
447	2.6993896240
448	2.7044602843
449	2.7132762383
450	2.7203400786
451	2.7249382935
452	2.7283950086
453	2.7289853791
454	2.7280370493
455	2.7283741392
456	2.7298160299
457	2.7314236901
458	2.7323010195
459	2.7322924128
460	2.7312895579
461	2.7297123956
462	2.7303984859
463	2.7333728474
464	2.7371382352
465	2.7420241075
466	2.7469197076
467	2.7484068492
468	2.7458222049
469	2.7410279397
470	2.7347174456
471	2.7284072794
472	2.7249982945
473	2.7248969424
474	2.7261047955
475	2.7280450645
476	2.7317336014
477	2.7378605608
478	2.7446842987
479	2.7504416231
480	2.7520194975
481	2.7464706042
482	2.7371029716
483	2.7278479835
484	2.7199354276
485	2.7158938152
486	2.7171416635
487	2.7230374384
488	2.7328992486
489	2.7448248511
490	2.7556146510
491	2.7610505246
492	2.7601215646
493	2.7540610432
494	2.7431225791
495	2.7301025610
496	2.7200419462
497	2.7157561613
498	2.7180322154
499	2.7265505570
500	2.7379355570
501	2.7485248276
502	2.7567229324
503	2.7606931986
504	2.7585844018
505	2.7514924923
506	2.7412695537
507	2.7290064506
508	2.7158714727
509	2.7043307132
510	2.6969753457
511	2.6949200995
512	2.7003771385
513	2.7125111760
514	2.7270505405
515	2.7423096264
516	2.7551500627
517	2.7602605075
518	2.7570889503
519	2.7479683586
520	2.7357179547
521	2.7234111798
522	2.7145870052
523	2.7117262520
524	2.7141026121
525	2.7205372896
526	2.7284060283
527	2.7347008148
528	2.7394711515
529	2.7430261104
530	2.7444317119
531	2.7453015944
532	2.7472969468
533	2.7489236607
534	2.7489526494
535	2.7471811266
536	2.7426685736
537	2.7358900490
538	2.7285567086
539	2.7216257795
540	2.7174818588
541	2.7176016989
542	2.7207096257
543	2.7244570010
544	2.7278500136
545	2.7300932449
546	2.7289268340
547	2.7262315384
548	2.7254302926
549	2.7250444535
550	2.7245693143
551	2.7249127148
552	2.7258482362
553	2.7283505604
554	2.7306054188
555	2.7289480126
556	2.7218957782
557	2.7117991561
558	2.7034805917
559	2.7009629394
560	2.7048761980
561	2.7095394834
562	2.7095483998
563	2.7078372470
564	2.7091701431
565	2.7130613241
566	2.7167151810
567	2.7165807500
568	2.7121931152
569	2.7087877428
570	2.7106447432
571	2.7167790501
572	2.7250042411
573	2.7321718719
574	2.7345738714
575	2.7315408938
576	2.7227403989
577	2.7099334662
578	2.6992691887
579	2.6957846533
580	2.6978669018
581	2.7008231062
582	2.7044610092
583	2.7097083778
584	2.7152738815
585	2.7206872443
586	2.7239136551
587	2.7244784006
588	2.7237922724
589	2.7199589415
590	2.7136146926
591	2.7083714209
592	2.7071373944
593	2.7112168716
594	2.7183985546
595	2.7240608670
596	2.7255790096
597	2.7235097616
598	2.7177321236
599	2.7087878162
600	2.7017159460
601	2.6998798117
602	2.7009543004
603	2.7024789082
604	2.7031499554
605	2.7032311482
606	2.7035187585
607	2.7022286883
608	2.6989679067
609	2.6984510374
610	2.7024293711
611	2.7081358626
612	2.7150924298
613	2.7215447567
614	2.7250161136
615	2.7254739078
616	2.7232895733
617	2.7199650225
618	2.7173950612
619	2.7155101585
620	2.7126738031
621	2.7095422040
622	2.7090159406
623	2.7102886123
624	2.7127112814
625	2.7174358872
626	2.7236016523
627	2.7293999802
628	2.7299710767
629	2.7235486649
630	2.7140552363
631	2.7033959300
632	2.6938176117
633	2.6907520288
634	2.6965992847
635	2.7084279890
636	2.7219130689
637	2.7332449658
638	2.7391638714
639	2.7384743880
640	2.7319789086
641	2.7220811420
642	2.7132351292
643	2.7077268852
644	2.7063046944
645	2.7103825227
646	2.7180356481
647	2.7247705491
648	2.7286003136
649	2.7290023532
650	2.7260427620
651	2.7208208170
652	2.7121703302
653	2.7016459592
654	2.6931347193
655	2.6859691716
656	2.6814389938
657	2.6838317284
658	2.6931605512
659	2.7060875518
660	2.7195458109
661	2.7312346752
662	2.7370002074
663	2.7342228861
664	2.7241943176
665	2.7093981730
666	2.6936169063
667	2.6796688635
668	2.6723168030
669	2.6754525525
670	2.6864683160
671	2.7030293754
672	2.7221643532
673	2.7370985137
674	2.7428772484
675	2.7374666486
676	2.7222797707
677	2.7027255339
678	2.6837189076
679	2.6686950349
680	2.6604857338
681	2.6593341811
682	2.6640006773
683	2.6759291023
684	2.6939438532
685	2.7112021797
686	2.7228946952
687	2.7286799040
688	2.7305812440
689	2.7307798546
690	2.7290374403
691	2.7230068585
692	2.7116413777
693	2.6969536195
694	2.6867655179
695	2.6882734243
696	2.6963085965
697	2.7037564739
698	2.7102502434
699	2.7160573720
700	2.7231725687
701	2.7325516361
702	2.7409155087
703	2.7448587720
704	2.7432975272
705	2.7376814717
706	2.7289750450
707	2.7187087044
708	2.7104591966
709	2.7083223407
710	2.7122220491
711	2.7162758187
712	2.7172988759
713	2.7157004854
714	2.7135809055
715	2.7143019118
716	2.7168177979
717	2.7193653633
718	2.7227942890
719	2.7264312414
720	2.7293070411
721	2.7293984388
722	2.7259072684
723	2.7232365932
724	2.7233943555
725	2.7225080707
726	2.7196632919
727	2.7180655986
728	2.7182083101
729	2.7194700070
730	2.7214154701
731	2.7232691015
732	2.7251245209
733	2.7265563552
734	2.7259708060
735	2.7222536565
736	2.7172930553
737	2.7154538425
738	2.7188480925
739	2.7243587010
740	2.7307228832
741	2.7391595019
742	2.7447264609
743	2.7436557403
744	2.7374003338
745	2.7276712044
746	2.7177624042
747	2.7082879265
748	2.6992549520
749	2.6936180168
750	2.6924846362
751	2.6949540621
752	2.6991881687
753	2.7049952782
754	2.7132330749
755	2.7221288170
756	2.7274444156
757	2.7272596370
758	2.7248292057
759	2.7214750004
760	2.7164989941
761	2.7124801794
762	2.7120470777
763	2.7161742876
764	2.7226980797
765	2.7285871551
766	2.7327944105
767	2.7320243750
768	2.7252837276
769	2.7167166434
770	2.7104261125
771	2.7099563714
772	2.7149850754
773	2.7197640291
774	2.7228898998
775	2.7278433759
776	2.7330805334
777	2.7353858038
778	2.7347255465
779	2.7320123784
780	2.7285655904
781	2.7268561911
782	2.7298971768
783	2.7368210323
784	2.7427760248
785	2.7447178473
786	2.7433917840
787	2.7396485114
788	2.7342644443
789	2.7290626523
790	2.7245724170
791	2.7225690323
792	2.7222311732
793	2.7193638378
794	2.7164855194
795	2.7170076557
796	2.7201870982
797	2.7245991597
798	2.7282490291
799	2.7312507033
800	2.7330513335
801	2.7325106226
802	2.7317752754
803	2.7323351884
804	2.7330048476
805	2.7331203192
806	2.7335628604
807	2.7339104346
808	2.7337143663
809	2.7344480785
810	2.7368560071
811	2.7403078903
812	2.7421841776
813	2.7408453720
814	2.7375491561
815	2.7328828136
816	2.7277524911
817	2.7244459189
818	2.7263922557
819	2.7343685847
820	2.7427509139
821	2.7472569273
822	2.7484110026
823	2.7454063722
824	2.7390759972
825	2.7342216515
826	2.7323716529
827	2.7328990148
828	2.7359291743
829	2.7408769485
830	2.7474668902
831	2.7544528082
832	2.7596531364
833	2.7614512450
834	2.7591462076
835	2.7530419095
836	2.7443228687
837	2.7351315703
838	2.7274572459
839	2.7229758836
840	2.7229970178
841	2.7283721772
842	2.7366320292
843	2.7435619928
844	2.7499737263
845	2.7557274932
846	2.7577702438
847	2.7562824979
848	2.7528747588
849	2.7496692423
850	2.7471753211
851	2.7453963572
852	2.7458727782
853	2.7466411533
854	2.7455175597
855	2.7437382169
856	2.7423303170
857	2.7417635137
858	2.7430125257
859	2.7469180979
860	2.7531474047
861	2.7599697493
862	2.7645199425
863	2.7655443740
864	2.7631383401
865	2.7566191615
866	2.7476658190
867	2.7394227456
868	2.7334494716
869	2.7301850065
870	2.7296695085
871	2.7313648294
872	2.7336463346
873	2.7364763517
874	2.7412927479
875	2.7468816431
876	2.7519799350
877	2.7574993962
878	2.7617752326
879	2.7624039895
880	2.7596222804
881	2.7541919287
882	2.7480756954
883	2.7428095953
884	2.7392850470
885	2.7393805043
886	2.7423960861
887	2.7459238772
888	2.7491879901
889	2.7524506863
890	2.7554569510
891	2.7579132900
892	2.7600213300
893	2.7609418212
894	2.7596249846
895	2.7567517226
896	2.7540744302
897	2.7512837032
898	2.7473895048
899	2.7435914831
900	2.7405626683
901	2.7400565934
902	2.7445958338
903	2.7527306740
904	2.7602043870
905	2.7623290744
906	2.7586140322
907	2.7525576071
908	2.7463801333
909	2.7415095677
910	2.7376261158
911	2.7340788745
912	2.7332003513
913	2.7373037386
914	2.7458426880
915	2.7557903299
916	2.7635452608
917	2.7672376916
918	2.7671256850
919	2.7639436489
920	2.7594161296
921	2.7556601542
922	2.7532254815
923	2.7527877834
924	2.7541681796
925	2.7548496802
926	2.7538648845
927	2.7535580241
928	2.7558374928
929	2.7596856316
930	2.7632890457
931	2.7660514009
932	2.7675920599
933	2.7676657632
934	2.7667894152
935	2.7650378877
936	2.7631870544
937	2.7626090221
938	2.7628552031
939	2.7631270063
940	2.7626964779
941	2.7619819862
942	2.7627852334
943	2.7644578598
944	2.7655574725
945	2.7658403562
946	2.7648803978
947	2.7626710283
948	2.7601412339
949	2.7582702415
950	2.7576045990
951	2.7587517812
952	2.7613294003
953	2.7635889336
954	2.7644259521
955	2.7645645334
956	2.7648150428
957	2.7645420855
958	2.7639780403
959	2.7638477484
960	2.7640048288
961	2.7642171846
962	2.7631085198
963	2.7599897284
964	2.7558205343
965	2.7517260585
966	2.7484601615
967	2.7462325641
968	2.7464330548
969	2.7493034594
970	2.7525875739
971	2.7550128958
972	2.7563269923
973	2.7560933852
974	2.7540702775
975	2.7506192668
976	2.7471324166
977	2.7450525565
978	2.7446378227
979	2.7460883028
980	2.7488236680
981	2.7515719496
982	2.7545373603
983	2.7568727337
984	2.7565304260
985	2.7537247991
986	2.7490254721
987	2.7419558416
988	2.7340713511
989	2.7286714798
990	2.7277687087
991	2.7310788629
992	2.7365961759
993	2.7421681353
994	2.7464274503
995	2.7487182371
996	2.7480935002
997	2.7440174814
998	2.7384137770
999	2.7332021795
1000	2.7293444387
1001	2.7275982822
1002	2.7280135876
1003	2.7308192386
1004	2.7345179954
1005	2.7372742868
1006	2.7391645409
1007	2.7397771296
1008	2.7387676263
1009	2.7364340890
1010	2.7327202207
1011	2.7277859043
1012	2.7222523904
1013	2.7167101064
1014	2.7127523854
1015	2.7123488881
1016	2.7151882931
1017	2.7199046516
1018	2.7256060216
1019	2.7314883393
1020	2.7358844328
1021	2.7377546054
1022	2.7388553717
1023	2.7397786171
1024	2.7397648870
1025	2.7386395425
1026	2.7360885301
1027	2.7332387302
1028	2.7311997464
1029	2.7299825872
1030	2.7293084088
1031	2.7294185902
1032	2.7310052506
1033	2.7335406277
1034	2.7365687651
1035	2.7396127376
1036	2.7403942032
1037	2.7379564307
1038	2.7346646196
1039	2.7329108919
1040	2.7326388735
1041	2.7320096765
1042	2.7306628680
1043	2.7293219207
1044	2.7279790369
1045	2.7275160925
1046	2.7274083709
1047	2.7255090668
1048	2.7220109996
1049	2.7184002334
1050	2.7166277037
1051	2.7190191016
1052	2.7247671420
1053	2.7316619349
1054	2.7391377300
1055	2.7444458817
1056	2.7434589099
1057	2.7357593946
1058	2.7244884657
1059	2.7137123116
1060	2.7061058055
1061	2.7030588195
1062	2.7040562889
1063	2.7080607622
1064	2.7149877611
1065	2.7228462181
1066	2.7302035619
1067	2.7360058984
1068	2.7391936126
1069	2.7405551068
1070	2.7395756236
1071	2.7359999079
1072	2.7306517482
1073	2.7254210388
1074	2.7233577563
1075	2.7243057759
1076	2.7266126409
1077	2.7307677455
1078	2.7364461791
1079	2.7412647233
1080	2.7437326838
1081	2.7430378552
1082	2.7393847762
1083	2.7345341767
1084	2.7293193758
1085	2.7245819307
1086	2.7215312441
1087	2.7213347166
1088	2.7243515043
1089	2.7297784421
1090	2.7365110023
1091	2.7417846497
1092	2.7447536015
1093	2.7452330534
1094	2.7405535103
1095	2.7317608756
1096	2.7230864165
1097	2.7161797528
1098	2.7106826019
1099	2.7075742731
1100	2.7087459272
1101	2.7133327995
1102	2.7188830827
1103	2.7249545618
1104	2.7314574150
1105	2.7377553259
1106	2.7424480314
1107	2.7439632542
1108	2.7432192057
1109	2.7421238318
1110	2.7419731156
1111	2.7422091470
1112	2.7411334483
1113	2.7388109852
1114	2.7365859036
1115	2.7361442294
1116	2.7371256909
1117	2.7372222371
1118	2.7369292750
1119	2.7375262966
1120	2.7384356949
1121	2.7406892422
1122	2.7441715780
1123	2.7449579894
1124	2.7413354187
1125	2.7348108897
1126	2.7289847328
1127	2.7281503159
1128	2.7319570652
1129	2.7382560096
1130	2.7458507962
1131	2.7531605534
1132	2.7580542629
1133	2.7589377091
1134	2.7564339620
1135	2.7515722416
1136	2.7464399328
1137	2.7422556288
1138	2.7388477231
1139	2.7380308444
1140	2.7410642064
1141	2.7469265341
1142	2.7527601668
1143	2.7566420146
1144	2.7587642485
1145	2.7586340319
1146	2.7566861633
1147	2.7551742069
1148	2.7546042604
1149	2.7539437336
1150	2.7532386755
1151	2.7531363784
1152	2.7544933460
1153	2.7566000417
1154	2.7582267141
1155	2.7608796523
1156	2.7636657409
1157	2.7630869808
1158	2.7583086815
1159	2.7506951233
1160	2.7420627772
1161	2.7347101131
1162	2.7321401553
1163	2.7353321180
1164	2.7429529885
1165	2.7537839868
1166	2.7633740623
1167	2.7681834325
1168	2.7703999849
1169	2.7722890834
1170	2.7736542145
1171	2.7737583526
1172	2.7724222711
1173	2.7705086451
1174	2.7683960608
1175	2.7667470474
1176	2.7666685808
1177	2.7684564087
1178	2.7714107625
1179	2.7744487978
1180	2.7774433483
1181	2.7797461245
1182	2.7804784713
1183	2.7798603816
1184	2.7779124203
1185	2.7741802827
1186	2.7684509901
1187	2.7618270040
1188	2.7558508532
1189	2.7515849786
1190	2.7504678896
1191	2.7529229140
1192	2.7578646030
1193	2.7640145594
1194	2.7696559682
1195	2.7733211222
1196	2.7748363713
1197	2.7736224541
1198	2.7699257969
1199	2.7657585535
1200	2.7625357274
1201	2.7614929219
1202	2.7621473252
1203	2.7637285251
1204	2.7667562310
1205	2.7696136990
1206	2.7702890029
1207	2.7694791397
1208	2.7692530320
1209	2.7695623351
1210	2.7696580807
1211	2.7702660480
1212	2.7713559736
1213	2.7723250720
1214	2.7726732538
1215	2.7720169443
1216	2.7705019953
1217	2.7685404104
1218	2.7668016749
1219	2.7656605528
1220	2.7649275424
1221	2.7646192698
1222	2.7648753839
1223	2.7656071620
1224	2.7668317397
1225	2.7683664279
1226	2.7699929936
1227	2.7713953835
1228	2.7719186091
1229	2.7712653914
1230	2.7690112540
1231	2.7656830309
1232	2.7624591407
1233	2.7594109624
1234	2.7576944966
1235	2.7587174722
1236	2.7614073558
1237	2.7639216665
1238	2.7657052879
1239	2.7668889794
1240	2.7674541946
1241	2.7679779644
1242	2.7690007389
1243	2.7696771915
1244	2.7694392453
1245	2.7687867389
1246	2.7683776206
1247	2.7685468115
1248	2.7688486680
1249	2.7691843339
1250	2.7695866283
1251	2.7697433056
1252	2.7698041971
1253	2.7695081207
1254	2.7678977485
1255	2.7648784382
1256	2.7621838849
1257	2.7615717573
1258	2.7633094187
1259	2.7664070804
1260	2.7692072921
1261	2.7711547684
1262	2.7726106802
1263	2.7734191400
1264	2.7733731944
1265	2.7728272498
1266	2.7723756574
1267	2.7722179366
1268	2.7722264982
1269	2.7720819964
1270	2.7714286224
1271	2.7703673646
1272	2.7695385111
1273	2.7688456487
1274	2.7674261746
1275	2.7653176974
1276	2.7631209333
1277	2.7618214087
1278	2.7617780476
1279	2.7624453930
1280	2.7636777772
1281	2.7648026016
1282	2.7653508049
1283	2.7654269534
1284	2.7645823061
1285	2.7626734089
1286	2.7604539533
1287	2.7587550631
1288	2.7576841134
1289	2.7569895450
1290	2.7565236569
1291	2.7563769350
1292	2.7568973489
1293	2.7580788548
1294	2.7595262253
1295	2.7609468616
1296	2.7620693308
1297	2.7626956323
1298	2.7628105319
1299	2.7624177929
1300	2.7617751606
1301	2.7613126354
1302	2.7610997247
1303	2.7610124437
1304	2.7610696094
1305	2.7612498348
1306	2.7613189979
1307	2.7610802236
1308	2.7605777638
1309	2.7599461839
1310	2.7592513729
1311	2.7582893202
1312	2.7570474754
1313	2.7560512377
1314	2.7554401668
1315	2.7551326053
1316	2.7553770978
1317	2.7558402423
1318	2.7559852999
1319	2.7559780649
1320	2.7560576091
1321	2.7562657879
1322	2.7563794925
1323	2.7562880228
1324	2.7563934577
1325	2.7568899370
1326	2.7577147136
1327	2.7584311322
1328	2.7588361863
1329	2.7595146259
1330	2.7605734327
1331	2.7617658842
1332	2.7628804144
1333	2.7636647709
1334	2.7642592986
1335	2.7649159122
1336	2.7656011989
1337	2.7660129364
1338	2.7659057331
1339	2.7652657916
1340	2.7642817653
1341	2.7632681092
1342	2.7626541487
1343	2.7627465045
1344	2.7632864203
1345	2.7638193175
1346	2.7640460549
1347	2.7637157725
1348	2.7627176388
1349	2.7613794809
1350	2.7601699410
1351	2.7592816188
1352	2.7587589412
1353	2.7587266569
1354	2.7594800837
1355	2.7609767125
1356	2.7630086982
1357	2.7647634656
1358	2.7652961387
1359	2.7648997653
1360	2.7639858870
1361	2.7626697352
1362	2.7610256397
1363	2.7598977661
1364	2.7597268126
1365	2.7593137368
1366	2.7589176996
1367	2.7594130302
1368	2.7603594927
1369	2.7616685125
1370	2.7629040727
1371	2.7634260810
1372	2.7639192026
1373	2.7648718698
1374	2.7661360485
1375	2.7675503547
1376	2.7682806928
1377	2.7676285252
1378	2.7656934237
1379	2.7625541863
1380	2.7586645954
1381	2.7550298199
1382	2.7517851924
1383	2.7492966708
1384	2.7492918840
1385	2.7521098055
1386	2.7557286408
1387	2.7580137193
1388	2.7591339869
1389	2.7610445734
1390	2.7640703711
1391	2.7675304204
1392	2.7711128386
1393	2.7733008422
1394	2.7726480427
1395	2.7695604545
1396	2.7654735197
1397	2.7618235560
1398	2.7598478481
1399	2.7604029213
1400	2.7632461109
1401	2.7676177152
1402	2.7719380129
1403	2.7740783159
1404	2.7743672746
1405	2.7734385748
1406	2.7706793355
1407	2.7661515493
1408	2.7608168578
1409	2.7566723326
1410	2.7548137600
1411	2.7556243408
1412	2.7589973588
1413	2.7638771895
1414	2.7686648060
1415	2.7715485047
1416	2.7719562312
1417	2.7692487546
1418	2.7642012469
1419	2.7591282293
1420	2.7551355390
1421	2.7530980844
1422	2.7529617774
1423	2.7543015489
1424	2.7577554762
1425	2.7626596906
1426	2.7667230730
1427	2.7685671057
1428	2.7677687597
1429	2.7649643715
1430	2.7605810795
1431	2.7537032946
1432	2.7463368337
1433	2.7420476776
1434	2.7412557956
1435	2.7428858120
1436	2.7472914884
1437	2.7537676988
1438	2.7590976452
1439	2.7618255411
1440	2.7618474809
1441	2.7596149316
1442	2.7567245620
1443	2.7552091096
1444	2.7560098906
1445	2.7577494080
1446	2.7592822722
1447	2.7588502474
1448	2.7555203068
1449	2.7504887505
1450	2.7439671713
1451	2.7366068908
1452	2.7303021407
1453	2.7270490146
1454	2.7274215264
1455	2.7313552302
1456	2.7394343227
1457	2.7476355546
1458	2.7499465415
1459	2.7467128860
1460	2.7421122545
1461	2.7402615045
1462	2.7412746564
1463	2.7420279579
1464	2.7427567010
1465	2.7439654153
1466	2.7452799932
1467	2.7475169005
1468	2.7483778343
1469	2.7450027819
1470	2.7395704587
1471	2.7352754192
1472	2.7333701663
1473	2.7348729196
1474	2.7387586050
1475	2.7423812589
1476	2.7442939849
1477	2.7439080942
1478	2.7420783848
1479	2.7403566719
1480	2.7387052675
1481	2.7367799630
1482	2.7348658037
1483	2.7335131373
1484	2.7321737414
1485	2.7297171906
1486	2.7295662053
1487	2.7343212080
1488	2.7397873892
1489	2.7423509428
1490	2.7418329045
1491	2.7397503170
1492	2.7369854681
1493	2.7340142574
1494	2.7312655996
1495	2.7290302288
1496	2.7295447506
1497	2.7319202993
1498	2.7347080472
1499	2.7385344910
1500	2.7427726396
1501	2.7478622870
1502	2.7538673218
1503	2.7593328307
1504	2.7619397848
1505	2.7604601191
1506	2.7557967158
1507	2.7491582340
1508	2.7417278077
1509	2.7353198030
1510	2.7316163805
1511	2.7296001264
1512	2.7289422532
1513	2.7323004608
1514	2.7401164168
1515	2.7494295070
1516	2.7572614125
1517	2.7610057231
1518	2.7594932243
1519	2.7543882087
1520	2.7493026288
1521	2.7476380562
1522	2.7481209240
1523	2.7487682595
1524	2.7498340683
1525	2.7498034645
1526	2.7478262682
1527	2.7443311167
1528	2.7409746128
1529	2.7409988473
1530	2.7445767063
1531	2.7474764187
1532	2.7473503480
1533	2.7455461876
1534	2.7419541805
1535	2.7371601123
1536	2.7332747304
1537	2.7310364771
1538	2.7307468738
1539	2.7321641901
1540	2.7344027785
1541	2.7361019495
1542	2.7374101145
1543	2.7389759071
1544	2.7386951085
1545	2.7366773832
1546	2.7361536619
1547	2.7381614104
1548	2.7418949675
1549	2.7460557571
1550	2.7496278083
1551	2.7512404630
1552	2.7498572073
1553	2.7464617693
1554	2.7420176019
1555	2.7370537234
1556	2.7315508147
1557	2.7266268953
1558	2.7245808143
1559	2.7256356990
1560	2.7297979975
1561	2.7365728925
1562	2.7435704938
1563	2.7491133169
1564	2.7518833511
1565	2.7509620303
1566	2.7466344313
1567	2.7393109503
1568	2.7315938922
1569	2.7265069420
1570	2.7239550461
1571	2.7243029232
1572	2.7289311355
1573	2.7368859612
1574	2.7456669009
1575	2.7532407467
1576	2.7577737928
1577	2.7588122939
1578	2.7572512947
1579	2.7538143360
1580	2.7501486639
1581	2.7478552274
1582	2.7479904641
1583	2.7498013393
1584	2.7518009382
1585	2.7546772570
1586	2.7582968240
1587	2.7613985291
1588	2.7620946010
1589	2.7593725396
1590	2.7551604994
1591	2.7518869325
1592	2.7505489159
1593	2.7512774501
1594	2.7538964946
1595	2.7562357707
1596	2.7570364780
1597	2.7576365321
1598	2.7581296791
1599	2.7576387124
1600	2.7564203920
1601	2.7557858954
1602	2.7564261995
1603	2.7576636486
1604	2.7585571654
1605	2.7583181968
1606	2.7564575351
1607	2.7540734315
1608	2.7527014020
1609	2.7526006697
1610	2.7535432502
1611	2.7552026857
1612	2.7571614118
1613	2.7589275289
1614	2.7600989469
1615	2.7601311687
1616	2.7589821026
1617	2.7570217506
1618	2.7541538247
1619	2.7503785619
1620	2.7460753350
1621	2.7430608715
1622	2.7429617377
1623	2.7455445384
1624	2.7497046563
1625	2.7534730794
1626	2.7559874302
1627	2.7573832273
1628	2.7571837037
1629	2.7559724666
1630	2.7549139387
1631	2.7544428179
1632	2.7550269263
1633	2.7561663028
1634	2.7564382821
1635	2.7562453061
1636	2.7563425967
1637	2.7559760652
1638	2.7550979679
1639	2.7537369428
1640	2.7515145505
1641	2.7489762463
1642	2.7469996651
1643	2.7461605720
1644	2.7459661641
1645	2.7462158474
1646	2.7473302109
1647	2.7490308282
1648	2.7507292567
1649	2.7516502760
1650	2.7522303400
1651	2.7526632864
1652	2.7516618498
1653	2.7492095053
1654	2.7466140129
1655	2.7450278079
1656	2.7445878124
1657	2.7450267600
1658	2.7466988290
1659	2.7498786023
1660	2.7537924732
1661	2.7563742226
1662	2.7561120561
1663	2.7535897669
1664	2.7496837799
1665	2.7455549036
1666	2.7426615656
1667	2.7414473344
1668	2.7422648228
1669	2.7441772234
1670	2.7463472485
1671	2.7489685752
1672	2.7512798037
1673	2.7531987509
1674	2.7543397428
1675	2.7535234670
1676	2.7511888765
1677	2.7488605053
1678	2.7467215696
1679	2.7442663226
1680	2.7414996076
1681	2.7393676499
1682	2.7398673841
1683	2.7428798364
1684	2.7469995422
1685	2.7505874383
1686	2.7517741747
1687	2.7502002916
1688	2.7462529815
1689	2.7407252494
1690	2.7347789416
1691	2.7304371550
1692	2.7284688658
1693	2.7278668914
1694	2.7295586739
1695	2.7345551738
1696	2.7410691000
1697	2.7475681082
1698	2.7538474022
1699	2.7582224159
1700	2.7593246238
1701	2.7582130502
1702	2.7561347265
1703	2.7539878152
1704	2.7527030050
1705	2.7518861715
1706	2.7513661721
1707	2.7521247025
1708	2.7543612075
1709	2.7572875164
1710	2.7593633228
1711	2.7598216854
1712	2.7584169000
1713	2.7551080020
1714	2.7508502771
1715	2.7466953105
1716	2.7444829797
1717	2.7452652890
1718	2.7477564317
1719	2.7501372792
1720	2.7521549336
1721	2.7538714736
1722	2.7529148932
1723	2.7477685287
1724	2.7407268502
1725	2.7360059972
1726	2.7352238328
1727	2.7365138506
1728	2.7399009128
1729	2.7457673424
1730	2.7518878654
1731	2.7560998485
1732	2.7567576964
1733	2.7525296953
1734	2.7430188884
1735	2.7314553631
1736	2.7222931043
1737	2.7166395454
1738	2.7155978953
1739	2.7190008929
1740	2.7234668722
1741	2.7277639387
1742	2.7327582794
1743	2.7369741224
1744	2.7395920750
1745	2.7412693624
1746	2.7412153514
1747	2.7395764917
1748	2.7353521793
1749	2.7291199320
1750	2.7254945378
1751	2.7257885339
1752	2.7283267521
1753	2.7306280741
1754	2.7302792434
1755	2.7265671644
1756	2.7207242597
1757	2.7160148556
1758	2.7151955798
1759	2.7188302314
1760	2.7245243873
1761	2.7284268630
1762	2.7296442505
1763	2.7280002789
1764	2.7229743795
1765	2.7178748079
1766	2.7159746924
1767	2.7184993135
1768	2.7241002549
1769	2.7290878021
1770	2.7315431203
1771	2.7309192346
1772	2.7267807410
1773	2.7174293121
1774	2.7062692068
1775	2.6995741107
1776	2.6984103284
1777	2.7013715894
1778	2.7062091325
1779	2.7128372130
1780	2.7191213258
1781	2.7223994417
1782	2.7241543316
1783	2.7246107270
1784	2.7238339366
1785	2.7231665765
1786	2.7220828535
1787	2.7189070499
1788	2.7145012219
1789	2.7096412282
1790	2.7059970721
1791	2.7047396690
1792	2.7040891749
1793	2.7045216700
1794	2.7054515784
1795	2.7081608862
1796	2.7152555427
1797	2.7214302341
1798	2.7221139107
1799	2.7181293149
1800	2.7092967590
1801	2.6978389745
1802	2.6897825866
1803	2.6875812718
1804	2.6857065172
1805	2.6796613296
1806	2.6737781931
1807	2.6731887122
1808	2.6794102272
1809	2.6879238401
1810	2.6919207305
1811	2.6932018323
1812	2.6962987248
1813	2.7011900348
1814	2.7079435738
1815	2.7161096160
1816	2.7209612752
1817	2.7220107155
1818	2.7235093736
1819	2.7246600561
1820	2.7241431469
1821	2.7225494696
1822	2.7205585404
1823	2.7190766251
1824	2.7174332905
1825	2.7154648523
1826	2.7128333316
1827	2.7104265964
1828	2.7097758803
1829	2.7089228560
1830	2.7066875547
1831	2.7054211436
1832	2.7076479633
1833	2.7107044175
1834	2.7110393170
1835	2.7093112771
1836	2.7049747160
1837	2.6986981775
1838	2.6959376996
1839	2.7015759174
1840	2.7113739820
1841	2.7178681909
1842	2.7211408291
1843	2.7211479557
1844	2.7163073368
1845	2.7061229693
1846	2.6927203952
1847	2.6826917822
1848	2.6794168789
1849	2.6796667879
1850	2.6777346691
1851	2.6735328280
1852	2.6708013260
1853	2.6715138626
1854	2.6780466683
1855	2.6915073370
1856	2.7071778964
1857	2.7187654802
1858	2.7226189044
1859	2.7156318508
1860	2.7009920750
1861	2.6833561615
1862	2.6641457149
1863	2.6462108296
1864	2.6302549187
1865	2.6217041025
1866	2.6291546063
1867	2.6481283253
1868	2.6698547457
1869	2.6900796986
1870	2.7028168310
1871	2.7057492459
1872	2.6982490203
1873	2.6829128310
1874	2.6673665624
1875	2.6563973760
1876	2.6533413448
1877	2.6568536840
1878	2.6618371898
1879	2.6619248169
1880	2.6586059122
1881	2.6583792638
1882	2.6592450375
1883	2.6600223694
1884	2.6601770957
1885	2.6604306338
1886	2.6639914383
1887	2.6708409224
1888	2.6788347866
1889	2.6864822089
1890	2.6920609553
1891	2.6877035719
1892	2.6712266869
1893	2.6517755724
1894	2.6375694985
1895	2.6310480657
1896	2.6322223983
1897	2.6416634796
1898	2.6567242673
1899	2.6732994517
1900	2.6886803747
1901	2.6959249213
1902	2.6878861157
1903	2.6692983086
1904	2.6491817342
1905	2.6311141922
1906	2.6193570860
1907	2.6182928888
1908	2.6272700442
1909	2.6397549898
1910	2.6489832714
1911	2.6561761709
1912	2.6629291809
1913	2.6679291119
1914	2.6735700012
1915	2.6796002617
1916	2.6856077216
1917	2.6893676966
1918	2.6852010756
1919	2.6783088019
1920	2.6749180687
1921	2.6738708274
1922	2.6740855649
1923	2.6744716592
1924	2.6744578228
1925	2.6726002693
1926	2.6661460669
1927	2.6544656383
1928	2.6412239849
1929	2.6286713851
1930	2.6158058844
1931	2.6092505807
1932	2.6164859832
1933	2.6338672717
1934	2.6549228242
1935	2.6734979910
1936	2.6806083033
1937	2.6763961818
1938	2.6717644284
1939	2.6680707698
1940	2.6615128595
1941	2.6541135569
1942	2.6486140108
1943	2.6480687718
1944	2.6503878129
1945	2.6526113589
1946	2.6544375379
1947	2.6552368451
1948	2.6573815457
1949	2.6606116732
1950	2.6621944605
1951	2.6612191777
1952	2.6590678254
1953	2.6570185390
1954	2.6569601651
1955	2.6616553875
1956	2.6679324639
1957	2.6714201758
1958	2.6695397174
1959	2.6628729905
1960	2.6552505895
1961	2.6478137910
1962	2.6396284098
1963	2.6328374024
1964	2.6324851672
1965	2.6350117337
1966	2.6337633641
1967	2.6328434240
1968	2.6383041863
1969	2.6477184654
1970	2.6564502800
1971	2.6611333410
1972	2.6589269158
1973	2.6505357611
1974	2.6396881400
1975	2.6312449972
1976	2.6268585612
1977	2.6267294881
1978	2.6299657142
1979	2.6333166851
1980	2.6324523692
1981	2.6251218710
1982	2.6168487737
1983	2.6165751974
1984	2.6274562666
1985	2.6440003142
1986	2.6574831838
1987	2.6609735502
1988	2.6569484925
1989	2.6476630524
1990	2.6333423658
1991	2.6206911564
1992	2.6113520565
1993	2.6086851056
1994	2.6116234315
1995	2.6139317481
1996	2.6186093112
1997	2.6263413181
1998	2.6345178675
1999	2.6403517761
2000	2.6429333655
2001	2.6451078155
2002	2.6472325113
2003	2.6467569144
2004	2.6438955613
2005	2.6411168966
2006	2.6373872144
2007	2.6357906833
2008	2.6406032955
2009	2.6448107218
2010	2.6431092393
2011	2.6400206088
2012	2.6383903868
2013	2.6384910526
2014	2.6422370840
2015	2.6473696876
2016	2.6473631673
2017	2.6401427783
2018	2.6277072182
2019	2.6128384535
2020	2.5989963730
2021	2.5884441409
2022	2.5829708397
2023	2.5853820544
2024	2.6001687615
2025	2.6289799245
2026	2.6640781247
2027	2.6917465025
2028	2.7014187887
2029	2.6934481868
2030	2.6765213504
2031	2.6556567089
2032	2.6319864391
2033	2.6135641523
2034	2.6082575292
2035	2.6140261147
2036	2.6257991525
2037	2.6388392628
2038	2.6509807166
2039	2.6588926109
2040	2.6583464593
2041	2.6504692006
2042	2.6376142315
2043	2.6276257999
2044	2.6276632644
2045	2.6358459571
2046	2.6486445787
2047	2.6581516870
2048	2.6594594494
2049	2.6545665717
2050	2.6443483929
2051	2.6327100183
2052	2.6218226229
2053	2.6120816927
2054	2.6089410512
2055	2.6151190974
2056	2.6264349291
2057	2.6420239291
2058	2.6617832075
2059	2.6772458788
2060	2.6849806230
2061	2.6876580945
2062	2.6834120077
2063	2.6693144943
2064	2.6496046002
2065	2.6314015806
2066	2.6180550536
2067	2.6132668422
2068	2.6171429461
2069	2.6308623589
2070	2.6523316926
2071	2.6715662783
2072	2.6858454002
2073	2.6940399301
2074	2.6913987073
2075	2.6757690310
2076	2.6495682067
2077	2.6210081536
2078	2.6015504170
2079	2.5983209440
2080	2.6094241700
2081	2.6267679178
2082	2.6447431438
2083	2.6629400782
2084	2.6764004032
2085	2.6793248115
2086	2.6745010936
2087	2.6664424240
2088	2.6561628539
2089	2.6460994379
2090	2.6375864402
2091	2.6316606088
2092	2.6329225554
2093	2.6414573627
2094	2.6525545788
2095	2.6621464932
2096	2.6685033343
2097	2.6694071843
2098	2.6663241554
2099	2.6643814401
2100	2.6640331179
2101	2.6635937454
2102	2.6603539046
2103	2.6549483169
2104	2.6523814017
2105	2.6571960361
2106	2.6693246196
2107	2.6855871808
2108	2.7019906820
2109	2.7117890539
2110	2.7110136676
2111	2.7004162037
2112	2.6859674004
2113	2.6727267032
2114	2.6625318040
2115	2.6560076298
2116	2.6518948497
2117	2.6518469701
2118	2.6548556882
2119	2.6595640681
2120	2.6670023752
2121	2.6773506760
2122	2.6905831451
2123	2.7019564924
2124	2.7102949916
2125	2.7165316504
2126	2.7155417046
2127	2.7080033613
2128	2.6994844327
2129	2.6933113479
2130	2.6908205992
2131	2.6921804523
2132	2.6985964584
2133	2.7067705865
2134	2.7110898321
2135	2.7105204394
2136	2.7046989356
2137	2.6954359712
2138	2.6894910365
2139	2.6883439320
2140	2.6873217887
2141	2.6858406119
2142	2.6854052772
2143	2.6878974822
2144	2.6954732713
2145	2.7058422375
2146	2.7152107013
2147	2.7205617620
2148	2.7182342262
2149	2.7095437299
2150	2.7018419892
2151	2.6976989573
2152	2.6939853205
2153	2.6911271234
2154	2.6931461302
2155	2.7027004118
2156	2.7172701574
2157	2.7303147687
2158	2.7374080164
2159	2.7383031218
2160	2.7347076335
2161	2.7286802941
2162	2.7228949155
2163	2.7186818354
2164	2.7154773615
2165	2.7137609416
2166	2.7145764081
2167	2.7159356740
2168	2.7152610869
2169	2.7157390692
2170	2.7200206960
2171	2.7263215141
2172	2.7333965624
2173	2.7391297895
2174	2.7417439001
2175	2.7393117439
2176	2.7311024878
2177	2.7189380112
2178	2.7053553104
2179	2.6965273499
2180	2.6959980744
2181	2.7030087634
2182	2.7152390492
2183	2.7284165729
2184	2.7388455428
2185	2.7440453689
2186	2.7443977726
2187	2.7400780052
2188	2.7295083572
2189	2.7153074870
2190	2.7042331569
2191	2.6984815975
2192	2.6980095084
2193	2.7037191606
2194	2.7139226365
2195	2.7269461016
2196	2.7391047523
2197	2.7457291469
2198	2.7445604311
2199	2.7356460040
2200	2.7225771818
2201	2.7104418683
2202	2.7018287791
2203	2.6968156976
2204	2.6953060904
2205	2.6963750335
2206	2.6993286460
2207	2.7054703926
2208	2.7136723234
2209	2.7211749035
2210	2.7285851980
2211	2.7332080854
2212	2.7322530377
2213	2.7294314592
2214	2.7282664186
2215	2.7291711778
2216	2.7302128779
2217	2.7308311581
2218	2.7315705459
2219	2.7305602999
2220	2.7246724061
2221	2.7144592329
2222	2.7048785918
2223	2.7006590732
2224	2.7022338144
2225	2.7063853998
2226	2.7126182683
2227	2.7196070080
2228	2.7253523577
2229	2.7310405465
2230	2.7356900720
2231	2.7372298973
2232	2.7354560642
2233	2.7311671717
2234	2.7258787873
2235	2.7227961115
2236	2.7235332781
2237	2.7271103045
2238	2.7322960470
2239	2.7369625765
2240	2.7407125412
2241	2.7443650082
2242	2.7478157443
2243	2.7496284791
2244	2.7478760690
2245	2.7423272537
2246	2.7356717490
2247	2.7317198508
2248	2.7296469219
2249	2.7280299834
2250	2.7287688734
2251	2.7323049705
2252	2.7366640362
2253	2.7397295262
2254	2.7421564489
2255	2.7436744542
2256	2.7430620967
2257	2.7416276876
2258	2.7385085451
2259	2.7336863983
2260	2.7305298904
2261	2.7315906812
2262	2.7353986331
2263	2.7383401226
2264	2.7410358939
2265	2.7433254019
2266	2.7434120122
2267	2.7424446265
2268	2.7413221894
2269	2.7407053948
2270	2.7398597044
2271	2.7378472124
2272	2.7369332601
2273	2.7384172570
2274	2.7408804549
2275	2.7426647398
2276	2.7431775933
2277	2.7428766434
2278	2.7411154650
2279	2.7386708051
2280	2.7380910509
2281	2.7379232923
2282	2.7364842666
2283	2.7342422611
2284	2.7304315413
2285	2.7264827102
2286	2.7236340340
2287	2.7205355462
2288	2.7186615006
2289	2.7203727325
2290	2.7267018826
2291	2.7372413790
2292	2.7474590331
2293	2.7525557779
2294	2.7531837014
2295	2.7503380891
2296	2.7429368199
2297	2.7325022883
2298	2.7217001006
2299	2.7150388966
2300	2.7153919199
2301	2.7201845477
2302	2.7264561576
2303	2.7336013465
2304	2.7393228754
2305	2.7389837307
2306	2.7346860811
2307	2.7316188273
2308	2.7317148215
2309	2.7349583131
2310	2.7407871535
2311	2.7469889009
2312	2.7485164750
2313	2.7449401003
2314	2.7381133105
2315	2.7308076147
2316	2.7270290947
2317	2.7265452563
2318	2.7272505991
2319	2.7268979480
2320	2.7247219243
2321	2.7214879879
2322	2.7174590981
2323	2.7133264917
2324	2.7102971204
2325	2.7095307342
2326	2.7128052863
2327	2.7183120701
2328	2.7225862744
2329	2.7279669688
2330	2.7372609358
2331	2.7463774712
2332	2.7477934600
2333	2.7408041025
2334	2.7298939698
2335	2.7181624373
2336	2.7104187852
2337	2.7110440576
2338	2.7187940823
2339	2.7305040236
2340	2.7421143481
2341	2.7498481477
2342	2.7527523560
2343	2.7502059732
2344	2.7446565150
2345	2.7367148681
2346	2.7255742380
2347	2.7135226855
2348	2.7019708111
2349	2.6944412913
2350	2.6942624565
2351	2.7008123398
2352	2.7111695618
2353	2.7248055878
2354	2.7402034044
2355	2.7513351630
2356	2.7531213146
2357	2.7423527895
2358	2.7231413796
2359	2.7049564878
2360	2.6933484291
2361	2.6911175149
2362	2.6988032109
2363	2.7110834234
2364	2.7229370484
2365	2.7335280144
2366	2.7416973746
2367	2.7474297546
2368	2.7485594410
2369	2.7421004759
2370	2.7306554734
2371	2.7190899675
2372	2.7094682394
2373	2.6993032941
2374	2.6894400553
2375	2.6843104036
2376	2.6846145504
2377	2.6911778472
2378	2.7043348684
2379	2.7194066901
2380	2.7312565636
2381	2.7388249834
2382	2.7418347072
2383	2.7395265880
2384	2.7322389418
2385	2.7235958625
2386	2.7187800473
2387	2.7150728005
2388	2.7087696531
2389	2.7018569055
2390	2.6954806199
2391	2.6924991753
2392	2.6953969932
2393	2.7010313243
2394	2.7051456398
2395	2.7101555849
2396	2.7191443403
2397	2.7277982120
2398	2.7329239240
2399	2.7340364308
2400	2.7315239554
2401	2.7260829021
2402	2.7176701726
2403	2.7079631666
2404	2.6978002180
2405	2.6884779054
2406	2.6815687483
2407	2.6793813123
2408	2.6846027437
2409	2.6933782078
2410	2.7012664107
2411	2.7065474440
2412	2.7069017419
2413	2.7018330112
2414	2.6922740715
2415	2.6808228538
2416	2.6702181074
2417	2.6644536000
2418	2.6677151076
2419	2.6785701031
2420	2.6941919581
2421	2.7104785234
2422	2.7202865292
2423	2.7209202019
2424	2.7153131762
2425	2.7078460838
2426	2.7024467850
2427	2.6988957944
2428	2.6971899121
2429	2.6991702994
2430	2.7039305243
2431	2.7091240316
2432	2.7112511517
2433	2.7111758504
2434	2.7098964073
2435	2.7072002285
2436	2.7057701390
2437	2.7040356133
2438	2.7009393072
2439	2.6998726533
2440	2.7030148092
2441	2.7069658910
2442	2.7061993883
2443	2.6998948367
2444	2.6949977924
2445	2.6962085889
2446	2.7010811268
2447	2.7104710427
2448	2.7215147059
2449	2.7274379453
2450	2.7251607090
2451	2.7144937823
2452	2.7008914818
2453	2.6902562241
2454	2.6822081174
2455	2.6759919021
2456	2.6748492149
2457	2.6787038711
2458	2.6861710250
2459	2.6978744142
2460	2.7097762308
2461	2.7164332534
2462	2.7166070514
2463	2.7104721575
2464	2.7007526064
2465	2.6927790830
2466	2.6898046924
2467	2.6903359669
2468	2.6923540287
2469	2.6968852238
2470	2.7006501747
2471	2.7010371290
2472	2.7004127753
2473	2.6995560758
2474	2.6985031085
2475	2.6978562368
2476	2.6986824430
2477	2.7005838959
2478	2.7036498943
2479	2.7095407357
2480	2.7169077690
2481	2.7217371318
2482	2.7238389406
2483	2.7238400823
2484	2.7205477033
2485	2.7158976864
2486	2.7102183586
2487	2.7017986035
2488	2.6894364407
2489	2.6769060024
2490	2.6712972225
2491	2.6751766421
2492	2.6862833231
2493	2.6968281039
2494	2.7035225733
2495	2.7076914351
2496	2.7094315585
2497	2.7116185154
2498	2.7154737313
2499	2.7198248511
2500	2.7230119254
2501	2.7244222554
2502	2.7256872718
2503	2.7261933948
2504	2.7237347041
2505	2.7186756748
2506	2.7131101385
2507	2.7104199519
2508	2.7129230191
2509	2.7174478430
2510	2.7209591206
2511	2.7246875264
2512	2.7297823507
2513	2.7346079364
2514	2.7359443267
2515	2.7339312353
2516	2.7317535921
2517	2.7295432954
2518	2.7255005169
2519	2.7220590014
2520	2.7215398456
2521	2.7227283931
2522	2.7270996952
2523	2.7336808375
2524	2.7388045515
2525	2.7430638976
2526	2.7464174079
2527	2.7471377427
2528	2.7438154749
2529	2.7367468578
2530	2.7277600269
2531	2.7188991551
2532	2.7138333297
2533	2.7149739221
2534	2.7203475789
2535	2.7260976520
2536	2.7308804146
2537	2.7350705443
2538	2.7389570284
2539	2.7417426696
2540	2.7424539689
2541	2.7422064492
2542	2.7418356377
2543	2.7414255772
2544	2.7390829956
2545	2.7340815854
2546	2.7300799042
2547	2.7282305614
2548	2.7294229931
2549	2.7348825917
2550	2.7409798302
2551	2.7446770191
2552	2.7460797317
2553	2.7465788475
2554	2.7476255579
2555	2.7496827316
2556	2.7517639131
2557	2.7524683561
2558	2.7494715156
2559	2.7398563690
2560	2.7269313544
2561	2.7155637899
2562	2.7063035075
2563	2.7000781967
2564	2.7000572412
2565	2.7083873337
2566	2.7222057899
2567	2.7369850652
2568	2.7495738821
2569	2.7576130181
2570	2.7602693564
2571	2.7582391946
2572	2.7524722651
2573	2.7443031618
2574	2.7357950145
2575	2.7306547168
2576	2.7323227608
2577	2.7395317166
2578	2.7489837927
2579	2.7573287662
2580	2.7624710892
2581	2.7636070381
2582	2.7613560538
2583	2.7581903657
2584	2.7551624350
2585	2.7528231257
2586	2.7503854032
2587	2.7476491395
2588	2.7468898540
2589	2.7486512502
2590	2.7512128189
2591	2.7529916456
2592	2.7543012697
2593	2.7559066066
2594	2.7566789727
2595	2.7548700669
2596	2.7503633156
2597	2.7442492578
2598	2.7378930989
2599	2.7322590299
2600	2.7289819040
2601	2.7299833773
2602	2.7352137031
2603	2.7434581106
2604	2.7522034756
2605	2.7583445315
2606	2.7608564013
2607	2.7601436879
2608	2.7577365176
2609	2.7550784503
2610	2.7510973945
2611	2.7461952777
2612	2.7424461218
2613	2.7415210708
2614	2.7438422313
2615	2.7472520970
2616	2.7518150070
2617	2.7577230801
2618	2.7614909220
2619	2.7611067515
2620	2.7576828342
2621	2.7512813213
2622	2.7430344739
2623	2.7359009566
2624	2.7305715686
2625	2.7293963572
2626	2.7341209484
2627	2.7418083099
2628	2.7494829753
2629	2.7561849426
2630	2.7611295261
2631	2.7631019568
2632	2.7622535838
2633	2.7596126383
2634	2.7559301309
2635	2.7522063896
2636	2.7501642973
2637	2.7499453792
2638	2.7505392243
2639	2.7511938550
2640	2.7509642070
2641	2.7503499494
2642	2.7497777252
2643	2.7493631470
2644	2.7483745010
2645	2.7461752053
2646	2.7445604711
2647	2.7445331397
2648	2.7459813979
2649	2.7477976197
2650	2.7493466708
2651	2.7515608087
2652	2.7530080723
2653	2.7520050857
2654	2.7496457195
2655	2.7478277886
2656	2.7476783812
2657	2.7492048304
2658	2.7510835371
2659	2.7513428206
2660	2.7504853972
2661	2.7500011210
2662	2.7492851314
2663	2.7485759089
2664	2.7493862666
2665	2.7514931041
2666	2.7535774686
2667	2.7551889640
2668	2.7568326807
2669	2.7580843804
2670	2.7574977028
2671	2.7549672154
2672	2.7501685096
2673	2.7431471894
2674	2.7358658273
2675	2.7305167802
2676	2.7291503605
2677	2.7324825267
2678	2.7398093382
2679	2.7480719114
2680	2.7535364723
2681	2.7558682241
2682	2.7564844386
2683	2.7559041089
2684	2.7538552177
2685	2.7506868457
2686	2.7473061037
2687	2.7444749117
2688	2.7420082800
2689	2.7405844698
2690	2.7431418169
2691	2.7488748518
2692	2.7540180276
2693	2.7572735333
2694	2.7576822704
2695	2.7547514656
2696	2.7494299950
2697	2.7428626506
2698	2.7357545462
2699	2.7291758235
2700	2.7258116274
2701	2.7281880788
2702	2.7351738272
2703	2.7431470190
2704	2.7505698399
2705	2.7561898589
2706	2.7592414458
2707	2.7599162948
2708	2.7580536057
2709	2.7540998417
2710	2.7488193605
2711	2.7451406997
2712	2.7453244818
2713	2.7489725268
2714	2.7536306304
2715	2.7561814562
2716	2.7557619123
2717	2.7524495674
2718	2.7477130570
2719	2.7440871211
2720	2.7427562444
2721	2.7444620372
2722	2.7489784477
2723	2.7533388998
2724	2.7556199211
2725	2.7539547086
2726	2.7462973311
2727	2.7360803994
2728	2.7278423897
2729	2.7218742550
2730	2.7180294131
2731	2.7184734346
2732	2.7239863435
2733	2.7332023305
2734	2.7420540598
2735	2.7474046612
2736	2.7513606700
2737	2.7546960737
2738	2.7557589200
2739	2.7526999983
2740	2.7451159792
2741	2.7346489686
2742	2.7237128001
2743	2.7154956824
2744	2.7108472729
2745	2.7099287987
2746	2.7137027995
2747	2.7217976349
2748	2.7332645002
2749	2.7446518358
2750	2.7518108992
2751	2.7540432981
2752	2.7521482159
2753	2.7476659600
2754	2.7418674365
2755	2.7357572590
2756	2.7298936587
2757	2.7249508944
2758	2.7226383707
2759	2.7228027006
2760	2.7258079299
2761	2.7317507624
2762	2.7379302534
2763	2.7411845671
2764	2.7402186515
2765	2.7353603575
2766	2.7265905771
2767	2.7140582359
2768	2.7010249811
2769	2.6932440292
2770	2.6929074470
2771	2.7003076365
2772	2.7132422838
2773	2.7269561997
2774	2.7377134441
2775	2.7426194578
2776	2.7416847548
2777	2.7354325744
2778	2.7255874342
2779	2.7137208304
2780	2.7025052932
2781	2.6972139852
2782	2.6978126244
2783	2.7015535498
2784	2.7079666205
2785	2.7171213913
2786	2.7277378109
2787	2.7367956785
2788	2.7396977457
2789	2.7330339945
2790	2.7190023764
2791	2.7053881828
2792	2.6966353471
2793	2.6919548744
2794	2.6938297591
2795	2.7004388616
2796	2.7054470177
2797	2.7096286430
2798	2.7141778910
2799	2.7180977428
2800	2.7224750631
2801	2.7248419341
2802	2.7215303587
2803	2.7151987669
2804	2.7090720160
2805	2.7044382236
2806	2.7020375593
2807	2.6984817274
2808	2.6926212775
2809	2.6870886388
2810	2.6853847726
2811	2.6907788990
2812	2.7008141365
2813	2.7131733096
2814	2.7264528559
2815	2.7358213822
2816	2.7365042789
2817	2.7289711668
2818	2.7198029549
2819	2.7117928644
2820	2.7046632116
2821	2.7011069161
2822	2.7016371490
2823	2.7031664103
2824	2.7044263980
2825	2.7063941848
2826	2.7070576848
2827	2.7033098366
2828	2.6967449514
2829	2.6891663765
2830	2.6821843162
2831	2.6815555048
2832	2.6872516252
2833	2.6933223604
2834	2.6978117672
2835	2.7017333987
2836	2.7060434599
2837	2.7112208041
2838	2.7184834761
2839	2.7262711136
2840	2.7295745202
2841	2.7253725643
2842	2.7156388597
2843	2.7049527808
2844	2.6923498594
2845	2.6778503538
2846	2.6683539286
2847	2.6689560901
2848	2.6805864354
2849	2.6986444839
2850	2.7183846443
2851	2.7352094492
2852	2.7423156667
2853	2.7382800042
2854	2.7245600071
2855	2.7031644645
2856	2.6785196417
2857	2.6589378366
2858	2.6503436685
2859	2.6537822855
2860	2.6677235459
2861	2.6858787357
2862	2.7027944071
2863	2.7153325452
2864	2.7214960283
2865	2.7190717274
2866	2.7102485270
2867	2.7001366458
2868	2.6905540993
2869	2.6836131540
2870	2.6786776381
2871	2.6753008333
2872	2.6778680165
2873	2.6884120858
2874	2.7003867137
2875	2.7076095019
2876	2.7095490303
2877	2.7083085173
2878	2.7062584565
2879	2.7016845092
2880	2.6957792040
2881	2.6904212282
2882	2.6831764601
2883	2.6746041081
2884	2.6662692938
2885	2.6587823772
2886	2.6547553164
2887	2.6542543009
2888	2.6572810838
2889	2.6660375656
2890	2.6797769746
2891	2.6955111464
2892	2.7078764489
2893	2.7171675434
2894	2.7266236326
2895	2.7323223246
2896	2.7295388705
2897	2.7170798069
2898	2.6990132851
2899	2.6816641179
2900	2.6704329340
2901	2.6685984732
2902	2.6753202165
2903	2.6883059055
2904	2.7023935047
2905	2.7125155987
2906	2.7198570442
2907	2.7256635809
2908	2.7295722757
2909	2.7305848330
2910	2.7248434072
2911	2.7133222431
2912	2.7022393538
2913	2.6924301596
2914	2.6827977340
2915	2.6779913049
2916	2.6798177994
2917	2.6891830071
2918	2.7052743384
2919	2.7200729057
2920	2.7294455046
2921	2.7315071793
2922	2.7288278574
2923	2.7267951083
2924	2.7247562283
2925	2.7204255025
2926	2.7125699314
2927	2.7019154420
2928	2.6905448209
2929	2.6839750921
2930	2.6854515773
2931	2.6920064415
2932	2.7000429269
2933	2.7060292181
2934	2.7066332760
2935	2.7027189120
2936	2.6979379762
2937	2.6923392519
2938	2.6861172618
2939	2.6818658184
2940	2.6840310043
2941	2.6928621001
2942	2.7032941415
2943	2.7135045380
2944	2.7235854796
2945	2.7324560714
2946	2.7355956854
2947	2.7320552674
2948	2.7255464428
2949	2.7178041508
2950	2.7114988744
2951	2.7080423690
2952	2.7055996429
2953	2.7023417645
2954	2.7015723502
2955	2.7076994912
2956	2.7154474515
2957	2.7181472565
2958	2.7179690872
2959	2.7194399823
2960	2.7238660265
2961	2.7292664299
2962	2.7327509763
2963	2.7335317067
2964	2.7314464928
2965	2.7250144466
2966	2.7150366581
2967	2.7067362733
2968	2.7029531165
2969	2.7018099079
2970	2.7052113409
2971	2.7137273780
2972	2.7209794141
2973	2.7241793113
2974	2.7231614777
2975	2.7179482977
2976	2.7105769030
2977	2.7048570103
2978	2.7041376404
2979	2.7076297138
2980	2.7127639843
2981	2.7136047984
2982	2.7083044191
2983	2.7038747753
2984	2.7025295753
2985	2.7019164514
2986	2.7061941799
2987	2.7183181981
2988	2.7331764352
2989	2.7460697435
2990	2.7528362262
2991	2.7511479192
2992	2.7425603084
2993	2.7292004780
2994	2.7167286158
2995	2.7090519460
2996	2.7064730458
2997	2.7111264583
2998	2.7198133778
2999	2.7277644581
