0	2.5912592505
1	2.5914660521
2	2.5919297007
3	2.5925038679
4	2.5931873857
5	2.5939253476
6	2.5947306593
7	2.5955581570
8	2.5964272643
9	2.5972976383
10	2.5981890153
11	2.5990679760
12	2.5999496309
13	2.6008100992
14	2.6016567109
15	2.6024764979
16	2.6032679167
17	2.6040285449
18	2.6047488255
19	2.6054349069
20	2.6060715800
21	2.6066704820
22	2.6072139581
23	2.6077156120
24	2.6081586862
25	2.6085554478
26	2.6088928960
27	2.6091794069
28	2.6094076698
29	2.6095806958
30	2.6096976470
31	2.6097559010
32	2.6097607176
33	2.6097047130
34	2.6095978635
35	2.6094297355
36	2.6092127811
37	2.6089355706
38	2.6086103734
39	2.6082272425
40	2.6077963770
41	2.6073120234
42	2.6067804647
43	2.6062006914
44	2.6055730750
45	2.6049020615
46	2.6041835679
47	2.6034274476
48	2.6026249693
49	2.6017884218
50	2.6009075251
51	2.5999962346
52	2.5990444476
53	2.5980632100
54	2.5970460544
55	2.5960008024
56	2.5949256321
57	2.5938214355
58	2.5926924040
59	2.5915332262
60	2.5903536454
61	2.5891470205
62	2.5879307895
63	2.5866908616
64	2.5854320360
65	2.5841346019
66	2.5828157132
67	2.5814869130
68	2.5801690499
69	2.5788475462
70	2.5774944251
71	2.5761079577
72	2.5747016135
73	2.5732984033
74	2.5718727156
75	2.5704304176
76	2.5689743667
77	2.5675337393
78	2.5660790909
79	2.5646052458
80	2.5631186671
81	2.5616356571
82	2.5601342888
83	2.5586019688
84	2.5570674078
85	2.5555241610
86	2.5539629072
87	2.5523729842
88	2.5507920496
89	2.5491923207
90	2.5475718238
91	2.5459353583
92	2.5443021811
93	2.5426414783
94	2.5409580688
95	2.5392761222
96	2.5375741881
97	2.5358472575
98	2.5341068001
99	2.5323677079
100	2.5305889466
101	2.5288049272
102	2.5270100404
103	2.5251924986
104	2.5233442082
105	2.5214943220
106	2.5196164226
107	2.5177034149
108	2.5157839525
109	2.5138332559
110	2.5118493482
111	2.5098423636
112	2.5078224799
113	2.5057496338
114	2.5036681383
115	2.5015607276
116	2.4994184796
117	2.4972573668
118	2.4950884411
119	2.4928856363
120	2.4906653880
121	2.4884371501
122	2.4861639410
123	2.4838998817
124	2.4816523428
125	2.4794149029
126	2.4771541773
127	2.4748417770
128	2.4724240425
129	2.4700075851
130	2.4677031875
131	2.4655236833
132	2.4633809286
133	2.4610811973
134	2.4585412464
135	2.4559033354
136	2.4533822621
137	2.4510007396
138	2.4487156727
139	2.4464031567
140	2.4440693232
141	2.4417458847
142	2.4393372951
143	2.4367356008
144	2.4340219939
145	2.4313351383
146	2.4287325775
147	2.4262109462
148	2.4237184306
149	2.4213629750
150	2.4191356583
151	2.4168925523
152	2.4145510150
153	2.4121762484
154	2.4097563558
155	2.4072582459
156	2.4046736220
157	2.4021019359
158	2.3996665772
159	2.3972937215
160	2.3950044097
161	2.3928982390
162	2.3909693935
163	2.3891004228
164	2.3872926592
165	2.3855331661
166	2.3837934122
167	2.3819633121
168	2.3800449487
169	2.3781412764
170	2.3761779615
171	2.3741411056
172	2.3721419023
173	2.3702277153
174	2.3683476405
175	2.3665719974
176	2.3649409382
177	2.3634704551
178	2.3620806168
179	2.3608048405
180	2.3596826430
181	2.3585772792
182	2.3574670799
183	2.3563970124
184	2.3552942253
185	2.3540909653
186	2.3528596895
187	2.3515706965
188	2.3501979843
189	2.3487224085
190	2.3472512401
191	2.3458199108
192	2.3444327954
193	2.3431967135
194	2.3420374983
195	2.3408253668
196	2.3396609478
197	2.3387297700
198	2.3380918136
199	2.3377791293
200	2.3375856855
201	2.3372790217
202	2.3367929594
203	2.3363710180
204	2.3362063943
205	2.3361992705
206	2.3362577098
207	2.3362827838
208	2.3362011758
209	2.3360503206
210	2.3357828745
211	2.3352511500
212	2.3346327138
213	2.3341293204
214	2.3337865626
215	2.3335017800
216	2.3332556552
217	2.3330860453
218	2.3329369855
219	2.3327826613
220	2.3325406288
221	2.3322557376
222	2.3321391036
223	2.3322266116
224	2.3324008366
225	2.3328045453
226	2.3334773817
227	2.3343186573
228	2.3352021957
229	2.3360691620
230	2.3369247312
231	2.3377070821
232	2.3383730311
233	2.3388889746
234	2.3393853200
235	2.3399273529
236	2.3404087427
237	2.3408594703
238	2.3414237209
239	2.3419518879
240	2.3423661838
241	2.3426857248
242	2.3428721924
243	2.3428911753
244	2.3426731711
245	2.3422796429
246	2.3417784811
247	2.3412081355
248	2.3405551633
249	2.3399443807
250	2.3394907196
251	2.3391214754
252	2.3388353236
253	2.3387794991
254	2.3388546520
255	2.3389780791
256	2.3392042495
257	2.3394637040
258	2.3397425162
259	2.3399994347
260	2.3402964540
261	2.3406698075
262	2.3410705120
263	2.3414804849
264	2.3420048968
265	2.3426969828
266	2.3435211516
267	2.3445463942
268	2.3457851775
269	2.3470671439
270	2.3483851539
271	2.3498321861
272	2.3512671836
273	2.3526661117
274	2.3539886306
275	2.3552146195
276	2.3563225838
277	2.3572633309
278	2.3580647216
279	2.3587113236
280	2.3591996864
281	2.3596222273
282	2.3600509530
283	2.3604150032
284	2.3607620975
285	2.3612050777
286	2.3616934726
287	2.3621547090
288	2.3626948835
289	2.3632429931
290	2.3637793686
291	2.3643503234
292	2.3648749526
293	2.3653642873
294	2.3658067651
295	2.3662228479
296	2.3665698378
297	2.3668191052
298	2.3670418412
299	2.3672672117
300	2.3674281773
301	2.3675978961
302	2.3678691407
303	2.3682129030
304	2.3686487358
305	2.3692683240
306	2.3700384845
307	2.3709549630
308	2.3720956964
309	2.3733452042
310	2.3747493797
311	2.3763146249
312	2.3779547629
313	2.3796384594
314	2.3813549887
315	2.3831200171
316	2.3848831238
317	2.3866332508
318	2.3883855883
319	2.3900286713
320	2.3914726746
321	2.3928335186
322	2.3941967912
323	2.3956077987
324	2.3970313968
325	2.3982903301
326	2.3992125512
327	2.3999715637
328	2.4008216064
329	2.4019568451
330	2.4034051723
331	2.4047464423
332	2.4057174824
333	2.4064291850
334	2.4071980259
335	2.4082405853
336	2.4095066928
337	2.4108020556
338	2.4119560097
339	2.4129514225
340	2.4138527918
341	2.4145295210
342	2.4148858158
343	2.4151173360
344	2.4154392315
345	2.4158987401
346	2.4163191914
347	2.4164872876
348	2.4163637374
349	2.4161188504
350	2.4156832962
351	2.4150194509
352	2.4142978227
353	2.4136596714
354	2.4132737971
355	2.4130548011
356	2.4128073005
357	2.4125216469
358	2.4122883461
359	2.4120526004
360	2.4116885770
361	2.4112930913
362	2.4111304393
363	2.4112492323
364	2.4115951165
365	2.4121290073
366	2.4128690877
367	2.4138231303
368	2.4148045391
369	2.4156494246
370	2.4164172642
371	2.4172296363
372	2.4180076171
373	2.4187891401
374	2.4196411607
375	2.4206680809
376	2.4219049031
377	2.4231315471
378	2.4243335284
379	2.4255902888
380	2.4267688728
381	2.4277162974
382	2.4284922580
383	2.4292371022
384	2.4299692883
385	2.4306686934
386	2.4314616778
387	2.4324374723
388	2.4336077437
389	2.4348850363
390	2.4362555337
391	2.4377905308
392	2.4393752649
393	2.4408483388
394	2.4422268946
395	2.4436216991
396	2.4449999971
397	2.4463962568
398	2.4478528904
399	2.4494572686
400	2.4511978915
401	2.4529599753
402	2.4548822458
403	2.4569779263
404	2.4590360635
405	2.4609933247
406	2.4628893195
407	2.4646651175
408	2.4662165967
409	2.4675349357
410	2.4687150460
411	2.4697714086
412	2.4707225112
413	2.4716103492
414	2.4725147514
415	2.4734187298
416	2.4742520695
417	2.4750878214
418	2.4759202225
419	2.4766242902
420	2.4771562577
421	2.4776084550
422	2.4779162949
423	2.4780155510
424	2.4779281827
425	2.4777541285
426	2.4775374230
427	2.4772023169
428	2.4769050371
429	2.4767430015
430	2.4766402742
431	2.4766647837
432	2.4768752856
433	2.4771984241
434	2.4776009675
435	2.4780857851
436	2.4786364415
437	2.4791540016
438	2.4796258623
439	2.4800942381
440	2.4805516174
441	2.4809497858
442	2.4813197200
443	2.4817757486
444	2.4822584103
445	2.4827522176
446	2.4833728423
447	2.4841711331
448	2.4850481697
449	2.4860140048
450	2.4870776832
451	2.4881645249
452	2.4892728559
453	2.4904238684
454	2.4916313197
455	2.4927295620
456	2.4936411862
457	2.4944159494
458	2.4950188350
459	2.4955686171
460	2.4962068623
461	2.4968090901
462	2.4972803137
463	2.4976702334
464	2.4980883929
465	2.4986117831
466	2.4992986596
467	2.5001728737
468	2.5011427637
469	2.5021512990
470	2.5032245036
471	2.5043994621
472	2.5055593983
473	2.5066841131
474	2.5078794306
475	2.5091528577
476	2.5104398766
477	2.5117179815
478	2.5129431461
479	2.5140758981
480	2.5152372998
481	2.5164494285
482	2.5176928199
483	2.5190101019
484	2.5204839816
485	2.5221275958
486	2.5238518116
487	2.5256712233
488	2.5275698191
489	2.5294945927
490	2.5315298081
491	2.5336367007
492	2.5357210568
493	2.5378464498
494	2.5400188213
495	2.5421349478
496	2.5440990832
497	2.5459293265
498	2.5476238272
499	2.5491578599
500	2.5505368268
501	2.5518085124
502	2.5529998588
503	2.5541314717
504	2.5552373672
505	2.5562602083
506	2.5572069946
507	2.5581300668
508	2.5590071681
509	2.5597811984
510	2.5605222976
511	2.5612499398
512	2.5619268198
513	2.5625878912
514	2.5632157651
515	2.5638040404
516	2.5643261435
517	2.5647108520
518	2.5648969984
519	2.5649226406
520	2.5648910869
521	2.5647555217
522	2.5644692027
523	2.5640930243
524	2.5635742207
525	2.5629464638
526	2.5623473578
527	2.5618156775
528	2.5612941917
529	2.5607012998
530	2.5599946468
531	2.5592261908
532	2.5585341472
533	2.5579620689
534	2.5574722242
535	2.5570249163
536	2.5566475951
537	2.5563018191
538	2.5559450177
539	2.5555972557
540	2.5552268408
541	2.5548094800
542	2.5543791236
543	2.5539347706
544	2.5533628584
545	2.5526362905
546	2.5517470038
547	2.5507562487
548	2.5497730314
549	2.5487467838
550	2.5476665380
551	2.5466223220
552	2.5456204886
553	2.5445595556
554	2.5433924689
555	2.5421813313
556	2.5409223893
557	2.5396594941
558	2.5384753496
559	2.5373110217
560	2.5362120202
561	2.5352201329
562	2.5342635832
563	2.5333004247
564	2.5323204714
565	2.5312946354
566	2.5302646585
567	2.5292507991
568	2.5281731282
569	2.5270313539
570	2.5258685305
571	2.5246619363
572	2.5232804903
573	2.5217390015
574	2.5201148434
575	2.5184099987
576	2.5166254803
577	2.5148057936
578	2.5130213055
579	2.5112990926
580	2.5096334547
581	2.5079521492
582	2.5063106053
583	2.5047076217
584	2.5030540732
585	2.5014162725
586	2.4998216895
587	2.4983009926
588	2.4969769568
589	2.4958607665
590	2.4949040305
591	2.4941317610
592	2.4935942220
593	2.4932077743
594	2.4929204857
595	2.4927874494
596	2.4927278672
597	2.4927087302
598	2.4927172882
599	2.4927425425
600	2.4928683187
601	2.4930767140
602	2.4932350540
603	2.4933956165
604	2.4936009941
605	2.4937273932
606	2.4937555295
607	2.4937262405
608	2.4936765196
609	2.4935927683
610	2.4935370725
611	2.4935419029
612	2.4936068795
613	2.4937448311
614	2.4939329543
615	2.4941745229
616	2.4944499858
617	2.4947373507
618	2.4949837650
619	2.4952274949
620	2.4954722424
621	2.4957103348
622	2.4959834423
623	2.4962590368
624	2.4966347418
625	2.4971640403
626	2.4977233141
627	2.4983582399
628	2.4991203950
629	2.4998969712
630	2.5006095596
631	2.5012626601
632	2.5018339721
633	2.5022588957
634	2.5025509591
635	2.5026965595
636	2.5027329960
637	2.5026929651
638	2.5025532628
639	2.5023862661
640	2.5021957240
641	2.5018500611
642	2.5013958760
643	2.5009075097
644	2.5003181656
645	2.4996969312
646	2.4990408897
647	2.4982761447
648	2.4973744061
649	2.4964071853
650	2.4955063919
651	2.4947895981
652	2.4942409246
653	2.4936578437
654	2.4929634944
655	2.4922318214
656	2.4916401626
657	2.4913028657
658	2.4912171857
659	2.4912090409
660	2.4910581263
661	2.4907858360
662	2.4905858215
663	2.4906766860
664	2.4910346918
665	2.4915256800
666	2.4921675363
667	2.4929053317
668	2.4937215750
669	2.4946801721
670	2.4956665413
671	2.4966511703
672	2.4977545782
673	2.4989978979
674	2.5002237952
675	2.5012487413
676	2.5019956641
677	2.5025493413
678	2.5030377794
679	2.5034820844
680	2.5039173882
681	2.5043772326
682	2.5048424762
683	2.5053547447
684	2.5058864190
685	2.5062463265
686	2.5065063970
687	2.5068104095
688	2.5071985191
689	2.5076773174
690	2.5081356569
691	2.5085615380
692	2.5090128949
693	2.5094377719
694	2.5096985987
695	2.5098583973
696	2.5100354826
697	2.5103062637
698	2.5107090678
699	2.5111956396
700	2.5117436322
701	2.5123464255
702	2.5130048438
703	2.5135957638
704	2.5140473896
705	2.5144597481
706	2.5149262498
707	2.5154369866
708	2.5159152745
709	2.5163958461
710	2.5169113187
711	2.5173530958
712	2.5176991559
713	2.5179059636
714	2.5179485586
715	2.5179663717
716	2.5179646962
717	2.5178908384
718	2.5178279523
719	2.5178454933
720	2.5178723172
721	2.5177602495
722	2.5174214939
723	2.5169254105
724	2.5163013211
725	2.5154772626
726	2.5144765068
727	2.5134237874
728	2.5123389947
729	2.5112437663
730	2.5101690488
731	2.5090877621
732	2.5080919917
733	2.5071030845
734	2.5060530391
735	2.5050301642
736	2.5040785366
737	2.5032224624
738	2.5024749549
739	2.5018310602
740	2.5013495141
741	2.5010838612
742	2.5008496040
743	2.5005762035
744	2.5003184143
745	2.5000531547
746	2.4997287479
747	2.4993516553
748	2.4990226710
749	2.4987963393
750	2.4987108587
751	2.4987727312
752	2.4989864923
753	2.4993953597
754	2.4999607279
755	2.5005951842
756	2.5012825913
757	2.5020503942
758	2.5028624025
759	2.5036016988
760	2.5043550848
761	2.5052198057
762	2.5060686320
763	2.5069024782
764	2.5077876193
765	2.5086859956
766	2.5095300789
767	2.5102276759
768	2.5107813843
769	2.5112298432
770	2.5114977293
771	2.5115567759
772	2.5114592431
773	2.5112790478
774	2.5110566164
775	2.5108224132
776	2.5105776980
777	2.5103643615
778	2.5101263098
779	2.5097209960
780	2.5092412416
781	2.5087190373
782	2.5081264026
783	2.5074221368
784	2.5065509550
785	2.5055594405
786	2.5045118729
787	2.5034679451
788	2.5025736639
789	2.5018561684
790	2.5011199554
791	2.5003807910
792	2.4996993289
793	2.4990931963
794	2.4985946481
795	2.4981554779
796	2.4977643208
797	2.4974246786
798	2.4971042391
799	2.4968054901
800	2.4966127977
801	2.4965356629
802	2.4965058988
803	2.4965971071
804	2.4969093924
805	2.4972930556
806	2.4975870759
807	2.4978008062
808	2.4979880398
809	2.4980938271
810	2.4980825530
811	2.4980318020
812	2.4979173491
813	2.4977681102
814	2.4976456208
815	2.4975272307
816	2.4974659336
817	2.4974778098
818	2.4975967676
819	2.4979200153
820	2.4983853108
821	2.4988972808
822	2.4994276273
823	2.4999796346
824	2.5005073176
825	2.5009473418
826	2.5012933805
827	2.5016186681
828	2.5019512726
829	2.5022489101
830	2.5025921851
831	2.5029327550
832	2.5032240222
833	2.5035152870
834	2.5037880494
835	2.5040062922
836	2.5041613865
837	2.5043191705
838	2.5045283303
839	2.5046914969
840	2.5047141752
841	2.5047376199
842	2.5047865625
843	2.5048361520
844	2.5049373535
845	2.5050786212
846	2.5053060479
847	2.5056212464
848	2.5060515252
849	2.5067290519
850	2.5076379226
851	2.5086275534
852	2.5096429424
853	2.5106177588
854	2.5115141184
855	2.5124505484
856	2.5135488554
857	2.5146866539
858	2.5157158518
859	2.5166862366
860	2.5176430531
861	2.5186332507
862	2.5196893637
863	2.5208379007
864	2.5220594118
865	2.5233302458
866	2.5246808544
867	2.5260789123
868	2.5275289808
869	2.5290200076
870	2.5305265113
871	2.5321132920
872	2.5337396343
873	2.5353265609
874	2.5368311662
875	2.5381917488
876	2.5394503523
877	2.5407258930
878	2.5420489509
879	2.5433662543
880	2.5446991303
881	2.5461012319
882	2.5475640938
883	2.5489434899
884	2.5501972930
885	2.5514062925
886	2.5525396128
887	2.5536021620
888	2.5546056947
889	2.5555118885
890	2.5562944212
891	2.5569704542
892	2.5575372312
893	2.5579771825
894	2.5582744287
895	2.5585074293
896	2.5587477085
897	2.5589422613
898	2.5591313094
899	2.5593194287
900	2.5594737612
901	2.5596211070
902	2.5597637711
903	2.5599036728
904	2.5600348807
905	2.5601525960
906	2.5603281347
907	2.5604944262
908	2.5605186232
909	2.5604531948
910	2.5603095766
911	2.5600412980
912	2.5596462460
913	2.5591774801
914	2.5586603783
915	2.5581432474
916	2.5576625423
917	2.5571755753
918	2.5567263946
919	2.5563323516
920	2.5559428436
921	2.5555136632
922	2.5550779140
923	2.5547128786
924	2.5544208539
925	2.5541996272
926	2.5540503802
927	2.5539787181
928	2.5539828659
929	2.5540136583
930	2.5540796270
931	2.5541816011
932	2.5542825381
933	2.5544334314
934	2.5546762380
935	2.5549683941
936	2.5553276087
937	2.5558069512
938	2.5563815956
939	2.5570281878
940	2.5577385565
941	2.5585292971
942	2.5593591310
943	2.5601831655
944	2.5610312125
945	2.5618798720
946	2.5627167437
947	2.5635524787
948	2.5643354285
949	2.5650327109
950	2.5656864252
951	2.5662635219
952	2.5667138268
953	2.5670512958
954	2.5673454479
955	2.5676348554
956	2.5678737516
957	2.5681238511
958	2.5684519378
959	2.5688159717
960	2.5691994251
961	2.5696088275
962	2.5700313534
963	2.5704724027
964	2.5708935593
965	2.5713022782
966	2.5716989926
967	2.5720759900
968	2.5725105164
969	2.5729777190
970	2.5734758955
971	2.5739975429
972	2.5744577736
973	2.5748357898
974	2.5751986428
975	2.5755713838
976	2.5759197876
977	2.5762398013
978	2.5764516877
979	2.5765395800
980	2.5766106268
981	2.5767542000
982	2.5770054868
983	2.5773299384
984	2.5776462565
985	2.5778759591
986	2.5780320477
987	2.5782287742
988	2.5785352275
989	2.5788843414
990	2.5791644876
991	2.5793479029
992	2.5794781045
993	2.5795682079
994	2.5796455833
995	2.5797479476
996	2.5798454588
997	2.5799355012
998	2.5800377650
999	2.5801007839
1000	2.5800970829
1001	2.5800132740
1002	2.5798630187
1003	2.5797544515
1004	2.5797634776
1005	2.5798536077
1006	2.5799367538
1007	2.5800152194
1008	2.5801387210
1009	2.5802810108
1010	2.5804302841
1011	2.5806201758
1012	2.5808133433
1013	2.5810093154
1014	2.5812435341
1015	2.5814481301
1016	2.5815537672
1017	2.5815686491
1018	2.5815674231
1019	2.5815974446
1020	2.5816384698
1021	2.5816731610
1022	2.5816893375
1023	2.5816760046
1024	2.5816562424
1025	2.5815565340
1026	2.5813441696
1027	2.5811009731
1028	2.5808747522
1029	2.5807231123
1030	2.5806220915
1031	2.5805807918
1032	2.5806145849
1033	2.5807091380
1034	2.5808747437
1035	2.5810641096
1036	2.5812799178
1037	2.5815721456
1038	2.5819436326
1039	2.5823650497
1040	2.5828134246
1041	2.5832049287
1042	2.5835372278
1043	2.5838683758
1044	2.5841322841
1045	2.5842973974
1046	2.5844446695
1047	2.5846295457
1048	2.5848415761
1049	2.5850642755
1050	2.5852985127
1051	2.5855510820
1052	2.5857741065
1053	2.5859187155
1054	2.5859701364
1055	2.5859520013
1056	2.5859180736
1057	2.5858828912
1058	2.5858149254
1059	2.5856906394
1060	2.5855375028
1061	2.5853612026
1062	2.5851204932
1063	2.5847898310
1064	2.5843737674
1065	2.5839248609
1066	2.5834814583
1067	2.5829671279
1068	2.5823759846
1069	2.5817727404
1070	2.5811094994
1071	2.5803396811
1072	2.5794773693
1073	2.5785381464
1074	2.5775324883
1075	2.5764908327
1076	2.5754537798
1077	2.5744367306
1078	2.5734882773
1079	2.5726447811
1080	2.5718359082
1081	2.5710423446
1082	2.5702998068
1083	2.5695627359
1084	2.5688050931
1085	2.5680473100
1086	2.5673042878
1087	2.5666528298
1088	2.5661095963
1089	2.5656427775
1090	2.5652412765
1091	2.5649119158
1092	2.5646677851
1093	2.5643732810
1094	2.5640137293
1095	2.5636436950
1096	2.5632414139
1097	2.5627870992
1098	2.5622340707
1099	2.5616504785
1100	2.5610845644
1101	2.5604889432
1102	2.5598182272
1103	2.5590761622
1104	2.5582722627
1105	2.5573983895
1106	2.5564795701
1107	2.5556070289
1108	2.5547987254
1109	2.5540188488
1110	2.5532976471
1111	2.5525987824
1112	2.5519645741
1113	2.5514887351
1114	2.5510796590
1115	2.5506264388
1116	2.5501504368
1117	2.5496183273
1118	2.5490227731
1119	2.5484415117
1120	2.5479280841
1121	2.5475035335
1122	2.5471004401
1123	2.5467138214
1124	2.5464116910
1125	2.5461966635
1126	2.5459920618
1127	2.5457520112
1128	2.5454940566
1129	2.5452339322
1130	2.5449244328
1131	2.5445197944
1132	2.5440413668
1133	2.5435275066
1134	2.5430209383
1135	2.5425426672
1136	2.5420975080
1137	2.5416451177
1138	2.5411925182
1139	2.5406946916
1140	2.5401122667
1141	2.5395674779
1142	2.5390605030
1143	2.5385360776
1144	2.5380844872
1145	2.5377823748
1146	2.5375772549
1147	2.5373947195
1148	2.5371949742
1149	2.5369828684
1150	2.5367683837
1151	2.5364853716
1152	2.5360690030
1153	2.5355367413
1154	2.5349365451
1155	2.5342115721
1156	2.5333764494
1157	2.5325515728
1158	2.5316828072
1159	2.5308103650
1160	2.5300399201
1161	2.5293653083
1162	2.5287662829
1163	2.5281865827
1164	2.5276585648
1165	2.5271439683
1166	2.5265899169
1167	2.5260210005
1168	2.5254895470
1169	2.5251064119
1170	2.5248475575
1171	2.5246328186
1172	2.5244763302
1173	2.5244187385
1174	2.5245214743
1175	2.5247989114
1176	2.5251778646
1177	2.5256329296
1178	2.5260908264
1179	2.5265050708
1180	2.5269596186
1181	2.5275350199
1182	2.5281760367
1183	2.5287502040
1184	2.5292686841
1185	2.5297388572
1186	2.5301298758
1187	2.5305615411
1188	2.5311218522
1189	2.5316818454
1190	2.5321691517
1191	2.5325533176
1192	2.5328391618
1193	2.5330995565
1194	2.5332735910
1195	2.5333661695
1196	2.5335111978
1197	2.5337781365
1198	2.5341473411
1199	2.5345681806
1200	2.5349964907
1201	2.5354827485
1202	2.5360386539
1203	2.5366513682
1204	2.5373210962
1205	2.5379906930
1206	2.5386160840
1207	2.5391874878
1208	2.5397734180
1209	2.5403665302
1210	2.5409638997
1211	2.5416382718
1212	2.5424604894
1213	2.5434093589
1214	2.5444359524
1215	2.5455762016
1216	2.5467660517
1217	2.5479676800
1218	2.5492483312
1219	2.5506150198
1220	2.5519953181
1221	2.5533418178
1222	2.5546268750
1223	2.5558688730
1224	2.5570457354
1225	2.5580483901
1226	2.5589460616
1227	2.5598386906
1228	2.5607145619
1229	2.5615756292
1230	2.5624243379
1231	2.5632352757
1232	2.5639651819
1233	2.5646409367
1234	2.5652338681
1235	2.5656971116
1236	2.5661390169
1237	2.5665998988
1238	2.5670933542
1239	2.5676113070
1240	2.5680946233
1241	2.5685996272
1242	2.5691551537
1243	2.5697180893
1244	2.5702613909
1245	2.5708151893
1246	2.5714115543
1247	2.5719968934
1248	2.5725575617
1249	2.5731195444
1250	2.5736435774
1251	2.5740922483
1252	2.5744567243
1253	2.5747754242
1254	2.5750557309
1255	2.5752933925
1256	2.5755768997
1257	2.5759208078
1258	2.5762686997
1259	2.5766367650
1260	2.5770549732
1261	2.5775052379
1262	2.5779700228
1263	2.5784473663
1264	2.5789488747
1265	2.5794840065
1266	2.5800480139
1267	2.5805781678
1268	2.5810447538
1269	2.5814900294
1270	2.5818984141
1271	2.5822874074
1272	2.5826932316
1273	2.5831148234
1274	2.5836175348
1275	2.5842481739
1276	2.5849454329
1277	2.5857094896
1278	2.5865526892
1279	2.5874564273
1280	2.5883908046
1281	2.5893064406
1282	2.5902510975
1283	2.5912297897
1284	2.5921994461
1285	2.5931679628
1286	2.5941759947
1287	2.5952093950
1288	2.5962362500
1289	2.5972572169
1290	2.5982367589
1291	2.5991561226
1292	2.6000218974
1293	2.6008520099
1294	2.6016348453
1295	2.6023767756
1296	2.6030851709
1297	2.6037237796
1298	2.6042788105
1299	2.6047863462
1300	2.6052767035
1301	2.6057235736
1302	2.6060918964
1303	2.6063666317
1304	2.6065941395
1305	2.6068242254
1306	2.6070911603
1307	2.6074259955
1308	2.6077658521
1309	2.6080505707
1310	2.6083016727
1311	2.6085332484
1312	2.6087732129
1313	2.6090406861
1314	2.6093043097
1315	2.6095153088
1316	2.6096627157
1317	2.6097965902
1318	2.6099556129
1319	2.6101528283
1320	2.6103461206
1321	2.6105268172
1322	2.6107318273
1323	2.6109325869
1324	2.6111259880
1325	2.6113377789
1326	2.6115637427
1327	2.6118078037
1328	2.6120812179
1329	2.6123698516
1330	2.6126274609
1331	2.6128185339
1332	2.6129529733
1333	2.6130550970
1334	2.6131493997
1335	2.6132335570
1336	2.6132868302
1337	2.6133092520
1338	2.6133194314
1339	2.6133334379
1340	2.6133318383
1341	2.6133201866
1342	2.6133367108
1343	2.6133842123
1344	2.6134517862
1345	2.6135263562
1346	2.6135883845
1347	2.6136364768
1348	2.6136861677
1349	2.6137562904
1350	2.6138582509
1351	2.6139786154
1352	2.6140964590
1353	2.6142145811
1354	2.6143308711
1355	2.6144165471
1356	2.6144542177
1357	2.6144668235
1358	2.6144696192
1359	2.6144777488
1360	2.6145041715
1361	2.6145217028
1362	2.6145388527
1363	2.6145677963
1364	2.6145956818
1365	2.6146129900
1366	2.6146171535
1367	2.6146283006
1368	2.6146482759
1369	2.6146583058
1370	2.6146517001
1371	2.6146298716
1372	2.6145954825
1373	2.6145700531
1374	2.6145598546
1375	2.6145600651
1376	2.6145821492
1377	2.6146354495
1378	2.6147124087
1379	2.6147987295
1380	2.6148913731
1381	2.6149806045
1382	2.6150640592
1383	2.6151504930
1384	2.6152418612
1385	2.6153335569
1386	2.6154336376
1387	2.6155509960
1388	2.6156696987
1389	2.6157723008
1390	2.6158621934
1391	2.6159514779
1392	2.6160403968
1393	2.6161245967
1394	2.6162184853
1395	2.6163326762
1396	2.6164596727
1397	2.6166023764
1398	2.6167515250
1399	2.6169001839
1400	2.6170526871
1401	2.6172053997
1402	2.6173577203
1403	2.6175045838
1404	2.6176426658
1405	2.6177716961
1406	2.6178876893
1407	2.6179835258
1408	2.6180579266
1409	2.6181145823
1410	2.6181544942
1411	2.6181797198
1412	2.6181919386
1413	2.6181932615
1414	2.6181880597
1415	2.6181714292
1416	2.6181424192
1417	2.6181059231
1418	2.6180581790
1419	2.6179986747
1420	2.6179317610
1421	2.6178621160
1422	2.6177909484
1423	2.6177186295
1424	2.6176435406
1425	2.6175633635
1426	2.6174778118
1427	2.6173892475
1428	2.6172989431
1429	2.6172086937
1430	2.6171256622
1431	2.6170511625
1432	2.6169821052
1433	2.6169217484
1434	2.6168753003
1435	2.6168371921
1436	2.6167967143
1437	2.6167418184
1438	2.6166744400
1439	2.6166051714
1440	2.6165331480
1441	2.6164593609
1442	2.6163785068
1443	2.6162862253
1444	2.6161831126
1445	2.6160629964
1446	2.6159299819
1447	2.6157996041
1448	2.6156790852
1449	2.6155508236
1450	2.6154168021
1451	2.6152982869
1452	2.6151883902
1453	2.6150805215
1454	2.6149626757
1455	2.6148257535
1456	2.6146819876
1457	2.6145246574
1458	2.6143380202
1459	2.6141297184
1460	2.6139156829
1461	2.6137125746
1462	2.6135258025
1463	2.6133597787
1464	2.6132229376
1465	2.6130917073
1466	2.6129610554
1467	2.6128426967
1468	2.6127227901
1469	2.6126064314
1470	2.6125134095
1471	2.6124407828
1472	2.6123884504
1473	2.6123794589
1474	2.6124129397
1475	2.6124637542
1476	2.6125436658
1477	2.6126771473
1478	2.6128465684
1479	2.6130087398
1480	2.6131545590
1481	2.6132948985
1482	2.6134099976
1483	2.6134918140
1484	2.6135428201
1485	2.6135715155
1486	2.6135713883
1487	2.6135322708
1488	2.6134650734
1489	2.6133634148
1490	2.6132291951
1491	2.6130439177
1492	2.6128104861
1493	2.6125717603
1494	2.6123319451
1495	2.6120968268
1496	2.6118817605
1497	2.6116729743
1498	2.6114490489
1499	2.6111730965
1500	2.6108437972
1501	2.6104977425
1502	2.6101392100
1503	2.6097408005
1504	2.6092671724
1505	2.6087213617
1506	2.6081308791
1507	2.6075472260
1508	2.6069473677
1509	2.6063019853
1510	2.6056306321
1511	2.6048821774
1512	2.6040554186
1513	2.6031970446
1514	2.6023182140
1515	2.6014145715
1516	2.6004852693
1517	2.5995218358
1518	2.5985545594
1519	2.5976195689
1520	2.5967192491
1521	2.5958600823
1522	2.5950486071
1523	2.5942772003
1524	2.5935008036
1525	2.5927029801
1526	2.5918662419
1527	2.5909676049
1528	2.5900126719
1529	2.5890679218
1530	2.5881879797
1531	2.5873213337
1532	2.5864354563
1533	2.5855375856
1534	2.5846544980
1535	2.5837971873
1536	2.5829375238
1537	2.5820907843
1538	2.5812757596
1539	2.5804951191
1540	2.5797566486
1541	2.5790114254
1542	2.5782454663
1543	2.5774883128
1544	2.5767501279
1545	2.5760506402
1546	2.5753987004
1547	2.5747574484
1548	2.5740875527
1549	2.5734233696
1550	2.5727656097
1551	2.5720841641
1552	2.5714012853
1553	2.5707307149
1554	2.5701107770
1555	2.5695970046
1556	2.5691250890
1557	2.5686950115
1558	2.5683863722
1559	2.5681494812
1560	2.5679694583
1561	2.5678919051
1562	2.5679479519
1563	2.5680657539
1564	2.5681841447
1565	2.5683840812
1566	2.5686288762
1567	2.5688349589
1568	2.5690773430
1569	2.5694501206
1570	2.5699697121
1571	2.5706276556
1572	2.5713733587
1573	2.5721635074
1574	2.5730126473
1575	2.5738709264
1576	2.5746543606
1577	2.5753391809
1578	2.5759285560
1579	2.5764416893
1580	2.5768686753
1581	2.5772135190
1582	2.5774896266
1583	2.5776821727
1584	2.5778253890
1585	2.5779189461
1586	2.5779544294
1587	2.5779637763
1588	2.5779821841
1589	2.5780480573
1590	2.5781263855
1591	2.5782003026
1592	2.5782626543
1593	2.5783066993
1594	2.5783386234
1595	2.5782880416
1596	2.5782072670
1597	2.5781758651
1598	2.5781773528
1599	2.5781951425
1600	2.5782155646
1601	2.5782516844
1602	2.5782696139
1603	2.5782387878
1604	2.5781592820
1605	2.5780446880
1606	2.5778957328
1607	2.5777492804
1608	2.5776485860
1609	2.5775494504
1610	2.5774440300
1611	2.5773417981
1612	2.5772352973
1613	2.5771519673
1614	2.5770756184
1615	2.5769696078
1616	2.5768993460
1617	2.5768247079
1618	2.5766917135
1619	2.5765766684
1620	2.5764862413
1621	2.5764208964
1622	2.5763898947
1623	2.5763803274
1624	2.5763918189
1625	2.5764884589
1626	2.5767480131
1627	2.5771769401
1628	2.5777195897
1629	2.5782952244
1630	2.5788779510
1631	2.5794816987
1632	2.5801301057
1633	2.5808497640
1634	2.5816196500
1635	2.5823885284
1636	2.5830974790
1637	2.5837535491
1638	2.5844963148
1639	2.5853941449
1640	2.5863825476
1641	2.5873714308
1642	2.5883430555
1643	2.5893331088
1644	2.5903391858
1645	2.5913948697
1646	2.5925471979
1647	2.5937590337
1648	2.5949667269
1649	2.5961550260
1650	2.5973161032
1651	2.5984320721
1652	2.5994595342
1653	2.6004033834
1654	2.6013033442
1655	2.6021700039
1656	2.6030046721
1657	2.6037973892
1658	2.6045182029
1659	2.6051501186
1660	2.6057847356
1661	2.6064237450
1662	2.6069789645
1663	2.6074430959
1664	2.6078060597
1665	2.6080726195
1666	2.6082779972
1667	2.6084372071
1668	2.6085673331
1669	2.6086980919
1670	2.6088525969
1671	2.6090230680
1672	2.6091803913
1673	2.6093203430
1674	2.6094293413
1675	2.6095347620
1676	2.6096874141
1677	2.6098718953
1678	2.6100594762
1679	2.6102573773
1680	2.6104551039
1681	2.6106377399
1682	2.6108224430
1683	2.6109892501
1684	2.6111459257
1685	2.6113131289
1686	2.6115039125
1687	2.6117150775
1688	2.6119047224
1689	2.6120707322
1690	2.6122279244
1691	2.6123934803
1692	2.6125521850
1693	2.6126943710
1694	2.6128457801
1695	2.6130016799
1696	2.6131491955
1697	2.6132830368
1698	2.6134132272
1699	2.6135588743
1700	2.6137436968
1701	2.6139877346
1702	2.6142668437
1703	2.6145575222
1704	2.6148554171
1705	2.6151454739
1706	2.6154166975
1707	2.6156541453
1708	2.6158443572
1709	2.6159926229
1710	2.6161097830
1711	2.6161994568
1712	2.6162452566
1713	2.6162322059
1714	2.6161767039
1715	2.6160922426
1716	2.6159663673
1717	2.6157989482
1718	2.6156249707
1719	2.6154645289
1720	2.6153036472
1721	2.6151216097
1722	2.6149307313
1723	2.6147426643
1724	2.6145277151
1725	2.6142983608
1726	2.6140656354
1727	2.6138244108
1728	2.6135972708
1729	2.6133723068
1730	2.6131382169
1731	2.6129042619
1732	2.6126736993
1733	2.6124723469
1734	2.6123167367
1735	2.6121888028
1736	2.6120941550
1737	2.6120517865
1738	2.6120364115
1739	2.6120149566
1740	2.6119783100
1741	2.6119278211
1742	2.6118772570
1743	2.6118404049
1744	2.6118273239
1745	2.6118310009
1746	2.6118518545
1747	2.6119064470
1748	2.6119628824
1749	2.6119813376
1750	2.6119726567
1751	2.6119424993
1752	2.6118739752
1753	2.6117583926
1754	2.6116234085
1755	2.6115006891
1756	2.6113850523
1757	2.6112800739
1758	2.6111656214
1759	2.6110232864
1760	2.6108666158
1761	2.6107052465
1762	2.6105410435
1763	2.6103643902
1764	2.6101890895
1765	2.6100143801
1766	2.6098226116
1767	2.6096317770
1768	2.6094658644
1769	2.6093072281
1770	2.6091252314
1771	2.6089167172
1772	2.6086827496
1773	2.6084440989
1774	2.6082394295
1775	2.6080333677
1776	2.6078116895
1777	2.6075912251
1778	2.6073482738
1779	2.6071085701
1780	2.6068703712
1781	2.6066349660
1782	2.6064571789
1783	2.6063667519
1784	2.6063245198
1785	2.6063143132
1786	2.6063560462
1787	2.6064047463
1788	2.6064088075
1789	2.6063623046
1790	2.6062956193
1791	2.6061818340
1792	2.6060040826
1793	2.6057577693
1794	2.6054629206
1795	2.6051766198
1796	2.6048558712
1797	2.6044744035
1798	2.6040458191
1799	2.6035739720
1800	2.6030702531
1801	2.6025183703
1802	2.6019234480
1803	2.6013317948
1804	2.6007602880
1805	2.6001988987
1806	2.5996327763
1807	2.5990464880
1808	2.5984017428
1809	2.5976982294
1810	2.5969614256
1811	2.5961577823
1812	2.5952952454
1813	2.5944149491
1814	2.5935261430
1815	2.5926214036
1816	2.5917431465
1817	2.5909332768
1818	2.5901446291
1819	2.5893572793
1820	2.5886175825
1821	2.5879547408
1822	2.5873672412
1823	2.5868334546
1824	2.5863620281
1825	2.5859264187
1826	2.5854465216
1827	2.5849204353
1828	2.5843856812
1829	2.5838680793
1830	2.5833392469
1831	2.5827329217
1832	2.5819744830
1833	2.5810996854
1834	2.5802171179
1835	2.5793554284
1836	2.5785103003
1837	2.5776413710
1838	2.5767284797
1839	2.5757218753
1840	2.5746214212
1841	2.5734958850
1842	2.5723000862
1843	2.5709839693
1844	2.5695667620
1845	2.5680781449
1846	2.5665898818
1847	2.5651064052
1848	2.5636200154
1849	2.5622183354
1850	2.5608698491
1851	2.5595381260
1852	2.5582124926
1853	2.5567985410
1854	2.5553044172
1855	2.5538200425
1856	2.5523320891
1857	2.5508795196
1858	2.5495674335
1859	2.5483239544
1860	2.5470474905
1861	2.5457335953
1862	2.5444430017
1863	2.5431701086
1864	2.5418112925
1865	2.5403360357
1866	2.5387361933
1867	2.5370086693
1868	2.5351586445
1869	2.5330855663
1870	2.5308039570
1871	2.5284736702
1872	2.5261500422
1873	2.5237931202
1874	2.5213530192
1875	2.5188632647
1876	2.5162530879
1877	2.5134773434
1878	2.5106451450
1879	2.5077539641
1880	2.5047620486
1881	2.5016732710
1882	2.4985897631
1883	2.4954882589
1884	2.4922298867
1885	2.4887915759
1886	2.4852050002
1887	2.4815680028
1888	2.4778937086
1889	2.4742125403
1890	2.4706028328
1891	2.4671260928
1892	2.4637987131
1893	2.4605747633
1894	2.4575056435
1895	2.4545561189
1896	2.4517661177
1897	2.4491957956
1898	2.4466723911
1899	2.4441174391
1900	2.4415635503
1901	2.4389204360
1902	2.4362191845
1903	2.4336156826
1904	2.4310399264
1905	2.4285088882
1906	2.4260567055
1907	2.4236346972
1908	2.4212958564
1909	2.4189389170
1910	2.4164399968
1911	2.4138502363
1912	2.4112750942
1913	2.4086957951
1914	2.4060441887
1915	2.4034513947
1916	2.4009806428
1917	2.3985723354
1918	2.3963147621
1919	2.3942172534
1920	2.3923069519
1921	2.3906103555
1922	2.3891515976
1923	2.3880568605
1924	2.3871639740
1925	2.3863400210
1926	2.3856616093
1927	2.3850487412
1928	2.3843347297
1929	2.3835271594
1930	2.3827459255
1931	2.3820396946
1932	2.3814546963
1933	2.3809373731
1934	2.3804236872
1935	2.3800161765
1936	2.3796377116
1937	2.3790604853
1938	2.3782256970
1939	2.3773159155
1940	2.3764651344
1941	2.3755988138
1942	2.3747478257
1943	2.3739312118
1944	2.3731067331
1945	2.3722117391
1946	2.3712668196
1947	2.3703622781
1948	2.3694715168
1949	2.3685700277
1950	2.3676084794
1951	2.3665400680
1952	2.3654228827
1953	2.3644147306
1954	2.3635403296
1955	2.3627054350
1956	2.3617837057
1957	2.3606458478
1958	2.3594430624
1959	2.3584981540
1960	2.3578147305
1961	2.3571450398
1962	2.3562689171
1963	2.3550723829
1964	2.3535583779
1965	2.3517858196
1966	2.3500202307
1967	2.3482608347
1968	2.3462586391
1969	2.3439458912
1970	2.3413980533
1971	2.3388129384
1972	2.3362275852
1973	2.3335849861
1974	2.3308539130
1975	2.3278781841
1976	2.3246150223
1977	2.3212054937
1978	2.3176212795
1979	2.3139423639
1980	2.3102724976
1981	2.3066910910
1982	2.3034749298
1983	2.3005543807
1984	2.2975541475
1985	2.2945530166
1986	2.2917574543
1987	2.2890827684
1988	2.2866392599
1989	2.2843711964
1990	2.2820963242
1991	2.2796045677
1992	2.2768570531
1993	2.2739980848
1994	2.2709429932
1995	2.2678304021
1996	2.2647060203
1997	2.2616300359
1998	2.2588136420
1999	2.2563183529
2000	2.2540171974
2001	2.2517970843
2002	2.2498834532
2003	2.2484173174
2004	2.2473119136
2005	2.2463775669
2006	2.2454775273
2007	2.2446647033
2008	2.2440510710
2009	2.2436865443
2010	2.2434976798
2011	2.2434592133
2012	2.2436489788
2013	2.2440488865
2014	2.2444795132
2015	2.2446946449
2016	2.2446818887
2017	2.2445567368
2018	2.2443383364
2019	2.2441341305
2020	2.2441333532
2021	2.2443335368
2022	2.2445309659
2023	2.2447179571
2024	2.2449396026
2025	2.2450474194
2026	2.2449814815
2027	2.2449508796
2028	2.2451682852
2029	2.2456764798
2030	2.2462902153
2031	2.2468573549
2032	2.2475874833
2033	2.2484576510
2034	2.2493667313
2035	2.2504657145
2036	2.2515800432
2037	2.2526731416
2038	2.2540033021
2039	2.2554531008
2040	2.2568975482
2041	2.2582801939
2042	2.2596295610
2043	2.2610708445
2044	2.2625536307
2045	2.2639958455
2046	2.2652973453
2047	2.2665776751
2048	2.2678092805
2049	2.2688429153
2050	2.2697432170
2051	2.2705724739
2052	2.2714916962
2053	2.2725823054
2054	2.2739283300
2055	2.2756051947
2056	2.2774467968
2057	2.2793788196
2058	2.2814406527
2059	2.2833994693
2060	2.2850914553
2061	2.2867095583
2062	2.2883018537
2063	2.2897873104
2064	2.2911836820
2065	2.2924079041
2066	2.2934623473
2067	2.2944044250
2068	2.2951319261
2069	2.2956420333
2070	2.2960797705
2071	2.2966414818
2072	2.2974003326
2073	2.2982964260
2074	2.2991945032
2075	2.3000025563
2076	2.3008154395
2077	2.3016011442
2078	2.3021602111
2079	2.3024475576
2080	2.3026707895
2081	2.3028728353
2082	2.3028278202
2083	2.3025718433
2084	2.3023577341
2085	2.3022166857
2086	2.3020381405
2087	2.3018709248
2088	2.3017864537
2089	2.3018070389
2090	2.3020569365
2091	2.3025295301
2092	2.3030399680
2093	2.3034502015
2094	2.3036829129
2095	2.3038360610
2096	2.3040121782
2097	2.3041842516
2098	2.3044129600
2099	2.3047170315
2100	2.3051417835
2101	2.3056436087
2102	2.3061479791
2103	2.3067056193
2104	2.3072126206
2105	2.3076306460
2106	2.3078816688
2107	2.3079586621
2108	2.3080240056
2109	2.3081512974
2110	2.3082687569
2111	2.3083218389
2112	2.3084596957
2113	2.3086778147
2114	2.3087653043
2115	2.3085475454
2116	2.3082320899
2117	2.3078787987
2118	2.3074917939
2119	2.3073092744
2120	2.3071826105
2121	2.3071935010
2122	2.3073876898
2123	2.3074872123
2124	2.3075145134
2125	2.3075369017
2126	2.3074837714
2127	2.3073593792
2128	2.3072847930
2129	2.3073153911
2130	2.3074224087
2131	2.3076733465
2132	2.3080812587
2133	2.3085314600
2134	2.3090696117
2135	2.3097367438
2136	2.3103266868
2137	2.3106516928
2138	2.3108200637
2139	2.3109648816
2140	2.3110061195
2141	2.3107597239
2142	2.3102024386
2143	2.3094488775
2144	2.3085422837
2145	2.3075667894
2146	2.3066056623
2147	2.3056797623
2148	2.3048135683
2149	2.3041068372
2150	2.3035465137
2151	2.3030623269
2152	2.3027536596
2153	2.3026155353
2154	2.3023540251
2155	2.3017651922
2156	2.3010416754
2157	2.3004708865
2158	2.3001743890
2159	2.3001262530
2160	2.3002608486
2161	2.3004955221
2162	2.3006915458
2163	2.3008656277
2164	2.3012040806
2165	2.3017298320
2166	2.3023004573
2167	2.3027604082
2168	2.3031634850
2169	2.3036273253
2170	2.3042674782
2171	2.3050755536
2172	2.3058578791
2173	2.3067691524
2174	2.3077542026
2175	2.3086910332
2176	2.3096106441
2177	2.3103395853
2178	2.3110464750
2179	2.3119028802
2180	2.3128282203
2181	2.3139050906
2182	2.3151824140
2183	2.3165261385
2184	2.3179439253
2185	2.3195922805
2186	2.3214706809
2187	2.3234542848
2188	2.3254994004
2189	2.3274946432
2190	2.3293296388
2191	2.3310112146
2192	2.3326234776
2193	2.3341741238
2194	2.3355243796
2195	2.3367276167
2196	2.3378476991
2197	2.3387323029
2198	2.3392402006
2199	2.3394503031
2200	2.3394656572
2201	2.3394271697
2202	2.3393934774
2203	2.3393708072
2204	2.3394671737
2205	2.3394729723
2206	2.3393175198
2207	2.3392565214
2208	2.3392791454
2209	2.3392255847
2210	2.3392208909
2211	2.3394279022
2212	2.3399055954
2213	2.3406195613
2214	2.3414380392
2215	2.3423384643
2216	2.3434465927
2217	2.3448405980
2218	2.3463570442
2219	2.3479534358
2220	2.3497098179
2221	2.3516395980
2222	2.3536004794
2223	2.3555932675
2224	2.3577800455
2225	2.3602184597
2226	2.3630315074
2227	2.3661989622
2228	2.3696341070
2229	2.3732006961
2230	2.3768522200
2231	2.3805770747
2232	2.3843479241
2233	2.3882480311
2234	2.3922311249
2235	2.3963435121
2236	2.4006199492
2237	2.4050481425
2238	2.4096033719
2239	2.4140867077
2240	2.4184081650
2241	2.4226103303
2242	2.4266412132
2243	2.4303314591
2244	2.4336305850
2245	2.4366241590
2246	2.4393313804
2247	2.4417446896
2248	2.4439187314
2249	2.4459635345
2250	2.4479231259
2251	2.4498660789
2252	2.4518219041
2253	2.4537867999
2254	2.4557949354
2255	2.4577202128
2256	2.4595640872
2257	2.4613921832
2258	2.4631861306
2259	2.4649384686
2260	2.4666415336
2261	2.4683830544
2262	2.4701184204
2263	2.4718028875
2264	2.4734598927
2265	2.4749951421
2266	2.4765174017
2267	2.4780563599
2268	2.4794628514
2269	2.4809733683
2270	2.4827716802
2271	2.4846826317
2272	2.4865946432
2273	2.4884832239
2274	2.4902982685
2275	2.4920471544
2276	2.4937985636
2277	2.4955946489
2278	2.4973715124
2279	2.4990453041
2280	2.5006166799
2281	2.5020727097
2282	2.5034495017
2283	2.5048142547
2284	2.5061753808
2285	2.5074252798
2286	2.5084799189
2287	2.5094711960
2288	2.5105807797
2289	2.5119053366
2290	2.5133835576
2291	2.5148531387
2292	2.5162254067
2293	2.5176285632
2294	2.5192268169
2295	2.5210436200
2296	2.5230742464
2297	2.5252618084
2298	2.5275188834
2299	2.5297580099
2300	2.5319386017
2301	2.5340606759
2302	2.5360957670
2303	2.5380223673
2304	2.5398045434
2305	2.5414848820
2306	2.5431208638
2307	2.5446952164
2308	2.5462036036
2309	2.5476534240
2310	2.5491654069
2311	2.5507643085
2312	2.5523158074
2313	2.5537434757
2314	2.5550210118
2315	2.5561787411
2316	2.5572196768
2317	2.5582163019
2318	2.5591832825
2319	2.5599946720
2320	2.5606519890
2321	2.5612305890
2322	2.5618039327
2323	2.5623207229
2324	2.5627612111
2325	2.5632856004
2326	2.5638670384
2327	2.5643865963
2328	2.5648394783
2329	2.5651433662
2330	2.5652550438
2331	2.5652623393
2332	2.5652028095
2333	2.5651077623
2334	2.5649738664
2335	2.5647499668
2336	2.5644665017
2337	2.5641685578
2338	2.5638430754
2339	2.5634560185
2340	2.5629948671
2341	2.5624917063
2342	2.5620047477
2343	2.5615074952
2344	2.5609507150
2345	2.5603453396
2346	2.5597297970
2347	2.5591405668
2348	2.5585915832
2349	2.5580473389
2350	2.5574466125
2351	2.5567790726
2352	2.5560564990
2353	2.5552947649
2354	2.5544221997
2355	2.5535256422
2356	2.5527474682
2357	2.5520401624
2358	2.5513771769
2359	2.5506657497
2360	2.5498947956
2361	2.5491783329
2362	2.5485406487
2363	2.5479135899
2364	2.5473666979
2365	2.5469477914
2366	2.5465481055
2367	2.5461726604
2368	2.5458211776
2369	2.5454574046
2370	2.5450410580
2371	2.5446391637
2372	2.5443743497
2373	2.5442418481
2374	2.5442000529
2375	2.5442067664
2376	2.5442584085
2377	2.5443393907
2378	2.5443747139
2379	2.5443056538
2380	2.5441446117
2381	2.5439798176
2382	2.5438760166
2383	2.5438474836
2384	2.5438949251
2385	2.5440287516
2386	2.5443037479
2387	2.5447018899
2388	2.5451740358
2389	2.5456985521
2390	2.5462747359
2391	2.5469191468
2392	2.5475839220
2393	2.5481746215
2394	2.5486917579
2395	2.5492164996
2396	2.5497017845
2397	2.5501399883
2398	2.5505887604
2399	2.5510791990
2400	2.5516129301
2401	2.5521223303
2402	2.5525827940
2403	2.5529433330
2404	2.5531922523
2405	2.5534097591
2406	2.5536514966
2407	2.5539254416
2408	2.5541629454
2409	2.5543854753
2410	2.5546365738
2411	2.5548062646
2412	2.5548908067
2413	2.5549446429
2414	2.5549706104
2415	2.5550001837
2416	2.5550489354
2417	2.5551077887
2418	2.5551849256
2419	2.5553383589
2420	2.5554931113
2421	2.5554828724
2422	2.5553481443
2423	2.5551515335
2424	2.5548760975
2425	2.5546375117
2426	2.5543940304
2427	2.5540662840
2428	2.5537595254
2429	2.5534926572
2430	2.5532402263
2431	2.5529654744
2432	2.5526845582
2433	2.5524626884
2434	2.5522785331
2435	2.5520515091
2436	2.5517874908
2437	2.5515290716
2438	2.5512421609
2439	2.5508846645
2440	2.5504514983
2441	2.5499957539
2442	2.5495182831
2443	2.5489535095
2444	2.5483152099
2445	2.5476601400
2446	2.5469942525
2447	2.5462892517
2448	2.5455695266
2449	2.5448327004
2450	2.5440229465
2451	2.5432372912
2452	2.5425177655
2453	2.5418138480
2454	2.5411204119
2455	2.5404719008
2456	2.5398668937
2457	2.5391777398
2458	2.5383853930
2459	2.5374856396
2460	2.5364809981
2461	2.5354164924
2462	2.5343531554
2463	2.5333044816
2464	2.5321785139
2465	2.5310246219
2466	2.5299008095
2467	2.5287481413
2468	2.5275570470
2469	2.5263672246
2470	2.5251857693
2471	2.5240258885
2472	2.5229470519
2473	2.5220780547
2474	2.5214291247
2475	2.5209042765
2476	2.5203651151
2477	2.5197532161
2478	2.5191847304
2479	2.5186508013
2480	2.5181196457
2481	2.5176174717
2482	2.5172440400
2483	2.5170002134
2484	2.5168272997
2485	2.5168998751
2486	2.5173406718
2487	2.5180321873
2488	2.5188237709
2489	2.5195964678
2490	2.5202885859
2491	2.5210422109
2492	2.5218677495
2493	2.5226975080
2494	2.5234750179
2495	2.5240652546
2496	2.5245047289
2497	2.5247912750
2498	2.5248638264
2499	2.5247353445
2500	2.5244521962
2501	2.5240347199
2502	2.5234721689
2503	2.5227571230
2504	2.5218483833
2505	2.5207580154
2506	2.5194599443
2507	2.5179862462
2508	2.5164454311
2509	2.5147939629
2510	2.5130073191
2511	2.5111050107
2512	2.5091554970
2513	2.5072793053
2514	2.5055579361
2515	2.5039978787
2516	2.5025107067
2517	2.5011487079
2518	2.5000342735
2519	2.4991061885
2520	2.4983033478
2521	2.4977551202
2522	2.4974598720
2523	2.4973143356
2524	2.4972910784
2525	2.4972418099
2526	2.4971280958
2527	2.4969414784
2528	2.4965932647
2529	2.4961927106
2530	2.4958354158
2531	2.4954692052
2532	2.4950729646
2533	2.4947010340
2534	2.4944181388
2535	2.4942754824
2536	2.4942802670
2537	2.4943698820
2538	2.4945158453
2539	2.4947372487
2540	2.4950346499
2541	2.4952985329
2542	2.4954587612
2543	2.4956163181
2544	2.4958535618
2545	2.4961942059
2546	2.4966401205
2547	2.4972077452
2548	2.4977991566
2549	2.4982807254
2550	2.4986349949
2551	2.4988389384
2552	2.4988513377
2553	2.4986846915
2554	2.4984672166
2555	2.4982183030
2556	2.4978756296
2557	2.4974228135
2558	2.4968593655
2559	2.4963137128
2560	2.4958301157
2561	2.4953396575
2562	2.4948411544
2563	2.4943278188
2564	2.4938209313
2565	2.4932974654
2566	2.4926796051
2567	2.4919730383
2568	2.4911955766
2569	2.4904195893
2570	2.4896888534
2571	2.4888946370
2572	2.4879740021
2573	2.4870067084
2574	2.4860636749
2575	2.4850446101
2576	2.4839424136
2577	2.4829535982
2578	2.4820356556
2579	2.4811423698
2580	2.4803690862
2581	2.4796348805
2582	2.4788822104
2583	2.4780761027
2584	2.4772210746
2585	2.4763591308
2586	2.4755498573
2587	2.4748086208
2588	2.4740479789
2589	2.4733922716
2590	2.4728756804
2591	2.4723945903
2592	2.4719612836
2593	2.4715408255
2594	2.4711497750
2595	2.4708401041
2596	2.4705334167
2597	2.4703156500
2598	2.4704219261
2599	2.4707198943
2600	2.4710366734
2601	2.4714035791
2602	2.4718449336
2603	2.4723907455
2604	2.4730151371
2605	2.4737517381
2606	2.4744994225
2607	2.4750334197
2608	2.4753995080
2609	2.4757642934
2610	2.4762173623
2611	2.4768236371
2612	2.4776151812
2613	2.4784975805
2614	2.4793902871
2615	2.4803796144
2616	2.4815050364
2617	2.4827302436
2618	2.4840039593
2619	2.4851619672
2620	2.4861458303
2621	2.4870536546
2622	2.4880821864
2623	2.4893514221
2624	2.4907421632
2625	2.4921075561
2626	2.4933576314
2627	2.4945781546
2628	2.4957691961
2629	2.4968370996
2630	2.4978125597
2631	2.4988095642
2632	2.4999042670
2633	2.5009645257
2634	2.5019708828
2635	2.5029357818
2636	2.5038068962
2637	2.5046312562
2638	2.5055015194
2639	2.5064384831
2640	2.5074027788
2641	2.5083431789
2642	2.5091625062
2643	2.5098814638
2644	2.5105897946
2645	2.5113265035
2646	2.5120253816
2647	2.5126837548
2648	2.5133362152
2649	2.5139828822
2650	2.5147141370
2651	2.5155464949
2652	2.5164597847
2653	2.5174384537
2654	2.5185402865
2655	2.5197987234
2656	2.5210608488
2657	2.5222543595
2658	2.5234085609
2659	2.5246271687
2660	2.5259961533
2661	2.5274156687
2662	2.5288790361
2663	2.5303862921
2664	2.5318592671
2665	2.5333349881
2666	2.5348386804
2667	2.5363492237
2668	2.5378903918
2669	2.5395037225
2670	2.5411916176
2671	2.5429736310
2672	2.5447735301
2673	2.5465027456
2674	2.5481478936
2675	2.5497253529
2676	2.5513140120
2677	2.5528778721
2678	2.5543834772
2679	2.5558966350
2680	2.5574166189
2681	2.5588898795
2682	2.5603522975
2683	2.5618343984
2684	2.5633316184
2685	2.5648891050
2686	2.5664957184
2687	2.5681014749
2688	2.5696477040
2689	2.5711334031
2690	2.5726228523
2691	2.5741386782
2692	2.5756641272
2693	2.5771497212
2694	2.5786092138
2695	2.5800992346
2696	2.5815933168
2697	2.5830896703
2698	2.5845807329
2699	2.5860618462
2700	2.5876210998
2701	2.5892311596
2702	2.5907546929
2703	2.5921858739
2704	2.5935423124
2705	2.5947717049
2706	2.5958872124
2707	2.5969089699
2708	2.5978701082
2709	2.5987961686
2710	2.5996921214
2711	2.6005860582
2712	2.6014473568
2713	2.6022298035
2714	2.6029261430
2715	2.6035629921
2716	2.6041523574
2717	2.6046957415
2718	2.6052150257
2719	2.6057387434
2720	2.6062722766
2721	2.6067904792
2722	2.6072864678
2723	2.6077524001
2724	2.6081583457
2725	2.6085057828
2726	2.6088172317
2727	2.6090755568
2728	2.6092495962
2729	2.6093397489
2730	2.6093547041
2731	2.6092653690
2732	2.6090661620
2733	2.6088107461
2734	2.6085546521
2735	2.6083423499
2736	2.6081583502
2737	2.6079884031
2738	2.6078838403
2739	2.6078484157
2740	2.6078547530
2741	2.6078795520
2742	2.6079418456
2743	2.6080472160
2744	2.6081390950
2745	2.6082260228
2746	2.6083153040
2747	2.6083987321
2748	2.6084780901
2749	2.6085536382
2750	2.6086148071
2751	2.6086694286
2752	2.6087636258
2753	2.6088754910
2754	2.6089738207
2755	2.6090644496
2756	2.6091405447
2757	2.6092190717
2758	2.6093348975
2759	2.6094798805
2760	2.6096469361
2761	2.6098295577
2762	2.6100217783
2763	2.6102054709
2764	2.6103223830
2765	2.6103531672
2766	2.6103360804
2767	2.6102948285
2768	2.6102205058
2769	2.6101450929
2770	2.6100850787
2771	2.6100168647
2772	2.6099572586
2773	2.6099175270
2774	2.6098333575
2775	2.6097156308
2776	2.6095895827
2777	2.6094081097
2778	2.6091747451
2779	2.6088838701
2780	2.6085720348
2781	2.6082465562
2782	2.6078770189
2783	2.6074739221
2784	2.6070440143
2785	2.6065920542
2786	2.6060931557
2787	2.6055441618
2788	2.6049738131
2789	2.6044074425
2790	2.6038153157
2791	2.6031691802
2792	2.6024658013
2793	2.6016958130
2794	2.6009042195
2795	2.6001148209
2796	2.5993003022
2797	2.5984623675
2798	2.5976160167
2799	2.5967757333
2800	2.5959647387
2801	2.5951789956
2802	2.5943985072
2803	2.5936186102
2804	2.5928170164
2805	2.5919772872
2806	2.5911515902
2807	2.5903951770
2808	2.5896684023
2809	2.5888996430
2810	2.5880941349
2811	2.5872690158
2812	2.5864468142
2813	2.5856871049
2814	2.5850444536
2815	2.5844938298
2816	2.5839792885
2817	2.5835164840
2818	2.5830941034
2819	2.5827431725
2820	2.5824740180
2821	2.5822250560
2822	2.5819790195
2823	2.5817235349
2824	2.5814871003
2825	2.5813112242
2826	2.5812448344
2827	2.5812729194
2828	2.5813403295
2829	2.5814716122
2830	2.5816591821
2831	2.5818421595
2832	2.5819490073
2833	2.5819935167
2834	2.5820847985
2835	2.5822631019
2836	2.5824958102
2837	2.5827467371
2838	2.5830003650
2839	2.5832557969
2840	2.5835060971
2841	2.5837473558
2842	2.5839928027
2843	2.5842620296
2844	2.5845755349
2845	2.5849151699
2846	2.5852816106
2847	2.5857404017
2848	2.5862480796
2849	2.5867518736
2850	2.5872610314
2851	2.5877361862
2852	2.5881533008
2853	2.5884764697
2854	2.5886677830
2855	2.5887567748
2856	2.5888101088
2857	2.5888372261
2858	2.5887733158
2859	2.5885720069
2860	2.5882756944
2861	2.5878975176
2862	2.5873751271
2863	2.5867610853
2864	2.5861011497
2865	2.5853575810
2866	2.5845485494
2867	2.5837001728
2868	2.5828293699
2869	2.5819074945
2870	2.5809245214
2871	2.5799648149
2872	2.5790512473
2873	2.5781574842
2874	2.5773189520
2875	2.5765099276
2876	2.5756301576
2877	2.5746857271
2878	2.5737317791
2879	2.5727615174
2880	2.5717330478
2881	2.5706776109
2882	2.5696295942
2883	2.5685409324
2884	2.5673589833
2885	2.5660181971
2886	2.5646047164
2887	2.5632005302
2888	2.5616993962
2889	2.5600756137
2890	2.5583478620
2891	2.5564728346
2892	2.5544867144
2893	2.5523929482
2894	2.5501767017
2895	2.5479540645
2896	2.5457691477
2897	2.5436496299
2898	2.5415913663
2899	2.5395301889
2900	2.5374438261
2901	2.5353222312
2902	2.5331829329
2903	2.5310182949
2904	2.5288347749
2905	2.5266226078
2906	2.5244268636
2907	2.5222969434
2908	2.5202249046
2909	2.5181762914
2910	2.5160990271
2911	2.5141192697
2912	2.5123068566
2913	2.5105943020
2914	2.5089764641
2915	2.5074603158
2916	2.5060720315
2917	2.5048153624
2918	2.5036800097
2919	2.5026460081
2920	2.5016782129
2921	2.5007764491
2922	2.4997895120
2923	2.4986401187
2924	2.4974314011
2925	2.4960952093
2926	2.4945724405
2927	2.4928640071
2928	2.4909902697
2929	2.4890149650
2930	2.4870930044
2931	2.4854078253
2932	2.4838742925
2933	2.4823685560
2934	2.4808118274
2935	2.4790782817
2936	2.4771718044
2937	2.4752923873
2938	2.4734890888
2939	2.4715872683
2940	2.4695430196
2941	2.4674176689
2942	2.4652966883
2943	2.4632587948
2944	2.4614055713
2945	2.4597214362
2946	2.4581253911
2947	2.4565725399
2948	2.4551148080
2949	2.4539112563
2950	2.4529238400
2951	2.4521673461
2952	2.4515123426
2953	2.4507631680
2954	2.4500724697
2955	2.4495285260
2956	2.4490884263
2957	2.4486927402
2958	2.4483673916
2959	2.4481815830
2960	2.4481472799
2961	2.4481711848
2962	2.4481010081
2963	2.4480695963
2964	2.4481941211
2965	2.4483779297
2966	2.4487068702
2967	2.4491076650
2968	2.4492652277
2969	2.4491305278
2970	2.4488044218
2971	2.4483995040
2972	2.4479851463
2973	2.4475111673
2974	2.4470622982
2975	2.4466954325
2976	2.4462422070
2977	2.4456199806
2978	2.4448364518
2979	2.4439023628
2980	2.4427852925
2981	2.4414899734
2982	2.4401199393
2983	2.4387303817
2984	2.4372762048
2985	2.4357274237
2986	2.4341597934
2987	2.4326562777
2988	2.4312855142
2989	2.4297977426
2990	2.4280176386
2991	2.4260958254
2992	2.4240813758
2993	2.4220300427
2994	2.4199261132
2995	2.4177695384
2996	2.4156526597
2997	2.4136905876
2998	2.4118396441
2999	2.4099761687
