0	2.5912592505
1	2.5915820633
2	2.5922796084
3	2.5931382221
4	2.5941554587
5	2.5952496562
6	2.5964383668
7	2.5976546054
8	2.5989248402
9	2.6001900383
10	2.6014765545
11	2.6027364140
12	2.6039889368
13	2.6052007120
14	2.6063799376
15	2.6075092473
16	2.6085847160
17	2.6096039516
18	2.6105526269
19	2.6114401005
20	2.6122452599
21	2.6129846970
22	2.6136350021
23	2.6142151693
24	2.6147038756
25	2.6151182248
26	2.6154425149
27	2.6156887924
28	2.6158492129
29	2.6159290209
30	2.6159290096
31	2.6158473523
32	2.6156928786
33	2.6154577770
34	2.6151571378
35	2.6147792487
36	2.6143426006
37	2.6138340274
38	2.6132718871
39	2.6126446126
40	2.6119679611
41	2.6112358057
42	2.6104589952
43	2.6096376514
44	2.6087743197
45	2.6078760340
46	2.6069390037
47	2.6059780798
48	2.6049828855
49	2.6039712300
50	2.6029296843
51	2.6018787609
52	2.6008053349
53	2.5997253939
54	2.5986298969
55	2.5975305225
56	2.5964250272
57	2.5953145060
58	2.5942046651
59	2.5930885075
60	2.5919793448
61	2.5908660120
62	2.5897716921
63	2.5886767009
64	2.5875889868
65	2.5864822665
66	2.5853786522
67	2.5842876320
68	2.5832319449
69	2.5821936724
70	2.5811395923
71	2.5800688571
72	2.5789947950
73	2.5779450635
74	2.5768828459
75	2.5758154220
76	2.5747404165
77	2.5736922016
78	2.5726332193
79	2.5715593693
80	2.5704757400
81	2.5694016849
82	2.5683120954
83	2.5671880356
84	2.5660622585
85	2.5649224518
86	2.5637569165
87	2.5625465223
88	2.5613359937
89	2.5600877654
90	2.5588016461
91	2.5574804069
92	2.5561476505
93	2.5547691060
94	2.5533505298
95	2.5519207384
96	2.5504553058
97	2.5489501179
98	2.5474129876
99	2.5458642546
100	2.5442508632
101	2.5426130250
102	2.5409407720
103	2.5392209201
104	2.5374396576
105	2.5356303073
106	2.5337617196
107	2.5318265231
108	2.5298604242
109	2.5278346493
110	2.5257531061
111	2.5236265331
112	2.5214750418
113	2.5192540334
114	2.5170189989
115	2.5147512265
116	2.5124470898
117	2.5101243984
118	2.5077993444
119	2.5054425934
120	2.5030703405
121	2.5006960949
122	2.4982733833
123	2.4958681104
124	2.4934886772
125	2.4911303007
126	2.4887422013
127	2.4862831473
128	2.4836864155
129	2.4810916157
130	2.4786474918
131	2.4763779252
132	2.4741611917
133	2.4717375971
134	2.4690032120
135	2.4661465528
136	2.4634651653
137	2.4610017032
138	2.4586937830
139	2.4563808193
140	2.4540773095
141	2.4518217475
142	2.4494935437
143	2.4469513808
144	2.4443007354
145	2.4417375714
146	2.4393404542
147	2.4371018428
148	2.4349552502
149	2.4330389984
150	2.4313361781
151	2.4296543154
152	2.4278699992
153	2.4260634940
154	2.4242210324
155	2.4222864835
156	2.4202439304
157	2.4182274504
158	2.4163953481
159	2.4146483717
160	2.4130083220
161	2.4115940811
162	2.4103980538
163	2.4092548465
164	2.4081616011
165	2.4071113366
166	2.4060573209
167	2.4048456748
168	2.4034729144
169	2.4020668577
170	2.4005421027
171	2.3988907777
172	2.3972615524
173	2.3957291196
174	2.3942230635
175	2.3928384119
176	2.3916410462
177	2.3906475614
178	2.3897487521
179	2.3889870657
180	2.3884151604
181	2.3878611734
182	2.3872934569
183	2.3867687501
184	2.3862011563
185	2.3854959935
186	2.3847450533
187	2.3839063949
188	2.3829390770
189	2.3818392845
190	2.3807664315
191	2.3797512942
192	2.3787623366
193	2.3778966314
194	2.3770642473
195	2.3761658362
196	2.3754043944
197	2.3750333919
198	2.3750155172
199	2.3752354606
200	2.3753899532
201	2.3752986429
202	2.3750604217
203	2.3750495277
204	2.3753852742
205	2.3757729735
206	2.3760269775
207	2.3760577415
208	2.3758165210
209	2.3753528256
210	2.3746544686
211	2.3736337603
212	2.3725850581
213	2.3717196854
214	2.3709591465
215	2.3700973129
216	2.3691378053
217	2.3681542347
218	2.3670732039
219	2.3659047580
220	2.3646667955
221	2.3635221686
222	2.3627201197
223	2.3622394972
224	2.3619047108
225	2.3618828805
226	2.3621500886
227	2.3624877943
228	2.3627599277
229	2.3629866954
230	2.3632105516
231	2.3633772709
232	2.3635096895
233	2.3636429571
234	2.3639364780
235	2.3643960221
236	2.3648557596
237	2.3653370442
238	2.3659469284
239	2.3664179382
240	2.3666568311
241	2.3667444439
242	2.3666439404
243	2.3663322060
244	2.3658195853
245	2.3652586836
246	2.3647380539
247	2.3643023491
248	2.3639485278
249	2.3638165468
250	2.3639564981
251	2.3642112660
252	2.3645661029
253	2.3651546505
254	2.3657848376
255	2.3663557523
256	2.3669919614
257	2.3676209311
258	2.3682487871
259	2.3689083422
260	2.3697149156
261	2.3706871508
262	2.3717798650
263	2.3730096054
264	2.3744916921
265	2.3762202323
266	2.3780945724
267	2.3801406730
268	2.3822822757
269	2.3842833626
270	2.3861635542
271	2.3880185068
272	2.3896332061
273	2.3910179283
274	2.3921884817
275	2.3931339936
276	2.3938629132
277	2.3943855480
278	2.3947645837
279	2.3950110183
280	2.3951654789
281	2.3953324276
282	2.3955495950
283	2.3957046678
284	2.3958578032
285	2.3960817861
286	2.3962445567
287	2.3962611007
288	2.3962590072
289	2.3961177581
290	2.3958216221
291	2.3954587130
292	2.3949416384
293	2.3943249842
294	2.3936556851
295	2.3929768269
296	2.3922746488
297	2.3915974351
298	2.3910591157
299	2.3906968178
300	2.3904611964
301	2.3904724080
302	2.3908054596
303	2.3913792653
304	2.3922154202
305	2.3933790110
306	2.3947639363
307	2.3963344384
308	2.3981470440
309	2.4000161084
310	2.4019885591
311	2.4040495069
312	2.4060644689
313	2.4080273728
314	2.4099632110
315	2.4118808841
316	2.4137445631
317	2.4155720511
318	2.4173671636
319	2.4190312019
320	2.4205617048
321	2.4221693192
322	2.4239211014
323	2.4257940493
324	2.4276658173
325	2.4293186435
326	2.4306902514
327	2.4321288788
328	2.4338874364
329	2.4359692953
330	2.4381386039
331	2.4398037932
332	2.4408599340
333	2.4416934547
334	2.4426885181
335	2.4439057713
336	2.4450752433
337	2.4458684392
338	2.4461731489
339	2.4460970448
340	2.4457463945
341	2.4450182440
342	2.4439577375
343	2.4429121155
344	2.4420575323
345	2.4412810760
346	2.4402905753
347	2.4389301724
348	2.4373377900
349	2.4357981624
350	2.4342369026
351	2.4326929530
352	2.4314355005
353	2.4305645431
354	2.4301114167
355	2.4298063698
356	2.4293959554
357	2.4289685997
358	2.4286473523
359	2.4283233349
360	2.4279414114
361	2.4277212537
362	2.4279222163
363	2.4284444059
364	2.4291066292
365	2.4298310592
366	2.4306147920
367	2.4314106044
368	2.4319918199
369	2.4323091450
370	2.4325982136
371	2.4330389545
372	2.4335366144
373	2.4341887371
374	2.4350945133
375	2.4363071606
376	2.4377503260
377	2.4391372586
378	2.4405310023
379	2.4420405464
380	2.4434894639
381	2.4448191509
382	2.4462463777
383	2.4479365637
384	2.4498740504
385	2.4520186258
386	2.4544870355
387	2.4572839368
388	2.4602811568
389	2.4633003703
390	2.4663111795
391	2.4693438131
392	2.4722027150
393	2.4747684256
394	2.4771788248
395	2.4795745848
396	2.4818782284
397	2.4841304016
398	2.4863701352
399	2.4886348401
400	2.4908334600
401	2.4928187209
402	2.4947266310
403	2.4964667511
404	2.4977750454
405	2.4986921363
406	2.4993290033
407	2.4996420458
408	2.4996181368
409	2.4993663796
410	2.4990599900
411	2.4987161054
412	2.4983522431
413	2.4980326173
414	2.4978109897
415	2.4976017741
416	2.4973277870
417	2.4970810455
418	2.4967975189
419	2.4963362590
420	2.4957334139
421	2.4951242979
422	2.4944234694
423	2.4936292911
424	2.4928554422
425	2.4922282730
426	2.4917546811
427	2.4913501839
428	2.4911931800
429	2.4912806297
430	2.4914297059
431	2.4916934369
432	2.4920584510
433	2.4923617874
434	2.4925756415
435	2.4927038436
436	2.4927246706
437	2.4925590961
438	2.4922609078
439	2.4919339559
440	2.4915755057
441	2.4911693376
442	2.4908218915
443	2.4906551403
444	2.4905639009
445	2.4905730193
446	2.4908160724
447	2.4912612015
448	2.4917505640
449	2.4923107350
450	2.4929295228
451	2.4935172476
452	2.4941157990
453	2.4947625222
454	2.4954483955
455	2.4960085598
456	2.4964734125
457	2.4970041852
458	2.4976274318
459	2.4985197063
460	2.4997743939
461	2.5011536256
462	2.5025922069
463	2.5042120159
464	2.5061204935
465	2.5083408695
466	2.5108356891
467	2.5135292118
468	2.5162482000
469	2.5189316931
470	2.5216314856
471	2.5243486552
472	2.5269336751
473	2.5294299701
474	2.5319658331
475	2.5344863488
476	2.5369030490
477	2.5392096007
478	2.5413824833
479	2.5434394336
480	2.5455465262
481	2.5476863814
482	2.5498153938
483	2.5519717457
484	2.5541882689
485	2.5563911256
486	2.5584409564
487	2.5603530201
488	2.5621062621
489	2.5636563559
490	2.5650941194
491	2.5663400077
492	2.5673148426
493	2.5681398726
494	2.5688038774
495	2.5692128884
496	2.5693583715
497	2.5693469007
498	2.5692202104
499	2.5689947877
500	2.5687405899
501	2.5685403329
502	2.5684123293
503	2.5683685604
504	2.5684077122
505	2.5684440270
506	2.5685155267
507	2.5686640368
508	2.5688175188
509	2.5689290372
510	2.5690991958
511	2.5693148251
512	2.5695274696
513	2.5697624706
514	2.5699557468
515	2.5700784195
516	2.5700941335
517	2.5699590325
518	2.5696962870
519	2.5694144719
520	2.5691847449
521	2.5688882986
522	2.5685102939
523	2.5681914345
524	2.5679099484
525	2.5677402075
526	2.5677571317
527	2.5678220130
528	2.5677861691
529	2.5676129488
530	2.5673785205
531	2.5672114581
532	2.5671844527
533	2.5671713715
534	2.5670263248
535	2.5667280060
536	2.5663456036
537	2.5658207380
538	2.5651220305
539	2.5643045347
540	2.5633447886
541	2.5622396280
542	2.5610197641
543	2.5596512441
544	2.5580759579
545	2.5564263779
546	2.5548103468
547	2.5533324399
548	2.5520484561
549	2.5508319797
550	2.5496877531
551	2.5486925359
552	2.5477574440
553	2.5467679081
554	2.5457837702
555	2.5449537817
556	2.5442627408
557	2.5437065096
558	2.5433113691
559	2.5429603018
560	2.5426906611
561	2.5424802615
562	2.5422038796
563	2.5418822766
564	2.5415632299
565	2.5412271986
566	2.5408987146
567	2.5405454314
568	2.5400654834
569	2.5394882444
570	2.5388481027
571	2.5380955118
572	2.5371681909
573	2.5362377636
574	2.5354269891
575	2.5346981458
576	2.5340581114
577	2.5335494955
578	2.5331814701
579	2.5328846689
580	2.5325795614
581	2.5322047995
582	2.5318611206
583	2.5315175521
584	2.5311025615
585	2.5307599504
586	2.5305127609
587	2.5303347339
588	2.5302549063
589	2.5301541090
590	2.5299360523
591	2.5296176162
592	2.5291992938
593	2.5285780822
594	2.5277554284
595	2.5268305901
596	2.5257166361
597	2.5244437679
598	2.5230704972
599	2.5216120642
600	2.5201386842
601	2.5185760402
602	2.5168437079
603	2.5151164767
604	2.5134414968
605	2.5117163936
606	2.5100692490
607	2.5086349603
608	2.5074420879
609	2.5064508355
610	2.5057131685
611	2.5051986008
612	2.5048297633
613	2.5045739852
614	2.5043795816
615	2.5042545883
616	2.5041841445
617	2.5041595799
618	2.5041970845
619	2.5043872436
620	2.5047067456
621	2.5051448288
622	2.5057443927
623	2.5064454243
624	2.5072941034
625	2.5082229244
626	2.5090472985
627	2.5098466947
628	2.5106070535
629	2.5111705032
630	2.5115594368
631	2.5118635690
632	2.5120882875
633	2.5121989749
634	2.5122796091
635	2.5123539786
636	2.5124513962
637	2.5125692512
638	2.5126578848
639	2.5127742605
640	2.5128642546
641	2.5128309971
642	2.5128483626
643	2.5129951199
644	2.5131646586
645	2.5134522039
646	2.5138303176
647	2.5142381461
648	2.5147415292
649	2.5154643145
650	2.5164362928
651	2.5175348908
652	2.5185470886
653	2.5192962363
654	2.5199230856
655	2.5206344212
656	2.5215256785
657	2.5224920402
658	2.5233197558
659	2.5238258361
660	2.5240638265
661	2.5243480597
662	2.5248847730
663	2.5256267557
664	2.5262742348
665	2.5266550692
666	2.5268685093
667	2.5268896878
668	2.5267435342
669	2.5265059487
670	2.5260663039
671	2.5255076018
672	2.5249578578
673	2.5243092913
674	2.5233963714
675	2.5222650560
676	2.5211499074
677	2.5202798652
678	2.5197221416
679	2.5193809582
680	2.5192184570
681	2.5192008783
682	2.5192607662
683	2.5194054966
684	2.5195668250
685	2.5196538018
686	2.5199286965
687	2.5204844795
688	2.5211655316
689	2.5218770083
690	2.5225271438
691	2.5231855762
692	2.5238967567
693	2.5245803436
694	2.5252088181
695	2.5259662932
696	2.5269090443
697	2.5279374458
698	2.5289278215
699	2.5297503373
700	2.5303998802
701	2.5308951898
702	2.5312233548
703	2.5313340616
704	2.5313466373
705	2.5314433478
706	2.5316135061
707	2.5317240246
708	2.5316996426
709	2.5316163744
710	2.5314515835
711	2.5310729445
712	2.5305576865
713	2.5299406775
714	2.5292731179
715	2.5286869183
716	2.5280466523
717	2.5272711891
718	2.5264533647
719	2.5255506845
720	2.5244076728
721	2.5230041029
722	2.5215068501
723	2.5201113343
724	2.5188195832
725	2.5176061556
726	2.5166008542
727	2.5159012160
728	2.5154013881
729	2.5150500952
730	2.5148304225
731	2.5146683279
732	2.5146353693
733	2.5146091920
734	2.5145884680
735	2.5147378296
736	2.5150291685
737	2.5153901441
738	2.5157721885
739	2.5161429671
740	2.5165058216
741	2.5168004191
742	2.5168503696
743	2.5167816041
744	2.5167571182
745	2.5167400118
746	2.5167330778
747	2.5168284410
748	2.5171019732
749	2.5174879243
750	2.5179086026
751	2.5182995309
752	2.5186250527
753	2.5188641030
754	2.5189246345
755	2.5187769158
756	2.5185141706
757	2.5182003032
758	2.5178154060
759	2.5173491686
760	2.5170012488
761	2.5167802604
762	2.5164882725
763	2.5162248224
764	2.5160425662
765	2.5158248331
766	2.5155459269
767	2.5152390845
768	2.5150120916
769	2.5149140914
770	2.5148771590
771	2.5149524886
772	2.5152167535
773	2.5156711999
774	2.5162335745
775	2.5168392476
776	2.5174380508
777	2.5180077340
778	2.5184567083
779	2.5187523048
780	2.5191303809
781	2.5195717983
782	2.5199960476
783	2.5204199594
784	2.5208650660
785	2.5214269184
786	2.5221359207
787	2.5229660507
788	2.5238926366
789	2.5247266951
790	2.5252528503
791	2.5256259257
792	2.5259194041
793	2.5260778685
794	2.5260860496
795	2.5258858524
796	2.5255033997
797	2.5249751278
798	2.5243058167
799	2.5235558622
800	2.5227852890
801	2.5219213960
802	2.5209125803
803	2.5198595718
804	2.5187445562
805	2.5173575145
806	2.5157418845
807	2.5141313410
808	2.5126292326
809	2.5111906310
810	2.5098765348
811	2.5087999225
812	2.5078809520
813	2.5071453668
814	2.5065997984
815	2.5061401497
816	2.5057932419
817	2.5055203947
818	2.5052982012
819	2.5051356587
820	2.5048619194
821	2.5044317731
822	2.5039464364
823	2.5034754945
824	2.5030090228
825	2.5025835625
826	2.5023126099
827	2.5022673565
828	2.5024124779
829	2.5026845542
830	2.5031500609
831	2.5037051971
832	2.5043409062
833	2.5051556586
834	2.5060903235
835	2.5071297717
836	2.5083129282
837	2.5096820844
838	2.5111933306
839	2.5127301462
840	2.5143269214
841	2.5161830301
842	2.5182098252
843	2.5202994524
844	2.5224864904
845	2.5247351495
846	2.5270737058
847	2.5294721355
848	2.5318829949
849	2.5342687983
850	2.5364470842
851	2.5383236703
852	2.5400481922
853	2.5417115905
854	2.5433781895
855	2.5451236691
856	2.5468705703
857	2.5484342858
858	2.5498690015
859	2.5513960893
860	2.5530203113
861	2.5546577756
862	2.5562226077
863	2.5576686785
864	2.5589485067
865	2.5600573043
866	2.5610274271
867	2.5618141598
868	2.5624481299
869	2.5629319711
870	2.5632459852
871	2.5634318699
872	2.5634109168
873	2.5632072406
874	2.5629499837
875	2.5626974092
876	2.5625504660
877	2.5625397752
878	2.5625490185
879	2.5624919611
880	2.5624357862
881	2.5623905016
882	2.5622833335
883	2.5620730669
884	2.5618922423
885	2.5618526595
886	2.5618503546
887	2.5618715612
888	2.5619193161
889	2.5619743420
890	2.5620790045
891	2.5622672661
892	2.5625228479
893	2.5628465322
894	2.5632459026
895	2.5637535181
896	2.5643015039
897	2.5647577902
898	2.5651833939
899	2.5655687675
900	2.5658775893
901	2.5661546911
902	2.5663828155
903	2.5665428628
904	2.5666255909
905	2.5666159282
906	2.5665347943
907	2.5662998697
908	2.5659318050
909	2.5656392735
910	2.5654295582
911	2.5652712898
912	2.5652268170
913	2.5653391305
914	2.5655634979
915	2.5658674601
916	2.5662020754
917	2.5664977037
918	2.5668056198
919	2.5670967212
920	2.5673197090
921	2.5675121079
922	2.5677522315
923	2.5680504166
924	2.5683002192
925	2.5684716094
926	2.5685866025
927	2.5686591670
928	2.5686928105
929	2.5686678050
930	2.5686651939
931	2.5687121356
932	2.5687758544
933	2.5689112585
934	2.5690891440
935	2.5692324656
936	2.5693761349
937	2.5695329925
938	2.5696292457
939	2.5696822807
940	2.5697299329
941	2.5697767297
942	2.5697978696
943	2.5698050760
944	2.5698574930
945	2.5699218005
946	2.5699949040
947	2.5701024704
948	2.5702275125
949	2.5704099585
950	2.5707100189
951	2.5710801520
952	2.5715387545
953	2.5721650762
954	2.5729730606
955	2.5738913782
956	2.5748227293
957	2.5758175812
958	2.5768483312
959	2.5777874823
960	2.5786520897
961	2.5794929564
962	2.5802993045
963	2.5810826436
964	2.5818255878
965	2.5825685310
966	2.5833312206
967	2.5840842278
968	2.5848487548
969	2.5855383311
970	2.5861479397
971	2.5866934945
972	2.5871551062
973	2.5876290453
974	2.5881988130
975	2.5888065300
976	2.5893838250
977	2.5899716511
978	2.5905709253
979	2.5912481474
980	2.5920748295
981	2.5929662766
982	2.5938025299
983	2.5944974424
984	2.5950544398
985	2.5955611735
986	2.5961172022
987	2.5967479366
988	2.5973314930
989	2.5977401996
990	2.5979939730
991	2.5982174267
992	2.5984831970
993	2.5987446381
994	2.5989879900
995	2.5991995376
996	2.5993227985
997	2.5993847232
998	2.5994147462
999	2.5993810054
1000	2.5993269395
1001	2.5993016766
1002	2.5993210285
1003	2.5993932566
1004	2.5994057188
1005	2.5992399440
1006	2.5989187385
1007	2.5985519511
1008	2.5981679270
1009	2.5977154385
1010	2.5972169166
1011	2.5967170697
1012	2.5961842788
1013	2.5956459831
1014	2.5951277550
1015	2.5945804616
1016	2.5940560790
1017	2.5936492387
1018	2.5933814648
1019	2.5931699990
1020	2.5929258754
1021	2.5926599529
1022	2.5923977708
1023	2.5921392367
1024	2.5919076507
1025	2.5916838444
1026	2.5915432636
1027	2.5915480832
1028	2.5915882462
1029	2.5915982065
1030	2.5915065835
1031	2.5913200900
1032	2.5910426800
1033	2.5906582465
1034	2.5901951355
1035	2.5896455320
1036	2.5890753328
1037	2.5885155158
1038	2.5879049498
1039	2.5872243999
1040	2.5865281713
1041	2.5858486734
1042	2.5852815546
1043	2.5848639317
1044	2.5845062393
1045	2.5842719256
1046	2.5842380840
1047	2.5842989398
1048	2.5843571300
1049	2.5844145755
1050	2.5845023321
1051	2.5846319183
1052	2.5847861156
1053	2.5850176024
1054	2.5853798776
1055	2.5858736120
1056	2.5864532966
1057	2.5870424944
1058	2.5875970323
1059	2.5881273293
1060	2.5886702257
1061	2.5891888119
1062	2.5896507578
1063	2.5901050360
1064	2.5905865304
1065	2.5910916950
1066	2.5915608399
1067	2.5919081983
1068	2.5922145038
1069	2.5925208677
1070	2.5927143026
1071	2.5928252033
1072	2.5929430807
1073	2.5930587200
1074	2.5931483853
1075	2.5932061966
1076	2.5932011439
1077	2.5930840717
1078	2.5928408402
1079	2.5924402096
1080	2.5918329142
1081	2.5910999138
1082	2.5903140092
1083	2.5894422358
1084	2.5885189362
1085	2.5875898614
1086	2.5866286019
1087	2.5856135505
1088	2.5844537192
1089	2.5831138201
1090	2.5816487295
1091	2.5800792578
1092	2.5784211602
1093	2.5766607386
1094	2.5749652755
1095	2.5733962815
1096	2.5718749266
1097	2.5704404643
1098	2.5691237448
1099	2.5679863339
1100	2.5669686923
1101	2.5659907289
1102	2.5650922722
1103	2.5643278754
1104	2.5636852640
1105	2.5631355765
1106	2.5626872339
1107	2.5623195812
1108	2.5619125396
1109	2.5614117936
1110	2.5608801342
1111	2.5602956713
1112	2.5596981028
1113	2.5590891280
1114	2.5583420876
1115	2.5575286879
1116	2.5568360396
1117	2.5562502654
1118	2.5557881036
1119	2.5554865678
1120	2.5552453461
1121	2.5549686235
1122	2.5546063985
1123	2.5542399605
1124	2.5539104890
1125	2.5535508213
1126	2.5531454979
1127	2.5527929031
1128	2.5525734335
1129	2.5524635641
1130	2.5524174328
1131	2.5524602061
1132	2.5526306798
1133	2.5528915824
1134	2.5531839810
1135	2.5534460876
1136	2.5536406349
1137	2.5537382732
1138	2.5537908745
1139	2.5538023698
1140	2.5538063236
1141	2.5538892788
1142	2.5539066791
1143	2.5538133054
1144	2.5537183247
1145	2.5535355411
1146	2.5531479386
1147	2.5526263138
1148	2.5520827872
1149	2.5515710337
1150	2.5510826179
1151	2.5505942469
1152	2.5501670750
1153	2.5498669023
1154	2.5496784764
1155	2.5495345410
1156	2.5494681144
1157	2.5494997932
1158	2.5494813509
1159	2.5494594293
1160	2.5494478849
1161	2.5493109680
1162	2.5490554879
1163	2.5487200668
1164	2.5484135388
1165	2.5481390983
1166	2.5479237408
1167	2.5478428676
1168	2.5478668256
1169	2.5479539237
1170	2.5479848138
1171	2.5479727763
1172	2.5480343821
1173	2.5481488851
1174	2.5482387857
1175	2.5482450441
1176	2.5481677202
1177	2.5481386555
1178	2.5482286659
1179	2.5484794232
1180	2.5489198204
1181	2.5494385357
1182	2.5499356091
1183	2.5504918517
1184	2.5512858564
1185	2.5522905807
1186	2.5534043572
1187	2.5546306459
1188	2.5558655663
1189	2.5569774977
1190	2.5581122389
1191	2.5593690784
1192	2.5607253784
1193	2.5621608880
1194	2.5635638249
1195	2.5649563316
1196	2.5663458548
1197	2.5675860483
1198	2.5685976978
1199	2.5694342761
1200	2.5701719797
1201	2.5708578311
1202	2.5714268875
1203	2.5718534303
1204	2.5721855492
1205	2.5724474870
1206	2.5727008659
1207	2.5729797647
1208	2.5732692205
1209	2.5734674114
1210	2.5735671869
1211	2.5735792851
1212	2.5734254821
1213	2.5730510867
1214	2.5725241130
1215	2.5719607284
1216	2.5713310327
1217	2.5706861061
1218	2.5700922250
1219	2.5694815890
1220	2.5688636992
1221	2.5683529567
1222	2.5680028668
1223	2.5678463175
1224	2.5678771951
1225	2.5680837960
1226	2.5685571088
1227	2.5692035327
1228	2.5698640781
1229	2.5705546539
1230	2.5712891169
1231	2.5720657302
1232	2.5728953398
1233	2.5738130144
1234	2.5747941558
1235	2.5758290172
1236	2.5769641909
1237	2.5780756611
1238	2.5791110412
1239	2.5800987893
1240	2.5810592130
1241	2.5820652184
1242	2.5830501314
1243	2.5839572000
1244	2.5848368386
1245	2.5857270050
1246	2.5865920162
1247	2.5873897085
1248	2.5881932320
1249	2.5890478689
1250	2.5899160786
1251	2.5908215011
1252	2.5917982476
1253	2.5928421855
1254	2.5938945883
1255	2.5949164613
1256	2.5959212883
1257	2.5968400869
1258	2.5976548206
1259	2.5984456995
1260	2.5992102261
1261	2.5999039191
1262	2.6005537144
1263	2.6011824671
1264	2.6017814866
1265	2.6023376514
1266	2.6028545772
1267	2.6033465113
1268	2.6038668412
1269	2.6044485006
1270	2.6050293187
1271	2.6056040423
1272	2.6061599594
1273	2.6066418213
1274	2.6070488294
1275	2.6073493894
1276	2.6075159183
1277	2.6076395999
1278	2.6077565086
1279	2.6078586088
1280	2.6079767485
1281	2.6081377802
1282	2.6083786576
1283	2.6086470162
1284	2.6089275613
1285	2.6092601839
1286	2.6096341684
1287	2.6100043007
1288	2.6103816035
1289	2.6108054662
1290	2.6112621343
1291	2.6117645313
1292	2.6123122484
1293	2.6128770399
1294	2.6134317467
1295	2.6139834254
1296	2.6145257678
1297	2.6150479015
1298	2.6155810342
1299	2.6161258957
1300	2.6166324919
1301	2.6170787922
1302	2.6175045189
1303	2.6179371614
1304	2.6183723199
1305	2.6187508231
1306	2.6190304707
1307	2.6192160804
1308	2.6193118404
1309	2.6193974577
1310	2.6195328623
1311	2.6196659886
1312	2.6197623204
1313	2.6198016452
1314	2.6197858847
1315	2.6197640830
1316	2.6197771597
1317	2.6198177459
1318	2.6198224093
1319	2.6197670406
1320	2.6196695122
1321	2.6195834132
1322	2.6195200550
1323	2.6194345093
1324	2.6193462633
1325	2.6192582049
1326	2.6191440327
1327	2.6190153268
1328	2.6188791242
1329	2.6187408249
1330	2.6186333730
1331	2.6186068115
1332	2.6186808457
1333	2.6188110648
1334	2.6189536447
1335	2.6190869533
1336	2.6192175305
1337	2.6193702896
1338	2.6195317190
1339	2.6196714004
1340	2.6197759061
1341	2.6198660372
1342	2.6199438290
1343	2.6199729295
1344	2.6199626608
1345	2.6199368513
1346	2.6199005270
1347	2.6198734324
1348	2.6198577300
1349	2.6198370348
1350	2.6197983918
1351	2.6197424912
1352	2.6196973632
1353	2.6196873726
1354	2.6196992862
1355	2.6197267871
1356	2.6198010767
1357	2.6199315211
1358	2.6200676204
1359	2.6201823785
1360	2.6202803863
1361	2.6203516242
1362	2.6204294245
1363	2.6205176027
1364	2.6205961199
1365	2.6206844511
1366	2.6207970131
1367	2.6209355147
1368	2.6210805192
1369	2.6212247055
1370	2.6213804560
1371	2.6215519871
1372	2.6217325914
1373	2.6219233479
1374	2.6221086888
1375	2.6222716051
1376	2.6224280064
1377	2.6225785785
1378	2.6227126292
1379	2.6228330118
1380	2.6229474732
1381	2.6230600122
1382	2.6231744380
1383	2.6232888388
1384	2.6233940625
1385	2.6234873721
1386	2.6235673789
1387	2.6236292500
1388	2.6236702061
1389	2.6236906437
1390	2.6236912213
1391	2.6236688138
1392	2.6236245594
1393	2.6235637520
1394	2.6234861326
1395	2.6233955462
1396	2.6233042262
1397	2.6232137688
1398	2.6231268485
1399	2.6230482232
1400	2.6229695860
1401	2.6228945177
1402	2.6228266617
1403	2.6227663732
1404	2.6227134501
1405	2.6226635150
1406	2.6226207675
1407	2.6225923164
1408	2.6225731470
1409	2.6225481847
1410	2.6225199487
1411	2.6224974009
1412	2.6224779068
1413	2.6224626932
1414	2.6224509527
1415	2.6224449114
1416	2.6224635752
1417	2.6224942100
1418	2.6225210337
1419	2.6225550289
1420	2.6225957457
1421	2.6226333990
1422	2.6226613111
1423	2.6226933323
1424	2.6227386128
1425	2.6227999087
1426	2.6228800250
1427	2.6229731486
1428	2.6230724589
1429	2.6231699501
1430	2.6232558748
1431	2.6233210761
1432	2.6233715030
1433	2.6234183727
1434	2.6234567100
1435	2.6234805600
1436	2.6235042520
1437	2.6235387431
1438	2.6235848688
1439	2.6236270535
1440	2.6236444940
1441	2.6236405973
1442	2.6236162473
1443	2.6235774249
1444	2.6235278706
1445	2.6234563595
1446	2.6233586559
1447	2.6232220593
1448	2.6230302897
1449	2.6227848687
1450	2.6225120770
1451	2.6222027065
1452	2.6218358841
1453	2.6214408198
1454	2.6210290972
1455	2.6206064177
1456	2.6201781935
1457	2.6197273275
1458	2.6192620394
1459	2.6187999035
1460	2.6183156484
1461	2.6177871582
1462	2.6172169167
1463	2.6166225209
1464	2.6160242344
1465	2.6154327172
1466	2.6148920903
1467	2.6144002000
1468	2.6139262704
1469	2.6134862431
1470	2.6130689100
1471	2.6126522041
1472	2.6122534118
1473	2.6118714371
1474	2.6114767775
1475	2.6111002285
1476	2.6107903012
1477	2.6105225392
1478	2.6102826904
1479	2.6101193891
1480	2.6100781625
1481	2.6101210270
1482	2.6101900887
1483	2.6103017503
1484	2.6104430983
1485	2.6105790015
1486	2.6106818453
1487	2.6107582227
1488	2.6108096627
1489	2.6107988806
1490	2.6107469584
1491	2.6106530662
1492	2.6105219515
1493	2.6103305541
1494	2.6100107076
1495	2.6095952301
1496	2.6091257288
1497	2.6086098108
1498	2.6081015401
1499	2.6076312688
1500	2.6072113959
1501	2.6068122633
1502	2.6063746375
1503	2.6059260812
1504	2.6055213190
1505	2.6051811470
1506	2.6048451215
1507	2.6044480956
1508	2.6039591184
1509	2.6034748921
1510	2.6030789369
1511	2.6027048499
1512	2.6023746698
1513	2.6020541262
1514	2.6016411817
1515	2.6011460516
1516	2.6006223312
1517	2.6000681324
1518	2.5994701626
1519	2.5987920244
1520	2.5980135205
1521	2.5971782365
1522	2.5963128519
1523	2.5954406070
1524	2.5945986615
1525	2.5938601955
1526	2.5932251621
1527	2.5926617086
1528	2.5921487651
1529	2.5916327861
1530	2.5910393735
1531	2.5903441261
1532	2.5896584701
1533	2.5890222655
1534	2.5883835221
1535	2.5877110470
1536	2.5870119344
1537	2.5863549002
1538	2.5857403056
1539	2.5851474728
1540	2.5846093244
1541	2.5841335408
1542	2.5837616334
1543	2.5834681726
1544	2.5831675987
1545	2.5828443477
1546	2.5825090390
1547	2.5821760898
1548	2.5818863505
1549	2.5816602641
1550	2.5814124689
1551	2.5811242066
1552	2.5808407730
1553	2.5805147838
1554	2.5801124693
1555	2.5796363002
1556	2.5790719636
1557	2.5785211172
1558	2.5779924832
1559	2.5773696285
1560	2.5767388194
1561	2.5761474899
1562	2.5755456131
1563	2.5749363929
1564	2.5744213288
1565	2.5740572460
1566	2.5737176728
1567	2.5734145922
1568	2.5732048336
1569	2.5729428734
1570	2.5725410602
1571	2.5721015943
1572	2.5717262783
1573	2.5714779450
1574	2.5713978889
1575	2.5714530406
1576	2.5716692963
1577	2.5720904989
1578	2.5726484252
1579	2.5732685079
1580	2.5738966191
1581	2.5745409815
1582	2.5751966987
1583	2.5758182773
1584	2.5764172040
1585	2.5769608682
1586	2.5774477445
1587	2.5778945949
1588	2.5782718035
1589	2.5785811353
1590	2.5788335359
1591	2.5791138741
1592	2.5794571264
1593	2.5798361771
1594	2.5802609096
1595	2.5807092861
1596	2.5812363164
1597	2.5817776963
1598	2.5822417258
1599	2.5827331025
1600	2.5833166570
1601	2.5839872193
1602	2.5847151088
1603	2.5855196785
1604	2.5864078634
1605	2.5873363549
1606	2.5882579274
1607	2.5891579013
1608	2.5900202579
1609	2.5908342283
1610	2.5916661269
1611	2.5925049882
1612	2.5933068464
1613	2.5940723638
1614	2.5947745143
1615	2.5954095542
1616	2.5960114629
1617	2.5965230555
1618	2.5969832697
1619	2.5974535989
1620	2.5978355268
1621	2.5981393888
1622	2.5984105690
1623	2.5986517539
1624	2.5988702867
1625	2.5990604504
1626	2.5991924431
1627	2.5992694880
1628	2.5993858616
1629	2.5996356424
1630	2.6000577724
1631	2.6006022232
1632	2.6011894761
1633	2.6017867207
1634	2.6023886997
1635	2.6030276306
1636	2.6037224824
1637	2.6044451943
1638	2.6051184925
1639	2.6056297446
1640	2.6060252569
1641	2.6064456096
1642	2.6069369017
1643	2.6074332647
1644	2.6078617859
1645	2.6082355801
1646	2.6085589376
1647	2.6088411243
1648	2.6091615888
1649	2.6095669382
1650	2.6100136891
1651	2.6104720909
1652	2.6109343422
1653	2.6114007609
1654	2.6118245823
1655	2.6121609908
1656	2.6124369944
1657	2.6126907314
1658	2.6129465251
1659	2.6132122219
1660	2.6134829910
1661	2.6136928386
1662	2.6139027123
1663	2.6142120133
1664	2.6145559720
1665	2.6148908114
1666	2.6152002761
1667	2.6154505524
1668	2.6156461748
1669	2.6157954990
1670	2.6159019568
1671	2.6159884213
1672	2.6160886584
1673	2.6162240632
1674	2.6163736564
1675	2.6165234492
1676	2.6166448880
1677	2.6167273607
1678	2.6168335280
1679	2.6169984400
1680	2.6171899110
1681	2.6174001403
1682	2.6176323321
1683	2.6178556993
1684	2.6180746321
1685	2.6182656867
1686	2.6184174718
1687	2.6185483105
1688	2.6186791099
1689	2.6188366515
1690	2.6189823438
1691	2.6190894554
1692	2.6191623298
1693	2.6192216722
1694	2.6192670335
1695	2.6192744798
1696	2.6192667781
1697	2.6192558926
1698	2.6192306304
1699	2.6191800605
1700	2.6191064814
1701	2.6190282642
1702	2.6189701260
1703	2.6189761964
1704	2.6190447398
1705	2.6191425887
1706	2.6192685885
1707	2.6194132516
1708	2.6195595240
1709	2.6196925133
1710	2.6197831695
1711	2.6198293977
1712	2.6198553307
1713	2.6198782806
1714	2.6198883400
1715	2.6198520231
1716	2.6197718414
1717	2.6196701457
1718	2.6195406609
1719	2.6193638444
1720	2.6191718394
1721	2.6190188133
1722	2.6189167220
1723	2.6188325143
1724	2.6187568065
1725	2.6187250586
1726	2.6186964959
1727	2.6186514883
1728	2.6186135901
1729	2.6185650030
1730	2.6185201508
1731	2.6184773171
1732	2.6184095536
1733	2.6183151727
1734	2.6181868663
1735	2.6180368888
1736	2.6179043828
1737	2.6177838001
1738	2.6176604494
1739	2.6175722055
1740	2.6175208417
1741	2.6174574542
1742	2.6173512382
1743	2.6171856641
1744	2.6169643529
1745	2.6167010009
1746	2.6164104314
1747	2.6160883610
1748	2.6157307397
1749	2.6153801354
1750	2.6150352761
1751	2.6146288373
1752	2.6141518399
1753	2.6136301078
1754	2.6130539783
1755	2.6123906803
1756	2.6116485019
1757	2.6108961816
1758	2.6101568932
1759	2.6094576552
1760	2.6088008495
1761	2.6081468011
1762	2.6074952237
1763	2.6068627936
1764	2.6062718908
1765	2.6057099281
1766	2.6051954472
1767	2.6047653355
1768	2.6044001585
1769	2.6040934669
1770	2.6038969617
1771	2.6038359011
1772	2.6038669923
1773	2.6039632243
1774	2.6041126134
1775	2.6042969057
1776	2.6045789973
1777	2.6049498702
1778	2.6053394330
1779	2.6057738229
1780	2.6062109256
1781	2.6066388523
1782	2.6070743858
1783	2.6074879413
1784	2.6079130064
1785	2.6084341697
1786	2.6090416864
1787	2.6096785450
1788	2.6103789093
1789	2.6111231693
1790	2.6118229635
1791	2.6124060246
1792	2.6129063905
1793	2.6133252679
1794	2.6136206615
1795	2.6137811745
1796	2.6137845194
1797	2.6137028803
1798	2.6135368043
1799	2.6132223333
1800	2.6127604358
1801	2.6121559784
1802	2.6114281057
1803	2.6105697683
1804	2.6095572430
1805	2.6084389577
1806	2.6072638682
1807	2.6060456168
1808	2.6047827230
1809	2.6034658213
1810	2.6020462663
1811	2.6004848454
1812	2.5988151772
1813	2.5970007521
1814	2.5950080900
1815	2.5928921580
1816	2.5907002018
1817	2.5884369078
1818	2.5861530129
1819	2.5839670108
1820	2.5818625680
1821	2.5797501082
1822	2.5776771154
1823	2.5757172599
1824	2.5739047544
1825	2.5721973625
1826	2.5705676891
1827	2.5690304660
1828	2.5674742640
1829	2.5658368686
1830	2.5641796702
1831	2.5625827383
1832	2.5610189224
1833	2.5593959703
1834	2.5575704168
1835	2.5554973762
1836	2.5533480646
1837	2.5512325121
1838	2.5491817421
1839	2.5471361013
1840	2.5450705426
1841	2.5429612468
1842	2.5407727779
1843	2.5386364050
1844	2.5365690442
1845	2.5344430714
1846	2.5322431297
1847	2.5299936211
1848	2.5278067196
1849	2.5257870104
1850	2.5238887356
1851	2.5222382379
1852	2.5209116510
1853	2.5198315980
1854	2.5189760602
1855	2.5181892089
1856	2.5173250746
1857	2.5165051660
1858	2.5157940544
1859	2.5151378173
1860	2.5146941255
1861	2.5145101641
1862	2.5144168038
1863	2.5143246620
1864	2.5142994833
1865	2.5144377391
1866	2.5146381915
1867	2.5147895034
1868	2.5148844335
1869	2.5148849027
1870	2.5148055903
1871	2.5145359245
1872	2.5139447476
1873	2.5131836147
1874	2.5124252381
1875	2.5116931396
1876	2.5108686536
1877	2.5099591620
1878	2.5089637605
1879	2.5077385304
1880	2.5063685960
1881	2.5049398993
1882	2.5034073111
1883	2.5016981132
1884	2.4998991445
1885	2.4981114031
1886	2.4961663593
1887	2.4939449630
1888	2.4914295814
1889	2.4887393327
1890	2.4859380806
1891	2.4830054283
1892	2.4800008931
1893	2.4769990803
1894	2.4740939380
1895	2.4711979112
1896	2.4683370160
1897	2.4655404393
1898	2.4628064043
1899	2.4603174354
1900	2.4579696684
1901	2.4555051205
1902	2.4529412896
1903	2.4502458719
1904	2.4472884358
1905	2.4442920201
1906	2.4412991078
1907	2.4382409717
1908	2.4352343823
1909	2.4322134107
1910	2.4291965389
1911	2.4261575728
1912	2.4228980729
1913	2.4193799914
1914	2.4157535751
1915	2.4121110336
1916	2.4083315350
1917	2.4044724017
1918	2.4007698905
1919	2.3971650737
1920	2.3937011803
1921	2.3905073562
1922	2.3876408655
1923	2.3851891520
1924	2.3831246359
1925	2.3816276586
1926	2.3806540893
1927	2.3798824360
1928	2.3793031276
1929	2.3788921673
1930	2.3783987913
1931	2.3776793551
1932	2.3768700659
1933	2.3760934651
1934	2.3754119288
1935	2.3748635618
1936	2.3743448161
1937	2.3739478743
1938	2.3737314045
1939	2.3734363009
1940	2.3728333543
1941	2.3720205681
1942	2.3713110162
1943	2.3706921768
1944	2.3701087057
1945	2.3696171843
1946	2.3692208222
1947	2.3688532791
1948	2.3684381067
1949	2.3680836214
1950	2.3678473589
1951	2.3676798371
1952	2.3674832074
1953	2.3671423965
1954	2.3665798777
1955	2.3659520796
1956	2.3654010344
1957	2.3648141834
1958	2.3640371766
1959	2.3628745827
1960	2.3613477954
1961	2.3599242499
1962	2.3588808767
1963	2.3579939581
1964	2.3569672232
1965	2.3555825855
1966	2.3538090298
1967	2.3516467113
1968	2.3494256753
1969	2.3474423163
1970	2.3454417293
1971	2.3432070854
1972	2.3407277305
1973	2.3382353707
1974	2.3358927845
1975	2.3336157888
1976	2.3313704228
1977	2.3290457941
1978	2.3264888782
1979	2.3238722588
1980	2.3212410478
1981	2.3185974625
1982	2.3161204844
1983	2.3138430766
1984	2.3119957257
1985	2.3107582104
1986	2.3096811374
1987	2.3085064530
1988	2.3075684359
1989	2.3068437107
1990	2.3063794775
1991	2.3062263391
1992	2.3061721450
1993	2.3059293401
1994	2.3052549327
1995	2.3043436720
1996	2.3031566865
1997	2.3017433965
1998	2.3002393369
1999	2.2986795056
2000	2.2973048941
2001	2.2962838413
2002	2.2955470972
2003	2.2948242860
2004	2.2942473028
2005	2.2941082588
2006	2.2943740237
2007	2.2948131338
2008	2.2951836110
2009	2.2954561816
2010	2.2957304922
2011	2.2961034583
2012	2.2965198830
2013	2.2968907984
2014	2.2973080717
2015	2.2978482285
2016	2.2984043688
2017	2.2986604353
2018	2.2984899262
2019	2.2980730046
2020	2.2975149187
2021	2.2969077738
2022	2.2965005671
2023	2.2964373706
2024	2.2964591143
2025	2.2963846458
2026	2.2963231062
2027	2.2962172145
2028	2.2958763179
2029	2.2954476740
2030	2.2952401527
2031	2.2954064002
2032	2.2958519415
2033	2.2962750422
2034	2.2968375033
2035	2.2977327067
2036	2.2987061019
2037	2.2998526940
2038	2.3011785010
2039	2.3024629045
2040	2.3040695629
2041	2.3060849259
2042	2.3082727788
2043	2.3105803624
2044	2.3129952036
2045	2.3156557790
2046	2.3185249901
2047	2.3215248998
2048	2.3244849728
2049	2.3274128335
2050	2.3303986059
2051	2.3332128770
2052	2.3358106864
2053	2.3382443721
2054	2.3406584204
2055	2.3431866550
2056	2.3458627017
2057	2.3487658315
2058	2.3517113107
2059	2.3544569297
2060	2.3570409794
2061	2.3593218909
2062	2.3609847319
2063	2.3621543354
2064	2.3630548199
2065	2.3635821581
2066	2.3636791398
2067	2.3632907151
2068	2.3623764659
2069	2.3610483602
2070	2.3592705402
2071	2.3570426921
2072	2.3545675691
2073	2.3521239647
2074	2.3498733836
2075	2.3477841897
2076	2.3457338239
2077	2.3435860853
2078	2.3414068903
2079	2.3392596424
2080	2.3369733349
2081	2.3344508654
2082	2.3319433136
2083	2.3296873529
2084	2.3275151594
2085	2.3253712325
2086	2.3235952646
2087	2.3223885571
2088	2.3215973938
2089	2.3211563785
2090	2.3211512986
2091	2.3215133805
2092	2.3222936936
2093	2.3235390302
2094	2.3250045821
2095	2.3264877265
2096	2.3278450113
2097	2.3290904843
2098	2.3303734981
2099	2.3316326355
2100	2.3328794675
2101	2.3341575349
2102	2.3355008577
2103	2.3368905144
2104	2.3381580079
2105	2.3393651332
2106	2.3404510050
2107	2.3413247205
2108	2.3419154474
2109	2.3421766436
2110	2.3423086948
2111	2.3424644727
2112	2.3426054510
2113	2.3425728585
2114	2.3424848612
2115	2.3424178977
2116	2.3421860654
2117	2.3414759181
2118	2.3404666481
2119	2.3394564137
2120	2.3383633712
2121	2.3375101725
2122	2.3368767437
2123	2.3363998969
2124	2.3362476297
2125	2.3361078635
2126	2.3358558457
2127	2.3356562490
2128	2.3354671796
2129	2.3352067189
2130	2.3350045094
2131	2.3349699505
2132	2.3350217459
2133	2.3351381351
2134	2.3353701808
2135	2.3355650473
2136	2.3356457247
2137	2.3357168102
2138	2.3356653420
2139	2.3352158053
2140	2.3344315188
2141	2.3335729835
2142	2.3326341424
2143	2.3313910904
2144	2.3297784099
2145	2.3280225486
2146	2.3262982584
2147	2.3247166260
2148	2.3233780955
2149	2.3223005685
2150	2.3214558010
2151	2.3209360983
2152	2.3208169268
2153	2.3210015995
2154	2.3215250660
2155	2.3224246196
2156	2.3233971130
2157	2.3241594369
2158	2.3249379652
2159	2.3261556896
2160	2.3279332101
2161	2.3301173863
2162	2.3325165856
2163	2.3349966512
2164	2.3374268224
2165	2.3397651710
2166	2.3422043478
2167	2.3447698432
2168	2.3472602535
2169	2.3494583590
2170	2.3514118663
2171	2.3533508366
2172	2.3553971799
2173	2.3576316612
2174	2.3597543772
2175	2.3618064515
2176	2.3638996169
2177	2.3657843525
2178	2.3675440971
2179	2.3690737529
2180	2.3704307109
2181	2.3720049950
2182	2.3737714654
2183	2.3756636745
2184	2.3777972321
2185	2.3800939181
2186	2.3824946184
2187	2.3851525088
2188	2.3880930665
2189	2.3910505802
2190	2.3938613053
2191	2.3964350822
2192	2.3986525030
2193	2.4005340148
2194	2.4021938955
2195	2.4037245701
2196	2.4049988743
2197	2.4060144684
2198	2.4068882074
2199	2.4075019893
2200	2.4076562753
2201	2.4074804443
2202	2.4072259636
2203	2.4070575628
2204	2.4070660996
2205	2.4071893638
2206	2.4075222270
2207	2.4079436941
2208	2.4082505890
2209	2.4086662309
2210	2.4092963747
2211	2.4098841845
2212	2.4104343425
2213	2.4111405441
2214	2.4120255637
2215	2.4130036561
2216	2.4139190999
2217	2.4147414778
2218	2.4155977717
2219	2.4166140396
2220	2.4176277829
2221	2.4185240175
2222	2.4193997461
2223	2.4203365998
2224	2.4212253154
2225	2.4220221410
2226	2.4229647248
2227	2.4241510204
2228	2.4256714184
2229	2.4274841805
2230	2.4294542150
2231	2.4314389112
2232	2.4334191260
2233	2.4355207742
2234	2.4377417330
2235	2.4402099565
2236	2.4429311144
2237	2.4459130168
2238	2.4492260347
2239	2.4527846546
2240	2.4565423876
2241	2.4603394141
2242	2.4640640779
2243	2.4678074498
2244	2.4716077362
2245	2.4753062724
2246	2.4788240446
2247	2.4823112382
2248	2.4858573168
2249	2.4894453895
2250	2.4930831216
2251	2.4969049750
2252	2.5009547550
2253	2.5051975860
2254	2.5095937306
2255	2.5140321878
2256	2.5184844966
2257	2.5227921827
2258	2.5268561871
2259	2.5307302317
2260	2.5343785146
2261	2.5377633614
2262	2.5408409451
2263	2.5436617458
2264	2.5462072583
2265	2.5483882099
2266	2.5502822536
2267	2.5518521062
2268	2.5531454666
2269	2.5543058790
2270	2.5552109995
2271	2.5559881698
2272	2.5568573764
2273	2.5576242615
2274	2.5581083787
2275	2.5583538012
2276	2.5583953866
2277	2.5582786212
2278	2.5580999203
2279	2.5579141176
2280	2.5576762383
2281	2.5573009236
2282	2.5568197337
2283	2.5562668052
2284	2.5556932390
2285	2.5551776430
2286	2.5547148359
2287	2.5542087664
2288	2.5536113773
2289	2.5530941550
2290	2.5528275227
2291	2.5528182341
2292	2.5529144881
2293	2.5529324634
2294	2.5528312333
2295	2.5527924905
2296	2.5530165841
2297	2.5534632885
2298	2.5540372374
2299	2.5546532534
2300	2.5552118472
2301	2.5556482949
2302	2.5559564661
2303	2.5561972193
2304	2.5563926747
2305	2.5565575984
2306	2.5566899004
2307	2.5568525035
2308	2.5571410732
2309	2.5575169439
2310	2.5579599717
2311	2.5584724219
2312	2.5591418274
2313	2.5599632914
2314	2.5607224204
2315	2.5613236784
2316	2.5617781867
2317	2.5621630909
2318	2.5624977529
2319	2.5628057330
2320	2.5631124242
2321	2.5632876107
2322	2.5633568351
2323	2.5634472864
2324	2.5636337149
2325	2.5638639134
2326	2.5640383787
2327	2.5642977286
2328	2.5646025612
2329	2.5647185684
2330	2.5646749486
2331	2.5644902101
2332	2.5641415563
2333	2.5638074539
2334	2.5635889482
2335	2.5634748538
2336	2.5634445617
2337	2.5634187500
2338	2.5634097423
2339	2.5634699315
2340	2.5635486570
2341	2.5635766499
2342	2.5635636518
2343	2.5635616639
2344	2.5636288535
2345	2.5637149944
2346	2.5637339450
2347	2.5637197195
2348	2.5637591556
2349	2.5638985382
2350	2.5641222066
2351	2.5643796537
2352	2.5645988228
2353	2.5647910162
2354	2.5649787966
2355	2.5652086821
2356	2.5654329761
2357	2.5656767887
2358	2.5660789346
2359	2.5665137576
2360	2.5668792705
2361	2.5671117653
2362	2.5672134667
2363	2.5673129548
2364	2.5674501456
2365	2.5675081815
2366	2.5675015351
2367	2.5675235894
2368	2.5674327687
2369	2.5672034314
2370	2.5668782776
2371	2.5664495556
2372	2.5658983040
2373	2.5653018504
2374	2.5648179536
2375	2.5644064114
2376	2.5639671754
2377	2.5634545734
2378	2.5628816401
2379	2.5622531957
2380	2.5615066598
2381	2.5606390453
2382	2.5597451343
2383	2.5589686593
2384	2.5583812437
2385	2.5579420375
2386	2.5576007278
2387	2.5573303985
2388	2.5571644418
2389	2.5570619961
2390	2.5569281633
2391	2.5567612609
2392	2.5565919915
2393	2.5564241870
2394	2.5562153083
2395	2.5558986209
2396	2.5555000246
2397	2.5551675069
2398	2.5548772335
2399	2.5545883065
2400	2.5543734880
2401	2.5542451986
2402	2.5541783368
2403	2.5540868777
2404	2.5539755121
2405	2.5538818771
2406	2.5538322926
2407	2.5539370308
2408	2.5542333767
2409	2.5546790993
2410	2.5551526239
2411	2.5556095935
2412	2.5561107411
2413	2.5565400328
2414	2.5568799042
2415	2.5572381854
2416	2.5576201435
2417	2.5580134094
2418	2.5583916357
2419	2.5587072401
2420	2.5589269020
2421	2.5590885751
2422	2.5591211578
2423	2.5588476567
2424	2.5583872572
2425	2.5579529964
2426	2.5574974959
2427	2.5571161263
2428	2.5568222540
2429	2.5564740665
2430	2.5561925395
2431	2.5559943916
2432	2.5557729794
2433	2.5554742480
2434	2.5551113730
2435	2.5547319141
2436	2.5542802182
2437	2.5536495396
2438	2.5528610273
2439	2.5519935314
2440	2.5509965318
2441	2.5498209603
2442	2.5484970137
2443	2.5471081307
2444	2.5456892925
2445	2.5441841696
2446	2.5426516444
2447	2.5412008690
2448	2.5398319062
2449	2.5385035408
2450	2.5372158227
2451	2.5359748534
2452	2.5346885486
2453	2.5334528638
2454	2.5323562704
2455	2.5312863756
2456	2.5302054395
2457	2.5291394524
2458	2.5281021225
2459	2.5269481099
2460	2.5256802302
2461	2.5243984509
2462	2.5231487183
2463	2.5220017266
2464	2.5209955517
2465	2.5201481133
2466	2.5193546661
2467	2.5186542681
2468	2.5181687286
2469	2.5178071412
2470	2.5175195426
2471	2.5173958291
2472	2.5174624853
2473	2.5177228175
2474	2.5181871780
2475	2.5189093807
2476	2.5197603665
2477	2.5204901327
2478	2.5209928184
2479	2.5212879647
2480	2.5216089793
2481	2.5219994396
2482	2.5223693919
2483	2.5227291425
2484	2.5231860224
2485	2.5237797751
2486	2.5243820541
2487	2.5250814241
2488	2.5259298593
2489	2.5266143598
2490	2.5268847804
2491	2.5267826461
2492	2.5263730282
2493	2.5258738435
2494	2.5253211596
2495	2.5245380652
2496	2.5235460881
2497	2.5223175673
2498	2.5209893289
2499	2.5197207582
2500	2.5184862072
2501	2.5173219621
2502	2.5163215746
2503	2.5155035797
2504	2.5148108804
2505	2.5142433936
2506	2.5137650700
2507	2.5134116186
2508	2.5132041032
2509	2.5131346562
2510	2.5132796364
2511	2.5135209596
2512	2.5137638007
2513	2.5140550454
2514	2.5144643120
2515	2.5150397148
2516	2.5157282487
2517	2.5164068390
2518	2.5169111355
2519	2.5172741854
2520	2.5176340755
2521	2.5178879927
2522	2.5178684679
2523	2.5176954660
2524	2.5173950634
2525	2.5167526244
2526	2.5157554215
2527	2.5143859829
2528	2.5126962751
2529	2.5108815944
2530	2.5089726880
2531	2.5071062770
2532	2.5054189220
2533	2.5038208901
2534	2.5022800516
2535	2.5009008478
2536	2.4997679800
2537	2.4988486783
2538	2.4980633838
2539	2.4973091452
2540	2.4965467198
2541	2.4957960718
2542	2.4950595130
2543	2.4942943527
2544	2.4935089800
2545	2.4928962860
2546	2.4925724748
2547	2.4924891497
2548	2.4925265856
2549	2.4926314384
2550	2.4927126021
2551	2.4926379807
2552	2.4924664201
2553	2.4922874390
2554	2.4921590376
2555	2.4921265002
2556	2.4923043438
2557	2.4926646266
2558	2.4930345208
2559	2.4934172640
2560	2.4938219646
2561	2.4943034228
2562	2.4948458265
2563	2.4952512543
2564	2.4954806773
2565	2.4955680444
2566	2.4955395806
2567	2.4954169865
2568	2.4951532522
2569	2.4948113876
2570	2.4944789639
2571	2.4941831857
2572	2.4938891449
2573	2.4934168359
2574	2.4926891208
2575	2.4918569341
2576	2.4910307988
2577	2.4901061438
2578	2.4890335616
2579	2.4880619760
2580	2.4871691439
2581	2.4861560334
2582	2.4851394191
2583	2.4840751310
2584	2.4829019599
2585	2.4817070376
2586	2.4805869300
2587	2.4796307634
2588	2.4788573601
2589	2.4782968083
2590	2.4778370359
2591	2.4775475094
2592	2.4775212004
2593	2.4775974987
2594	2.4778112548
2595	2.4782267522
2596	2.4788335698
2597	2.4797014327
2598	2.4807930297
2599	2.4821017396
2600	2.4838054657
2601	2.4857114702
2602	2.4875183390
2603	2.4893678031
2604	2.4913800462
2605	2.4935436701
2606	2.4957794666
2607	2.4980507147
2608	2.5003230382
2609	2.5024377192
2610	2.5045240791
2611	2.5068540358
2612	2.5094519001
2613	2.5122228504
2614	2.5150765493
2615	2.5178725471
2616	2.5205131165
2617	2.5231040880
2618	2.5257139565
2619	2.5282241547
2620	2.5305606234
2621	2.5326518058
2622	2.5345492139
2623	2.5364427982
2624	2.5384415827
2625	2.5405145957
2626	2.5424167464
2627	2.5440179955
2628	2.5453501315
2629	2.5465799072
2630	2.5477908247
2631	2.5488974869
2632	2.5499654385
2633	2.5510818165
2634	2.5522588450
2635	2.5533054224
2636	2.5541572507
2637	2.5549240407
2638	2.5556023894
2639	2.5562180798
2640	2.5568464050
2641	2.5574642149
2642	2.5579601242
2643	2.5582948263
2644	2.5584514032
2645	2.5585174555
2646	2.5586082723
2647	2.5587605544
2648	2.5588974509
2649	2.5590120746
2650	2.5592095693
2651	2.5594804044
2652	2.5598583178
2653	2.5603144198
2654	2.5607764713
2655	2.5612269815
2656	2.5616930346
2657	2.5622036033
2658	2.5626395808
2659	2.5630140072
2660	2.5634860019
2661	2.5641426745
2662	2.5650015116
2663	2.5659221924
2664	2.5668737026
2665	2.5679338341
2666	2.5690469225
2667	2.5702405492
2668	2.5715655750
2669	2.5729676851
2670	2.5744336044
2671	2.5759826949
2672	2.5775393369
2673	2.5790591894
2674	2.5804905823
2675	2.5817926530
2676	2.5830520529
2677	2.5843343747
2678	2.5856921014
2679	2.5870674108
2680	2.5883792731
2681	2.5896822637
2682	2.5909969239
2683	2.5922705863
2684	2.5935297599
2685	2.5948083593
2686	2.5960597619
2687	2.5972803991
2688	2.5984410577
2689	2.5994944490
2690	2.6004508716
2691	2.6013532008
2692	2.6022590601
2693	2.6031594654
2694	2.6040209835
2695	2.6048372405
2696	2.6056397115
2697	2.6064725945
2698	2.6072852375
2699	2.6080480277
2700	2.6087739922
2701	2.6094518095
2702	2.6101045773
2703	2.6106948950
2704	2.6111490170
2705	2.6115420531
2706	2.6119640297
2707	2.6123910599
2708	2.6128504264
2709	2.6133724826
2710	2.6139521298
2711	2.6145663425
2712	2.6151720652
2713	2.6157491232
2714	2.6162462836
2715	2.6166369684
2716	2.6169561143
2717	2.6172426915
2718	2.6174823737
2719	2.6176513421
2720	2.6177578547
2721	2.6177970902
2722	2.6177421766
2723	2.6175663403
2724	2.6172861029
2725	2.6169318037
2726	2.6165119241
2727	2.6160620814
2728	2.6156128573
2729	2.6151464936
2730	2.6146694917
2731	2.6142315959
2732	2.6138651931
2733	2.6135629206
2734	2.6133499115
2735	2.6132707123
2736	2.6132883655
2737	2.6133358878
2738	2.6133385631
2739	2.6132658196
2740	2.6131552154
2741	2.6129494182
2742	2.6125986856
2743	2.6121255391
2744	2.6115739027
2745	2.6109427650
2746	2.6101880510
2747	2.6093936029
2748	2.6086088474
2749	2.6078203295
2750	2.6070330234
2751	2.6062529843
2752	2.6054787603
2753	2.6047189440
2754	2.6040108518
2755	2.6033003871
2756	2.6025699275
2757	2.6019036011
2758	2.6013272161
2759	2.6008459396
2760	2.6004803710
2761	2.6001748107
2762	2.5999014599
2763	2.5996709534
2764	2.5994852344
2765	2.5993451631
2766	2.5992301701
2767	2.5991875263
2768	2.5993056265
2769	2.5995831481
2770	2.5999375167
2771	2.6003719463
2772	2.6008773549
2773	2.6013657093
2774	2.6018251475
2775	2.6022865717
2776	2.6026825554
2777	2.6030471914
2778	2.6034660206
2779	2.6038550458
2780	2.6042281922
2781	2.6046055382
2782	2.6049919412
2783	2.6053686847
2784	2.6056495945
2785	2.6058508280
2786	2.6059936037
2787	2.6060738507
2788	2.6060763440
2789	2.6060310076
2790	2.6059867816
2791	2.6059404731
2792	2.6058292899
2793	2.6056280968
2794	2.6053921336
2795	2.6051406165
2796	2.6049079314
2797	2.6047035679
2798	2.6044716046
2799	2.6042202237
2800	2.6039954687
2801	2.6037959062
2802	2.6035999646
2803	2.6033613936
2804	2.6030375221
2805	2.6026531068
2806	2.6022499077
2807	2.6018559609
2808	2.6015065556
2809	2.6012024107
2810	2.6008533160
2811	2.6004003667
2812	2.5999385720
2813	2.5995460613
2814	2.5992265586
2815	2.5989625284
2816	2.5987107571
2817	2.5983957484
2818	2.5979708614
2819	2.5975206934
2820	2.5970558418
2821	2.5965478616
2822	2.5959930246
2823	2.5953449107
2824	2.5946588317
2825	2.5939977986
2826	2.5933938428
2827	2.5928470013
2828	2.5923263728
2829	2.5917805469
2830	2.5911580207
2831	2.5905239803
2832	2.5898977341
2833	2.5892398291
2834	2.5885797523
2835	2.5880086277
2836	2.5875885472
2837	2.5872057877
2838	2.5867218254
2839	2.5861493382
2840	2.5855703076
2841	2.5850237473
2842	2.5845158430
2843	2.5840516459
2844	2.5836392930
2845	2.5832683800
2846	2.5829334716
2847	2.5826205894
2848	2.5823085705
2849	2.5820513874
2850	2.5817748967
2851	2.5814262674
2852	2.5811126221
2853	2.5808210100
2854	2.5805456237
2855	2.5803243852
2856	2.5801689278
2857	2.5801345595
2858	2.5802059390
2859	2.5802368241
2860	2.5801194290
2861	2.5798809916
2862	2.5796191659
2863	2.5793359125
2864	2.5789133374
2865	2.5784022401
2866	2.5778546563
2867	2.5771597607
2868	2.5763350335
2869	2.5754229188
2870	2.5744036383
2871	2.5732525265
2872	2.5719690397
2873	2.5706201269
2874	2.5691535780
2875	2.5674455103
2876	2.5655350737
2877	2.5634648335
2878	2.5611845328
2879	2.5588196336
2880	2.5565089507
2881	2.5542059725
2882	2.5518371203
2883	2.5494470210
2884	2.5470741319
2885	2.5446190140
2886	2.5421065264
2887	2.5396080645
2888	2.5372297081
2889	2.5350022354
2890	2.5327026439
2891	2.5303158563
2892	2.5280047735
2893	2.5257538458
2894	2.5235736818
2895	2.5214948246
2896	2.5194689238
2897	2.5175713382
2898	2.5157261125
2899	2.5137749457
2900	2.5116687389
2901	2.5093811432
2902	2.5069988500
2903	2.5046200824
2904	2.5023263445
2905	2.5001302667
2906	2.4980685354
2907	2.4961793568
2908	2.4945092772
2909	2.4930884918
2910	2.4918226329
2911	2.4906952107
2912	2.4897123668
2913	2.4889688053
2914	2.4884419746
2915	2.4878906573
2916	2.4873061764
2917	2.4867710839
2918	2.4862901135
2919	2.4858389996
2920	2.4853628673
2921	2.4848436793
2922	2.4842365510
2923	2.4835864510
2924	2.4828785547
2925	2.4821337304
2926	2.4816431747
2927	2.4814007975
2928	2.4813347866
2929	2.4815518724
2930	2.4820710517
2931	2.4828578140
2932	2.4838228740
2933	2.4848292379
2934	2.4854955199
2935	2.4856314950
2936	2.4854026507
2937	2.4849334401
2938	2.4843334229
2939	2.4837655253
2940	2.4831789727
2941	2.4822980519
2942	2.4812092390
2943	2.4801541067
2944	2.4791983397
2945	2.4782657559
2946	2.4772849154
2947	2.4761559946
2948	2.4747891975
2949	2.4732952010
2950	2.4717923583
2951	2.4704153116
2952	2.4689936739
2953	2.4674267170
2954	2.4657839144
2955	2.4640564288
2956	2.4625414127
2957	2.4612983485
2958	2.4600987136
2959	2.4588848637
2960	2.4577573298
2961	2.4567540371
2962	2.4557757919
2963	2.4547674340
2964	2.4537388103
2965	2.4528781815
2966	2.4522513622
2967	2.4515577536
2968	2.4507619620
2969	2.4499009424
2970	2.4487969331
2971	2.4476960409
2972	2.4468964958
2973	2.4463303172
2974	2.4458641040
2975	2.4453241229
2976	2.4446873205
2977	2.4439958935
2978	2.4430917717
2979	2.4420276021
2980	2.4410143164
2981	2.4401007466
2982	2.4392446421
2983	2.4384380287
2984	2.4377243330
2985	2.4370146021
2986	2.4361378035
2987	2.4350550147
2988	2.4339002615
2989	2.4326515994
2990	2.4312496136
2991	2.4295738701
2992	2.4276923137
2993	2.4260194069
2994	2.4245350121
2995	2.4230832687
2996	2.4216060065
2997	2.4201144307
2998	2.4186824679
2999	2.4172878149
