0	2.5912592505
1	2.5930678437
2	2.5966687546
3	2.6009535056
4	2.6058706410
5	2.6109473677
6	2.6162193080
7	2.6213171474
8	2.6263109863
9	2.6309166938
10	2.6352010246
11	2.6389769434
12	2.6422891600
13	2.6450476695
14	2.6472739669
15	2.6489602913
16	2.6501135662
17	2.6507861831
18	2.6509800189
19	2.6507861521
20	2.6502063158
21	2.6493532851
22	2.6482286426
23	2.6469535648
24	2.6455280363
25	2.6440690194
26	2.6425759458
27	2.6411476145
28	2.6397878964
29	2.6385631346
30	2.6374885916
31	2.6365872798
32	2.6358906833
33	2.6353755287
34	2.6350886259
35	2.6349677953
36	2.6350668138
37	2.6352996720
38	2.6357113261
39	2.6362095672
40	2.6368154765
41	2.6374540138
42	2.6381214318
43	2.6387801459
44	2.6393959737
45	2.6399594013
46	2.6404016773
47	2.6407462287
48	2.6409219260
49	2.6409796587
50	2.6408409537
51	2.6405556081
52	2.6400677848
53	2.6394352882
54	2.6386265409
55	2.6376708595
56	2.6365744025
57	2.6353573545
58	2.6340562871
59	2.6326516203
60	2.6312166347
61	2.6297314619
62	2.6282844004
63	2.6268240565
64	2.6254259773
65	2.6240323608
66	2.6227159402
67	2.6214928393
68	2.6204400354
69	2.6195262403
70	2.6186793208
71	2.6179035795
72	2.6171920156
73	2.6166339518
74	2.6161582934
75	2.6158107388
76	2.6155022347
77	2.6152933683
78	2.6150746518
79	2.6148459926
80	2.6145802916
81	2.6143167844
82	2.6140195669
83	2.6136407498
84	2.6132385009
85	2.6127355645
86	2.6121284889
87	2.6113291434
88	2.6104280373
89	2.6093184931
90	2.6080588467
91	2.6066391016
92	2.6051382964
93	2.6035260384
94	2.6018429540
95	2.6001491125
96	2.5984028735
97	2.5966320637
98	2.5948034859
99	2.5929881446
100	2.5910612162
101	2.5891341419
102	2.5871652380
103	2.5851964320
104	2.5832068604
105	2.5813084657
106	2.5794759905
107	2.5777323413
108	2.5761808466
109	2.5747589826
110	2.5735126141
111	2.5724082301
112	2.5714922207
113	2.5706173993
114	2.5698817434
115	2.5691573525
116	2.5684374470
117	2.5676956729
118	2.5669360028
119	2.5660966012
120	2.5651649849
121	2.5641691718
122	2.5630249042
123	2.5619264594
124	2.5608964374
125	2.5599895287
126	2.5589832017
127	2.5577281346
128	2.5560693741
129	2.5544555191
130	2.5534014729
131	2.5529964716
132	2.5526849161
133	2.5515014299
134	2.5491283082
135	2.5462082913
136	2.5438250028
137	2.5421744312
138	2.5409354491
139	2.5395132471
140	2.5379567783
141	2.5363421991
142	2.5343084831
143	2.5314414898
144	2.5281230609
145	2.5251700124
146	2.5229265366
147	2.5213225635
148	2.5201686455
149	2.5198827078
150	2.5203102204
151	2.5207806795
152	2.5207668013
153	2.5204927506
154	2.5199699575
155	2.5189553899
156	2.5174207073
157	2.5158920068
158	2.5148638945
159	2.5140326096
160	2.5134524476
161	2.5134374007
162	2.5139858695
163	2.5144674900
164	2.5147774273
165	2.5149325670
166	2.5147269598
167	2.5136633497
168	2.5118436770
169	2.5097211367
170	2.5071470631
171	2.5042082854
172	2.5014393901
173	2.4992192001
174	2.4973097432
175	2.4959906728
176	2.4955305133
177	2.4958806840
178	2.4965959972
179	2.4977396256
180	2.4993140888
181	2.5007155252
182	2.5017507038
183	2.5024981475
184	2.5026698195
185	2.5018783334
186	2.5004858577
187	2.4985308346
188	2.4959398488
189	2.4927873233
190	2.4895651858
191	2.4862975203
192	2.4831006019
193	2.4806722228
194	2.4791409868
195	2.4781542407
196	2.4776470137
197	2.4777734321
198	2.4785074861
199	2.4805362582
200	2.4839993348
201	2.4879468885
202	2.4909904693
203	2.4929417761
204	2.4944638906
205	2.4963150312
206	2.4989340277
207	2.5013678342
208	2.5022409291
209	2.5014346680
210	2.4996784594
211	2.4969690539
212	2.4935398466
213	2.4898194795
214	2.4864580504
215	2.4838343846
216	2.4817590582
217	2.4793846986
218	2.4764182665
219	2.4737372632
220	2.4715700362
221	2.4697056323
222	2.4686420034
223	2.4691790129
224	2.4712210469
225	2.4744592958
226	2.4781441669
227	2.4819479180
228	2.4858642709
229	2.4893799598
230	2.4919459044
231	2.4939832389
232	2.4962074143
233	2.4982350865
234	2.4999695325
235	2.5017467625
236	2.5034634760
237	2.5045066344
238	2.5045556583
239	2.5033374148
240	2.5011014884
241	2.4977603327
242	2.4931259786
243	2.4880326305
244	2.4831656547
245	2.4784872557
246	2.4741774151
247	2.4710605607
248	2.4689570225
249	2.4674602244
250	2.4666076821
251	2.4664162977
252	2.4665492509
253	2.4668518643
254	2.4673029136
255	2.4682738304
256	2.4699185615
257	2.4719610068
258	2.4750493252
259	2.4793948214
260	2.4845333866
261	2.4903451731
262	2.4970296076
263	2.5038941336
264	2.5103723291
265	2.5163916906
266	2.5216043779
267	2.5255821264
268	2.5281965466
269	2.5295072784
270	2.5295429877
271	2.5283358551
272	2.5260812069
273	2.5235206703
274	2.5204947265
275	2.5169896057
276	2.5134840841
277	2.5098223377
278	2.5056806552
279	2.5013634744
280	2.4968479053
281	2.4917304745
282	2.4863013982
283	2.4807513685
284	2.4750278098
285	2.4691840962
286	2.4636476064
287	2.4587086822
288	2.4546087177
289	2.4514577764
290	2.4498349178
291	2.4498563781
292	2.4512938935
293	2.4546062047
294	2.4595074304
295	2.4655084566
296	2.4726653569
297	2.4807138251
298	2.4888531691
299	2.4970319035
300	2.5051006187
301	2.5126042624
302	2.5194004509
303	2.5255722589
304	2.5310593158
305	2.5357902637
306	2.5398746128
307	2.5434076461
308	2.5464243825
309	2.5488389831
310	2.5509684819
311	2.5525458642
312	2.5535413272
313	2.5542086506
314	2.5541755064
315	2.5533222509
316	2.5519475081
317	2.5498309696
318	2.5468529656
319	2.5432614186
320	2.5387792270
321	2.5333291236
322	2.5272324434
323	2.5209999521
324	2.5149574749
325	2.5092491976
326	2.5035012257
327	2.4975099890
328	2.4917427934
329	2.4874836844
330	2.4856832191
331	2.4859045687
332	2.4871151778
333	2.4878217321
334	2.4880898688
335	2.4897574252
336	2.4938457227
337	2.4996922024
338	2.5059641455
339	2.5110618601
340	2.5147425581
341	2.5179052736
342	2.5207272253
343	2.5229617634
344	2.5247784303
345	2.5267839832
346	2.5291261217
347	2.5311777945
348	2.5318059066
349	2.5309805157
350	2.5296976940
351	2.5289954050
352	2.5288887532
353	2.5291841375
354	2.5304143115
355	2.5325376537
356	2.5350253223
357	2.5370340261
358	2.5379312800
359	2.5383586020
360	2.5391295621
361	2.5397867408
362	2.5403568452
363	2.5413903297
364	2.5429990156
365	2.5446808048
366	2.5455929031
367	2.5454879495
368	2.5448439992
369	2.5438625462
370	2.5422965997
371	2.5407296199
372	2.5400513561
373	2.5406320704
374	2.5419506968
375	2.5437546128
376	2.5460978734
377	2.5487181588
378	2.5511521614
379	2.5528904658
380	2.5543760087
381	2.5562545184
382	2.5581596486
383	2.5600552097
384	2.5626724937
385	2.5658435481
386	2.5690519213
387	2.5717914816
388	2.5738670187
389	2.5752449331
390	2.5754274206
391	2.5741446774
392	2.5720300571
393	2.5695661079
394	2.5665846528
395	2.5633924141
396	2.5605636710
397	2.5584049894
398	2.5565447314
399	2.5548765212
400	2.5534757680
401	2.5520883113
402	2.5503478033
403	2.5482939941
404	2.5466740787
405	2.5456007606
406	2.5446537067
407	2.5443745195
408	2.5452968952
409	2.5470575209
410	2.5496559437
411	2.5530489066
412	2.5570815873
413	2.5612209925
414	2.5648056378
415	2.5678297276
416	2.5702063842
417	2.5714165476
418	2.5716191533
419	2.5714941548
420	2.5710074879
421	2.5701553100
422	2.5692657463
423	2.5687480345
424	2.5683696284
425	2.5679207156
426	2.5676724403
427	2.5676064489
428	2.5673634120
429	2.5667587246
430	2.5660971083
431	2.5652630306
432	2.5639307254
433	2.5626156776
434	2.5617186130
435	2.5610030123
436	2.5609251062
437	2.5618459591
438	2.5637534530
439	2.5664549079
440	2.5697851731
441	2.5738296703
442	2.5780942516
443	2.5820023057
444	2.5856344843
445	2.5888849100
446	2.5911872666
447	2.5927488468
448	2.5938080931
449	2.5942551076
450	2.5940363742
451	2.5934355844
452	2.5927164605
453	2.5918468122
454	2.5911991818
455	2.5910918721
456	2.5912854328
457	2.5914353010
458	2.5917298126
459	2.5923533740
460	2.5931492089
461	2.5941909513
462	2.5953941366
463	2.5959325269
464	2.5957944128
465	2.5956236279
466	2.5957579188
467	2.5964219184
468	2.5975077443
469	2.5989068038
470	2.6004490558
471	2.6022253408
472	2.6046256794
473	2.6075245814
474	2.6104155019
475	2.6134592265
476	2.6165966937
477	2.6193275395
478	2.6214698948
479	2.6228663083
480	2.6234726384
481	2.6234983731
482	2.6232884168
483	2.6226989052
484	2.6215450605
485	2.6201099819
486	2.6186116010
487	2.6169178436
488	2.6151081946
489	2.6135406046
490	2.6124131824
491	2.6118381924
492	2.6120180111
493	2.6126582321
494	2.6134861302
495	2.6147439390
496	2.6160552851
497	2.6170405682
498	2.6177602378
499	2.6183748369
500	2.6189137113
501	2.6193095696
502	2.6196345506
503	2.6199464114
504	2.6201758055
505	2.6204577002
506	2.6207694004
507	2.6209580184
508	2.6214840387
509	2.6224074314
510	2.6234498245
511	2.6246523682
512	2.6260912151
513	2.6274973256
514	2.6285727458
515	2.6292700298
516	2.6294857027
517	2.6292083926
518	2.6285022281
519	2.6272492070
520	2.6255092443
521	2.6236635716
522	2.6218045404
523	2.6197999534
524	2.6177457897
525	2.6157126220
526	2.6132892499
527	2.6107549816
528	2.6087498482
529	2.6073831469
530	2.6066589109
531	2.6062186372
532	2.6057798064
533	2.6056968375
534	2.6064900971
535	2.6081567069
536	2.6102247661
537	2.6120659976
538	2.6132509366
539	2.6135083888
540	2.6133711787
541	2.6133527665
542	2.6130533016
543	2.6124237278
544	2.6116403375
545	2.6107424102
546	2.6097367359
547	2.6085601116
548	2.6072542912
549	2.6063516868
550	2.6062829316
551	2.6067671007
552	2.6074644088
553	2.6083748971
554	2.6093414843
555	2.6103675748
556	2.6116811334
557	2.6131631787
558	2.6146131363
559	2.6161447627
560	2.6176947695
561	2.6185004320
562	2.6182690628
563	2.6169881609
564	2.6147707604
565	2.6120216776
566	2.6086705015
567	2.6048004038
568	2.6010510058
569	2.5974577812
570	2.5935482698
571	2.5893201783
572	2.5850295233
573	2.5809002734
574	2.5769187469
575	2.5734449116
576	2.5706401429
577	2.5685771386
578	2.5675634583
579	2.5671999010
580	2.5672247948
581	2.5678127326
582	2.5689476537
583	2.5706206490
584	2.5728820466
585	2.5756127273
586	2.5790086774
587	2.5831619684
588	2.5874162350
589	2.5912328079
590	2.5947576809
591	2.5976749489
592	2.5995039072
593	2.6004507898
594	2.6009121749
595	2.6011573271
596	2.6012843228
597	2.6014606141
598	2.6017801202
599	2.6024661546
600	2.6032612613
601	2.6038063993
602	2.6043734945
603	2.6048601278
604	2.6049722706
605	2.6048903208
606	2.6045648390
607	2.6040030873
608	2.6034398020
609	2.6025333757
610	2.6011104746
611	2.5991849908
612	2.5966967138
613	2.5933040573
614	2.5890951225
615	2.5846404064
616	2.5799618310
617	2.5752406907
618	2.5708265632
619	2.5669435409
620	2.5637090510
621	2.5608029262
622	2.5581229679
623	2.5560948519
624	2.5544757449
625	2.5529479000
626	2.5520143527
627	2.5520073687
628	2.5527271413
629	2.5543914982
630	2.5571800582
631	2.5609573999
632	2.5657294033
633	2.5711619942
634	2.5769976458
635	2.5830656663
636	2.5890288074
637	2.5944191499
638	2.5991448907
639	2.6031923172
640	2.6063583130
641	2.6087981134
642	2.6105922641
643	2.6117053937
644	2.6122947479
645	2.6122182212
646	2.6115070359
647	2.6105393356
648	2.6087929982
649	2.6060719754
650	2.6026827888
651	2.5986729614
652	2.5943018079
653	2.5901379911
654	2.5865861369
655	2.5832803908
656	2.5800556673
657	2.5773102662
658	2.5756361519
659	2.5754335160
660	2.5763893234
661	2.5778262616
662	2.5790973924
663	2.5798875218
664	2.5810750582
665	2.5836077861
666	2.5871636544
667	2.5909368045
668	2.5942676235
669	2.5968745855
670	2.5992456015
671	2.6018573548
672	2.6043177379
673	2.6062414088
674	2.6071721178
675	2.6068793489
676	2.6055046270
677	2.6028042852
678	2.5986051328
679	2.5936109281
680	2.5888568279
681	2.5846647846
682	2.5808003342
683	2.5769089922
684	2.5730296675
685	2.5696494862
686	2.5670822367
687	2.5653852740
688	2.5647305001
689	2.5647328404
690	2.5655192002
691	2.5671992127
692	2.5684949490
693	2.5689910938
694	2.5692501323
695	2.5697372208
696	2.5705598479
697	2.5716770177
698	2.5731222371
699	2.5749363580
700	2.5770784195
701	2.5791304389
702	2.5806635196
703	2.5817577227
704	2.5828347163
705	2.5841955180
706	2.5855296212
707	2.5864775006
708	2.5873916949
709	2.5882521879
710	2.5885822589
711	2.5882163252
712	2.5873689639
713	2.5865619315
714	2.5862748734
715	2.5863127530
716	2.5866280050
717	2.5874418980
718	2.5883417585
719	2.5889845400
720	2.5889858192
721	2.5881433502
722	2.5869609922
723	2.5857179107
724	2.5841798919
725	2.5826761709
726	2.5819119110
727	2.5820682999
728	2.5826923284
729	2.5834421650
730	2.5844019713
731	2.5855855876
732	2.5867233640
733	2.5877623607
734	2.5891445490
735	2.5905652848
736	2.5918268622
737	2.5926748982
738	2.5925346081
739	2.5917925162
740	2.5904058926
741	2.5877743476
742	2.5840871126
743	2.5800194474
744	2.5758919437
745	2.5718185808
746	2.5681334163
747	2.5653693111
748	2.5637059865
749	2.5628233296
750	2.5623864795
751	2.5624072980
752	2.5627803427
753	2.5633136871
754	2.5640474654
755	2.5651185810
756	2.5668924440
757	2.5692703148
758	2.5717927574
759	2.5744665503
760	2.5773494638
761	2.5799267110
762	2.5818619012
763	2.5831599791
764	2.5840844144
765	2.5847340799
766	2.5846368022
767	2.5841510976
768	2.5838418748
769	2.5832848983
770	2.5823414545
771	2.5813194715
772	2.5800962978
773	2.5784653004
774	2.5761523023
775	2.5731815493
776	2.5697717767
777	2.5661037801
778	2.5623304077
779	2.5587590606
780	2.5559435753
781	2.5540413788
782	2.5531430392
783	2.5532399808
784	2.5546634031
785	2.5569838417
786	2.5591790005
787	2.5615231712
788	2.5641013361
789	2.5666358142
790	2.5694459620
791	2.5725913999
792	2.5757867577
793	2.5788219582
794	2.5815192666
795	2.5842265768
796	2.5872084402
797	2.5900034024
798	2.5920816310
799	2.5934510372
800	2.5943211162
801	2.5948135552
802	2.5951220697
803	2.5955124624
804	2.5961449044
805	2.5967606894
806	2.5974145338
807	2.5984506637
808	2.5996500683
809	2.6006001209
810	2.6014496585
811	2.6023506888
812	2.6030260230
813	2.6030335636
814	2.6021916674
815	2.6007187670
816	2.5985587422
817	2.5959511970
818	2.5934836374
819	2.5911456847
820	2.5891119741
821	2.5878268107
822	2.5872270353
823	2.5873138151
824	2.5877818468
825	2.5884333187
826	2.5895753137
827	2.5911102623
828	2.5926329665
829	2.5940752126
830	2.5958125495
831	2.5976814066
832	2.5994635120
833	2.6012525935
834	2.6031661770
835	2.6051018889
836	2.6069431692
837	2.6089345123
838	2.6106967056
839	2.6119112842
840	2.6128912383
841	2.6136025925
842	2.6139534787
843	2.6140555483
844	2.6140009445
845	2.6142355097
846	2.6147920470
847	2.6154159281
848	2.6163189372
849	2.6174280868
850	2.6183584689
851	2.6190658457
852	2.6197543049
853	2.6204266017
854	2.6209648435
855	2.6211762447
856	2.6209025531
857	2.6200469093
858	2.6189339391
859	2.6181309096
860	2.6175098568
861	2.6165980108
862	2.6154520179
863	2.6144546298
864	2.6139083941
865	2.6142209634
866	2.6155012349
867	2.6172987849
868	2.6189144057
869	2.6200386264
870	2.6209851507
871	2.6218747404
872	2.6225749377
873	2.6229772242
874	2.6227745355
875	2.6221055488
876	2.6211338457
877	2.6197720884
878	2.6182400749
879	2.6165264040
880	2.6150218535
881	2.6142132467
882	2.6137460058
883	2.6130711909
884	2.6122934573
885	2.6116652917
886	2.6111018771
887	2.6108218754
888	2.6109551022
889	2.6113721386
890	2.6119578309
891	2.6128066884
892	2.6139687561
893	2.6151717435
894	2.6164957941
895	2.6183094263
896	2.6207140858
897	2.6237305539
898	2.6270701192
899	2.6303397185
900	2.6334712421
901	2.6362377769
902	2.6385717952
903	2.6403867675
904	2.6415475445
905	2.6424357868
906	2.6432708295
907	2.6436986376
908	2.6435852109
909	2.6431315278
910	2.6423798595
911	2.6413148428
912	2.6399874039
913	2.6386351284
914	2.6373688624
915	2.6362018482
916	2.6351774763
917	2.6341270395
918	2.6329572617
919	2.6318293595
920	2.6307672614
921	2.6296067034
922	2.6284362117
923	2.6273726716
924	2.6263869786
925	2.6254458216
926	2.6244210923
927	2.6232370474
928	2.6218591412
929	2.6203867504
930	2.6190594873
931	2.6178548847
932	2.6170274077
933	2.6169142159
934	2.6175189537
935	2.6186920944
936	2.6200916772
937	2.6218016153
938	2.6237600484
939	2.6255366215
940	2.6271775431
941	2.6289233448
942	2.6306997862
943	2.6324601661
944	2.6342643136
945	2.6359860221
946	2.6376801095
947	2.6393760367
948	2.6408532524
949	2.6420680919
950	2.6432014571
951	2.6443185682
952	2.6452833293
953	2.6460753508
954	2.6468893536
955	2.6476613236
956	2.6482389262
957	2.6486132220
958	2.6486880277
959	2.6484727402
960	2.6479257801
961	2.6471063670
962	2.6461325313
963	2.6450262261
964	2.6440224796
965	2.6432410042
966	2.6425402318
967	2.6420357844
968	2.6418032355
969	2.6415999140
970	2.6414289375
971	2.6413842030
972	2.6415283046
973	2.6418767502
974	2.6424055558
975	2.6431168609
976	2.6439150993
977	2.6447510974
978	2.6455494855
979	2.6462172066
980	2.6467619883
981	2.6471130737
982	2.6470228380
983	2.6465809233
984	2.6462531429
985	2.6461780363
986	2.6462491430
987	2.6463652753
988	2.6463661236
989	2.6461665372
990	2.6458104429
991	2.6456258140
992	2.6457236272
993	2.6457635302
994	2.6454642639
995	2.6447676211
996	2.6440574601
997	2.6437157754
998	2.6438249395
999	2.6441654418
1000	2.6443567161
1001	2.6443409978
1002	2.6441524180
1003	2.6437852507
1004	2.6433907494
1005	2.6429111678
1006	2.6421421141
1007	2.6413157418
1008	2.6405626155
1009	2.6396637566
1010	2.6386378961
1011	2.6376356214
1012	2.6368345947
1013	2.6365410162
1014	2.6366739360
1015	2.6368090932
1016	2.6366851065
1017	2.6363910671
1018	2.6360999541
1019	2.6357523549
1020	2.6354945607
1021	2.6354239859
1022	2.6355097747
1023	2.6358488267
1024	2.6364155357
1025	2.6369888710
1026	2.6373420052
1027	2.6376411686
1028	2.6382954925
1029	2.6392766138
1030	2.6403695986
1031	2.6416757173
1032	2.6431461281
1033	2.6447873739
1034	2.6464749603
1035	2.6479221292
1036	2.6492650397
1037	2.6505579972
1038	2.6516166973
1039	2.6522472994
1040	2.6522656288
1041	2.6514854853
1042	2.6499373628
1043	2.6478353252
1044	2.6452547666
1045	2.6422927089
1046	2.6393816648
1047	2.6369187405
1048	2.6347701104
1049	2.6327709696
1050	2.6309405146
1051	2.6292330396
1052	2.6277584829
1053	2.6264482716
1054	2.6252286169
1055	2.6243755029
1056	2.6239743979
1057	2.6239392995
1058	2.6240317696
1059	2.6242827065
1060	2.6249106508
1061	2.6258295684
1062	2.6269135204
1063	2.6279859314
1064	2.6290483730
1065	2.6302603320
1066	2.6316239498
1067	2.6328776585
1068	2.6336492136
1069	2.6339300051
1070	2.6338853843
1071	2.6334278506
1072	2.6326917715
1073	2.6319931268
1074	2.6314725399
1075	2.6312528268
1076	2.6310760383
1077	2.6306256573
1078	2.6301697634
1079	2.6295912471
1080	2.6284799409
1081	2.6271184256
1082	2.6257651584
1083	2.6244277120
1084	2.6230753885
1085	2.6217400432
1086	2.6204367119
1087	2.6191266851
1088	2.6179180612
1089	2.6166533190
1090	2.6150913871
1091	2.6134379766
1092	2.6119490838
1093	2.6105171548
1094	2.6090682638
1095	2.6077498495
1096	2.6069199785
1097	2.6064247785
1098	2.6059249140
1099	2.6054592179
1100	2.6050723971
1101	2.6049642620
1102	2.6049066896
1103	2.6050694568
1104	2.6060739250
1105	2.6077730241
1106	2.6099407120
1107	2.6125432899
1108	2.6153017918
1109	2.6179595127
1110	2.6203891280
1111	2.6223315574
1112	2.6237405501
1113	2.6248440366
1114	2.6256983684
1115	2.6263064211
1116	2.6269181750
1117	2.6277447946
1118	2.6285444763
1119	2.6290019574
1120	2.6291852390
1121	2.6291628977
1122	2.6291228948
1123	2.6290290794
1124	2.6286020992
1125	2.6280314197
1126	2.6273090049
1127	2.6263346008
1128	2.6252875215
1129	2.6244735928
1130	2.6238852080
1131	2.6231281918
1132	2.6221743630
1133	2.6212343050
1134	2.6203531922
1135	2.6193962046
1136	2.6182472737
1137	2.6169888095
1138	2.6157328180
1139	2.6144042717
1140	2.6129004460
1141	2.6112329260
1142	2.6094949095
1143	2.6077682672
1144	2.6061830289
1145	2.6049535353
1146	2.6041295260
1147	2.6038662564
1148	2.6044172564
1149	2.6057301824
1150	2.6081224640
1151	2.6116612953
1152	2.6155290160
1153	2.6195944122
1154	2.6239236969
1155	2.6278085297
1156	2.6307712755
1157	2.6329064635
1158	2.6343656287
1159	2.6352266612
1160	2.6355658773
1161	2.6356013273
1162	2.6354218659
1163	2.6349323394
1164	2.6341213864
1165	2.6329929695
1166	2.6317107826
1167	2.6301726513
1168	2.6284689717
1169	2.6268987872
1170	2.6254649733
1171	2.6241808783
1172	2.6230150482
1173	2.6222287431
1174	2.6219311622
1175	2.6219263501
1176	2.6220534606
1177	2.6222272306
1178	2.6227402634
1179	2.6236337532
1180	2.6245545443
1181	2.6255791024
1182	2.6266878178
1183	2.6275558740
1184	2.6283449919
1185	2.6293617807
1186	2.6306089180
1187	2.6319017994
1188	2.6328358167
1189	2.6331680788
1190	2.6330577925
1191	2.6326595734
1192	2.6322363476
1193	2.6318444797
1194	2.6311278275
1195	2.6296703591
1196	2.6277037527
1197	2.6260212205
1198	2.6247610928
1199	2.6238963807
1200	2.6233700422
1201	2.6229760939
1202	2.6228036386
1203	2.6229406680
1204	2.6234146180
1205	2.6242396944
1206	2.6253237355
1207	2.6265229614
1208	2.6278046779
1209	2.6291810548
1210	2.6305980849
1211	2.6320007245
1212	2.6336141706
1213	2.6357535571
1214	2.6384354112
1215	2.6414026367
1216	2.6443233168
1217	2.6469843030
1218	2.6492117055
1219	2.6509804139
1220	2.6523939839
1221	2.6533749745
1222	2.6537971395
1223	2.6537870023
1224	2.6535488801
1225	2.6529217459
1226	2.6517526727
1227	2.6503925250
1228	2.6490389319
1229	2.6476388910
1230	2.6462899182
1231	2.6449385433
1232	2.6435874341
1233	2.6424374894
1234	2.6414658882
1235	2.6407475755
1236	2.6403992224
1237	2.6403898873
1238	2.6408130614
1239	2.6415580524
1240	2.6423752802
1241	2.6430394655
1242	2.6435601612
1243	2.6440469432
1244	2.6444299567
1245	2.6447402302
1246	2.6449890649
1247	2.6452215851
1248	2.6453981553
1249	2.6454260143
1250	2.6454008608
1251	2.6453642939
1252	2.6454033193
1253	2.6457265920
1254	2.6464164341
1255	2.6473497912
1256	2.6483992439
1257	2.6496473247
1258	2.6510345571
1259	2.6522790391
1260	2.6533199479
1261	2.6542278503
1262	2.6550163295
1263	2.6556706374
1264	2.6561241716
1265	2.6563763973
1266	2.6564858537
1267	2.6563593292
1268	2.6559977084
1269	2.6554349883
1270	2.6546951950
1271	2.6539714216
1272	2.6533263759
1273	2.6527245939
1274	2.6521616760
1275	2.6516857014
1276	2.6512313845
1277	2.6507041863
1278	2.6501790330
1279	2.6497477344
1280	2.6495123084
1281	2.6494969532
1282	2.6496474023
1283	2.6500276365
1284	2.6506480759
1285	2.6513471726
1286	2.6520949692
1287	2.6529033020
1288	2.6537300005
1289	2.6545483592
1290	2.6553439983
1291	2.6560943807
1292	2.6567204863
1293	2.6572379832
1294	2.6576829990
1295	2.6579788780
1296	2.6580812567
1297	2.6580907222
1298	2.6580661427
1299	2.6579319125
1300	2.6576669001
1301	2.6573203116
1302	2.6568814859
1303	2.6563271354
1304	2.6556786326
1305	2.6549274083
1306	2.6540815402
1307	2.6532134968
1308	2.6523735891
1309	2.6516122501
1310	2.6511017528
1311	2.6509601782
1312	2.6510498262
1313	2.6512503288
1314	2.6515147621
1315	2.6517994705
1316	2.6522159551
1317	2.6526972286
1318	2.6531063355
1319	2.6534842866
1320	2.6537361589
1321	2.6538387802
1322	2.6539535153
1323	2.6542350717
1324	2.6546867188
1325	2.6551464866
1326	2.6554962103
1327	2.6557084406
1328	2.6558497115
1329	2.6559972753
1330	2.6561798116
1331	2.6564103557
1332	2.6566408909
1333	2.6568430792
1334	2.6570420139
1335	2.6572277172
1336	2.6573858060
1337	2.6575242681
1338	2.6576428333
1339	2.6577243328
1340	2.6577653494
1341	2.6577940070
1342	2.6578203647
1343	2.6578329397
1344	2.6578219522
1345	2.6577870911
1346	2.6577467949
1347	2.6577219579
1348	2.6577244596
1349	2.6577394701
1350	2.6577436381
1351	2.6577262348
1352	2.6576925745
1353	2.6576508272
1354	2.6575888566
1355	2.6575143701
1356	2.6574523027
1357	2.6574089878
1358	2.6573740806
1359	2.6573318980
1360	2.6572764168
1361	2.6572179940
1362	2.6571707600
1363	2.6571415931
1364	2.6571125119
1365	2.6570557235
1366	2.6569801656
1367	2.6569077406
1368	2.6568069510
1369	2.6566716861
1370	2.6565702950
1371	2.6565124069
1372	2.6564762963
1373	2.6564509152
1374	2.6564043583
1375	2.6563211246
1376	2.6562155077
1377	2.6560728190
1378	2.6558557349
1379	2.6555972999
1380	2.6553732647
1381	2.6552245149
1382	2.6551364530
1383	2.6550903532
1384	2.6550376920
1385	2.6549179499
1386	2.6547812783
1387	2.6547126390
1388	2.6546947879
1389	2.6547084894
1390	2.6548202667
1391	2.6550287172
1392	2.6552570093
1393	2.6554850019
1394	2.6557260624
1395	2.6559824846
1396	2.6561997221
1397	2.6563054946
1398	2.6562870141
1399	2.6561710961
1400	2.6559712175
1401	2.6556377526
1402	2.6551820647
1403	2.6546173840
1404	2.6540317651
1405	2.6535094607
1406	2.6529345657
1407	2.6523722507
1408	2.6518414075
1409	2.6511948572
1410	2.6503879146
1411	2.6493265475
1412	2.6479328775
1413	2.6463267912
1414	2.6447084176
1415	2.6431672487
1416	2.6417518217
1417	2.6405542796
1418	2.6396937884
1419	2.6391388624
1420	2.6387307751
1421	2.6384926652
1422	2.6385462750
1423	2.6388765886
1424	2.6394498312
1425	2.6402572700
1426	2.6412530485
1427	2.6425010470
1428	2.6439430922
1429	2.6453326799
1430	2.6466691035
1431	2.6480740050
1432	2.6494768404
1433	2.6506764176
1434	2.6516338146
1435	2.6524365912
1436	2.6530148130
1437	2.6533162632
1438	2.6533466155
1439	2.6531270847
1440	2.6526763621
1441	2.6519951587
1442	2.6511531345
1443	2.6501381540
1444	2.6490370764
1445	2.6480299855
1446	2.6469851753
1447	2.6458069120
1448	2.6446161677
1449	2.6435064548
1450	2.6425195285
1451	2.6415216088
1452	2.6405896010
1453	2.6399458861
1454	2.6396259069
1455	2.6396661023
1456	2.6400931749
1457	2.6408278712
1458	2.6415958483
1459	2.6421243762
1460	2.6422089616
1461	2.6419916934
1462	2.6417055109
1463	2.6411861810
1464	2.6405514568
1465	2.6401428819
1466	2.6398909535
1467	2.6397271670
1468	2.6397180079
1469	2.6396566272
1470	2.6394408589
1471	2.6391363862
1472	2.6386758711
1473	2.6379486370
1474	2.6370037696
1475	2.6360076493
1476	2.6348579862
1477	2.6335268635
1478	2.6322562245
1479	2.6310389070
1480	2.6297418508
1481	2.6284163203
1482	2.6272595569
1483	2.6264095202
1484	2.6259249286
1485	2.6256704248
1486	2.6255176796
1487	2.6257422347
1488	2.6262109523
1489	2.6265921301
1490	2.6268150690
1491	2.6270127075
1492	2.6273610669
1493	2.6276247839
1494	2.6278506578
1495	2.6282413306
1496	2.6288779826
1497	2.6296056940
1498	2.6303655125
1499	2.6314968420
1500	2.6328130680
1501	2.6341230795
1502	2.6354484827
1503	2.6363954466
1504	2.6367460465
1505	2.6364006327
1506	2.6351630769
1507	2.6334073565
1508	2.6313212120
1509	2.6286793154
1510	2.6255570301
1511	2.6221759927
1512	2.6188258122
1513	2.6156442129
1514	2.6125079645
1515	2.6091706881
1516	2.6055499477
1517	2.6018614171
1518	2.5985687880
1519	2.5960665098
1520	2.5945911916
1521	2.5942179652
1522	2.5943227744
1523	2.5944762279
1524	2.5952836832
1525	2.5970981482
1526	2.5996504917
1527	2.6027500578
1528	2.6060907541
1529	2.6092838889
1530	2.6122471112
1531	2.6153928390
1532	2.6189922379
1533	2.6226533060
1534	2.6260026935
1535	2.6289556723
1536	2.6315847571
1537	2.6338250143
1538	2.6355113801
1539	2.6368088681
1540	2.6379592694
1541	2.6392122822
1542	2.6404542802
1543	2.6413224348
1544	2.6417713024
1545	2.6416568978
1546	2.6410321175
1547	2.6400327683
1548	2.6385930261
1549	2.6366876867
1550	2.6342191899
1551	2.6313244507
1552	2.6283974508
1553	2.6257478322
1554	2.6234949312
1555	2.6217231608
1556	2.6205787787
1557	2.6201661153
1558	2.6201385111
1559	2.6200444960
1560	2.6200486297
1561	2.6203434632
1562	2.6208433548
1563	2.6217489383
1564	2.6231656217
1565	2.6246559102
1566	2.6261765760
1567	2.6278648043
1568	2.6295390080
1569	2.6311809347
1570	2.6326761045
1571	2.6341350763
1572	2.6358307641
1573	2.6375309892
1574	2.6387624853
1575	2.6393972288
1576	2.6397090933
1577	2.6396739256
1578	2.6392703667
1579	2.6387832528
1580	2.6383931864
1581	2.6381169133
1582	2.6379695877
1583	2.6379790044
1584	2.6379024327
1585	2.6377919671
1586	2.6377998433
1587	2.6378170720
1588	2.6377434028
1589	2.6373641677
1590	2.6367013181
1591	2.6358339822
1592	2.6347449305
1593	2.6335145044
1594	2.6322588766
1595	2.6312291106
1596	2.6306254746
1597	2.6303699033
1598	2.6303606543
1599	2.6306266195
1600	2.6312223442
1601	2.6320100157
1602	2.6329448604
1603	2.6341804461
1604	2.6356581996
1605	2.6375042867
1606	2.6397554967
1607	2.6422039705
1608	2.6447157295
1609	2.6469950938
1610	2.6489646799
1611	2.6507071298
1612	2.6520071604
1613	2.6528414001
1614	2.6535349771
1615	2.6541487303
1616	2.6545272480
1617	2.6546312682
1618	2.6545346098
1619	2.6542328879
1620	2.6536777831
1621	2.6529422200
1622	2.6520828961
1623	2.6510973180
1624	2.6500358607
1625	2.6488486165
1626	2.6474361230
1627	2.6459513959
1628	2.6444623567
1629	2.6430419044
1630	2.6419274730
1631	2.6412353972
1632	2.6411063799
1633	2.6415418471
1634	2.6423407431
1635	2.6433252127
1636	2.6444714720
1637	2.6458747910
1638	2.6474094864
1639	2.6488924263
1640	2.6502611703
1641	2.6515168411
1642	2.6526604904
1643	2.6536427604
1644	2.6545698725
1645	2.6554460263
1646	2.6560962014
1647	2.6564048230
1648	2.6564444316
1649	2.6564652415
1650	2.6565829486
1651	2.6567820413
1652	2.6570112957
1653	2.6571529368
1654	2.6572238785
1655	2.6574084235
1656	2.6577183833
1657	2.6580005728
1658	2.6581210848
1659	2.6580677914
1660	2.6578566542
1661	2.6575252987
1662	2.6571720925
1663	2.6567312789
1664	2.6560919059
1665	2.6552303913
1666	2.6542159897
1667	2.6531160992
1668	2.6520034194
1669	2.6509035098
1670	2.6499201140
1671	2.6492641570
1672	2.6487947171
1673	2.6484004032
1674	2.6480527313
1675	2.6476612346
1676	2.6474957750
1677	2.6477858211
1678	2.6483779109
1679	2.6491343839
1680	2.6500940435
1681	2.6511945160
1682	2.6523215858
1683	2.6534202438
1684	2.6543786855
1685	2.6551694369
1686	2.6558243266
1687	2.6563555018
1688	2.6567793926
1689	2.6570828929
1690	2.6572221818
1691	2.6571894113
1692	2.6571147607
1693	2.6569181640
1694	2.6563131726
1695	2.6553207827
1696	2.6541140804
1697	2.6528185263
1698	2.6514767783
1699	2.6501777981
1700	2.6491570114
1701	2.6484218801
1702	2.6478888479
1703	2.6474094277
1704	2.6467561574
1705	2.6459215952
1706	2.6450140883
1707	2.6440971172
1708	2.6431206575
1709	2.6421841366
1710	2.6414905498
1711	2.6410917530
1712	2.6410078840
1713	2.6412134923
1714	2.6416802255
1715	2.6423903356
1716	2.6433560847
1717	2.6447954381
1718	2.6466000831
1719	2.6483509112
1720	2.6500164740
1721	2.6515693989
1722	2.6529357146
1723	2.6541543300
1724	2.6551793571
1725	2.6559954491
1726	2.6565843309
1727	2.6568086834
1728	2.6565836649
1729	2.6560222790
1730	2.6552297420
1731	2.6542654803
1732	2.6531154266
1733	2.6518084056
1734	2.6504418271
1735	2.6490770672
1736	2.6477271648
1737	2.6462060325
1738	2.6446540075
1739	2.6433585651
1740	2.6422252719
1741	2.6412835700
1742	2.6406459291
1743	2.6403470533
1744	2.6403451499
1745	2.6404905579
1746	2.6405902082
1747	2.6404211514
1748	2.6399524370
1749	2.6393868923
1750	2.6389176057
1751	2.6384669039
1752	2.6380386549
1753	2.6378808231
1754	2.6379871863
1755	2.6380875036
1756	2.6381216426
1757	2.6381677717
1758	2.6382859085
1759	2.6384679653
1760	2.6385713305
1761	2.6384817709
1762	2.6380678819
1763	2.6374231494
1764	2.6363697270
1765	2.6348161604
1766	2.6332585638
1767	2.6318618933
1768	2.6305225757
1769	2.6291628424
1770	2.6279997887
1771	2.6271458316
1772	2.6264431749
1773	2.6259146933
1774	2.6257252474
1775	2.6259909420
1776	2.6266411932
1777	2.6277179404
1778	2.6291626600
1779	2.6306846532
1780	2.6320105793
1781	2.6329687103
1782	2.6333616849
1783	2.6328876660
1784	2.6317657365
1785	2.6303118409
1786	2.6282256111
1787	2.6255262959
1788	2.6224591609
1789	2.6193131750
1790	2.6165269487
1791	2.6138202158
1792	2.6109395352
1793	2.6082242470
1794	2.6056574484
1795	2.6030026886
1796	2.6005402494
1797	2.5984563859
1798	2.5969377519
1799	2.5962603597
1800	2.5959796654
1801	2.5958785990
1802	2.5961439081
1803	2.5965574019
1804	2.5966005232
1805	2.5962591379
1806	2.5960781043
1807	2.5959013795
1808	2.5954581157
1809	2.5949173992
1810	2.5942747127
1811	2.5936166943
1812	2.5929275935
1813	2.5921580402
1814	2.5913172322
1815	2.5903734621
1816	2.5895795637
1817	2.5888047521
1818	2.5876989371
1819	2.5863534620
1820	2.5847290082
1821	2.5826995266
1822	2.5803970693
1823	2.5782655751
1824	2.5766508845
1825	2.5757401161
1826	2.5759923510
1827	2.5774663552
1828	2.5800153505
1829	2.5832777365
1830	2.5865502061
1831	2.5891157827
1832	2.5903810247
1833	2.5904599677
1834	2.5890844831
1835	2.5862573050
1836	2.5827669149
1837	2.5786027372
1838	2.5733418983
1839	2.5668581845
1840	2.5596087004
1841	2.5525498032
1842	2.5459470454
1843	2.5390807175
1844	2.5323010873
1845	2.5262126179
1846	2.5206974695
1847	2.5165678700
1848	2.5143541627
1849	2.5136416943
1850	2.5137125621
1851	2.5141469189
1852	2.5152567738
1853	2.5174801651
1854	2.5212264011
1855	2.5259324030
1856	2.5302111931
1857	2.5337123743
1858	2.5366486832
1859	2.5392539384
1860	2.5422001035
1861	2.5454082583
1862	2.5483541112
1863	2.5506246137
1864	2.5518560030
1865	2.5521557686
1866	2.5514683095
1867	2.5498031852
1868	2.5472043995
1869	2.5437997141
1870	2.5400415239
1871	2.5363755006
1872	2.5324140692
1873	2.5275926760
1874	2.5232132621
1875	2.5201678268
1876	2.5178162862
1877	2.5155519379
1878	2.5132567643
1879	2.5109952843
1880	2.5085666248
1881	2.5065406753
1882	2.5053471575
1883	2.5045440152
1884	2.5039080575
1885	2.5033649447
1886	2.5029405073
1887	2.5024932809
1888	2.5018032414
1889	2.5013810091
1890	2.5020567633
1891	2.5041886936
1892	2.5073672938
1893	2.5108980312
1894	2.5143817835
1895	2.5177305828
1896	2.5206000034
1897	2.5224332540
1898	2.5232428273
1899	2.5227691139
1900	2.5208035747
1901	2.5175200305
1902	2.5132047377
1903	2.5080181254
1904	2.5019684891
1905	2.4959684644
1906	2.4905466274
1907	2.4856075978
1908	2.4806248056
1909	2.4747044706
1910	2.4680703105
1911	2.4612942813
1912	2.4543486541
1913	2.4475680211
1914	2.4414545713
1915	2.4362741208
1916	2.4326397450
1917	2.4296271179
1918	2.4260201770
1919	2.4229689222
1920	2.4209711802
1921	2.4197878031
1922	2.4202814095
1923	2.4224842811
1924	2.4259605172
1925	2.4306323634
1926	2.4359616111
1927	2.4413029431
1928	2.4461568466
1929	2.4505298306
1930	2.4544966038
1931	2.4583122863
1932	2.4621165275
1933	2.4652822509
1934	2.4683690022
1935	2.4721255831
1936	2.4760615792
1937	2.4794075670
1938	2.4820633448
1939	2.4848422573
1940	2.4871830789
1941	2.4882359272
1942	2.4881870448
1943	2.4870004782
1944	2.4845879325
1945	2.4810900566
1946	2.4769926721
1947	2.4723684864
1948	2.4677647682
1949	2.4637768497
1950	2.4601614572
1951	2.4565936735
1952	2.4527249147
1953	2.4486664282
1954	2.4445952155
1955	2.4408480222
1956	2.4376239957
1957	2.4348790970
1958	2.4329331165
1959	2.4321495217
1960	2.4321364147
1961	2.4322161478
1962	2.4322873460
1963	2.4327477670
1964	2.4341280984
1965	2.4361621184
1966	2.4392950937
1967	2.4440595163
1968	2.4490199834
1969	2.4529971565
1970	2.4558282827
1971	2.4575029271
1972	2.4590963325
1973	2.4611791499
1974	2.4632396937
1975	2.4655264464
1976	2.4677515555
1977	2.4700699889
1978	2.4732456980
1979	2.4768260730
1980	2.4795730716
1981	2.4806259225
1982	2.4804077880
1983	2.4788187917
1984	2.4762839867
1985	2.4744676417
1986	2.4731705031
1987	2.4709522050
1988	2.4674556632
1989	2.4639404907
1990	2.4615725365
1991	2.4601255360
1992	2.4591047398
1993	2.4582433255
1994	2.4573644149
1995	2.4564019908
1996	2.4552742768
1997	2.4535003254
1998	2.4512522223
1999	2.4493173669
2000	2.4474938503
2001	2.4461437755
2002	2.4455745483
2003	2.4452988339
2004	2.4457222266
2005	2.4473627977
2006	2.4503193448
2007	2.4541060922
2008	2.4580578577
2009	2.4613701149
2010	2.4634519759
2011	2.4649290127
2012	2.4665446054
2013	2.4684441679
2014	2.4702691407
2015	2.4718779083
2016	2.4734259589
2017	2.4748252886
2018	2.4753842669
2019	2.4744651054
2020	2.4727291083
2021	2.4712761565
2022	2.4706785216
2023	2.4704553563
2024	2.4703241281
2025	2.4707111627
2026	2.4714427822
2027	2.4724920438
2028	2.4740238510
2029	2.4757105350
2030	2.4771253209
2031	2.4782783642
2032	2.4792921840
2033	2.4796988049
2034	2.4790554276
2035	2.4777303977
2036	2.4759421023
2037	2.4733135740
2038	2.4695023546
2039	2.4645778803
2040	2.4588746662
2041	2.4524978452
2042	2.4460144321
2043	2.4397091326
2044	2.4328611872
2045	2.4256504728
2046	2.4193129981
2047	2.4142185340
2048	2.4101357632
2049	2.4064207996
2050	2.4030039106
2051	2.4020949934
2052	2.4040656216
2053	2.4081638929
2054	2.4148681101
2055	2.4229439713
2056	2.4312305512
2057	2.4392311058
2058	2.4463607554
2059	2.4526079774
2060	2.4585975258
2061	2.4646494080
2062	2.4700381864
2063	2.4748317559
2064	2.4790852128
2065	2.4824186119
2066	2.4848340947
2067	2.4863902449
2068	2.4871855744
2069	2.4872783235
2070	2.4871378688
2071	2.4870891877
2072	2.4869863969
2073	2.4869352428
2074	2.4871112755
2075	2.4872387350
2076	2.4872590022
2077	2.4868485310
2078	2.4849424307
2079	2.4814162522
2080	2.4773480507
2081	2.4730501535
2082	2.4678046548
2083	2.4618609265
2084	2.4565344544
2085	2.4527677866
2086	2.4502131508
2087	2.4487197383
2088	2.4489658611
2089	2.4509372845
2090	2.4538844183
2091	2.4569137332
2092	2.4594516903
2093	2.4612118047
2094	2.4625183466
2095	2.4638897096
2096	2.4653371839
2097	2.4665350060
2098	2.4675556751
2099	2.4683060825
2100	2.4679227591
2101	2.4661874736
2102	2.4633695858
2103	2.4602159791
2104	2.4569402975
2105	2.4534812558
2106	2.4511074949
2107	2.4496769091
2108	2.4487475799
2109	2.4490458140
2110	2.4497976077
2111	2.4505818296
2112	2.4519393876
2113	2.4539172530
2114	2.4563645018
2115	2.4589727446
2116	2.4615380850
2117	2.4636889950
2118	2.4655473713
2119	2.4671198225
2120	2.4684715974
2121	2.4704658381
2122	2.4732289789
2123	2.4759957152
2124	2.4784134641
2125	2.4811214841
2126	2.4842243541
2127	2.4873615977
2128	2.4902531589
2129	2.4928753233
2130	2.4953249309
2131	2.4971856745
2132	2.4981540626
2133	2.4976601824
2134	2.4961010929
2135	2.4944163372
2136	2.4923006943
2137	2.4898163679
2138	2.4875017628
2139	2.4855935244
2140	2.4843904423
2141	2.4838097723
2142	2.4836250640
2143	2.4842384383
2144	2.4855263183
2145	2.4867225053
2146	2.4877750463
2147	2.4888838960
2148	2.4898726760
2149	2.4907470877
2150	2.4920069416
2151	2.4938792454
2152	2.4963277646
2153	2.4998916636
2154	2.5048060547
2155	2.5102498822
2156	2.5156115145
2157	2.5210896917
2158	2.5266985983
2159	2.5317502689
2160	2.5360052763
2161	2.5400543192
2162	2.5438994764
2163	2.5473183649
2164	2.5503648936
2165	2.5532712577
2166	2.5562450956
2167	2.5586859217
2168	2.5599205327
2169	2.5597270115
2170	2.5586659710
2171	2.5574824428
2172	2.5564052759
2173	2.5553463424
2174	2.5540510635
2175	2.5522247240
2176	2.5495671407
2177	2.5468177233
2178	2.5449555938
2179	2.5441915566
2180	2.5439226905
2181	2.5439096454
2182	2.5449410120
2183	2.5474176473
2184	2.5514359823
2185	2.5565154787
2186	2.5621894286
2187	2.5679069161
2188	2.5731544022
2189	2.5786433093
2190	2.5845102264
2191	2.5904272262
2192	2.5960522309
2193	2.6002591463
2194	2.6028153266
2195	2.6040562611
2196	2.6038207542
2197	2.6025710820
2198	2.6006406075
2199	2.5980798849
2200	2.5955341181
2201	2.5930930369
2202	2.5899177015
2203	2.5859427636
2204	2.5819592032
2205	2.5781804537
2206	2.5746763535
2207	2.5715685765
2208	2.5687904177
2209	2.5663664252
2210	2.5647286957
2211	2.5645013360
2212	2.5657336141
2213	2.5682809808
2214	2.5719558803
2215	2.5762410855
2216	2.5807231732
2217	2.5853521230
2218	2.5897551545
2219	2.5934078065
2220	2.5965639049
2221	2.5996979067
2222	2.6027158804
2223	2.6050895098
2224	2.6067958247
2225	2.6084737893
2226	2.6103415724
2227	2.6122334513
2228	2.6141663453
2229	2.6161090084
2230	2.6178117908
2231	2.6191524706
2232	2.6201532857
2233	2.6207705720
2234	2.6211711083
2235	2.6215865508
2236	2.6222149461
2237	2.6230015785
2238	2.6236323057
2239	2.6238007788
2240	2.6231687501
2241	2.6219846301
2242	2.6203819135
2243	2.6182775893
2244	2.6157950989
2245	2.6130788237
2246	2.6104741010
2247	2.6078804770
2248	2.6054085937
2249	2.6032111198
2250	2.6014190783
2251	2.6005722173
2252	2.6003875212
2253	2.6004160646
2254	2.6006597151
2255	2.6009341845
2256	2.6012417971
2257	2.6018017647
2258	2.6023982554
2259	2.6030460524
2260	2.6038924681
2261	2.6045629177
2262	2.6049547972
2263	2.6051599299
2264	2.6051548600
2265	2.6051707277
2266	2.6057929574
2267	2.6071588902
2268	2.6087897060
2269	2.6106319727
2270	2.6128513272
2271	2.6150922058
2272	2.6167168514
2273	2.6175053113
2274	2.6178975776
2275	2.6181113198
2276	2.6178957985
2277	2.6173579123
2278	2.6167667889
2279	2.6161574758
2280	2.6152805393
2281	2.6140470113
2282	2.6126684418
2283	2.6111348983
2284	2.6097857111
2285	2.6090432903
2286	2.6087144660
2287	2.6086922455
2288	2.6090557228
2289	2.6095599877
2290	2.6101370392
2291	2.6106113902
2292	2.6104759389
2293	2.6099600088
2294	2.6095037790
2295	2.6091677234
2296	2.6087727535
2297	2.6083617225
2298	2.6081220914
2299	2.6079474251
2300	2.6080548739
2301	2.6087262300
2302	2.6100887935
2303	2.6119214615
2304	2.6137484700
2305	2.6151167802
2306	2.6158937028
2307	2.6166806838
2308	2.6178442896
2309	2.6191908124
2310	2.6203920607
2311	2.6213917776
2312	2.6222374684
2313	2.6229807764
2314	2.6237697287
2315	2.6244852717
2316	2.6248681973
2317	2.6248217150
2318	2.6247696126
2319	2.6250177057
2320	2.6253870677
2321	2.6256216147
2322	2.6253081634
2323	2.6240894721
2324	2.6218152059
2325	2.6187344339
2326	2.6153214537
2327	2.6116420455
2328	2.6078208868
2329	2.6041984224
2330	2.6010869109
2331	2.5984616835
2332	2.5957768505
2333	2.5930716049
2334	2.5907683697
2335	2.5892272320
2336	2.5882934265
2337	2.5873612485
2338	2.5865712162
2339	2.5860679587
2340	2.5860023203
2341	2.5865470016
2342	2.5875367413
2343	2.5891492894
2344	2.5911972207
2345	2.5934456743
2346	2.5963115963
2347	2.5994645664
2348	2.6024896256
2349	2.6058324013
2350	2.6091517558
2351	2.6118656802
2352	2.6142002256
2353	2.6158828390
2354	2.6164663636
2355	2.6163098294
2356	2.6159681166
2357	2.6158331413
2358	2.6159034171
2359	2.6158827753
2360	2.6155823563
2361	2.6150481699
2362	2.6142818472
2363	2.6129921644
2364	2.6109522108
2365	2.6083695070
2366	2.6055358584
2367	2.6020681329
2368	2.5977298144
2369	2.5927895170
2370	2.5876985005
2371	2.5826925130
2372	2.5776856395
2373	2.5730140244
2374	2.5690142865
2375	2.5661835317
2376	2.5648584145
2377	2.5648535049
2378	2.5656393304
2379	2.5668037002
2380	2.5685320367
2381	2.5710403890
2382	2.5746000523
2383	2.5786888302
2384	2.5827817748
2385	2.5870340783
2386	2.5912096426
2387	2.5951506370
2388	2.5987240223
2389	2.6016792675
2390	2.6033906328
2391	2.6033459369
2392	2.6018920810
2393	2.5991539663
2394	2.5951905380
2395	2.5907509372
2396	2.5867090469
2397	2.5833978280
2398	2.5804630032
2399	2.5778970752
2400	2.5761502802
2401	2.5750892259
2402	2.5744600456
2403	2.5744240046
2404	2.5753960895
2405	2.5772645844
2406	2.5794338651
2407	2.5818275999
2408	2.5842397459
2409	2.5864820146
2410	2.5890523190
2411	2.5917407166
2412	2.5940205223
2413	2.5962366116
2414	2.5983566281
2415	2.6001818653
2416	2.6015379898
2417	2.6019377596
2418	2.6014061246
2419	2.6000633453
2420	2.5979366550
2421	2.5950511931
2422	2.5917233196
2423	2.5884458854
2424	2.5856336136
2425	2.5835225316
2426	2.5818123671
2427	2.5803069368
2428	2.5787844475
2429	2.5772486216
2430	2.5761013621
2431	2.5753792913
2432	2.5747206804
2433	2.5742083727
2434	2.5742204691
2435	2.5745708749
2436	2.5748885432
2437	2.5748923193
2438	2.5748268803
2439	2.5748437435
2440	2.5747151240
2441	2.5741096903
2442	2.5731183202
2443	2.5725142084
2444	2.5717244365
2445	2.5701577414
2446	2.5686041577
2447	2.5673867826
2448	2.5664420917
2449	2.5658812546
2450	2.5654029522
2451	2.5644901183
2452	2.5630235224
2453	2.5610146802
2454	2.5585739838
2455	2.5562302356
2456	2.5547353179
2457	2.5544488332
2458	2.5551004356
2459	2.5564936467
2460	2.5586306109
2461	2.5610950558
2462	2.5633785416
2463	2.5652469061
2464	2.5668179627
2465	2.5681871273
2466	2.5691506274
2467	2.5696004302
2468	2.5696414307
2469	2.5696131177
2470	2.5695278754
2471	2.5694152403
2472	2.5692390187
2473	2.5686012958
2474	2.5674143566
2475	2.5657730566
2476	2.5639408549
2477	2.5616685168
2478	2.5589457668
2479	2.5565807630
2480	2.5547609366
2481	2.5532812058
2482	2.5520182843
2483	2.5512036959
2484	2.5508865568
2485	2.5505044358
2486	2.5500547865
2487	2.5497023921
2488	2.5496429378
2489	2.5500902860
2490	2.5507834339
2491	2.5515849590
2492	2.5525546658
2493	2.5541748062
2494	2.5564089206
2495	2.5586172922
2496	2.5606859738
2497	2.5624372462
2498	2.5635676015
2499	2.5641383171
2500	2.5645230368
2501	2.5649875208
2502	2.5653782518
2503	2.5651485835
2504	2.5639769752
2505	2.5622154478
2506	2.5612390229
2507	2.5614008695
2508	2.5615679529
2509	2.5618526342
2510	2.5619551397
2511	2.5615054914
2512	2.5615401978
2513	2.5624801530
2514	2.5638948225
2515	2.5654241712
2516	2.5667992783
2517	2.5680003044
2518	2.5694423436
2519	2.5710085957
2520	2.5727218244
2521	2.5744885440
2522	2.5757318568
2523	2.5768315604
2524	2.5783513470
2525	2.5803603803
2526	2.5823614041
2527	2.5838979877
2528	2.5849905920
2529	2.5852963218
2530	2.5843946818
2531	2.5824197809
2532	2.5798704717
2533	2.5771879548
2534	2.5748641156
2535	2.5731682681
2536	2.5715419126
2537	2.5693985556
2538	2.5666785477
2539	2.5636036681
2540	2.5606789015
2541	2.5585581127
2542	2.5574479554
2543	2.5565566702
2544	2.5558357056
2545	2.5559825837
2546	2.5565532107
2547	2.5569670156
2548	2.5572315166
2549	2.5579004063
2550	2.5591513175
2551	2.5603566808
2552	2.5612462520
2553	2.5619208542
2554	2.5625842078
2555	2.5633992019
2556	2.5645958976
2557	2.5664046786
2558	2.5687959083
2559	2.5716136656
2560	2.5749872765
2561	2.5791939334
2562	2.5842948614
2563	2.5899132192
2564	2.5955062607
2565	2.6011586183
2566	2.6065222812
2567	2.6108537294
2568	2.6137780521
2569	2.6152442582
2570	2.6155768720
2571	2.6151228666
2572	2.6143479540
2573	2.6131011368
2574	2.6113533237
2575	2.6096960791
2576	2.6081512878
2577	2.6066933260
2578	2.6055142575
2579	2.6047492443
2580	2.6047552343
2581	2.6055700266
2582	2.6066831327
2583	2.6079232095
2584	2.6091104328
2585	2.6100959277
2586	2.6111080461
2587	2.6121471813
2588	2.6131245373
2589	2.6139094797
2590	2.6143609269
2591	2.6144995499
2592	2.6144984856
2593	2.6145019484
2594	2.6145829210
2595	2.6149740277
2596	2.6158567361
2597	2.6172586540
2598	2.6188069913
2599	2.6201076869
2600	2.6215926250
2601	2.6233703179
2602	2.6249529740
2603	2.6264011914
2604	2.6280008466
2605	2.6297463911
2606	2.6314613324
2607	2.6331792676
2608	2.6348600642
2609	2.6364478408
2610	2.6380816988
2611	2.6395308451
2612	2.6405540280
2613	2.6411542800
2614	2.6411915694
2615	2.6406082657
2616	2.6395020720
2617	2.6378249244
2618	2.6358905198
2619	2.6341923410
2620	2.6328123626
2621	2.6317892748
2622	2.6309578995
2623	2.6301469745
2624	2.6294646714
2625	2.6288562129
2626	2.6280449933
2627	2.6267865403
2628	2.6253762846
2629	2.6243002281
2630	2.6236897007
2631	2.6236186618
2632	2.6240821942
2633	2.6249444456
2634	2.6259238032
2635	2.6270176383
2636	2.6284034470
2637	2.6301472903
2638	2.6324156109
2639	2.6349888287
2640	2.6374907991
2641	2.6396984309
2642	2.6416996698
2643	2.6436541850
2644	2.6454005242
2645	2.6468473862
2646	2.6479539304
2647	2.6487965087
2648	2.6495019801
2649	2.6501240009
2650	2.6506052640
2651	2.6507659259
2652	2.6505186376
2653	2.6499691723
2654	2.6492127840
2655	2.6481824252
2656	2.6468106383
2657	2.6452106447
2658	2.6435260126
2659	2.6416153536
2660	2.6395961320
2661	2.6377420258
2662	2.6360455126
2663	2.6344234942
2664	2.6329848198
2665	2.6318914595
2666	2.6308188809
2667	2.6296336737
2668	2.6285187491
2669	2.6277129753
2670	2.6276303274
2671	2.6282549048
2672	2.6292603269
2673	2.6304970009
2674	2.6319831514
2675	2.6335778422
2676	2.6350000664
2677	2.6363152230
2678	2.6375898085
2679	2.6387600480
2680	2.6400545804
2681	2.6414850102
2682	2.6427891411
2683	2.6438932110
2684	2.6447949541
2685	2.6456223369
2686	2.6464281651
2687	2.6468965352
2688	2.6470916398
2689	2.6472214022
2690	2.6470422342
2691	2.6467615248
2692	2.6466097068
2693	2.6464331337
2694	2.6461382050
2695	2.6455592493
2696	2.6446077156
2697	2.6432887690
2698	2.6417522463
2699	2.6401439788
2700	2.6385513275
2701	2.6371485019
2702	2.6361185997
2703	2.6353796761
2704	2.6348402450
2705	2.6347925447
2706	2.6352362822
2707	2.6358557446
2708	2.6364193912
2709	2.6370023506
2710	2.6379723998
2711	2.6394320121
2712	2.6410727741
2713	2.6425413073
2714	2.6438157620
2715	2.6450245493
2716	2.6462094599
2717	2.6473952960
2718	2.6485623179
2719	2.6495025936
2720	2.6501710203
2721	2.6505813000
2722	2.6505473835
2723	2.6500906139
2724	2.6492704810
2725	2.6481858574
2726	2.6468330285
2727	2.6451455539
2728	2.6432716688
2729	2.6413020075
2730	2.6393552258
2731	2.6375258299
2732	2.6359109195
2733	2.6346025612
2734	2.6335576310
2735	2.6327506279
2736	2.6322818176
2737	2.6324199329
2738	2.6332321710
2739	2.6345649518
2740	2.6364450096
2741	2.6386823951
2742	2.6407857309
2743	2.6425723193
2744	2.6441227541
2745	2.6454460019
2746	2.6464554081
2747	2.6471732263
2748	2.6477450634
2749	2.6482106148
2750	2.6485376303
2751	2.6486775143
2752	2.6486681194
2753	2.6486690729
2754	2.6487108197
2755	2.6488186161
2756	2.6488244739
2757	2.6485512733
2758	2.6482081702
2759	2.6476715323
2760	2.6467033161
2761	2.6452247750
2762	2.6431763549
2763	2.6408185934
2764	2.6384524775
2765	2.6361473430
2766	2.6339203086
2767	2.6320170829
2768	2.6305865255
2769	2.6294443124
2770	2.6283957858
2771	2.6274476766
2772	2.6266221384
2773	2.6257238301
2774	2.6248728618
2775	2.6243168745
2776	2.6239521026
2777	2.6239127771
2778	2.6242644386
2779	2.6247719048
2780	2.6253835800
2781	2.6260751429
2782	2.6268571634
2783	2.6279897404
2784	2.6294855410
2785	2.6308159811
2786	2.6316639904
2787	2.6319682511
2788	2.6317182198
2789	2.6307988757
2790	2.6292389337
2791	2.6274493673
2792	2.6257505369
2793	2.6241424131
2794	2.6222094668
2795	2.6202230992
2796	2.6183345290
2797	2.6162272184
2798	2.6142988179
2799	2.6126308494
2800	2.6110224559
2801	2.6095467120
2802	2.6082841974
2803	2.6070880903
2804	2.6060742007
2805	2.6056763259
2806	2.6060524453
2807	2.6069553230
2808	2.6081427078
2809	2.6098144770
2810	2.6118326171
2811	2.6135499875
2812	2.6145687972
2813	2.6150740671
2814	2.6152778883
2815	2.6149962151
2816	2.6140668444
2817	2.6128975945
2818	2.6117297799
2819	2.6101506906
2820	2.6080444094
2821	2.6054585290
2822	2.6025348868
2823	2.5993013317
2824	2.5955315897
2825	2.5911621072
2826	2.5863283229
2827	2.5816545653
2828	2.5777204244
2829	2.5748883735
2830	2.5732919629
2831	2.5724190175
2832	2.5721365010
2833	2.5727514149
2834	2.5743420032
2835	2.5768257555
2836	2.5799005915
2837	2.5831594470
2838	2.5858949780
2839	2.5881703314
2840	2.5906804591
2841	2.5935974495
2842	2.5969984562
2843	2.6002765720
2844	2.6025014380
2845	2.6035357355
2846	2.6040864211
2847	2.6043841959
2848	2.6040116281
2849	2.6031932802
2850	2.6020809795
2851	2.6006293430
2852	2.5990316568
2853	2.5972933346
2854	2.5950648799
2855	2.5922225967
2856	2.5886626100
2857	2.5841240904
2858	2.5787688387
2859	2.5729887763
2860	2.5672460775
2861	2.5615732744
2862	2.5563937817
2863	2.5524842655
2864	2.5498425185
2865	2.5479087472
2866	2.5463890372
2867	2.5460988766
2868	2.5471131176
2869	2.5487056036
2870	2.5506190494
2871	2.5519015889
2872	2.5519844692
2873	2.5515061022
2874	2.5506207367
2875	2.5496361535
2876	2.5489881469
2877	2.5481866642
2878	2.5473897178
2879	2.5465587116
2880	2.5449155284
2881	2.5424946551
2882	2.5397238376
2883	2.5371650453
2884	2.5354857369
2885	2.5349608772
2886	2.5352803967
2887	2.5358429972
2888	2.5364061426
2889	2.5374425877
2890	2.5389948960
2891	2.5406609088
2892	2.5426679099
2893	2.5450230693
2894	2.5476747687
2895	2.5504866657
2896	2.5527648261
2897	2.5542172694
2898	2.5546794720
2899	2.5541903793
2900	2.5529683007
2901	2.5507673306
2902	2.5474231764
2903	2.5433282027
2904	2.5394020900
2905	2.5357140045
2906	2.5320235324
2907	2.5289575342
2908	2.5265317805
2909	2.5243282017
2910	2.5223451597
2911	2.5207074613
2912	2.5193802673
2913	2.5181950525
2914	2.5174971232
2915	2.5179446910
2916	2.5192765496
2917	2.5205013785
2918	2.5208593671
2919	2.5204884104
2920	2.5201316209
2921	2.5197643962
2922	2.5191403963
2923	2.5188045907
2924	2.5194649905
2925	2.5208555310
2926	2.5224083043
2927	2.5243786159
2928	2.5269395070
2929	2.5303243035
2930	2.5346773291
2931	2.5395830333
2932	2.5448628581
2933	2.5500989908
2934	2.5549422364
2935	2.5590894857
2936	2.5621514768
2937	2.5642315495
2938	2.5650524582
2939	2.5645230835
2940	2.5627780078
2941	2.5599421573
2942	2.5558717864
2943	2.5504073534
2944	2.5443252951
2945	2.5377258219
2946	2.5304971030
2947	2.5229397379
2948	2.5151473036
2949	2.5073822070
2950	2.4998977676
2951	2.4923446532
2952	2.4850675370
2953	2.4793884677
2954	2.4753226192
2955	2.4726617574
2956	2.4713636535
2957	2.4711736549
2958	2.4721999472
2959	2.4748947624
2960	2.4792882197
2961	2.4840368156
2962	2.4885517797
2963	2.4936768853
2964	2.4998076673
2965	2.5061437159
2966	2.5126163771
2967	2.5194374620
2968	2.5255248729
2969	2.5303038869
2970	2.5338845883
2971	2.5369678171
2972	2.5400873141
2973	2.5428709959
2974	2.5451604157
2975	2.5465254938
2976	2.5465197365
2977	2.5458833293
2978	2.5452320683
2979	2.5444882283
2980	2.5437471982
2981	2.5431913074
2982	2.5430601608
2983	2.5436258132
2984	2.5446190897
2985	2.5448310354
2986	2.5439378164
2987	2.5425279517
2988	2.5405608420
2989	2.5382786204
2990	2.5358921476
2991	2.5335301754
2992	2.5318210043
2993	2.5305768149
2994	2.5292580964
2995	2.5280107493
2996	2.5267239950
2997	2.5253410703
2998	2.5244487201
2999	2.5246113045
