0	2.5912592505
1	2.5917225354
2	2.5927001433
3	2.5938971310
4	2.5953089493
5	2.5968208263
6	2.5984550556
7	2.6001178287
8	2.6018429726
9	2.6035490030
10	2.6052689356
11	2.6069379082
12	2.6085790545
13	2.6101484840
14	2.6116545799
15	2.6130757094
16	2.6144049326
17	2.6156406854
18	2.6167636263
19	2.6177874297
20	2.6186854153
21	2.6194803529
22	2.6201439746
23	2.6207019932
24	2.6211297950
25	2.6214508382
26	2.6216481360
27	2.6217391766
28	2.6217169703
29	2.6215909693
30	2.6213649212
31	2.6210397865
32	2.6206293062
33	2.6201269900
34	2.6195545290
35	2.6189002116
36	2.6181902582
37	2.6174104488
38	2.6165869707
39	2.6157067008
40	2.6147924677
41	2.6138375468
42	2.6128585644
43	2.6118566763
44	2.6108369896
45	2.6098088678
46	2.6087680989
47	2.6077347049
48	2.6066954744
49	2.6056738096
50	2.6046508445
51	2.6036534665
52	2.6026635874
53	2.6017014646
54	2.6007530031
55	2.5998322188
56	2.5989350297
57	2.5980604343
58	2.5972137951
59	2.5963837145
60	2.5955861554
61	2.5948018917
62	2.5940582991
63	2.5933278435
64	2.5926204897
65	2.5919002272
66	2.5911917737
67	2.5905000218
68	2.5898467801
69	2.5892108467
70	2.5885541809
71	2.5878758112
72	2.5871844838
73	2.5865102208
74	2.5858024333
75	2.5850693996
76	2.5843040589
77	2.5835466887
78	2.5827524778
79	2.5819208348
80	2.5810557351
81	2.5801771875
82	2.5792569680
83	2.5782690964
84	2.5772484228
85	2.5761769448
86	2.5750429034
87	2.5738206509
88	2.5725662248
89	2.5712363835
90	2.5698374127
91	2.5683752852
92	2.5668809638
93	2.5653186914
94	2.5636988082
95	2.5620542982
96	2.5603572790
97	2.5586066539
98	2.5568056177
99	2.5549798405
100	2.5530664190
101	2.5511130011
102	2.5491082175
103	2.5470443925
104	2.5449068982
105	2.5427405569
106	2.5405146491
107	2.5382270791
108	2.5359277826
109	2.5335881350
110	2.5312213711
111	2.5288412728
112	2.5264772633
113	2.5240797661
114	2.5217160244
115	2.5193592286
116	2.5170085037
117	2.5146792033
118	2.5123878338
119	2.5100984001
120	2.5078211272
121	2.5055703355
122	2.5032895492
123	2.5010554713
124	2.4988773821
125	2.4967543139
126	2.4946169961
127	2.4924138468
128	2.4900649959
129	2.4877507175
130	2.4856685337
131	2.4838558945
132	2.4821542591
133	2.4802295012
134	2.4779528868
135	2.4755637336
136	2.4734485423
137	2.4716695593
138	2.4701375149
139	2.4686383954
140	2.4671863661
141	2.4658175045
142	2.4643719182
143	2.4626600432
144	2.4607999560
145	2.4590433564
146	2.4574824367
147	2.4560933581
148	2.4547868469
149	2.4537247175
150	2.4528740808
151	2.4519867609
152	2.4508902088
153	2.4496805455
154	2.4483445642
155	2.4468054780
156	2.4450458378
157	2.4432401556
158	2.4415938890
159	2.4399931808
160	2.4384721954
161	2.4371844136
162	2.4361288503
163	2.4350906701
164	2.4340605538
165	2.4330445730
166	2.4319951197
167	2.4307308546
168	2.4292589633
169	2.4277331777
170	2.4260430497
171	2.4241836866
172	2.4223493778
173	2.4206531401
174	2.4190052906
175	2.4175200712
176	2.4162881569
177	2.4153263636
178	2.4144954904
179	2.4138379662
180	2.4133966440
181	2.4129508255
182	2.4124546258
183	2.4119709720
184	2.4113879480
185	2.4105685693
186	2.4096268643
187	2.4085198096
188	2.4072011050
189	2.4056851581
190	2.4041814610
191	2.4027079228
192	2.4011856930
193	2.3997136625
194	2.3982341515
195	2.3967310538
196	2.3955126991
197	2.3948250444
198	2.3944482412
199	2.3941352951
200	2.3936166643
201	2.3929083745
202	2.3923045519
203	2.3922125684
204	2.3925389692
205	2.3927476882
206	2.3926444539
207	2.3922604897
208	2.3916263994
209	2.3908185239
210	2.3898833594
211	2.3888068902
212	2.3879402305
213	2.3873812306
214	2.3868570304
215	2.3861047147
216	2.3852386691
217	2.3844019579
218	2.3835243115
219	2.3827033772
220	2.3820802472
221	2.3818688777
222	2.3822359396
223	2.3830244779
224	2.3839685184
225	2.3852343661
226	2.3867126104
227	2.3880964760
228	2.3893212516
229	2.3905381373
230	2.3918174547
231	2.3930841079
232	2.3944032017
233	2.3958165658
234	2.3974022664
235	2.3990213537
236	2.4004249869
237	2.4016157960
238	2.4026546686
239	2.4031931790
240	2.4032158267
241	2.4029372221
242	2.4023418962
243	2.4014481902
244	2.4003827038
245	2.3993583737
246	2.3984060673
247	2.3975382432
248	2.3967380223
249	2.3961040493
250	2.3955914491
251	2.3950004427
252	2.3943614894
253	2.3938311868
254	2.3931964957
255	2.3924528894
256	2.3918654692
257	2.3913841717
258	2.3910728233
259	2.3910565909
260	2.3914551339
261	2.3922127971
262	2.3932696072
263	2.3946325737
264	2.3963544875
265	2.3983257118
266	2.4003768927
267	2.4025004349
268	2.4045634802
269	2.4063413280
270	2.4079482258
271	2.4095120148
272	2.4107904815
273	2.4118951429
274	2.4129193267
275	2.4138465397
276	2.4147060853
277	2.4155405158
278	2.4163817004
279	2.4172021045
280	2.4180229602
281	2.4188803285
282	2.4197111301
283	2.4203415547
284	2.4208354727
285	2.4212051832
286	2.4212626555
287	2.4209716654
288	2.4205222866
289	2.4197816537
290	2.4188043513
291	2.4177706981
292	2.4166066564
293	2.4154381003
294	2.4143770235
295	2.4134616845
296	2.4126891987
297	2.4121589552
298	2.4119533332
299	2.4120464220
300	2.4123640063
301	2.4130075391
302	2.4139636787
303	2.4150790593
304	2.4163688974
305	2.4178532205
306	2.4193728190
307	2.4209082079
308	2.4225333739
309	2.4240473041
310	2.4255689160
311	2.4271133981
312	2.4285604039
313	2.4300030559
314	2.4315312570
315	2.4331497491
316	2.4348559903
317	2.4366914077
318	2.4386277295
319	2.4405906425
320	2.4426451100
321	2.4450004647
322	2.4475942713
323	2.4502616621
324	2.4527820054
325	2.4549600308
326	2.4568903644
327	2.4590092201
328	2.4613891548
329	2.4637301102
330	2.4655972442
331	2.4664715273
332	2.4666443703
333	2.4667887838
334	2.4671893966
335	2.4676335036
336	2.4676796794
337	2.4670453747
338	2.4658716461
339	2.4644651485
340	2.4629680695
341	2.4613213486
342	2.4596948129
343	2.4584576845
344	2.4575748571
345	2.4567006528
346	2.4554959916
347	2.4539781646
348	2.4524769513
349	2.4512903291
350	2.4502361492
351	2.4493559476
352	2.4488968602
353	2.4487649462
354	2.4487768508
355	2.4485355722
356	2.4478772344
357	2.4470921439
358	2.4463446581
359	2.4455002497
360	2.4446375937
361	2.4440678117
362	2.4439455420
363	2.4439875737
364	2.4439544059
365	2.4438431514
366	2.4437231737
367	2.4435812555
368	2.4432886587
369	2.4430308347
370	2.4432000825
371	2.4439249890
372	2.4450150632
373	2.4465660492
374	2.4486127200
375	2.4510579052
376	2.4536872241
377	2.4562073207
378	2.4588028054
379	2.4615855362
380	2.4643294995
381	2.4670862280
382	2.4701462387
383	2.4735473728
384	2.4771379198
385	2.4807968927
386	2.4845707883
387	2.4883361236
388	2.4918472309
389	2.4949431504
390	2.4976885655
391	2.5001465273
392	2.5021570706
393	2.5037719061
394	2.5052729491
395	2.5067802569
396	2.5081579810
397	2.5094708753
398	2.5107517400
399	2.5119701869
400	2.5129732065
401	2.5136479379
402	2.5141705230
403	2.5144016275
404	2.5141640832
405	2.5137112445
406	2.5132184907
407	2.5126371162
408	2.5120341295
409	2.5115603564
410	2.5113386331
411	2.5112623864
412	2.5112702234
413	2.5113862498
414	2.5115571669
415	2.5115938420
416	2.5114272927
417	2.5111567770
418	2.5106608516
419	2.5098438037
420	2.5088566864
421	2.5078615351
422	2.5067465999
423	2.5055791871
424	2.5045198108
425	2.5036209490
426	2.5027882203
427	2.5019204271
428	2.5011824611
429	2.5004474732
430	2.4994989099
431	2.4984723321
432	2.4973563814
433	2.4960138784
434	2.4945541341
435	2.4930665943
436	2.4915987045
437	2.4901596869
438	2.4889069645
439	2.4879999203
440	2.4874119914
441	2.4871503049
442	2.4873503038
443	2.4880454412
444	2.4890385831
445	2.4903653646
446	2.4920890388
447	2.4940403687
448	2.4960240744
449	2.4981055476
450	2.5002608609
451	2.5024088695
452	2.5046586375
453	2.5070477668
454	2.5095228346
455	2.5119447573
456	2.5144426655
457	2.5171936040
458	2.5201615701
459	2.5234403510
460	2.5269508183
461	2.5303167779
462	2.5335297714
463	2.5367506420
464	2.5400155073
465	2.5432529389
466	2.5463310499
467	2.5491331490
468	2.5515127078
469	2.5535173113
470	2.5552852389
471	2.5568221540
472	2.5580399725
473	2.5591092982
474	2.5601696561
475	2.5611325375
476	2.5619546184
477	2.5626900862
478	2.5633718912
479	2.5640806140
480	2.5649690827
481	2.5659258377
482	2.5668750183
483	2.5678498714
484	2.5688150536
485	2.5696333518
486	2.5702052029
487	2.5706177810
488	2.5708919740
489	2.5710498257
490	2.5712170377
491	2.5712926085
492	2.5712619121
493	2.5712958366
494	2.5713279271
495	2.5712892490
496	2.5712584933
497	2.5713745166
498	2.5716309683
499	2.5719912536
500	2.5724887085
501	2.5731313849
502	2.5738514446
503	2.5746047457
504	2.5753191167
505	2.5758841008
506	2.5763760458
507	2.5767988030
508	2.5770545853
509	2.5771478816
510	2.5771965534
511	2.5771449103
512	2.5769465174
513	2.5766488587
514	2.5761920744
515	2.5755994854
516	2.5749132772
517	2.5741675850
518	2.5734631000
519	2.5729137048
520	2.5724996222
521	2.5720766860
522	2.5717405704
523	2.5716843808
524	2.5717990342
525	2.5720492070
526	2.5723451797
527	2.5724638237
528	2.5723914795
529	2.5722653354
530	2.5722182613
531	2.5722719004
532	2.5723131920
533	2.5721399017
534	2.5717279449
535	2.5712366842
536	2.5707944022
537	2.5703063835
538	2.5697768382
539	2.5692872458
540	2.5687873978
541	2.5682824124
542	2.5677997181
543	2.5673378487
544	2.5669548395
545	2.5668412919
546	2.5669964840
547	2.5673473195
548	2.5677785395
549	2.5680886950
550	2.5683177401
551	2.5685231447
552	2.5685591398
553	2.5683875885
554	2.5681741821
555	2.5680062285
556	2.5677176027
557	2.5672267559
558	2.5665428368
559	2.5655767297
560	2.5644305583
561	2.5630783941
562	2.5614591030
563	2.5597217839
564	2.5579181477
565	2.5559778872
566	2.5539050122
567	2.5516794268
568	2.5492970929
569	2.5469025263
570	2.5445773520
571	2.5423355190
572	2.5402407963
573	2.5385250095
574	2.5371553059
575	2.5359479796
576	2.5348877881
577	2.5339652412
578	2.5331156568
579	2.5322339450
580	2.5312984723
581	2.5303817137
582	2.5296222539
583	2.5289141403
584	2.5282147637
585	2.5277037850
586	2.5272918692
587	2.5268470404
588	2.5263763202
589	2.5257971820
590	2.5251427857
591	2.5245350813
592	2.5240044767
593	2.5235180310
594	2.5231688643
595	2.5230376260
596	2.5229719444
597	2.5230450328
598	2.5233065012
599	2.5236963106
600	2.5242350974
601	2.5248377572
602	2.5255253768
603	2.5265189040
604	2.5277408770
605	2.5290507624
606	2.5306030146
607	2.5323841687
608	2.5342155675
609	2.5359410505
610	2.5375673528
611	2.5389922654
612	2.5401183719
613	2.5409841613
614	2.5416164344
615	2.5420882912
616	2.5424022944
617	2.5425819849
618	2.5426876487
619	2.5427433327
620	2.5426285749
621	2.5423309242
622	2.5418768298
623	2.5411703186
624	2.5402525683
625	2.5390858740
626	2.5376250647
627	2.5360870015
628	2.5344706594
629	2.5327127098
630	2.5310006288
631	2.5294345957
632	2.5279693163
633	2.5265897534
634	2.5254014572
635	2.5243713494
636	2.5234832922
637	2.5227312488
638	2.5220911952
639	2.5216398878
640	2.5213275328
641	2.5211606238
642	2.5213553958
643	2.5218151679
644	2.5223348392
645	2.5230089498
646	2.5237213643
647	2.5244001718
648	2.5251212925
649	2.5258895234
650	2.5265295589
651	2.5268332822
652	2.5267939746
653	2.5266026880
654	2.5266183788
655	2.5269229048
656	2.5273469971
657	2.5276546041
658	2.5277385601
659	2.5277487960
660	2.5280312557
661	2.5287809294
662	2.5297782126
663	2.5306553448
664	2.5311629771
665	2.5314641035
666	2.5318804479
667	2.5324061781
668	2.5330749543
669	2.5339303810
670	2.5348366659
671	2.5359124596
672	2.5371643298
673	2.5383669202
674	2.5394943321
675	2.5407967457
676	2.5424533004
677	2.5443566051
678	2.5462396982
679	2.5478672970
680	2.5492149339
681	2.5502946412
682	2.5511061059
683	2.5517262233
684	2.5521519372
685	2.5524223773
686	2.5527982759
687	2.5530850949
688	2.5529837767
689	2.5525439866
690	2.5518462258
691	2.5510378209
692	2.5501196377
693	2.5490282622
694	2.5478285257
695	2.5466470398
696	2.5453449453
697	2.5437515603
698	2.5418718908
699	2.5398086612
700	2.5377687265
701	2.5358562532
702	2.5340818919
703	2.5324859171
704	2.5312142977
705	2.5302375706
706	2.5293083452
707	2.5282774004
708	2.5272096598
709	2.5262451260
710	2.5253279910
711	2.5244066081
712	2.5236958119
713	2.5232115860
714	2.5229337816
715	2.5228727269
716	2.5227985361
717	2.5227567832
718	2.5229210632
719	2.5232110773
720	2.5235717868
721	2.5241872830
722	2.5252348908
723	2.5266482125
724	2.5281756308
725	2.5297303704
726	2.5313497323
727	2.5328939034
728	2.5341171378
729	2.5350197870
730	2.5356622264
731	2.5360432978
732	2.5363055825
733	2.5363577924
734	2.5362964380
735	2.5362604116
736	2.5360663543
737	2.5356360166
738	2.5350223067
739	2.5342868476
740	2.5334720450
741	2.5325788864
742	2.5316330284
743	2.5309121035
744	2.5304594940
745	2.5300923579
746	2.5298197446
747	2.5297020428
748	2.5296697806
749	2.5295701692
750	2.5293745486
751	2.5291403331
752	2.5289377609
753	2.5288039874
754	2.5287540176
755	2.5289045117
756	2.5293750319
757	2.5301169227
758	2.5310255112
759	2.5320641400
760	2.5333008590
761	2.5345061934
762	2.5354744268
763	2.5364172049
764	2.5372988076
765	2.5379793545
766	2.5385649882
767	2.5391398603
768	2.5397256811
769	2.5402443762
770	2.5405903370
771	2.5408252296
772	2.5409497213
773	2.5408791593
774	2.5405431442
775	2.5399931110
776	2.5392973053
777	2.5385039311
778	2.5376348334
779	2.5368077072
780	2.5362051364
781	2.5355728674
782	2.5348086206
783	2.5340022036
784	2.5331331319
785	2.5322061131
786	2.5311257093
787	2.5297807399
788	2.5281209963
789	2.5260667269
790	2.5237398010
791	2.5215417552
792	2.5194957666
793	2.5175013400
794	2.5156062253
795	2.5138363623
796	2.5122767396
797	2.5109588904
798	2.5098634597
799	2.5090138487
800	2.5083599676
801	2.5077793908
802	2.5073205135
803	2.5070937658
804	2.5070001554
805	2.5069531863
806	2.5072211159
807	2.5079676665
808	2.5090272550
809	2.5102064376
810	2.5115196624
811	2.5129452884
812	2.5142879668
813	2.5156040441
814	2.5168914589
815	2.5180626279
816	2.5192371278
817	2.5204152405
818	2.5216161803
819	2.5228883943
820	2.5241289564
821	2.5254651132
822	2.5270557260
823	2.5288579128
824	2.5307662520
825	2.5327970588
826	2.5349761057
827	2.5371674912
828	2.5392253930
829	2.5410900371
830	2.5428192536
831	2.5443237716
832	2.5456849912
833	2.5470050957
834	2.5481628114
835	2.5491989249
836	2.5501869834
837	2.5511132092
838	2.5519284747
839	2.5526192375
840	2.5533003436
841	2.5540502200
842	2.5546457768
843	2.5550743863
844	2.5554840831
845	2.5558467518
846	2.5561679920
847	2.5563930659
848	2.5564940308
849	2.5565160283
850	2.5564969387
851	2.5566360439
852	2.5571343304
853	2.5578690881
854	2.5587096901
855	2.5595983292
856	2.5604219237
857	2.5611773020
858	2.5620732375
859	2.5631266992
860	2.5640329068
861	2.5646813899
862	2.5651615793
863	2.5656123279
864	2.5661034536
865	2.5666763687
866	2.5673418521
867	2.5680433134
868	2.5688327170
869	2.5696812955
870	2.5705460772
871	2.5714812452
872	2.5724465742
873	2.5735416088
874	2.5748068916
875	2.5760640393
876	2.5772213400
877	2.5781703692
878	2.5788117690
879	2.5792145508
880	2.5795149367
881	2.5796570774
882	2.5795844097
883	2.5793792834
884	2.5791432213
885	2.5787908355
886	2.5781587446
887	2.5773630816
888	2.5764937752
889	2.5755641810
890	2.5746113702
891	2.5736035459
892	2.5725037841
893	2.5713509450
894	2.5701567178
895	2.5689265565
896	2.5676374507
897	2.5663481316
898	2.5652687154
899	2.5643533192
900	2.5635481008
901	2.5629242997
902	2.5624505446
903	2.5621076724
904	2.5619164675
905	2.5618961282
906	2.5620999592
907	2.5625070009
908	2.5631847843
909	2.5641912147
910	2.5652760457
911	2.5663306864
912	2.5673931844
913	2.5683968748
914	2.5692433205
915	2.5699625739
916	2.5706058343
917	2.5711989769
918	2.5718471672
919	2.5725199091
920	2.5732184932
921	2.5740318163
922	2.5749628948
923	2.5759235378
924	2.5768441664
925	2.5778292850
926	2.5789513370
927	2.5801761754
928	2.5814726266
929	2.5828081511
930	2.5842216510
931	2.5856315533
932	2.5869359074
933	2.5881896210
934	2.5893562463
935	2.5904180687
936	2.5914734874
937	2.5925254100
938	2.5935239579
939	2.5945366575
940	2.5955624071
941	2.5965403376
942	2.5974594664
943	2.5983479795
944	2.5992183858
945	2.6000104748
946	2.6007609218
947	2.6015113066
948	2.6022330345
949	2.6029409033
950	2.6036263909
951	2.6042020329
952	2.6046778473
953	2.6050602083
954	2.6052719670
955	2.6052721126
956	2.6051005028
957	2.6048738951
958	2.6045610105
959	2.6041434203
960	2.6037600633
961	2.6034365803
962	2.6031012186
963	2.6027620644
964	2.6024133148
965	2.6020680757
966	2.6016931758
967	2.6012485885
968	2.6007802456
969	2.6002567134
970	2.5997496383
971	2.5992977207
972	2.5988831604
973	2.5985322007
974	2.5981493377
975	2.5976091294
976	2.5969534378
977	2.5963012975
978	2.5956263300
979	2.5949249265
980	2.5941596659
981	2.5932356163
982	2.5922175574
983	2.5912648642
984	2.5905289365
985	2.5900356711
986	2.5896740733
987	2.5893132089
988	2.5888922451
989	2.5885503710
990	2.5884855878
991	2.5887339166
992	2.5891697157
993	2.5896598520
994	2.5902347158
995	2.5909116049
996	2.5916754026
997	2.5925886752
998	2.5936231538
999	2.5946963608
1000	2.5958424594
1001	2.5970312075
1002	2.5981699808
1003	2.5992324424
1004	2.6001839928
1005	2.6011201672
1006	2.6022136615
1007	2.6034803130
1008	2.6047822961
1009	2.6060336376
1010	2.6072711099
1011	2.6084853954
1012	2.6095950073
1013	2.6106141569
1014	2.6115364198
1015	2.6123053743
1016	2.6129696089
1017	2.6135086473
1018	2.6138150974
1019	2.6138370020
1020	2.6136605667
1021	2.6134220552
1022	2.6131373618
1023	2.6127678247
1024	2.6123219933
1025	2.6117752033
1026	2.6111469840
1027	2.6103863859
1028	2.6093974837
1029	2.6082988887
1030	2.6071844496
1031	2.6061454423
1032	2.6052087289
1033	2.6043571189
1034	2.6036071199
1035	2.6029272615
1036	2.6023344337
1037	2.6017679438
1038	2.6011655242
1039	2.6005928293
1040	2.6001091386
1041	2.5996576837
1042	2.5992038392
1043	2.5986796044
1044	2.5980279125
1045	2.5973556390
1046	2.5966329013
1047	2.5957522553
1048	2.5948246761
1049	2.5939884407
1050	2.5932528105
1051	2.5925624729
1052	2.5918826635
1053	2.5912394027
1054	2.5905863122
1055	2.5898750971
1056	2.5891162693
1057	2.5883691147
1058	2.5877276407
1059	2.5872529072
1060	2.5869428283
1061	2.5867354328
1062	2.5866526706
1063	2.5867332583
1064	2.5868968312
1065	2.5870685166
1066	2.5872335965
1067	2.5874294176
1068	2.5877632039
1069	2.5881469858
1070	2.5884764736
1071	2.5888926598
1072	2.5893853378
1073	2.5897992485
1074	2.5901190282
1075	2.5903726475
1076	2.5905564307
1077	2.5906964652
1078	2.5908464620
1079	2.5910212976
1080	2.5912237951
1081	2.5915118541
1082	2.5918051744
1083	2.5919689353
1084	2.5920309184
1085	2.5919984276
1086	2.5918203087
1087	2.5915296755
1088	2.5911701440
1089	2.5908555086
1090	2.5906564138
1091	2.5904982677
1092	2.5903591358
1093	2.5902140894
1094	2.5900946713
1095	2.5898385960
1096	2.5893319169
1097	2.5887028860
1098	2.5879340693
1099	2.5870025718
1100	2.5858684941
1101	2.5845977044
1102	2.5833312328
1103	2.5820783481
1104	2.5807866545
1105	2.5794767786
1106	2.5782060017
1107	2.5769703872
1108	2.5757696455
1109	2.5747152810
1110	2.5738981047
1111	2.5732331963
1112	2.5726949746
1113	2.5722270373
1114	2.5717620047
1115	2.5714262464
1116	2.5711722390
1117	2.5707358009
1118	2.5701101929
1119	2.5693062545
1120	2.5682726482
1121	2.5671295973
1122	2.5660173560
1123	2.5650216141
1124	2.5640397248
1125	2.5629869255
1126	2.5619358546
1127	2.5609199900
1128	2.5598270220
1129	2.5585681493
1130	2.5572014192
1131	2.5558162874
1132	2.5544304952
1133	2.5530294612
1134	2.5516663523
1135	2.5504271275
1136	2.5493973712
1137	2.5486197941
1138	2.5481392555
1139	2.5478863012
1140	2.5478319074
1141	2.5479634221
1142	2.5481350503
1143	2.5484851886
1144	2.5491309571
1145	2.5498829951
1146	2.5507597421
1147	2.5519327405
1148	2.5533354052
1149	2.5548155878
1150	2.5563067438
1151	2.5578121434
1152	2.5593565020
1153	2.5608768730
1154	2.5622984166
1155	2.5636325077
1156	2.5649455661
1157	2.5662224215
1158	2.5673924226
1159	2.5685809114
1160	2.5697521264
1161	2.5708187634
1162	2.5719233207
1163	2.5730572316
1164	2.5741519828
1165	2.5750701621
1166	2.5757821606
1167	2.5763085959
1168	2.5765953472
1169	2.5767073080
1170	2.5767043923
1171	2.5767227335
1172	2.5768028690
1173	2.5768361488
1174	2.5768634710
1175	2.5770001046
1176	2.5772823366
1177	2.5776719311
1178	2.5779918886
1179	2.5781400958
1180	2.5781297992
1181	2.5779854090
1182	2.5778332859
1183	2.5777671117
1184	2.5776769282
1185	2.5773618625
1186	2.5768783571
1187	2.5764138563
1188	2.5759858605
1189	2.5756294744
1190	2.5754544857
1191	2.5752837615
1192	2.5749821760
1193	2.5746265342
1194	2.5742578167
1195	2.5739908318
1196	2.5738056317
1197	2.5736568210
1198	2.5736697654
1199	2.5739074365
1200	2.5742630515
1201	2.5746300859
1202	2.5749779692
1203	2.5754014068
1204	2.5759383753
1205	2.5764973596
1206	2.5770216984
1207	2.5774484651
1208	2.5777780440
1209	2.5780671424
1210	2.5784510023
1211	2.5789423199
1212	2.5794966193
1213	2.5801899455
1214	2.5810653556
1215	2.5820121212
1216	2.5828552381
1217	2.5836479954
1218	2.5844100796
1219	2.5850640274
1220	2.5856849334
1221	2.5862845890
1222	2.5867288529
1223	2.5869876760
1224	2.5870739220
1225	2.5870102017
1226	2.5868781237
1227	2.5866488073
1228	2.5864325720
1229	2.5864360491
1230	2.5866288057
1231	2.5869575562
1232	2.5874165717
1233	2.5879974193
1234	2.5886614841
1235	2.5893973124
1236	2.5902256862
1237	2.5910791251
1238	2.5920434879
1239	2.5931575381
1240	2.5943260587
1241	2.5955013363
1242	2.5966094770
1243	2.5977198456
1244	2.5989069006
1245	2.6001060501
1246	2.6012594171
1247	2.6023905257
1248	2.6035333163
1249	2.6045948791
1250	2.6055015771
1251	2.6063143610
1252	2.6070487421
1253	2.6076903386
1254	2.6082621431
1255	2.6088262049
1256	2.6094401848
1257	2.6100801724
1258	2.6107683053
1259	2.6115099509
1260	2.6122121292
1261	2.6128704558
1262	2.6135456155
1263	2.6142006327
1264	2.6148086841
1265	2.6153955014
1266	2.6159829288
1267	2.6165591305
1268	2.6170995550
1269	2.6175758410
1270	2.6179720779
1271	2.6183673495
1272	2.6187797553
1273	2.6192018585
1274	2.6196811955
1275	2.6201985185
1276	2.6207336196
1277	2.6212849870
1278	2.6217549596
1279	2.6221034324
1280	2.6223627114
1281	2.6225248076
1282	2.6225866858
1283	2.6225470958
1284	2.6224795886
1285	2.6224090982
1286	2.6222977218
1287	2.6221636032
1288	2.6220571137
1289	2.6219598218
1290	2.6218307881
1291	2.6217035197
1292	2.6215800245
1293	2.6214687250
1294	2.6213969693
1295	2.6213686429
1296	2.6213541739
1297	2.6213433417
1298	2.6213308841
1299	2.6212733853
1300	2.6211820883
1301	2.6211213267
1302	2.6210884273
1303	2.6210130579
1304	2.6208765900
1305	2.6207099124
1306	2.6205908742
1307	2.6205561892
1308	2.6205564176
1309	2.6205714263
1310	2.6205311902
1311	2.6203839882
1312	2.6202407711
1313	2.6201718229
1314	2.6201816294
1315	2.6202452269
1316	2.6202921967
1317	2.6202928055
1318	2.6202749360
1319	2.6203219815
1320	2.6204525669
1321	2.6206277607
1322	2.6207925223
1323	2.6209371726
1324	2.6211321662
1325	2.6213702024
1326	2.6216304853
1327	2.6219404092
1328	2.6222851685
1329	2.6226372696
1330	2.6229833892
1331	2.6232932672
1332	2.6235264645
1333	2.6236802348
1334	2.6238200089
1335	2.6240011435
1336	2.6242370034
1337	2.6245151253
1338	2.6248069045
1339	2.6251183582
1340	2.6254676930
1341	2.6258558052
1342	2.6262572012
1343	2.6266528172
1344	2.6270703389
1345	2.6275072309
1346	2.6279263130
1347	2.6283130029
1348	2.6286532311
1349	2.6289456918
1350	2.6292079957
1351	2.6294508217
1352	2.6296691155
1353	2.6298453732
1354	2.6299679077
1355	2.6300473605
1356	2.6300934876
1357	2.6300989959
1358	2.6300719258
1359	2.6300456360
1360	2.6300272038
1361	2.6300012165
1362	2.6299693093
1363	2.6299155374
1364	2.6298421949
1365	2.6297639341
1366	2.6296728336
1367	2.6295717454
1368	2.6294736840
1369	2.6293916285
1370	2.6293235214
1371	2.6292613427
1372	2.6292050742
1373	2.6291603239
1374	2.6291272254
1375	2.6291149266
1376	2.6291216759
1377	2.6291300921
1378	2.6291461193
1379	2.6291740201
1380	2.6292043310
1381	2.6292321751
1382	2.6292590839
1383	2.6292872335
1384	2.6293226426
1385	2.6293677648
1386	2.6294156976
1387	2.6294630074
1388	2.6295089760
1389	2.6295486785
1390	2.6295774277
1391	2.6295963356
1392	2.6296067090
1393	2.6296014017
1394	2.6295751092
1395	2.6295307551
1396	2.6294672210
1397	2.6293779692
1398	2.6292716106
1399	2.6291550775
1400	2.6290319560
1401	2.6289154432
1402	2.6288019880
1403	2.6286908215
1404	2.6285861581
1405	2.6284911521
1406	2.6284060943
1407	2.6283213397
1408	2.6282336925
1409	2.6281574278
1410	2.6281000262
1411	2.6280390317
1412	2.6279640081
1413	2.6278853338
1414	2.6278004772
1415	2.6277076134
1416	2.6276020172
1417	2.6274733158
1418	2.6273571752
1419	2.6272645876
1420	2.6271643893
1421	2.6270598905
1422	2.6269673253
1423	2.6268791015
1424	2.6267691620
1425	2.6266438336
1426	2.6265210800
1427	2.6264137427
1428	2.6263425869
1429	2.6263230757
1430	2.6263571958
1431	2.6264344550
1432	2.6265402001
1433	2.6266477886
1434	2.6267334166
1435	2.6268017153
1436	2.6268560053
1437	2.6268721066
1438	2.6268470811
1439	2.6267972783
1440	2.6267536528
1441	2.6267411495
1442	2.6267328821
1443	2.6267194031
1444	2.6267014039
1445	2.6266753315
1446	2.6266579810
1447	2.6266492586
1448	2.6266609023
1449	2.6266997218
1450	2.6267379323
1451	2.6267265007
1452	2.6266766070
1453	2.6266210872
1454	2.6265049317
1455	2.6263100695
1456	2.6260460234
1457	2.6257091600
1458	2.6253290382
1459	2.6248941983
1460	2.6243780798
1461	2.6238235517
1462	2.6232508045
1463	2.6226342269
1464	2.6219484241
1465	2.6211836855
1466	2.6203579681
1467	2.6194487032
1468	2.6184951368
1469	2.6175664926
1470	2.6166494449
1471	2.6157641832
1472	2.6149441349
1473	2.6141630190
1474	2.6134135846
1475	2.6127076795
1476	2.6119812384
1477	2.6111916782
1478	2.6104117138
1479	2.6096808570
1480	2.6089624795
1481	2.6082455356
1482	2.6076187219
1483	2.6071589129
1484	2.6068005338
1485	2.6065386725
1486	2.6064076931
1487	2.6063959170
1488	2.6064453970
1489	2.6065186189
1490	2.6066500848
1491	2.6067702051
1492	2.6068588781
1493	2.6069314761
1494	2.6069958540
1495	2.6071045975
1496	2.6071728220
1497	2.6071091134
1498	2.6069335271
1499	2.6066278484
1500	2.6062101647
1501	2.6057377323
1502	2.6052570904
1503	2.6048161922
1504	2.6043597258
1505	2.6038467018
1506	2.6033167984
1507	2.6028689370
1508	2.6025332233
1509	2.6022460160
1510	2.6018585757
1511	2.6013291471
1512	2.6008494251
1513	2.6004464195
1514	2.6001226108
1515	2.5999397777
1516	2.5997944952
1517	2.5995696994
1518	2.5993059036
1519	2.5990532046
1520	2.5988102556
1521	2.5985355125
1522	2.5981441437
1523	2.5976170419
1524	2.5969488221
1525	2.5961301672
1526	2.5951454609
1527	2.5940913955
1528	2.5930882157
1529	2.5921795091
1530	2.5914061451
1531	2.5907737223
1532	2.5902326842
1533	2.5896414060
1534	2.5890050352
1535	2.5884424350
1536	2.5879460825
1537	2.5874552846
1538	2.5868824102
1539	2.5862602859
1540	2.5856786256
1541	2.5851163590
1542	2.5846008478
1543	2.5841510056
1544	2.5838366111
1545	2.5837416678
1546	2.5837904402
1547	2.5838758808
1548	2.5839540382
1549	2.5840061709
1550	2.5840338295
1551	2.5841389791
1552	2.5843016067
1553	2.5844018348
1554	2.5844778879
1555	2.5845536478
1556	2.5845485475
1557	2.5844479670
1558	2.5841821009
1559	2.5837741737
1560	2.5833986590
1561	2.5829409902
1562	2.5823231916
1563	2.5816489172
1564	2.5809378224
1565	2.5801269903
1566	2.5792206398
1567	2.5784030054
1568	2.5776831659
1569	2.5769873792
1570	2.5764391390
1571	2.5760363875
1572	2.5755662385
1573	2.5749408995
1574	2.5742345927
1575	2.5735222105
1576	2.5729124502
1577	2.5724483518
1578	2.5721432585
1579	2.5721112921
1580	2.5723927469
1581	2.5729670330
1582	2.5737639287
1583	2.5747507737
1584	2.5759741623
1585	2.5773811805
1586	2.5789470711
1587	2.5806447535
1588	2.5824142534
1589	2.5842454085
1590	2.5860920557
1591	2.5879170356
1592	2.5896565717
1593	2.5913174621
1594	2.5929869924
1595	2.5946439568
1596	2.5962921967
1597	2.5978852674
1598	2.5994514224
1599	2.6010496521
1600	2.6025125595
1601	2.6037890791
1602	2.6049713219
1603	2.6061112043
1604	2.6071806161
1605	2.6081728893
1606	2.6091283514
1607	2.6100597447
1608	2.6109337362
1609	2.6117171831
1610	2.6123965814
1611	2.6129239590
1612	2.6133477138
1613	2.6137153162
1614	2.6139896724
1615	2.6141649653
1616	2.6142332170
1617	2.6141414267
1618	2.6139283352
1619	2.6135778256
1620	2.6130658068
1621	2.6125285487
1622	2.6119568432
1623	2.6113132804
1624	2.6106522118
1625	2.6100137044
1626	2.6094145737
1627	2.6088581364
1628	2.6083210321
1629	2.6077428419
1630	2.6071482805
1631	2.6066392292
1632	2.6063380574
1633	2.6063029465
1634	2.6064695627
1635	2.6067658108
1636	2.6071441323
1637	2.6076095465
1638	2.6082066367
1639	2.6089517947
1640	2.6098241064
1641	2.6106584548
1642	2.6113330963
1643	2.6119277263
1644	2.6125652754
1645	2.6132600700
1646	2.6139200156
1647	2.6145062979
1648	2.6150168977
1649	2.6154221429
1650	2.6157627839
1651	2.6161495532
1652	2.6165987008
1653	2.6170806103
1654	2.6175770609
1655	2.6181008921
1656	2.6186335517
1657	2.6190915363
1658	2.6194429917
1659	2.6197153515
1660	2.6199569495
1661	2.6201873707
1662	2.6204497911
1663	2.6206717152
1664	2.6208080654
1665	2.6210132745
1666	2.6213227012
1667	2.6216867246
1668	2.6221042362
1669	2.6225414579
1670	2.6229677095
1671	2.6233728168
1672	2.6237405124
1673	2.6240706331
1674	2.6243820297
1675	2.6247169914
1676	2.6250820808
1677	2.6254619993
1678	2.6258215543
1679	2.6260998254
1680	2.6263118860
1681	2.6265278522
1682	2.6267541673
1683	2.6269680453
1684	2.6271822312
1685	2.6273787156
1686	2.6275532426
1687	2.6276825860
1688	2.6277367638
1689	2.6277257973
1690	2.6276630644
1691	2.6275929637
1692	2.6275083271
1693	2.6273746246
1694	2.6271858899
1695	2.6269556096
1696	2.6266929421
1697	2.6263744358
1698	2.6260126129
1699	2.6256300540
1700	2.6252292373
1701	2.6248045504
1702	2.6243556809
1703	2.6239015990
1704	2.6234631045
1705	2.6231019009
1706	2.6228473515
1707	2.6226557580
1708	2.6225213693
1709	2.6224474569
1710	2.6224054769
1711	2.6223800481
1712	2.6223231011
1713	2.6222049823
1714	2.6220655751
1715	2.6219521753
1716	2.6218782715
1717	2.6217869658
1718	2.6216434695
1719	2.6214680532
1720	2.6212667444
1721	2.6209906013
1722	2.6206338541
1723	2.6202794002
1724	2.6200049448
1725	2.6198053861
1726	2.6196219451
1727	2.6195135332
1728	2.6194781872
1729	2.6194390245
1730	2.6194226062
1731	2.6194194775
1732	2.6194237886
1733	2.6194544679
1734	2.6194848221
1735	2.6195044817
1736	2.6195039579
1737	2.6194663106
1738	2.6194372207
1739	2.6194621542
1740	2.6195149312
1741	2.6196208814
1742	2.6198439493
1743	2.6201663722
1744	2.6205442477
1745	2.6209391764
1746	2.6213230741
1747	2.6216841625
1748	2.6220198346
1749	2.6223157527
1750	2.6225374766
1751	2.6227116942
1752	2.6228888510
1753	2.6230121898
1754	2.6230236045
1755	2.6229460624
1756	2.6227950861
1757	2.6225368695
1758	2.6221253599
1759	2.6216211773
1760	2.6210813288
1761	2.6205469420
1762	2.6200635629
1763	2.6195998008
1764	2.6191257581
1765	2.6186322070
1766	2.6181435367
1767	2.6176462547
1768	2.6171284098
1769	2.6166431009
1770	2.6162034084
1771	2.6157717358
1772	2.6153714693
1773	2.6150729718
1774	2.6148632042
1775	2.6146924686
1776	2.6145450032
1777	2.6143609915
1778	2.6141803165
1779	2.6140540562
1780	2.6138765418
1781	2.6136531577
1782	2.6133609617
1783	2.6129433383
1784	2.6124258404
1785	2.6117900297
1786	2.6110320502
1787	2.6102757129
1788	2.6095960424
1789	2.6089273817
1790	2.6083182318
1791	2.6078155869
1792	2.6073522807
1793	2.6067978491
1794	2.6061809871
1795	2.6055804233
1796	2.6049578459
1797	2.6043178876
1798	2.6036147352
1799	2.6029123654
1800	2.6022877773
1801	2.6016625111
1802	2.6010005577
1803	2.6002885022
1804	2.5995375177
1805	2.5987544333
1806	2.5978584123
1807	2.5968563765
1808	2.5958197390
1809	2.5947798548
1810	2.5937479524
1811	2.5927286944
1812	2.5916874752
1813	2.5905188609
1814	2.5892253831
1815	2.5877877906
1816	2.5860828759
1817	2.5841041299
1818	2.5819295493
1819	2.5795939462
1820	2.5771218095
1821	2.5747036495
1822	2.5724917544
1823	2.5703427885
1824	2.5682070470
1825	2.5661897326
1826	2.5644047164
1827	2.5628690305
1828	2.5614630315
1829	2.5602039324
1830	2.5590391836
1831	2.5578219554
1832	2.5565624492
1833	2.5554403896
1834	2.5545073899
1835	2.5536642600
1836	2.5527447549
1837	2.5515496925
1838	2.5501977745
1839	2.5488949170
1840	2.5477552636
1841	2.5467221544
1842	2.5456923375
1843	2.5446649703
1844	2.5435588416
1845	2.5424669047
1846	2.5415350132
1847	2.5406079609
1848	2.5395494344
1849	2.5383315927
1850	2.5369988016
1851	2.5357427699
1852	2.5345375402
1853	2.5334159712
1854	2.5325573783
1855	2.5319189105
1856	2.5314382904
1857	2.5309539079
1858	2.5301303924
1859	2.5289375772
1860	2.5275684591
1861	2.5259410171
1862	2.5240969738
1863	2.5222263579
1864	2.5202200726
1865	2.5179109654
1866	2.5153262733
1867	2.5126754940
1868	2.5100047883
1869	2.5071808394
1870	2.5042397289
1871	2.5012005187
1872	2.4981086966
1873	2.4949560814
1874	2.4915628161
1875	2.4880336403
1876	2.4846649437
1877	2.4816618755
1878	2.4789423181
1879	2.4764277488
1880	2.4742284290
1881	2.4722129051
1882	2.4703692101
1883	2.4688595784
1884	2.4677062167
1885	2.4667726568
1886	2.4660045671
1887	2.4655800490
1888	2.4653787213
1889	2.4651547154
1890	2.4647828057
1891	2.4643441142
1892	2.4639729193
1893	2.4635863280
1894	2.4631423422
1895	2.4626189826
1896	2.4621609008
1897	2.4617056846
1898	2.4611349492
1899	2.4605169422
1900	2.4598127409
1901	2.4592583987
1902	2.4589986202
1903	2.4586752304
1904	2.4580987376
1905	2.4573680479
1906	2.4562353892
1907	2.4547709425
1908	2.4532212287
1909	2.4514517610
1910	2.4495792193
1911	2.4476315027
1912	2.4455280174
1913	2.4432926233
1914	2.4407344034
1915	2.4376795094
1916	2.4342418018
1917	2.4306422047
1918	2.4268248360
1919	2.4226559483
1920	2.4184512487
1921	2.4143095629
1922	2.4101305326
1923	2.4061053254
1924	2.4023810793
1925	2.3991363292
1926	2.3963384936
1927	2.3940807234
1928	2.3925042502
1929	2.3912068847
1930	2.3899538514
1931	2.3887669855
1932	2.3874336856
1933	2.3856725614
1934	2.3835571147
1935	2.3813492327
1936	2.3791479434
1937	2.3770821213
1938	2.3751165741
1939	2.3732936315
1940	2.3718267794
1941	2.3705696421
1942	2.3692034264
1943	2.3676285291
1944	2.3662361642
1945	2.3652331318
1946	2.3645074807
1947	2.3640674965
1948	2.3639558791
1949	2.3641607389
1950	2.3645227631
1951	2.3650420593
1952	2.3658456145
1953	2.3669377649
1954	2.3681476449
1955	2.3693164243
1956	2.3702473861
1957	2.3709577916
1958	2.3717157976
1959	2.3724673017
1960	2.3729886437
1961	2.3730516995
1962	2.3724959222
1963	2.3717550801
1964	2.3714469606
1965	2.3714995916
1966	2.3715540075
1967	2.3712750225
1968	2.3705727840
1969	2.3693993268
1970	2.3679827047
1971	2.3669216645
1972	2.3661416274
1973	2.3652443956
1974	2.3640338915
1975	2.3626386524
1976	2.3613079175
1977	2.3599426435
1978	2.3584017128
1979	2.3566290999
1980	2.3544035970
1981	2.3518356977
1982	2.3491056186
1983	2.3461525956
1984	2.3431672181
1985	2.3402451057
1986	2.3374570170
1987	2.3351331892
1988	2.3330504764
1989	2.3306020224
1990	2.3280774612
1991	2.3257203765
1992	2.3235576666
1993	2.3217752432
1994	2.3202324354
1995	2.3186594083
1996	2.3166399524
1997	2.3143304430
1998	2.3119058711
1999	2.3093716619
2000	2.3069347521
2001	2.3046696766
2002	2.3028223937
2003	2.3016405020
2004	2.3011541525
2005	2.3010053578
2006	2.3010927126
2007	2.3017954174
2008	2.3031990448
2009	2.3050272928
2010	2.3069184189
2011	2.3087401922
2012	2.3105393934
2013	2.3124232144
2014	2.3144095084
2015	2.3163826037
2016	2.3184316535
2017	2.3207447590
2018	2.3233782905
2019	2.3260501149
2020	2.3284740014
2021	2.3308074810
2022	2.3332679511
2023	2.3359282353
2024	2.3389578605
2025	2.3425719607
2026	2.3465131680
2027	2.3503363184
2028	2.3540397101
2029	2.3577189644
2030	2.3611207084
2031	2.3641964183
2032	2.3672626389
2033	2.3705253149
2034	2.3739970400
2035	2.3773089127
2036	2.3803572838
2037	2.3834773101
2038	2.3863985352
2039	2.3888934738
2040	2.3911411997
2041	2.3928595436
2042	2.3942737849
2043	2.3957544096
2044	2.3970092416
2045	2.3979044681
2046	2.3984335310
2047	2.3987403812
2048	2.3988109341
2049	2.3985730698
2050	2.3979030032
2051	2.3966865083
2052	2.3951230718
2053	2.3930937539
2054	2.3904928871
2055	2.3874404591
2056	2.3841604662
2057	2.3809334138
2058	2.3778533295
2059	2.3750247226
2060	2.3723380519
2061	2.3694811968
2062	2.3665056893
2063	2.3634990965
2064	2.3601762990
2065	2.3565657713
2066	2.3531090010
2067	2.3498499488
2068	2.3466220519
2069	2.3433681960
2070	2.3400555839
2071	2.3368341611
2072	2.3337524633
2073	2.3307919531
2074	2.3281717450
2075	2.3262069938
2076	2.3250749031
2077	2.3247061387
2078	2.3249070923
2079	2.3254420765
2080	2.3262375675
2081	2.3273514365
2082	2.3286111773
2083	2.3298024253
2084	2.3311039307
2085	2.3328692161
2086	2.3349858902
2087	2.3371974021
2088	2.3397258225
2089	2.3428503860
2090	2.3463401058
2091	2.3498270245
2092	2.3533153577
2093	2.3566805308
2094	2.3598116828
2095	2.3628561591
2096	2.3656179747
2097	2.3678657613
2098	2.3695181682
2099	2.3705517279
2100	2.3712206957
2101	2.3715798037
2102	2.3716312507
2103	2.3715276237
2104	2.3713622285
2105	2.3712145409
2106	2.3708883356
2107	2.3704361279
2108	2.3699439229
2109	2.3693230582
2110	2.3685442916
2111	2.3675639969
2112	2.3666312757
2113	2.3659987060
2114	2.3657067015
2115	2.3655075644
2116	2.3653915739
2117	2.3654825952
2118	2.3656770059
2119	2.3655909374
2120	2.3651903868
2121	2.3650203628
2122	2.3650155155
2123	2.3653473966
2124	2.3661619541
2125	2.3671930064
2126	2.3685687458
2127	2.3700489338
2128	2.3712784971
2129	2.3723992142
2130	2.3734590098
2131	2.3742604924
2132	2.3748397850
2133	2.3753524914
2134	2.3757151841
2135	2.3757968926
2136	2.3756714043
2137	2.3752787956
2138	2.3744691292
2139	2.3733798841
2140	2.3721269798
2141	2.3705065889
2142	2.3685177765
2143	2.3665414701
2144	2.3647413696
2145	2.3629212772
2146	2.3609726412
2147	2.3591974868
2148	2.3579063658
2149	2.3571912799
2150	2.3570570143
2151	2.3574362549
2152	2.3582054158
2153	2.3593547430
2154	2.3609796929
2155	2.3629623325
2156	2.3651771452
2157	2.3676200082
2158	2.3699870275
2159	2.3719224107
2160	2.3736492195
2161	2.3756949543
2162	2.3781627948
2163	2.3807205532
2164	2.3830736920
2165	2.3851101957
2166	2.3868335433
2167	2.3882524941
2168	2.3895952807
2169	2.3909544822
2170	2.3921159170
2171	2.3928934478
2172	2.3933778286
2173	2.3939780365
2174	2.3948299163
2175	2.3960254973
2176	2.3972382101
2177	2.3982561519
2178	2.3993619684
2179	2.4002930327
2180	2.4010518620
2181	2.4017378287
2182	2.4022989296
2183	2.4032251540
2184	2.4046896795
2185	2.4064085601
2186	2.4084202206
2187	2.4107523310
2188	2.4132727447
2189	2.4160172197
2190	2.4190100978
2191	2.4218842200
2192	2.4243171263
2193	2.4263041264
2194	2.4278376259
2195	2.4290098596
2196	2.4299976207
2197	2.4309913480
2198	2.4319271488
2199	2.4327383515
2200	2.4335824641
2201	2.4344390761
2202	2.4350980549
2203	2.4356896348
2204	2.4366212817
2205	2.4380731840
2206	2.4400585560
2207	2.4423940877
2208	2.4450405531
2209	2.4479383692
2210	2.4507940126
2211	2.4536796127
2212	2.4568013443
2213	2.4599092918
2214	2.4628380709
2215	2.4657828885
2216	2.4688033008
2217	2.4718013612
2218	2.4746530388
2219	2.4773812300
2220	2.4801364474
2221	2.4830766053
2222	2.4860768561
2223	2.4889638467
2224	2.4918215819
2225	2.4947783646
2226	2.4977606055
2227	2.5006233840
2228	2.5035526356
2229	2.5066279513
2230	2.5098253326
2231	2.5130351676
2232	2.5160651884
2233	2.5187926765
2234	2.5211972569
2235	2.5234973264
2236	2.5257183010
2237	2.5279223480
2238	2.5301352709
2239	2.5322713217
2240	2.5343912718
2241	2.5363788341
2242	2.5381433540
2243	2.5396334325
2244	2.5408006406
2245	2.5417707515
2246	2.5426709095
2247	2.5433992672
2248	2.5438627557
2249	2.5442668897
2250	2.5447699870
2251	2.5453621893
2252	2.5460202262
2253	2.5468733811
2254	2.5479700496
2255	2.5491773226
2256	2.5503974715
2257	2.5514994451
2258	2.5524723167
2259	2.5532416598
2260	2.5537513855
2261	2.5541613070
2262	2.5545323071
2263	2.5548700227
2264	2.5551803857
2265	2.5555254973
2266	2.5559501237
2267	2.5563763358
2268	2.5569036413
2269	2.5575474934
2270	2.5582493350
2271	2.5591437145
2272	2.5600969225
2273	2.5610735445
2274	2.5622578854
2275	2.5634262544
2276	2.5643067822
2277	2.5650083778
2278	2.5656557000
2279	2.5662714485
2280	2.5669210567
2281	2.5676115575
2282	2.5682598625
2283	2.5687460670
2284	2.5691045477
2285	2.5694072492
2286	2.5696980920
2287	2.5700560730
2288	2.5704462401
2289	2.5707430309
2290	2.5708997273
2291	2.5711175368
2292	2.5715563301
2293	2.5721255097
2294	2.5726166077
2295	2.5728900553
2296	2.5730114840
2297	2.5732194031
2298	2.5737399869
2299	2.5744695963
2300	2.5751934958
2301	2.5758099409
2302	2.5762377873
2303	2.5764490899
2304	2.5764719956
2305	2.5764193064
2306	2.5763380702
2307	2.5762267416
2308	2.5760828174
2309	2.5759334857
2310	2.5758650916
2311	2.5757861719
2312	2.5756201869
2313	2.5753716193
2314	2.5751091388
2315	2.5748474710
2316	2.5743542734
2317	2.5735702407
2318	2.5726266220
2319	2.5716777993
2320	2.5707861175
2321	2.5699336661
2322	2.5691782992
2323	2.5684322498
2324	2.5677170175
2325	2.5671965893
2326	2.5668952071
2327	2.5667255106
2328	2.5665175682
2329	2.5663768559
2330	2.5663421354
2331	2.5661322578
2332	2.5658308319
2333	2.5656538264
2334	2.5655889364
2335	2.5658037891
2336	2.5664156669
2337	2.5672751336
2338	2.5682640532
2339	2.5692717755
2340	2.5702755929
2341	2.5713542296
2342	2.5724713026
2343	2.5735443644
2344	2.5746218311
2345	2.5757793104
2346	2.5770353558
2347	2.5782889720
2348	2.5794072703
2349	2.5804336419
2350	2.5814791084
2351	2.5825525472
2352	2.5835456905
2353	2.5843567442
2354	2.5848880014
2355	2.5851516731
2356	2.5851758444
2357	2.5849860162
2358	2.5845331595
2359	2.5837657482
2360	2.5828048920
2361	2.5815324732
2362	2.5798597544
2363	2.5778500263
2364	2.5756204034
2365	2.5733436416
2366	2.5710889508
2367	2.5687550071
2368	2.5663656482
2369	2.5641342898
2370	2.5619445635
2371	2.5597587295
2372	2.5577137655
2373	2.5558635056
2374	2.5542269347
2375	2.5528983737
2376	2.5520752954
2377	2.5516761455
2378	2.5515221273
2379	2.5515872036
2380	2.5519211986
2381	2.5525414987
2382	2.5533632097
2383	2.5543863913
2384	2.5557193618
2385	2.5574323465
2386	2.5594677444
2387	2.5616201171
2388	2.5637213741
2389	2.5657014651
2390	2.5675716450
2391	2.5692970376
2392	2.5707535251
2393	2.5719534942
2394	2.5729840225
2395	2.5738388751
2396	2.5744823793
2397	2.5749061248
2398	2.5751478470
2399	2.5753767794
2400	2.5755841707
2401	2.5756632693
2402	2.5756848752
2403	2.5756468876
2404	2.5755095180
2405	2.5752297283
2406	2.5748381452
2407	2.5744199619
2408	2.5739590876
2409	2.5734786555
2410	2.5729294011
2411	2.5721809280
2412	2.5711002955
2413	2.5696590694
2414	2.5680217105
2415	2.5661572892
2416	2.5640708282
2417	2.5619419096
2418	2.5597838149
2419	2.5575341820
2420	2.5551507745
2421	2.5526228525
2422	2.5499868321
2423	2.5473474289
2424	2.5447255038
2425	2.5420365416
2426	2.5394958760
2427	2.5374778398
2428	2.5358580026
2429	2.5345619984
2430	2.5336381945
2431	2.5328342761
2432	2.5321859837
2433	2.5316961148
2434	2.5311407241
2435	2.5304656040
2436	2.5297510589
2437	2.5290675071
2438	2.5283613488
2439	2.5275456850
2440	2.5266996442
2441	2.5259746650
2442	2.5253258863
2443	2.5247038032
2444	2.5242181990
2445	2.5240048479
2446	2.5241135206
2447	2.5244403379
2448	2.5249695547
2449	2.5257813338
2450	2.5267734169
2451	2.5277961012
2452	2.5287784714
2453	2.5297300698
2454	2.5305554570
2455	2.5313147123
2456	2.5321700564
2457	2.5329698556
2458	2.5336327007
2459	2.5342087100
2460	2.5347536515
2461	2.5351451656
2462	2.5353810114
2463	2.5356609027
2464	2.5360326065
2465	2.5365135681
2466	2.5370618446
2467	2.5376497461
2468	2.5381916352
2469	2.5386754321
2470	2.5392414180
2471	2.5397869936
2472	2.5401883035
2473	2.5405729088
2474	2.5409770597
2475	2.5413436566
2476	2.5415953839
2477	2.5417166114
2478	2.5415987217
2479	2.5410517013
2480	2.5402232614
2481	2.5393564133
2482	2.5387322298
2483	2.5383550850
2484	2.5379963073
2485	2.5376267094
2486	2.5373561395
2487	2.5372335636
2488	2.5370423811
2489	2.5367191194
2490	2.5362986833
2491	2.5354889534
2492	2.5341568270
2493	2.5326948013
2494	2.5313303344
2495	2.5301618813
2496	2.5291603531
2497	2.5280201817
2498	2.5268320652
2499	2.5257009176
2500	2.5246869352
2501	2.5238829688
2502	2.5231026274
2503	2.5222083642
2504	2.5212362009
2505	2.5201709029
2506	2.5188748505
2507	2.5173825246
2508	2.5157332306
2509	2.5139858965
2510	2.5122052328
2511	2.5103316878
2512	2.5084418128
2513	2.5064674057
2514	2.5043853311
2515	2.5024009648
2516	2.5006558535
2517	2.4991434497
2518	2.4977428137
2519	2.4963729837
2520	2.4950185811
2521	2.4938597552
2522	2.4931003731
2523	2.4926126461
2524	2.4921565029
2525	2.4918790381
2526	2.4919069637
2527	2.4919227959
2528	2.4918902101
2529	2.4919856382
2530	2.4922610891
2531	2.4928595731
2532	2.4936938234
2533	2.4946512453
2534	2.4957315770
2535	2.4967289144
2536	2.4975578988
2537	2.4983341106
2538	2.4991035473
2539	2.4997233912
2540	2.5000560818
2541	2.5000814206
2542	2.4998732600
2543	2.4995610789
2544	2.4992316624
2545	2.4989647811
2546	2.4988345492
2547	2.4989860653
2548	2.4994113203
2549	2.4999069780
2550	2.5002693347
2551	2.5004799724
2552	2.5006335580
2553	2.5007227907
2554	2.5008798851
2555	2.5012634544
2556	2.5019371473
2557	2.5028538652
2558	2.5039700827
2559	2.5051956586
2560	2.5062774693
2561	2.5072612489
2562	2.5082565856
2563	2.5092443130
2564	2.5102070819
2565	2.5109817744
2566	2.5116045294
2567	2.5122539698
2568	2.5129637241
2569	2.5137305042
2570	2.5144866155
2571	2.5152243851
2572	2.5159697681
2573	2.5166168210
2574	2.5170286897
2575	2.5170658016
2576	2.5167518774
2577	2.5163694858
2578	2.5160723946
2579	2.5157407634
2580	2.5152913165
2581	2.5149550071
2582	2.5147476514
2583	2.5143609486
2584	2.5139292261
2585	2.5135716437
2586	2.5132425339
2587	2.5130733642
2588	2.5131391573
2589	2.5134160577
2590	2.5137911043
2591	2.5142642030
2592	2.5147656165
2593	2.5153206782
2594	2.5161074629
2595	2.5169849076
2596	2.5179579579
2597	2.5191727559
2598	2.5205447658
2599	2.5220490370
2600	2.5236832838
2601	2.5253779917
2602	2.5272307163
2603	2.5291196628
2604	2.5307708530
2605	2.5324506162
2606	2.5343714034
2607	2.5363765373
2608	2.5383171220
2609	2.5401563132
2610	2.5419627658
2611	2.5436865396
2612	2.5454333398
2613	2.5474006066
2614	2.5494146962
2615	2.5512030356
2616	2.5526733780
2617	2.5538099603
2618	2.5546596836
2619	2.5553945079
2620	2.5561082891
2621	2.5566417558
2622	2.5569561156
2623	2.5571532831
2624	2.5573680679
2625	2.5577752024
2626	2.5583330165
2627	2.5589001273
2628	2.5592752799
2629	2.5595008202
2630	2.5598050812
2631	2.5603423725
2632	2.5611253069
2633	2.5619516151
2634	2.5628142363
2635	2.5637383823
2636	2.5646597422
2637	2.5654167120
2638	2.5660079474
2639	2.5666844489
2640	2.5674807084
2641	2.5683379122
2642	2.5692997202
2643	2.5703559378
2644	2.5713881379
2645	2.5724284829
2646	2.5735742394
2647	2.5749226977
2648	2.5765157678
2649	2.5782840594
2650	2.5801022380
2651	2.5819156657
2652	2.5838091362
2653	2.5856884493
2654	2.5874598558
2655	2.5890920000
2656	2.5905364162
2657	2.5918384422
2658	2.5930768760
2659	2.5943217246
2660	2.5955175685
2661	2.5966925006
2662	2.5979925797
2663	2.5993759465
2664	2.6007382333
2665	2.6019773450
2666	2.6030948937
2667	2.6042081123
2668	2.6052666354
2669	2.6062415183
2670	2.6071876150
2671	2.6080472198
2672	2.6087783512
2673	2.6094249947
2674	2.6099492717
2675	2.6103589227
2676	2.6107276786
2677	2.6110874388
2678	2.6115287959
2679	2.6120516202
2680	2.6125876432
2681	2.6130535939
2682	2.6134071662
2683	2.6137487370
2684	2.6141207680
2685	2.6144563002
2686	2.6147507243
2687	2.6150262303
2688	2.6152368483
2689	2.6153933101
2690	2.6155188674
2691	2.6156203085
2692	2.6157603387
2693	2.6159721844
2694	2.6162470027
2695	2.6165380014
2696	2.6168208591
2697	2.6171101334
2698	2.6174060680
2699	2.6176967603
2700	2.6179112716
2701	2.6180485973
2702	2.6181777631
2703	2.6182999802
2704	2.6184140380
2705	2.6185155962
2706	2.6185972586
2707	2.6187346771
2708	2.6189252328
2709	2.6190387621
2710	2.6190643599
2711	2.6190048918
2712	2.6188129250
2713	2.6184630416
2714	2.6179664896
2715	2.6173872353
2716	2.6167590094
2717	2.6161471716
2718	2.6156334376
2719	2.6152159494
2720	2.6148210850
2721	2.6144256996
2722	2.6140671311
2723	2.6137395735
2724	2.6134349691
2725	2.6131804611
2726	2.6130250525
2727	2.6129823278
2728	2.6130020655
2729	2.6130495554
2730	2.6130867626
2731	2.6130604061
2732	2.6129839231
2733	2.6129004755
2734	2.6127948105
2735	2.6126037440
2736	2.6123327005
2737	2.6120241790
2738	2.6116115915
2739	2.6110504800
2740	2.6103990655
2741	2.6097477772
2742	2.6092222851
2743	2.6088035307
2744	2.6084615738
2745	2.6082829183
2746	2.6083042482
2747	2.6084945934
2748	2.6087752307
2749	2.6092012957
2750	2.6097734123
2751	2.6103633855
2752	2.6109341195
2753	2.6114893336
2754	2.6120134020
2755	2.6124876659
2756	2.6129366448
2757	2.6133107368
2758	2.6135905386
2759	2.6138590932
2760	2.6140713554
2761	2.6141457507
2762	2.6140891110
2763	2.6138633047
2764	2.6134765193
2765	2.6129941827
2766	2.6124456240
2767	2.6118454352
2768	2.6111968808
2769	2.6105422197
2770	2.6099058025
2771	2.6092199224
2772	2.6084037763
2773	2.6075365073
2774	2.6066949214
2775	2.6058578880
2776	2.6050671273
2777	2.6044192232
2778	2.6038782415
2779	2.6034492880
2780	2.6032166623
2781	2.6030165586
2782	2.6028466628
2783	2.6027800299
2784	2.6027602476
2785	2.6027599850
2786	2.6027474760
2787	2.6028399390
2788	2.6031143398
2789	2.6035229772
2790	2.6039965971
2791	2.6045237293
2792	2.6050925336
2793	2.6056185858
2794	2.6060334199
2795	2.6063673544
2796	2.6067248956
2797	2.6070772275
2798	2.6073731344
2799	2.6076014485
2800	2.6077090733
2801	2.6077207554
2802	2.6076848443
2803	2.6075538211
2804	2.6072879273
2805	2.6069115035
2806	2.6064814203
2807	2.6060932791
2808	2.6057881675
2809	2.6055282963
2810	2.6052598796
2811	2.6049531879
2812	2.6045992179
2813	2.6042513309
2814	2.6040481393
2815	2.6039755805
2816	2.6038913699
2817	2.6037179880
2818	2.6034554728
2819	2.6031505083
2820	2.6028525300
2821	2.6026575681
2822	2.6024999384
2823	2.6022685415
2824	2.6020198347
2825	2.6017592592
2826	2.6015211232
2827	2.6013062909
2828	2.6010236583
2829	2.6005830434
2830	2.5999442706
2831	2.5991466100
2832	2.5982164352
2833	2.5972641952
2834	2.5963145191
2835	2.5952909479
2836	2.5942311805
2837	2.5931786181
2838	2.5920822685
2839	2.5908038726
2840	2.5893580926
2841	2.5879510490
2842	2.5866844638
2843	2.5854438988
2844	2.5841133377
2845	2.5826731133
2846	2.5811357739
2847	2.5795101126
2848	2.5778113280
2849	2.5760743105
2850	2.5742785626
2851	2.5724982852
2852	2.5707219876
2853	2.5689260579
2854	2.5672857435
2855	2.5657385719
2856	2.5641978630
2857	2.5627287869
2858	2.5612776194
2859	2.5597993291
2860	2.5582502111
2861	2.5565470648
2862	2.5548210178
2863	2.5533185752
2864	2.5521005686
2865	2.5510473251
2866	2.5499924064
2867	2.5490289530
2868	2.5482544725
2869	2.5474671812
2870	2.5466697112
2871	2.5459353694
2872	2.5451497413
2873	2.5442480264
2874	2.5432128324
2875	2.5420703227
2876	2.5408017348
2877	2.5393726995
2878	2.5379599196
2879	2.5367103613
2880	2.5354869435
2881	2.5343083940
2882	2.5332292891
2883	2.5320477811
2884	2.5306602230
2885	2.5291884474
2886	2.5277631972
2887	2.5262915783
2888	2.5248385579
2889	2.5235403768
2890	2.5223380370
2891	2.5211476000
2892	2.5198011899
2893	2.5184175069
2894	2.5173012583
2895	2.5163529792
2896	2.5154006121
2897	2.5144919936
2898	2.5135961677
2899	2.5127405266
2900	2.5118772223
2901	2.5109363275
2902	2.5101242093
2903	2.5096032803
2904	2.5094503865
2905	2.5096175932
2906	2.5099629813
2907	2.5103222274
2908	2.5106057461
2909	2.5107708690
2910	2.5107359129
2911	2.5104810549
2912	2.5099318118
2913	2.5091696141
2914	2.5083205297
2915	2.5074311889
2916	2.5065148819
2917	2.5054810386
2918	2.5045554649
2919	2.5039958586
2920	2.5037143079
2921	2.5036080227
2922	2.5036323614
2923	2.5038190862
2924	2.5041538630
2925	2.5046432448
2926	2.5053000636
2927	2.5060120656
2928	2.5068342468
2929	2.5074925438
2930	2.5076182567
2931	2.5072712319
2932	2.5064034083
2933	2.5049115536
2934	2.5027808352
2935	2.5001180977
2936	2.4969992616
2937	2.4937366519
2938	2.4908185898
2939	2.4882399255
2940	2.4857441953
2941	2.4832191756
2942	2.4805903759
2943	2.4776957755
2944	2.4748031700
2945	2.4721722920
2946	2.4695925817
2947	2.4668285672
2948	2.4638834938
2949	2.4609022086
2950	2.4579801195
2951	2.4553219883
2952	2.4529129672
2953	2.4506480437
2954	2.4482766454
2955	2.4457497440
2956	2.4433954040
2957	2.4411866521
2958	2.4391630656
2959	2.4371966795
2960	2.4350121123
2961	2.4328238315
2962	2.4309426579
2963	2.4293454679
2964	2.4278800773
2965	2.4266338364
2966	2.4257500449
2967	2.4252479555
2968	2.4250166893
2969	2.4247605088
2970	2.4246151627
2971	2.4249528266
2972	2.4256467303
2973	2.4268204119
2974	2.4285796385
2975	2.4304398307
2976	2.4321832181
2977	2.4339072595
2978	2.4357366014
2979	2.4378100825
2980	2.4399962196
2981	2.4422667050
2982	2.4447085821
2983	2.4470730909
2984	2.4490928532
2985	2.4507317811
2986	2.4520459184
2987	2.4529752870
2988	2.4535117200
2989	2.4538294637
2990	2.4541603056
2991	2.4544010360
2992	2.4544199911
2993	2.4542934671
2994	2.4540761221
2995	2.4539666068
2996	2.4536694047
2997	2.4529211808
2998	2.4519651278
2999	2.4510113107
