0	0.6478802841
1	0.6478909779
2	0.6479233515
3	0.6479645140
4	0.6480138246
5	0.6480679893
6	0.6481265599
7	0.6481878049
8	0.6482513947
9	0.6483161660
10	0.6483818768
11	0.6484476367
12	0.6485132736
13	0.6485780489
14	0.6486418485
15	0.6487040256
16	0.6487645154
17	0.6488227305
18	0.6488786480
19	0.6489317200
20	0.6489819603
21	0.6490288480
22	0.6490724285
23	0.6491122001
24	0.6491482352
25	0.6491800460
26	0.6492077281
27	0.6492308038
28	0.6492493890
29	0.6492630132
30	0.6492718106
31	0.6492753176
32	0.6492736853
33	0.6492664568
34	0.6492537955
35	0.6492352421
36	0.6492109571
37	0.6491804732
38	0.6491439618
39	0.6491009811
40	0.6490517309
41	0.6489957666
42	0.6489332561
43	0.6488637405
44	0.6487874181
45	0.6487038704
46	0.6486132745
47	0.6485151739
48	0.6484097566
49	0.6482966242
50	0.6481759434
51	0.6480472725
52	0.6479107856
53	0.6477661001
54	0.6476133708
55	0.6474522501
56	0.6472829283
57	0.6471049131
58	0.6469180425
59	0.6467219305
60	0.6465172607
61	0.6463046007
62	0.6460840581
63	0.6458535824
64	0.6456110604
65	0.6453568273
66	0.6450947727
67	0.6448273725
68	0.6445523257
69	0.6442651520
70	0.6439655118
71	0.6436563339
72	0.6433377233
73	0.6430065753
74	0.6426633086
75	0.6423120592
76	0.6419529183
77	0.6415824086
78	0.6412010001
79	0.6408119161
80	0.6404129334
81	0.6400006937
82	0.6395772340
83	0.6391447463
84	0.6386993824
85	0.6382406623
86	0.6377724464
87	0.6372941225
88	0.6368021959
89	0.6363003190
90	0.6357901258
91	0.6352680238
92	0.6347344998
93	0.6341936130
94	0.6336417248
95	0.6330776596
96	0.6325052468
97	0.6319232908
98	0.6313280136
99	0.6307237553
100	0.6301100993
101	0.6294833248
102	0.6288465094
103	0.6282016415
104	0.6275437584
105	0.6268760866
106	0.6262008285
107	0.6255138740
108	0.6248171147
109	0.6241140395
110	0.6233997881
111	0.6226766878
112	0.6219478816
113	0.6212089024
114	0.6204613252
115	0.6197091091
116	0.6189475787
117	0.6181790672
118	0.6174062875
119	0.6166232573
120	0.6158319154
121	0.6150365247
122	0.6142354184
123	0.6134341184
124	0.6126309999
125	0.6118126459
126	0.6109790617
127	0.6101379387
128	0.6093005586
129	0.6084801563
130	0.6076652861
131	0.6068314664
132	0.6059761186
133	0.6051078110
134	0.6042415360
135	0.6033859723
136	0.6025319649
137	0.6016807215
138	0.6008431411
139	0.6000080944
140	0.5991635568
141	0.5983048106
142	0.5974358376
143	0.5965692012
144	0.5957026976
145	0.5948330951
146	0.5939793895
147	0.5931439599
148	0.5923174525
149	0.5914967691
150	0.5906797228
151	0.5898669535
152	0.5890497607
153	0.5882178658
154	0.5873863272
155	0.5865573009
156	0.5857237453
157	0.5848975068
158	0.5840865537
159	0.5832910734
160	0.5825098712
161	0.5817412162
162	0.5809935610
163	0.5802569470
164	0.5795199523
165	0.5787926195
166	0.5780673912
167	0.5773347579
168	0.5766021955
169	0.5758708668
170	0.5751418345
171	0.5744150381
172	0.5736975558
173	0.5729999711
174	0.5723128140
175	0.5716435386
176	0.5710025073
177	0.5703776969
178	0.5697721131
179	0.5691898680
180	0.5686212776
181	0.5680639738
182	0.5675152225
183	0.5669794628
184	0.5664506248
185	0.5659238707
186	0.5654041533
187	0.5648769106
188	0.5643440796
189	0.5638309020
190	0.5633385304
191	0.5628670443
192	0.5624051332
193	0.5619370533
194	0.5614712974
195	0.5610342892
196	0.5606506296
197	0.5603081901
198	0.5599816054
199	0.5596683645
200	0.5593607036
201	0.5590686971
202	0.5587970188
203	0.5585306017
204	0.5582832629
205	0.5580681265
206	0.5578736188
207	0.5576810450
208	0.5574784615
209	0.5572729302
210	0.5570619965
211	0.5568456841
212	0.5566283841
213	0.5564154459
214	0.5562315670
215	0.5560689837
216	0.5559121162
217	0.5557746074
218	0.5556524331
219	0.5555351754
220	0.5554186135
221	0.5553071446
222	0.5552140084
223	0.5551374470
224	0.5550815321
225	0.5550509266
226	0.5550556909
227	0.5550922666
228	0.5551399452
229	0.5552085979
230	0.5552946279
231	0.5553747876
232	0.5554535750
233	0.5555298347
234	0.5556050236
235	0.5556766033
236	0.5557458613
237	0.5558253391
238	0.5559140679
239	0.5560086760
240	0.5561094499
241	0.5562218776
242	0.5563383981
243	0.5564422780
244	0.5565487113
245	0.5566499921
246	0.5567344788
247	0.5568134148
248	0.5568846413
249	0.5569520147
250	0.5570196294
251	0.5570975773
252	0.5571980223
253	0.5573114299
254	0.5574383576
255	0.5575846275
256	0.5577547472
257	0.5579465740
258	0.5581614220
259	0.5583961223
260	0.5586235153
261	0.5588516311
262	0.5590913889
263	0.5593326538
264	0.5595793247
265	0.5598274603
266	0.5600807623
267	0.5603423516
268	0.5606103956
269	0.5608900280
270	0.5611730711
271	0.5614679459
272	0.5617834055
273	0.5621131719
274	0.5624453990
275	0.5627830655
276	0.5631306843
277	0.5634684219
278	0.5637966333
279	0.5641155447
280	0.5644157000
281	0.5647085827
282	0.5649852890
283	0.5652448086
284	0.5654926589
285	0.5657322446
286	0.5659643693
287	0.5661808538
288	0.5663950985
289	0.5666137050
290	0.5668294660
291	0.5670471275
292	0.5672751398
293	0.5675146644
294	0.5677583831
295	0.5680141074
296	0.5682748212
297	0.5685398365
298	0.5688130276
299	0.5690774239
300	0.5693424084
301	0.5696098038
302	0.5698701287
303	0.5701242466
304	0.5703742481
305	0.5706264375
306	0.5708733572
307	0.5711235715
308	0.5713848636
309	0.5716446313
310	0.5718996020
311	0.5721549568
312	0.5724248276
313	0.5727173287
314	0.5730356754
315	0.5733582845
316	0.5736683369
317	0.5739731816
318	0.5742882386
319	0.5746533705
320	0.5750629635
321	0.5754659955
322	0.5758346574
323	0.5761696111
324	0.5765048050
325	0.5768619655
326	0.5772413667
327	0.5776145313
328	0.5779577796
329	0.5782818309
330	0.5785876746
331	0.5788639344
332	0.5791084798
333	0.5793451782
334	0.5795996735
335	0.5798705652
336	0.5801323450
337	0.5803639665
338	0.5805803688
339	0.5807798889
340	0.5809637868
341	0.5811385060
342	0.5813083217
343	0.5815034451
344	0.5817235323
345	0.5819426895
346	0.5821470504
347	0.5823455444
348	0.5825395654
349	0.5827081548
350	0.5828584478
351	0.5830104271
352	0.5831780615
353	0.5833561192
354	0.5835331072
355	0.5837116113
356	0.5838895519
357	0.5840519985
358	0.5841791732
359	0.5842809211
360	0.5843667821
361	0.5844431822
362	0.5845110969
363	0.5845730860
364	0.5846583583
365	0.5847565047
366	0.5848467749
367	0.5849385329
368	0.5850338560
369	0.5851210620
370	0.5851882330
371	0.5852518581
372	0.5853215066
373	0.5854009859
374	0.5854950714
375	0.5856137303
376	0.5857671636
377	0.5859425695
378	0.5861299075
379	0.5863329824
380	0.5865558583
381	0.5867815046
382	0.5869978132
383	0.5872116445
384	0.5874261502
385	0.5876467355
386	0.5878751280
387	0.5881346066
388	0.5884180694
389	0.5887027788
390	0.5890053490
391	0.5893269836
392	0.5896529387
393	0.5899713133
394	0.5902841662
395	0.5905902479
396	0.5908817205
397	0.5911587774
398	0.5914241170
399	0.5916868003
400	0.5919466508
401	0.5922143569
402	0.5924999952
403	0.5927958953
404	0.5930962431
405	0.5934073369
406	0.5937297751
407	0.5940414868
408	0.5943430911
409	0.5946426107
410	0.5949398961
411	0.5952245885
412	0.5955026959
413	0.5957926467
414	0.5960817084
415	0.5963784857
416	0.5966946480
417	0.5970230755
418	0.5973687116
419	0.5977351708
420	0.5981196541
421	0.5985111836
422	0.5989106991
423	0.5993154629
424	0.5997177868
425	0.6001064458
426	0.6004837638
427	0.6008578899
428	0.6012178125
429	0.6015657469
430	0.6019160638
431	0.6022721018
432	0.6026241360
433	0.6029799086
434	0.6033471417
435	0.6037173019
436	0.6040937967
437	0.6044742874
438	0.6048517589
439	0.6052123126
440	0.6055626235
441	0.6059060779
442	0.6062351326
443	0.6065620063
444	0.6068713022
445	0.6071477335
446	0.6074038509
447	0.6076588064
448	0.6079189786
449	0.6081830225
450	0.6084483523
451	0.6087079494
452	0.6089635329
453	0.6092258377
454	0.6095110528
455	0.6098098856
456	0.6101104780
457	0.6104196521
458	0.6107335385
459	0.6110407814
460	0.6113357591
461	0.6116235104
462	0.6119031521
463	0.6121885388
464	0.6124802551
465	0.6127664781
466	0.6130508757
467	0.6133387917
468	0.6136326680
469	0.6139292554
470	0.6142407376
471	0.6145678351
472	0.6149113392
473	0.6152834413
474	0.6156670867
475	0.6160523136
476	0.6164461579
477	0.6168479074
478	0.6172449309
479	0.6176380210
480	0.6180331966
481	0.6184312882
482	0.6188256923
483	0.6192114862
484	0.6195906653
485	0.6199561230
486	0.6203109907
487	0.6206542228
488	0.6209838743
489	0.6213099791
490	0.6216406913
491	0.6219726646
492	0.6223047576
493	0.6226453566
494	0.6229859923
495	0.6233263612
496	0.6236646940
497	0.6239975024
498	0.6243304088
499	0.6246597737
500	0.6249786326
501	0.6252864192
502	0.6255978329
503	0.6259039385
504	0.6261946855
505	0.6264736622
506	0.6267303758
507	0.6269611048
508	0.6271799154
509	0.6273964171
510	0.6276096205
511	0.6278164279
512	0.6280089220
513	0.6281942063
514	0.6283865221
515	0.6285932268
516	0.6288084526
517	0.6290198135
518	0.6292291106
519	0.6294318461
520	0.6296305239
521	0.6298311472
522	0.6300346443
523	0.6302381244
524	0.6304459777
525	0.6306573961
526	0.6308611193
527	0.6310521266
528	0.6312226341
529	0.6313833707
530	0.6315394380
531	0.6316794198
532	0.6318030366
533	0.6319169446
534	0.6320193572
535	0.6321036623
536	0.6321780062
537	0.6322421515
538	0.6323004845
539	0.6323632464
540	0.6324248798
541	0.6324792726
542	0.6325296028
543	0.6325713887
544	0.6326013619
545	0.6326224997
546	0.6326301790
547	0.6326336974
548	0.6326384286
549	0.6326410689
550	0.6326345636
551	0.6326191057
552	0.6325967679
553	0.6325532762
554	0.6324838831
555	0.6323920109
556	0.6322805279
557	0.6321462589
558	0.6319904505
559	0.6318151189
560	0.6316227516
561	0.6314126276
562	0.6311786036
563	0.6309304454
564	0.6306665436
565	0.6303896435
566	0.6301056164
567	0.6298112937
568	0.6295103405
569	0.6292127013
570	0.6289133789
571	0.6286024540
572	0.6282851251
573	0.6279576811
574	0.6276173735
575	0.6272716720
576	0.6269246783
577	0.6265777239
578	0.6262329103
579	0.6258827208
580	0.6255327482
581	0.6251930049
582	0.6248460256
583	0.6244886649
584	0.6241213776
585	0.6237415308
586	0.6233439193
587	0.6229300974
588	0.6225060485
589	0.6220708919
590	0.6216317984
591	0.6211919832
592	0.6207523880
593	0.6203099025
594	0.6198661196
595	0.6194196845
596	0.6189744151
597	0.6185321755
598	0.6180897096
599	0.6176533975
600	0.6172241052
601	0.6168095684
602	0.6164046189
603	0.6160036050
604	0.6156189535
605	0.6152503662
606	0.6148855666
607	0.6145293896
608	0.6141865344
609	0.6138492772
610	0.6135211756
611	0.6132002330
612	0.6128888130
613	0.6125904749
614	0.6123042337
615	0.6120277256
616	0.6117649788
617	0.6115047265
618	0.6112434599
619	0.6109903468
620	0.6107250234
621	0.6104450518
622	0.6101537297
623	0.6098471377
624	0.6095291787
625	0.6092085427
626	0.6088926408
627	0.6085784281
628	0.6082623376
629	0.6079395175
630	0.6076242345
631	0.6073315235
632	0.6070618862
633	0.6067951722
634	0.6065194393
635	0.6062340373
636	0.6059464854
637	0.6056827167
638	0.6054501457
639	0.6052334608
640	0.6050039327
641	0.6047599647
642	0.6045265458
643	0.6043205218
644	0.6041473978
645	0.6040012712
646	0.6038592425
647	0.6037200750
648	0.6035963875
649	0.6034761367
650	0.6033572595
651	0.6032445842
652	0.6031512773
653	0.6030829274
654	0.6030249740
655	0.6029609438
656	0.6028907382
657	0.6028206296
658	0.6027581758
659	0.6027212323
660	0.6026899414
661	0.6026594502
662	0.6026381611
663	0.6026145231
664	0.6025772226
665	0.6025188017
666	0.6024479728
667	0.6023888709
668	0.6023501840
669	0.6023184975
670	0.6022981009
671	0.6022949129
672	0.6023066452
673	0.6023253571
674	0.6023495491
675	0.6023869053
676	0.6024475160
677	0.6025419092
678	0.6026558992
679	0.6027816374
680	0.6029226087
681	0.6030758702
682	0.6032277907
683	0.6033754218
684	0.6035296454
685	0.6037024355
686	0.6038977045
687	0.6041183781
688	0.6043609495
689	0.6046200640
690	0.6049060457
691	0.6052003593
692	0.6054961150
693	0.6058060559
694	0.6061360433
695	0.6064806460
696	0.6068303198
697	0.6071927568
698	0.6075755265
699	0.6079659712
700	0.6083401958
701	0.6087020739
702	0.6090491983
703	0.6093806242
704	0.6097066135
705	0.6100270940
706	0.6103545265
707	0.6106894326
708	0.6110191772
709	0.6113461039
710	0.6116737727
711	0.6119915851
712	0.6122982967
713	0.6125854704
714	0.6128609738
715	0.6131375833
716	0.6134073969
717	0.6136692268
718	0.6139342249
719	0.6142093309
720	0.6144845171
721	0.6147553866
722	0.6150207903
723	0.6152821763
724	0.6155409745
725	0.6157968882
726	0.6160524284
727	0.6163205505
728	0.6166022247
729	0.6168878281
730	0.6171828358
731	0.6174839776
732	0.6177796426
733	0.6180561696
734	0.6183258655
735	0.6185880931
736	0.6188302496
737	0.6190629058
738	0.6192942642
739	0.6195284496
740	0.6197602121
741	0.6199901521
742	0.6202241542
743	0.6204628690
744	0.6206938185
745	0.6209157779
746	0.6211295230
747	0.6213351810
748	0.6215342546
749	0.6217192264
750	0.6218974509
751	0.6220728000
752	0.6222358774
753	0.6223904210
754	0.6225421540
755	0.6226829719
756	0.6228079412
757	0.6229028891
758	0.6229676349
759	0.6230092952
760	0.6230249577
761	0.6230292768
762	0.6230222745
763	0.6229942322
764	0.6229506051
765	0.6229075640
766	0.6228723975
767	0.6228457596
768	0.6228162811
769	0.6227787588
770	0.6227310813
771	0.6226681308
772	0.6225967613
773	0.6225270250
774	0.6224567388
775	0.6223725104
776	0.6222905731
777	0.6222159088
778	0.6221364285
779	0.6220502348
780	0.6219660743
781	0.6218902743
782	0.6218151766
783	0.6217398518
784	0.6216573568
785	0.6215655700
786	0.6214694271
787	0.6213725163
788	0.6212788914
789	0.6211927877
790	0.6211137751
791	0.6210481354
792	0.6209968249
793	0.6209492592
794	0.6209040301
795	0.6208607063
796	0.6208236471
797	0.6207874260
798	0.6207460150
799	0.6207010317
800	0.6206498110
801	0.6205857280
802	0.6205165826
803	0.6204391423
804	0.6203547869
805	0.6202782590
806	0.6202109382
807	0.6201541901
808	0.6200979389
809	0.6200463116
810	0.6200043928
811	0.6199529221
812	0.6198838065
813	0.6198079692
814	0.6197252763
815	0.6196356556
816	0.6195408566
817	0.6194399722
818	0.6193355951
819	0.6192164225
820	0.6190917298
821	0.6189699331
822	0.6188482911
823	0.6187256444
824	0.6186020280
825	0.6184674079
826	0.6183182807
827	0.6181758035
828	0.6180375778
829	0.6178892058
830	0.6177243642
831	0.6175443874
832	0.6173580221
833	0.6171806949
834	0.6170200693
835	0.6168775607
836	0.6167505164
837	0.6166364933
838	0.6165339669
839	0.6164458639
840	0.6163737708
841	0.6163119945
842	0.6162645402
843	0.6162286548
844	0.6162047947
845	0.6161890448
846	0.6161685177
847	0.6161424685
848	0.6161240244
849	0.6161178247
850	0.6161133880
851	0.6161058676
852	0.6161024556
853	0.6161093556
854	0.6161148959
855	0.6161286060
856	0.6161544398
857	0.6161903730
858	0.6162417869
859	0.6163033218
860	0.6163662995
861	0.6164219582
862	0.6164723877
863	0.6165248103
864	0.6165756238
865	0.6166268642
866	0.6166950135
867	0.6167734987
868	0.6168651173
869	0.6169720159
870	0.6170848243
871	0.6172034195
872	0.6173276876
873	0.6174655983
874	0.6176100185
875	0.6177536249
876	0.6179060241
877	0.6180667247
878	0.6182201220
879	0.6183631640
880	0.6184967371
881	0.6186195695
882	0.6187366185
883	0.6188478530
884	0.6189505598
885	0.6190538602
886	0.6191592350
887	0.6192566710
888	0.6193554189
889	0.6194603154
890	0.6195733205
891	0.6196900815
892	0.6198105397
893	0.6199381356
894	0.6200742777
895	0.6202165746
896	0.6203580422
897	0.6204952204
898	0.6206196336
899	0.6207338866
900	0.6208445155
901	0.6209510816
902	0.6210528823
903	0.6211618171
904	0.6212772135
905	0.6213933479
906	0.6215125598
907	0.6216333132
908	0.6217536405
909	0.6218690511
910	0.6219875374
911	0.6221093187
912	0.6222335598
913	0.6223651652
914	0.6225007788
915	0.6226393551
916	0.6227890336
917	0.6229421190
918	0.6230889610
919	0.6232338296
920	0.6233801869
921	0.6235270381
922	0.6236637851
923	0.6238033875
924	0.6239528130
925	0.6241058489
926	0.6242686415
927	0.6244422810
928	0.6246249392
929	0.6248177082
930	0.6250161034
931	0.6252213025
932	0.6254329574
933	0.6256514729
934	0.6258790624
935	0.6261085907
936	0.6263414867
937	0.6265718443
938	0.6267961049
939	0.6270186716
940	0.6272374305
941	0.6274440064
942	0.6276390705
943	0.6278258382
944	0.6280048981
945	0.6281917621
946	0.6283857370
947	0.6285788104
948	0.6287672165
949	0.6289489148
950	0.6291260484
951	0.6293085126
952	0.6295029447
953	0.6297037601
954	0.6298951378
955	0.6300685516
956	0.6302406155
957	0.6304251243
958	0.6306237980
959	0.6308277732
960	0.6310286253
961	0.6312170567
962	0.6313962848
963	0.6315730560
964	0.6317461449
965	0.6319166573
966	0.6320809031
967	0.6322362387
968	0.6323881934
969	0.6325387273
970	0.6326808506
971	0.6328182994
972	0.6329637030
973	0.6331227399
974	0.6332853031
975	0.6334457284
976	0.6335967601
977	0.6337295412
978	0.6338544536
979	0.6339746313
980	0.6340848789
981	0.6341846945
982	0.6342786785
983	0.6343690627
984	0.6344485986
985	0.6345105301
986	0.6345578373
987	0.6345931413
988	0.6346282008
989	0.6346598805
990	0.6346802091
991	0.6346949114
992	0.6347017988
993	0.6347033076
994	0.6346968359
995	0.6346850475
996	0.6346751788
997	0.6346730932
998	0.6346798201
999	0.6346907831
1000	0.6347019400
1001	0.6347123815
1002	0.6347208961
1003	0.6347282503
1004	0.6347359585
1005	0.6347390922
1006	0.6347477205
1007	0.6347698082
1008	0.6347942293
1009	0.6348123153
1010	0.6348271310
1011	0.6348372030
1012	0.6348419486
1013	0.6348411538
1014	0.6348355725
1015	0.6348326787
1016	0.6348298131
1017	0.6348241245
1018	0.6348132460
1019	0.6347990582
1020	0.6347858114
1021	0.6347730467
1022	0.6347562658
1023	0.6347402558
1024	0.6347337053
1025	0.6347408954
1026	0.6347590131
1027	0.6347796553
1028	0.6348002526
1029	0.6348228068
1030	0.6348413656
1031	0.6348461514
1032	0.6348465884
1033	0.6348465379
1034	0.6348446338
1035	0.6348442938
1036	0.6348468425
1037	0.6348489696
1038	0.6348501069
1039	0.6348509716
1040	0.6348480886
1041	0.6348433853
1042	0.6348435952
1043	0.6348459666
1044	0.6348468441
1045	0.6348540492
1046	0.6348627593
1047	0.6348732852
1048	0.6348820704
1049	0.6348849770
1050	0.6348884403
1051	0.6348939645
1052	0.6349023953
1053	0.6349081042
1054	0.6349208833
1055	0.6349469611
1056	0.6349768706
1057	0.6350065806
1058	0.6350362922
1059	0.6350641794
1060	0.6350852367
1061	0.6350886156
1062	0.6350795318
1063	0.6350653486
1064	0.6350436684
1065	0.6350163752
1066	0.6349856281
1067	0.6349536671
1068	0.6349180905
1069	0.6348806440
1070	0.6348400204
1071	0.6347939209
1072	0.6347429619
1073	0.6346863860
1074	0.6346240236
1075	0.6345697692
1076	0.6345288870
1077	0.6344922416
1078	0.6344597425
1079	0.6344283811
1080	0.6343947417
1081	0.6343610812
1082	0.6343293332
1083	0.6343010283
1084	0.6342725914
1085	0.6342337217
1086	0.6341919013
1087	0.6341556000
1088	0.6341251491
1089	0.6340955314
1090	0.6340599531
1091	0.6340184891
1092	0.6339680250
1093	0.6339062637
1094	0.6338308918
1095	0.6337446388
1096	0.6336514145
1097	0.6335578544
1098	0.6334598544
1099	0.6333585301
1100	0.6332591522
1101	0.6331561883
1102	0.6330466332
1103	0.6329413830
1104	0.6328387242
1105	0.6327254512
1106	0.6326025065
1107	0.6324689737
1108	0.6323296836
1109	0.6321823810
1110	0.6320266544
1111	0.6318688544
1112	0.6317167126
1113	0.6315671790
1114	0.6314096744
1115	0.6312495922
1116	0.6310826295
1117	0.6309025761
1118	0.6307209502
1119	0.6305373311
1120	0.6303474534
1121	0.6301555795
1122	0.6299647419
1123	0.6297762545
1124	0.6295807201
1125	0.6293800474
1126	0.6291754550
1127	0.6289675031
1128	0.6287530460
1129	0.6285253176
1130	0.6282938447
1131	0.6280626698
1132	0.6278327281
1133	0.6276049275
1134	0.6273811987
1135	0.6271711731
1136	0.6269822456
1137	0.6268131147
1138	0.6266697690
1139	0.6265417023
1140	0.6264128444
1141	0.6262812385
1142	0.6261544691
1143	0.6260316482
1144	0.6259096575
1145	0.6257919335
1146	0.6256718478
1147	0.6255445459
1148	0.6254158284
1149	0.6252952009
1150	0.6251832962
1151	0.6250750270
1152	0.6249521755
1153	0.6248192470
1154	0.6246866879
1155	0.6245509653
1156	0.6244116922
1157	0.6242656717
1158	0.6241172576
1159	0.6239679366
1160	0.6238098038
1161	0.6236429963
1162	0.6234755932
1163	0.6233062285
1164	0.6231436761
1165	0.6229921290
1166	0.6228452937
1167	0.6226922173
1168	0.6225315748
1169	0.6223690966
1170	0.6222006776
1171	0.6220323360
1172	0.6218737168
1173	0.6217245173
1174	0.6215821739
1175	0.6214564905
1176	0.6213442743
1177	0.6212361326
1178	0.6211326832
1179	0.6210367248
1180	0.6209515480
1181	0.6208706818
1182	0.6207783390
1183	0.6206832833
1184	0.6205857841
1185	0.6204793560
1186	0.6203701177
1187	0.6202617426
1188	0.6201554988
1189	0.6200538187
1190	0.6199657703
1191	0.6198762769
1192	0.6197850529
1193	0.6197010901
1194	0.6196205848
1195	0.6195444167
1196	0.6194667127
1197	0.6193878348
1198	0.6193173797
1199	0.6192471729
1200	0.6191676633
1201	0.6190821506
1202	0.6189988051
1203	0.6189211423
1204	0.6188499178
1205	0.6187989314
1206	0.6187628186
1207	0.6187344212
1208	0.6187080407
1209	0.6186833500
1210	0.6186574097
1211	0.6186209810
1212	0.6185823908
1213	0.6185445981
1214	0.6185022480
1215	0.6184595881
1216	0.6184248311
1217	0.6183943741
1218	0.6183669374
1219	0.6183314790
1220	0.6182879414
1221	0.6182423060
1222	0.6181929924
1223	0.6181349665
1224	0.6180706081
1225	0.6180048586
1226	0.6179357968
1227	0.6178643055
1228	0.6177857387
1229	0.6176978063
1230	0.6176137608
1231	0.6175406328
1232	0.6174735045
1233	0.6174212090
1234	0.6173880663
1235	0.6173758159
1236	0.6173774798
1237	0.6173895429
1238	0.6174211490
1239	0.6174638369
1240	0.6175105697
1241	0.6175707810
1242	0.6176395004
1243	0.6177107227
1244	0.6177856596
1245	0.6178597765
1246	0.6179326662
1247	0.6180074723
1248	0.6180925829
1249	0.6181829043
1250	0.6182832364
1251	0.6184017855
1252	0.6185372100
1253	0.6186835602
1254	0.6188442316
1255	0.6190240343
1256	0.6192122922
1257	0.6194002929
1258	0.6195786709
1259	0.6197558922
1260	0.6199357753
1261	0.6201214522
1262	0.6203191599
1263	0.6205138899
1264	0.6206974902
1265	0.6208859572
1266	0.6210826978
1267	0.6212881741
1268	0.6214997404
1269	0.6217081271
1270	0.6219022226
1271	0.6220852869
1272	0.6222769391
1273	0.6224915455
1274	0.6227313662
1275	0.6229679959
1276	0.6231974663
1277	0.6234291704
1278	0.6236629256
1279	0.6239098566
1280	0.6241735582
1281	0.6244470446
1282	0.6247284998
1283	0.6250237806
1284	0.6253376341
1285	0.6256684682
1286	0.6260134307
1287	0.6263722841
1288	0.6267455213
1289	0.6271327722
1290	0.6275196307
1291	0.6278944312
1292	0.6282561988
1293	0.6286179826
1294	0.6289875309
1295	0.6293597386
1296	0.6297337409
1297	0.6301077775
1298	0.6304787748
1299	0.6308489878
1300	0.6312189513
1301	0.6315909147
1302	0.6319684707
1303	0.6323493064
1304	0.6327400704
1305	0.6331349025
1306	0.6335205783
1307	0.6338944278
1308	0.6342646158
1309	0.6346331874
1310	0.6350003554
1311	0.6353639763
1312	0.6357192889
1313	0.6360690358
1314	0.6364172949
1315	0.6367577167
1316	0.6370879841
1317	0.6374193881
1318	0.6377568146
1319	0.6381019760
1320	0.6384465125
1321	0.6387900459
1322	0.6391310386
1323	0.6394659581
1324	0.6397983424
1325	0.6401217425
1326	0.6404372159
1327	0.6407562883
1328	0.6410785484
1329	0.6413974668
1330	0.6417109382
1331	0.6420156426
1332	0.6423101965
1333	0.6425972345
1334	0.6428795024
1335	0.6431538236
1336	0.6434212122
1337	0.6436845905
1338	0.6439430001
1339	0.6441900526
1340	0.6444289950
1341	0.6446653694
1342	0.6448966033
1343	0.6451196973
1344	0.6453349784
1345	0.6455477538
1346	0.6457523476
1347	0.6459471327
1348	0.6461318289
1349	0.6463033543
1350	0.6464664110
1351	0.6466252029
1352	0.6467809794
1353	0.6469363102
1354	0.6470928645
1355	0.6472547351
1356	0.6474205293
1357	0.6475838694
1358	0.6477412789
1359	0.6478960805
1360	0.6480482840
1361	0.6481960483
1362	0.6483412629
1363	0.6484827201
1364	0.6486252363
1365	0.6487666631
1366	0.6489009505
1367	0.6490307449
1368	0.6491579541
1369	0.6492801442
1370	0.6493984537
1371	0.6495149784
1372	0.6496313218
1373	0.6497469183
1374	0.6498601536
1375	0.6499704898
1376	0.6500781562
1377	0.6501839683
1378	0.6502865014
1379	0.6503861546
1380	0.6504829193
1381	0.6505780814
1382	0.6506695083
1383	0.6507554524
1384	0.6508362122
1385	0.6509106237
1386	0.6509765208
1387	0.6510321599
1388	0.6510784993
1389	0.6511186056
1390	0.6511537522
1391	0.6511839205
1392	0.6512093725
1393	0.6512295870
1394	0.6512475644
1395	0.6512632665
1396	0.6512753811
1397	0.6512848227
1398	0.6512912413
1399	0.6512932364
1400	0.6512923111
1401	0.6512909120
1402	0.6512899456
1403	0.6512885742
1404	0.6512847652
1405	0.6512765432
1406	0.6512661943
1407	0.6512540300
1408	0.6512391171
1409	0.6512227786
1410	0.6512059107
1411	0.6511894293
1412	0.6511723484
1413	0.6511555750
1414	0.6511379852
1415	0.6511187661
1416	0.6511001169
1417	0.6510811783
1418	0.6510605237
1419	0.6510398513
1420	0.6510179698
1421	0.6509940953
1422	0.6509713027
1423	0.6509500152
1424	0.6509272140
1425	0.6509018799
1426	0.6508755812
1427	0.6508492996
1428	0.6508219406
1429	0.6507952962
1430	0.6507733467
1431	0.6507562342
1432	0.6507436587
1433	0.6507340894
1434	0.6507278153
1435	0.6507231840
1436	0.6507195518
1437	0.6507166059
1438	0.6507141203
1439	0.6507127801
1440	0.6507105908
1441	0.6507085090
1442	0.6507083360
1443	0.6507096442
1444	0.6507121192
1445	0.6507164304
1446	0.6507229835
1447	0.6507315891
1448	0.6507398292
1449	0.6507476029
1450	0.6507563152
1451	0.6507668970
1452	0.6507781479
1453	0.6507894498
1454	0.6508009840
1455	0.6508162631
1456	0.6508367635
1457	0.6508589864
1458	0.6508831359
1459	0.6509078430
1460	0.6509316135
1461	0.6509570021
1462	0.6509849647
1463	0.6510148059
1464	0.6510454902
1465	0.6510746054
1466	0.6511020581
1467	0.6511287995
1468	0.6511549474
1469	0.6511797045
1470	0.6512024095
1471	0.6512220188
1472	0.6512386573
1473	0.6512534325
1474	0.6512677104
1475	0.6512820516
1476	0.6512957686
1477	0.6513099543
1478	0.6513254224
1479	0.6513407253
1480	0.6513541439
1481	0.6513658412
1482	0.6513765042
1483	0.6513869883
1484	0.6513958956
1485	0.6514030632
1486	0.6514085826
1487	0.6514138320
1488	0.6514197856
1489	0.6514262321
1490	0.6514342730
1491	0.6514431024
1492	0.6514520425
1493	0.6514612505
1494	0.6514696265
1495	0.6514765158
1496	0.6514829124
1497	0.6514902125
1498	0.6514994138
1499	0.6515102038
1500	0.6515213863
1501	0.6515328912
1502	0.6515453806
1503	0.6515560211
1504	0.6515657573
1505	0.6515758781
1506	0.6515849297
1507	0.6515916674
1508	0.6515973276
1509	0.6516022290
1510	0.6516034374
1511	0.6516018066
1512	0.6515990984
1513	0.6515943282
1514	0.6515867550
1515	0.6515769486
1516	0.6515643156
1517	0.6515496956
1518	0.6515321952
1519	0.6515106177
1520	0.6514870224
1521	0.6514626719
1522	0.6514374982
1523	0.6514109969
1524	0.6513822727
1525	0.6513511197
1526	0.6513167495
1527	0.6512796867
1528	0.6512391940
1529	0.6511945626
1530	0.6511463736
1531	0.6510937454
1532	0.6510368982
1533	0.6509754387
1534	0.6509112063
1535	0.6508453118
1536	0.6507785181
1537	0.6507110889
1538	0.6506433599
1539	0.6505772432
1540	0.6505113197
1541	0.6504428268
1542	0.6503730418
1543	0.6503022988
1544	0.6502309692
1545	0.6501592787
1546	0.6500887186
1547	0.6500209790
1548	0.6499562662
1549	0.6498948354
1550	0.6498360110
1551	0.6497778126
1552	0.6497177037
1553	0.6496575567
1554	0.6495955539
1555	0.6495309868
1556	0.6494631616
1557	0.6493902584
1558	0.6493137251
1559	0.6492315773
1560	0.6491405802
1561	0.6490439622
1562	0.6489417297
1563	0.6488349203
1564	0.6487280377
1565	0.6486205661
1566	0.6485130379
1567	0.6484056928
1568	0.6482968277
1569	0.6481840523
1570	0.6480671155
1571	0.6479478944
1572	0.6478291773
1573	0.6477083645
1574	0.6475830723
1575	0.6474548944
1576	0.6473265302
1577	0.6471980776
1578	0.6470691000
1579	0.6469378311
1580	0.6468015269
1581	0.6466542480
1582	0.6464969310
1583	0.6463416214
1584	0.6461885146
1585	0.6460319019
1586	0.6458651180
1587	0.6456924372
1588	0.6455180776
1589	0.6453455730
1590	0.6451809104
1591	0.6450204751
1592	0.6448574374
1593	0.6446871671
1594	0.6445133063
1595	0.6443415746
1596	0.6441703500
1597	0.6439983715
1598	0.6438225573
1599	0.6436373204
1600	0.6434461019
1601	0.6432583019
1602	0.6430720416
1603	0.6428848488
1604	0.6427077463
1605	0.6425402780
1606	0.6423793882
1607	0.6422210308
1608	0.6420584579
1609	0.6418926869
1610	0.6417320951
1611	0.6415785981
1612	0.6414287909
1613	0.6412806987
1614	0.6411316529
1615	0.6409819949
1616	0.6408358722
1617	0.6406950452
1618	0.6405541966
1619	0.6404184756
1620	0.6402922556
1621	0.6401709926
1622	0.6400557646
1623	0.6399451717
1624	0.6398378291
1625	0.6397415587
1626	0.6396561626
1627	0.6395808975
1628	0.6395075321
1629	0.6394287770
1630	0.6393473790
1631	0.6392648613
1632	0.6391831931
1633	0.6391002227
1634	0.6390238294
1635	0.6389570950
1636	0.6388962840
1637	0.6388365693
1638	0.6387742223
1639	0.6387077463
1640	0.6386390129
1641	0.6385714830
1642	0.6385050877
1643	0.6384394347
1644	0.6383802784
1645	0.6383286143
1646	0.6382840374
1647	0.6382458947
1648	0.6382117128
1649	0.6381866978
1650	0.6381778951
1651	0.6381892572
1652	0.6382132787
1653	0.6382431867
1654	0.6382789412
1655	0.6383271190
1656	0.6383825070
1657	0.6384417245
1658	0.6385116447
1659	0.6385964197
1660	0.6386918975
1661	0.6387897860
1662	0.6388911208
1663	0.6389995724
1664	0.6391098626
1665	0.6392222138
1666	0.6393422779
1667	0.6394670280
1668	0.6396017864
1669	0.6397450145
1670	0.6398903256
1671	0.6400354505
1672	0.6401758174
1673	0.6403141875
1674	0.6404494238
1675	0.6405756190
1676	0.6406982366
1677	0.6408236760
1678	0.6409517440
1679	0.6410812927
1680	0.6412133572
1681	0.6413459193
1682	0.6414822116
1683	0.6416260311
1684	0.6417762836
1685	0.6419310082
1686	0.6420901659
1687	0.6422612522
1688	0.6424347817
1689	0.6426047862
1690	0.6427722781
1691	0.6429367202
1692	0.6430979099
1693	0.6432553983
1694	0.6434119335
1695	0.6435672102
1696	0.6437219718
1697	0.6438756158
1698	0.6440232390
1699	0.6441648727
1700	0.6443065645
1701	0.6444510710
1702	0.6445969687
1703	0.6447439329
1704	0.6448949893
1705	0.6450463765
1706	0.6451964128
1707	0.6453444852
1708	0.6454877922
1709	0.6456226525
1710	0.6457513995
1711	0.6458741130
1712	0.6459959499
1713	0.6461251383
1714	0.6462584064
1715	0.6463929359
1716	0.6465269127
1717	0.6466583789
1718	0.6467903197
1719	0.6469241818
1720	0.6470525050
1721	0.6471776241
1722	0.6473032475
1723	0.6474262915
1724	0.6475467875
1725	0.6476680780
1726	0.6477918778
1727	0.6479151699
1728	0.6480353592
1729	0.6481534040
1730	0.6482707294
1731	0.6483886866
1732	0.6485029837
1733	0.6486156083
1734	0.6487313006
1735	0.6488466557
1736	0.6489610677
1737	0.6490709628
1738	0.6491778098
1739	0.6492846075
1740	0.6493909058
1741	0.6494971651
1742	0.6496043710
1743	0.6497122588
1744	0.6498202650
1745	0.6499284677
1746	0.6500347515
1747	0.6501378391
1748	0.6502401372
1749	0.6503427398
1750	0.6504438349
1751	0.6505434531
1752	0.6506428307
1753	0.6507404633
1754	0.6508349237
1755	0.6509268003
1756	0.6510142300
1757	0.6510941164
1758	0.6511643572
1759	0.6512257788
1760	0.6512790526
1761	0.6513252351
1762	0.6513658426
1763	0.6514027613
1764	0.6514357231
1765	0.6514652015
1766	0.6514908620
1767	0.6515123998
1768	0.6515310760
1769	0.6515474620
1770	0.6515597766
1771	0.6515681473
1772	0.6515747935
1773	0.6515796385
1774	0.6515818058
1775	0.6515793784
1776	0.6515719064
1777	0.6515577949
1778	0.6515391383
1779	0.6515185178
1780	0.6514952047
1781	0.6514686423
1782	0.6514371283
1783	0.6514012825
1784	0.6513626576
1785	0.6513209200
1786	0.6512767797
1787	0.6512290603
1788	0.6511778448
1789	0.6511236020
1790	0.6510650845
1791	0.6510034582
1792	0.6509420949
1793	0.6508791493
1794	0.6508132841
1795	0.6507468549
1796	0.6506788855
1797	0.6506085293
1798	0.6505338032
1799	0.6504573087
1800	0.6503812588
1801	0.6503062198
1802	0.6502314468
1803	0.6501553420
1804	0.6500812231
1805	0.6500110326
1806	0.6499410980
1807	0.6498700715
1808	0.6497981606
1809	0.6497235635
1810	0.6496448136
1811	0.6495636946
1812	0.6494817313
1813	0.6493984683
1814	0.6493160397
1815	0.6492369946
1816	0.6491597045
1817	0.6490798465
1818	0.6489963299
1819	0.6489098207
1820	0.6488217949
1821	0.6487301809
1822	0.6486345492
1823	0.6485352855
1824	0.6484329427
1825	0.6483253657
1826	0.6482129975
1827	0.6480969822
1828	0.6479763920
1829	0.6478541647
1830	0.6477298699
1831	0.6475991454
1832	0.6474626882
1833	0.6473215092
1834	0.6471723835
1835	0.6470186699
1836	0.6468641538
1837	0.6467087323
1838	0.6465584892
1839	0.6464142708
1840	0.6462750311
1841	0.6461413640
1842	0.6460040101
1843	0.6458647557
1844	0.6457272581
1845	0.6455916499
1846	0.6454549316
1847	0.6453182232
1848	0.6451823104
1849	0.6450429278
1850	0.6449025125
1851	0.6447593336
1852	0.6446125614
1853	0.6444630424
1854	0.6443122314
1855	0.6441635022
1856	0.6440158040
1857	0.6438672680
1858	0.6437273147
1859	0.6435956261
1860	0.6434692070
1861	0.6433502572
1862	0.6432380179
1863	0.6431306887
1864	0.6430246734
1865	0.6429124448
1866	0.6427923751
1867	0.6426699360
1868	0.6425415296
1869	0.6424020904
1870	0.6422571418
1871	0.6421157560
1872	0.6419757211
1873	0.6418321150
1874	0.6416872272
1875	0.6415427602
1876	0.6413955358
1877	0.6412451927
1878	0.6410902828
1879	0.6409310639
1880	0.6407648935
1881	0.6405953532
1882	0.6404210118
1883	0.6402404688
1884	0.6400526943
1885	0.6398550170
1886	0.6396491576
1887	0.6394370442
1888	0.6392202175
1889	0.6389965539
1890	0.6387718458
1891	0.6385355055
1892	0.6382737641
1893	0.6379908693
1894	0.6376951054
1895	0.6373918886
1896	0.6370795536
1897	0.6367599237
1898	0.6364310887
1899	0.6360890086
1900	0.6357474466
1901	0.6354109309
1902	0.6350749855
1903	0.6347282896
1904	0.6343634960
1905	0.6339883017
1906	0.6336150761
1907	0.6332526405
1908	0.6329016569
1909	0.6325525338
1910	0.6321924922
1911	0.6318209677
1912	0.6314431195
1913	0.6310727345
1914	0.6306995446
1915	0.6303132872
1916	0.6299237279
1917	0.6295252780
1918	0.6291147294
1919	0.6286990178
1920	0.6282750448
1921	0.6278447949
1922	0.6274111217
1923	0.6269732268
1924	0.6265228842
1925	0.6260539440
1926	0.6255685037
1927	0.6250643514
1928	0.6245494070
1929	0.6240284389
1930	0.6234857514
1931	0.6229062655
1932	0.6222956127
1933	0.6216633563
1934	0.6210228354
1935	0.6203706866
1936	0.6197108425
1937	0.6190500227
1938	0.6183942409
1939	0.6177370394
1940	0.6170648097
1941	0.6163758378
1942	0.6156774534
1943	0.6149838735
1944	0.6142869974
1945	0.6135776544
1946	0.6128563466
1947	0.6121282378
1948	0.6113899011
1949	0.6106473792
1950	0.6099140876
1951	0.6091824280
1952	0.6084471748
1953	0.6077153380
1954	0.6069816889
1955	0.6062338453
1956	0.6054656036
1957	0.6046865994
1958	0.6039017145
1959	0.6031098701
1960	0.6022982626
1961	0.6014760263
1962	0.6006530268
1963	0.5998201872
1964	0.5989945479
1965	0.5981729221
1966	0.5973512810
1967	0.5965478522
1968	0.5957580592
1969	0.5949640083
1970	0.5941476254
1971	0.5932890833
1972	0.5924013167
1973	0.5914976083
1974	0.5905771984
1975	0.5896375368
1976	0.5886903229
1977	0.5877335975
1978	0.5867524686
1979	0.5857455793
1980	0.5847073973
1981	0.5836446529
1982	0.5825622799
1983	0.5814735064
1984	0.5803861558
1985	0.5792863655
1986	0.5781838657
1987	0.5770948072
1988	0.5760029757
1989	0.5749090352
1990	0.5738292669
1991	0.5727649685
1992	0.5717181579
1993	0.5706882883
1994	0.5696614416
1995	0.5686503343
1996	0.5676533386
1997	0.5666648714
1998	0.5656805277
1999	0.5647013869
