0	1.2500000087
1	1.2501979048
2	1.2503939011
3	1.2505882134
4	1.2507811294
5	1.2509729633
6	1.2511640169
7	1.2513545484
8	1.2515447514
9	1.2517347451
10	1.2519245763
11	1.2521142310
12	1.2523036518
13	1.2524927594
14	1.2526814731
15	1.2528697278
16	1.2530574853
17	1.2532447388
18	1.2534315111
19	1.2536178469
20	1.2538038024
21	1.2539894332
22	1.2541747833
23	1.2543598778
24	1.2545447191
25	1.2547292872
26	1.2549135450
27	1.2550974449
28	1.2552809382
29	1.2554639826
30	1.2556465491
31	1.2558286252
32	1.2560102148
33	1.2561913360
34	1.2563720148
35	1.2565522789
36	1.2567321509
37	1.2569116426
38	1.2570907518
39	1.2572694617
40	1.2574477423
41	1.2576255553
42	1.2578028586
43	1.2579796129
44	1.2581557858
45	1.2583313559
46	1.2585063135
47	1.2586806604
48	1.2588544065
49	1.2590275660
50	1.2592001515
51	1.2593721694
52	1.2595436159
53	1.2597144752
54	1.2598847206
55	1.2600543162
56	1.2602232206
57	1.2603913910
58	1.2605587879
59	1.2607253793
60	1.2608911434
61	1.2610560677
62	1.2612201478
63	1.2613833856
64	1.2615457873
65	1.2617073619
66	1.2618681157
67	1.2620280459
68	1.2621871342
69	1.2623453477
70	1.2625026440
71	1.2626589781
72	1.2628143045
73	1.2629685815
74	1.2631217802
75	1.2632738907
76	1.2634249138
77	1.2635748435
78	1.2637236586
79	1.2638713341
80	1.2640178581
81	1.2641632350
82	1.2643074705
83	1.2644505509
84	1.2645924407
85	1.2647331045
86	1.2648725298
87	1.2650107127
88	1.2651476257
89	1.2652832159
90	1.2654174342
91	1.2655502476
92	1.2656816235
93	1.2658115258
94	1.2659399317
95	1.2660668381
96	1.2661922429
97	1.2663161228
98	1.2664384372
99	1.2665591528
100	1.2666782488
101	1.2667956953
102	1.2669114528
103	1.2670254923
104	1.2671377843
105	1.2672482670
106	1.2673568577
107	1.2674634811
108	1.2675680626
109	1.2676705233
110	1.2677708040
111	1.2678688682
112	1.2679646808
113	1.2680582026
114	1.2681493892
115	1.2682381800
116	1.2683245005
117	1.2684082734
118	1.2684894282
119	1.2685679119
120	1.2686436934
121	1.2687167585
122	1.2687871028
123	1.2688547273
124	1.2689196379
125	1.2689818372
126	1.2690413019
127	1.2690979693
128	1.2691517535
129	1.2692025889
130	1.2692504936
131	1.2692955808
132	1.2693379553
133	1.2693775916
134	1.2694143169
135	1.2694479039
136	1.2694782171
137	1.2695052841
138	1.2695292140
139	1.2695500925
140	1.2695679608
141	1.2695828128
142	1.2695945751
143	1.2696030952
144	1.2696081740
145	1.2696096675
146	1.2696075524
147	1.2696018842
148	1.2695927645
149	1.2695803410
150	1.2695647553
151	1.2695460569
152	1.2695241530
153	1.2694988409
154	1.2694698868
155	1.2694370443
156	1.2694000677
157	1.2693588030
158	1.2693132459
159	1.2692635083
160	1.2692097739
161	1.2691522862
162	1.2690913214
163	1.2690270970
164	1.2689596855
165	1.2688890240
166	1.2688149238
167	1.2687370521
168	1.2686549887
169	1.2685683299
170	1.2684767543
171	1.2683800580
172	1.2682781990
173	1.2681713391
174	1.2680598028
175	1.2679440033
176	1.2678244113
177	1.2677014832
178	1.2675755586
179	1.2674468158
180	1.2673152465
181	1.2671806318
182	1.2670425579
183	1.2669004823
184	1.2667538190
185	1.2666019981
186	1.2664445599
187	1.2662812623
188	1.2661120877
189	1.2659372358
190	1.2657571320
191	1.2655723539
192	1.2653835303
193	1.2651912607
194	1.2649960362
195	1.2647981686
196	1.2645977453
197	1.2643946664
198	1.2641886957
199	1.2639794913
200	1.2637666831
201	1.2635499098
202	1.2633288229
203	1.2631031472
204	1.2628727117
205	1.2626374632
206	1.2623974825
207	1.2621529394
208	1.2619040118
209	1.2616508220
210	1.2613934510
211	1.2611319999
212	1.2608665972
213	1.2605973680
214	1.2603243432
215	1.2600474281
216	1.2597665630
217	1.2594818586
218	1.2591935725
219	1.2589019985
220	1.2586073447
221	1.2583097261
222	1.2580092184
223	1.2577058654
224	1.2573996649
225	1.2570905783
226	1.2567785775
227	1.2564636050
228	1.2561454849
229	1.2558239556
230	1.2554987504
231	1.2551696710
232	1.2548366097
233	1.2544995069
234	1.2541583738
235	1.2538132818
236	1.2534642603
237	1.2531112614
238	1.2527542140
239	1.2523930936
240	1.2520279285
241	1.2516588046
242	1.2512858985
243	1.2509094448
244	1.2505296746
245	1.2501467522
246	1.2497607596
247	1.2493717498
248	1.2489797290
249	1.2485846631
250	1.2481865584
251	1.2477854636
252	1.2473814387
253	1.2469745459
254	1.2465648593
255	1.2461524619
256	1.2457374205
257	1.2453198147
258	1.2448997642
259	1.2444774153
260	1.2440529016
261	1.2436263055
262	1.2431976610
263	1.2427668957
264	1.2423338045
265	1.2418981099
266	1.2414594651
267	1.2410174955
268	1.2405719094
269	1.2401225649
270	1.2396694716
271	1.2392127382
272	1.2387525703
273	1.2382893014
274	1.2378233808
275	1.2373552691
276	1.2368852284
277	1.2364131648
278	1.2359386786
279	1.2354613615
280	1.2349810572
281	1.2344977803
282	1.2340115062
283	1.2335220675
284	1.2330292464
285	1.2325329921
286	1.2320334734
287	1.2315309525
288	1.2310256627
289	1.2305178014
290	1.2300075634
291	1.2294950655
292	1.2289803144
293	1.2284633446
294	1.2279443773
295	1.2274237693
296	1.2269017931
297	1.2263785212
298	1.2258538573
299	1.2253276339
300	1.2247996544
301	1.2242696855
302	1.2237375983
303	1.2232034842
304	1.2226675571
305	1.2221299745
306	1.2215907660
307	1.2210499037
308	1.2205072980
309	1.2199627567
310	1.2194160807
311	1.2188671890
312	1.2183161302
313	1.2177629893
314	1.2172078529
315	1.2166508470
316	1.2160921202
317	1.2155317663
318	1.2149698190
319	1.2144063853
320	1.2138416509
321	1.2132757373
322	1.2127086858
323	1.2121404944
324	1.2115710721
325	1.2110001497
326	1.2104273404
327	1.2098523215
328	1.2092748763
329	1.2086948883
330	1.2081124002
331	1.2075276428
332	1.2069409418
333	1.2063525708
334	1.2057627201
335	1.2051714952
336	1.2045788343
337	1.2039844811
338	1.2033881358
339	1.2027896026
340	1.2021887775
341	1.2015856899
342	1.2009805419
343	1.2003735841
344	1.1997650076
345	1.1991549851
346	1.1985437545
347	1.1979315386
348	1.1973184589
349	1.1967046046
350	1.1960900721
351	1.1954749653
352	1.1948594256
353	1.1942436523
354	1.1936278002
355	1.1930118295
356	1.1923955397
357	1.1917786504
358	1.1911607863
359	1.1905415293
360	1.1899206163
361	1.1892980252
362	1.1886738819
363	1.1880484634
364	1.1874221887
365	1.1867954806
366	1.1861686758
367	1.1855420208
368	1.1849156471
369	1.1842895082
370	1.1836634351
371	1.1830372049
372	1.1824105035
373	1.1817829803
374	1.1811543743
375	1.1805245593
376	1.1798935140
377	1.1792613610
378	1.1786284001
379	1.1779949678
380	1.1773613399
381	1.1767277610
382	1.1760944255
383	1.1754614315
384	1.1748288677
385	1.1741968939
386	1.1735656731
387	1.1729353784
388	1.1723061944
389	1.1716781854
390	1.1710512347
391	1.1704250977
392	1.1697994378
393	1.1691738230
394	1.1685478553
395	1.1679212878
396	1.1672939744
397	1.1666658888
398	1.1660371933
399	1.1654081918
400	1.1647792151
401	1.1641505586
402	1.1635224081
403	1.1628947455
404	1.1622674562
405	1.1616404739
406	1.1610137386
407	1.1603871201
408	1.1597604227
409	1.1591334296
410	1.1585060382
411	1.1578784193
412	1.1572508885
413	1.1566236567
414	1.1559967916
415	1.1553702859
416	1.1547441345
417	1.1541183822
418	1.1534930637
419	1.1528680668
420	1.1522431643
421	1.1516181760
422	1.1509929316
423	1.1503672057
424	1.1497408322
425	1.1491138576
426	1.1484865796
427	1.1478594572
428	1.1472329463
429	1.1466073767
430	1.1459830356
431	1.1453602184
432	1.1447390846
433	1.1441196251
434	1.1435017743
435	1.1428854344
436	1.1422704325
437	1.1416565370
438	1.1410434786
439	1.1404310478
440	1.1398192165
441	1.1392080196
442	1.1385974404
443	1.1379874857
444	1.1373782018
445	1.1367695668
446	1.1361614824
447	1.1355538883
448	1.1349468064
449	1.1343403503
450	1.1337346752
451	1.1331299084
452	1.1325261878
453	1.1319236385
454	1.1313222332
455	1.1307217655
456	1.1301219865
457	1.1295226532
458	1.1289235076
459	1.1283243708
460	1.1277252192
461	1.1271261902
462	1.1265275456
463	1.1259295928
464	1.1253326611
465	1.1247371029
466	1.1241431623
467	1.1235508717
468	1.1229601770
469	1.1223709951
470	1.1217831580
471	1.1211964582
472	1.1206106913
473	1.1200256315
474	1.1194410259
475	1.1188566539
476	1.1182724040
477	1.1176883173
478	1.1171045134
479	1.1165210842
480	1.1159381458
481	1.1153558557
482	1.1147743376
483	1.1141936951
484	1.1136140495
485	1.1130354626
486	1.1124578777
487	1.1118812037
488	1.1113054094
489	1.1107305875
490	1.1101569382
491	1.1095846568
492	1.1090138656
493	1.1084445499
494	1.1078765334
495	1.1073096109
496	1.1067436513
497	1.1061784927
498	1.1056139091
499	1.1050497441
500	1.1044859460
501	1.1039225409
502	1.1033596151
503	1.1027972961
504	1.1022357395
505	1.1016750647
506	1.1011152826
507	1.1005563149
508	1.0999980541
509	1.0994403722
510	1.0988831682
511	1.0983263750
512	1.0977698710
513	1.0972135150
514	1.0966572362
515	1.0961010027
516	1.0955447754
517	1.0949885598
518	1.0944324268
519	1.0938764357
520	1.0933205644
521	1.0927647022
522	1.0922087192
523	1.0916524913
524	1.0910958806
525	1.0905388031
526	1.0899812589
527	1.0894232624
528	1.0888648133
529	1.0883058939
530	1.0877464385
531	1.0871863798
532	1.0866257129
533	1.0860645034
534	1.0855029077
535	1.0849411459
536	1.0843794239
537	1.0838178626
538	1.0832564751
539	1.0826952116
540	1.0821339851
541	1.0815726184
542	1.0810108315
543	1.0804483241
544	1.0798848103
545	1.0793200408
546	1.0787538685
547	1.0781862266
548	1.0776170712
549	1.0770464073
550	1.0764743499
551	1.0759011153
552	1.0753269549
553	1.0747520763
554	1.0741765966
555	1.0736005374
556	1.0730238269
557	1.0724463211
558	1.0718678112
559	1.0712880343
560	1.0707067560
561	1.0701238343
562	1.0695392231
563	1.0689529741
564	1.0683651856
565	1.0677759199
566	1.0671852283
567	1.0665931853
568	1.0659998689
569	1.0654053695
570	1.0648098044
571	1.0642133076
572	1.0636159829
573	1.0630178582
574	1.0624188914
575	1.0618189905
576	1.0612180364
577	1.0606159328
578	1.0600126202
579	1.0594080326
580	1.0588021105
581	1.0581948210
582	1.0575861157
583	1.0569759199
584	1.0563641738
585	1.0557508644
586	1.0551360235
587	1.0545196992
588	1.0539019307
589	1.0532827573
590	1.0526622312
591	1.0520404041
592	1.0514173188
593	1.0507930117
594	1.0501675237
595	1.0495408918
596	1.0489131211
597	1.0482841842
598	1.0476540341
599	1.0470225878
600	1.0463897138
601	1.0457552333
602	1.0451189478
603	1.0444807039
604	1.0438403947
605	1.0431979230
606	1.0425532205
607	1.0419062777
608	1.0412571434
609	1.0406059141
610	1.0399527261
611	1.0392977235
612	1.0386409944
613	1.0379825567
614	1.0373224027
615	1.0366605199
616	1.0359968892
617	1.0353315080
618	1.0346644343
619	1.0339958220
620	1.0333258771
621	1.0326547431
622	1.0319824436
623	1.0313089143
624	1.0306340608
625	1.0299577979
626	1.0292800431
627	1.0286006838
628	1.0279195748
629	1.0272365776
630	1.0265516093
631	1.0258646713
632	1.0251758516
633	1.0244853090
634	1.0237932517
635	1.0230999134
636	1.0224054743
637	1.0217099792
638	1.0210133769
639	1.0203156234
640	1.0196166900
641	1.0189165123
642	1.0182150090
643	1.0175121197
644	1.0168078184
645	1.0161021279
646	1.0153951229
647	1.0146869355
648	1.0139777367
649	1.0132676734
650	1.0125568025
651	1.0118450674
652	1.0111323365
653	1.0104184559
654	1.0097032543
655	1.0089865402
656	1.0082681147
657	1.0075478013
658	1.0068254951
659	1.0061011566
660	1.0053747989
661	1.0046465378
662	1.0039165905
663	1.0031851956
664	1.0024525424
665	1.0017187421
666	1.0009838446
667	1.0002478341
668	0.9995105876
669	0.9987719278
670	0.9980317298
671	0.9972899432
672	0.9965465723
673	0.9958016767
674	0.9950553734
675	0.9943077877
676	0.9935590063
677	0.9928090767
678	0.9920580219
679	0.9913058556
680	0.9905525524
681	0.9897979623
682	0.9890417920
683	0.9882837100
684	0.9875234395
685	0.9867608024
686	0.9859957550
687	0.9852283648
688	0.9844587737
689	0.9836871855
690	0.9829138677
691	0.9821391583
692	0.9813633816
693	0.9805867028
694	0.9798091071
695	0.9790304950
696	0.9782507521
697	0.9774697567
698	0.9766873869
699	0.9759035727
700	0.9751182919
701	0.9743315207
702	0.9735432373
703	0.9727534503
704	0.9719622207
705	0.9711696589
706	0.9703759128
707	0.9695811839
708	0.9687856821
709	0.9679895329
710	0.9671927826
711	0.9663954193
712	0.9655973442
713	0.9647983838
714	0.9639983196
715	0.9631969358
716	0.9623940424
717	0.9615894483
718	0.9607829880
719	0.9599746068
720	0.9591643785
721	0.9583524320
722	0.9575389231
723	0.9567240557
724	0.9559080273
725	0.9550909508
726	0.9542728631
727	0.9534537648
728	0.9526336258
729	0.9518123789
730	0.9509899080
731	0.9501660737
732	0.9493407170
733	0.9485136278
734	0.9476846183
735	0.9468536137
736	0.9460206559
737	0.9451859367
738	0.9443498087
739	0.9435126715
740	0.9426748458
741	0.9418365224
742	0.9409978028
743	0.9401587337
744	0.9393192898
745	0.9384794142
746	0.9376390510
747	0.9367981029
748	0.9359563959
749	0.9351137135
750	0.9342698272
751	0.9334244396
752	0.9325772082
753	0.9317279306
754	0.9308766524
755	0.9300236169
756	0.9291691766
757	0.9283136837
758	0.9274574421
759	0.9266006908
760	0.9257435794
761	0.9248861992
762	0.9240285307
763	0.9231704040
764	0.9223116457
765	0.9214522006
766	0.9205921051
767	0.9197314522
768	0.9188704052
769	0.9180091876
770	0.9171480339
771	0.9162871348
772	0.9154265921
773	0.9145663767
774	0.9137063508
775	0.9128463440
776	0.9119862030
777	0.9111257782
778	0.9102649137
779	0.9094035596
780	0.9085417884
781	0.9076796516
782	0.9068171891
783	0.9059545218
784	0.9050918046
785	0.9042291898
786	0.9033668408
787	0.9025049225
788	0.9016435856
789	0.9007829251
790	0.8999229978
791	0.8990638136
792	0.8982052746
793	0.8973472474
794	0.8964896130
795	0.8956321883
796	0.8947747438
797	0.8939171433
798	0.8930593877
799	0.8922015476
800	0.8913437630
801	0.8904862795
802	0.8896293930
803	0.8887733898
804	0.8879185447
805	0.8870650971
806	0.8862132411
807	0.8853630766
808	0.8845145792
809	0.8836676303
810	0.8828220149
811	0.8819774980
812	0.8811338663
813	0.8802908782
814	0.8794483881
815	0.8786064892
816	0.8777654136
817	0.8769253837
818	0.8760865601
819	0.8752490447
820	0.8744129020
821	0.8735782176
822	0.8727452160
823	0.8719142281
824	0.8710855200
825	0.8702592455
826	0.8694355208
827	0.8686144332
828	0.8677959603
829	0.8669799070
830	0.8661658367
831	0.8653531524
832	0.8645414400
833	0.8637306645
834	0.8629210583
835	0.8621130217
836	0.8613070210
837	0.8605034322
838	0.8597025007
839	0.8589043628
840	0.8581090573
841	0.8573164189
842	0.8565260122
843	0.8557373297
844	0.8549499211
845	0.8541633918
846	0.8533774838
847	0.8525921157
848	0.8518073399
849	0.8510232981
850	0.8502401149
851	0.8494578479
852	0.8486765914
853	0.8478965530
854	0.8471179667
855	0.8463409787
856	0.8455656559
857	0.8447919800
858	0.8440198297
859	0.8432490763
860	0.8424797160
861	0.8417119060
862	0.8409458812
863	0.8401819327
864	0.8394203730
865	0.8386613665
866	0.8379049177
867	0.8371509937
868	0.8363995010
869	0.8356502688
870	0.8349030953
871	0.8341577719
872	0.8334141227
873	0.8326719757
874	0.8319311398
875	0.8311914621
876	0.8304529381
877	0.8297157715
878	0.8289802199
879	0.8282464403
880	0.8275145229
881	0.8267845184
882	0.8260564325
883	0.8253303674
884	0.8246066103
885	0.8238854524
886	0.8231670152
887	0.8224512633
888	0.8217380070
889	0.8210269225
890	0.8203176680
891	0.8196099374
892	0.8189035260
893	0.8181984033
894	0.8174947059
895	0.8167926777
896	0.8160925645
897	0.8153945938
898	0.8146989811
899	0.8140058841
900	0.8133153987
901	0.8126275219
902	0.8119421818
903	0.8112594065
904	0.8105792648
905	0.8099017053
906	0.8092266388
907	0.8085539999
908	0.8078836732
909	0.8072154910
910	0.8065493304
911	0.8058851303
912	0.8052228169
913	0.8045623106
914	0.8039035482
915	0.8032464449
916	0.8025908950
917	0.8019368623
918	0.8012844335
919	0.8006337585
920	0.7999849827
921	0.7993382018
922	0.7986934398
923	0.7980506891
924	0.7974098896
925	0.7967709157
926	0.7961337205
927	0.7954983650
928	0.7948649441
929	0.7942335758
930	0.7936043552
931	0.7929773110
932	0.7923524025
933	0.7917295480
934	0.7911086475
935	0.7904896139
936	0.7898724690
937	0.7892573205
938	0.7886442114
939	0.7880331352
940	0.7874240987
941	0.7868170442
942	0.7862118403
943	0.7856083769
944	0.7850066237
945	0.7844066516
946	0.7838086626
947	0.7832129317
948	0.7826196873
949	0.7820290096
950	0.7814407785
951	0.7808548161
952	0.7802710538
953	0.7796895255
954	0.7791102930
955	0.7785333537
956	0.7779586018
957	0.7773859311
958	0.7768154136
959	0.7762473201
960	0.7756818356
961	0.7751188793
962	0.7745582871
963	0.7739999518
964	0.7734438840
965	0.7728902000
966	0.7723388813
967	0.7717896280
968	0.7712419990
969	0.7706956326
970	0.7701503614
971	0.7696061847
972	0.7690631913
973	0.7685215365
974	0.7679814791
975	0.7674433635
976	0.7669074903
977	0.7663740433
978	0.7658431643
979	0.7653149967
980	0.7647896034
981	0.7642668726
982	0.7637465656
983	0.7632284879
984	0.7627126342
985	0.7621991080
986	0.7616879273
987	0.7611790149
988	0.7606722129
989	0.7601673125
990	0.7596641870
991	0.7591627966
992	0.7586631716
993	0.7581655235
994	0.7576702319
995	0.7571776133
996	0.7566877491
997	0.7562005832
998	0.7557160568
999	0.7552340678
1000	0.7547544385
1001	0.7542769082
1002	0.7538011584
1003	0.7533269312
1004	0.7528540599
1005	0.7523824512
1006	0.7519121565
1007	0.7514434448
1008	0.7509767526
1009	0.7505125247
1010	0.7500510674
1011	0.7495925467
1012	0.7491370501
1013	0.7486844828
1014	0.7482344840
1015	0.7477866005
1016	0.7473404562
1017	0.7468957540
1018	0.7464522303
1019	0.7460096179
1020	0.7455676901
1021	0.7451263528
1022	0.7446856638
1023	0.7442457591
1024	0.7438068242
1025	0.7433691683
1026	0.7429331298
1027	0.7424989168
1028	0.7420666128
1029	0.7416361746
1030	0.7412074666
1031	0.7407803455
1032	0.7403546538
1033	0.7399302610
1034	0.7395071618
1035	0.7390854403
1036	0.7386651676
1037	0.7382463865
1038	0.7378291696
1039	0.7374135870
1040	0.7369996125
1041	0.7365871614
1042	0.7361761998
1043	0.7357667322
1044	0.7353586558
1045	0.7349517462
1046	0.7345458461
1047	0.7341409807
1048	0.7337372785
1049	0.7333348692
1050	0.7329338468
1051	0.7325342116
1052	0.7321358746
1053	0.7317387048
1054	0.7313425327
1055	0.7309472451
1056	0.7305528428
1057	0.7301593071
1058	0.7297665616
1059	0.7293745389
1060	0.7289831693
1061	0.7285923703
1062	0.7282020851
1063	0.7278123228
1064	0.7274231141
1065	0.7270344604
1066	0.7266463521
1067	0.7262588171
1068	0.7258719659
1069	0.7254859239
1070	0.7251007500
1071	0.7247164790
1072	0.7243331402
1073	0.7239507001
1074	0.7235690421
1075	0.7231880283
1076	0.7228076017
1077	0.7224277841
1078	0.7220485862
1079	0.7216700329
1080	0.7212922443
1081	0.7209153793
1082	0.7205395421
1083	0.7201647903
1084	0.7197911243
1085	0.7194184593
1086	0.7190466212
1087	0.7186753791
1088	0.7183045561
1089	0.7179340793
1090	0.7175639606
1091	0.7171943233
1092	0.7168254476
1093	0.7164576754
1094	0.7160912366
1095	0.7157262747
1096	0.7153628733
1097	0.7150009476
1098	0.7146403097
1099	0.7142807912
1100	0.7139222157
1101	0.7135643685
1102	0.7132070107
1103	0.7128499656
1104	0.7124931910
1105	0.7121367260
1106	0.7117806442
1107	0.7114250605
1108	0.7110701326
1109	0.7107160126
1110	0.7103628018
1111	0.7100105807
1112	0.7096594766
1113	0.7093096615
1114	0.7089612771
1115	0.7086144049
1116	0.7082690586
1117	0.7079251087
1118	0.7075822831
1119	0.7072403224
1120	0.7068990676
1121	0.7065583941
1122	0.7062181912
1123	0.7058784020
1124	0.7055390016
1125	0.7051999727
1126	0.7048612719
1127	0.7045228345
1128	0.7041846744
1129	0.7038468569
1130	0.7035094463
1131	0.7031725617
1132	0.7028363662
1133	0.7025010249
1134	0.7021667218
1135	0.7018336483
1136	0.7015019226
1137	0.7011715726
1138	0.7008426168
1139	0.7005150676
1140	0.7001888734
1141	0.6998639376
1142	0.6995401982
1143	0.6992176785
1144	0.6988963997
1145	0.6985763351
1146	0.6982575090
1147	0.6979400044
1148	0.6976239006
1149	0.6973092763
1150	0.6969962396
1151	0.6966848898
1152	0.6963752246
1153	0.6960671177
1154	0.6957604023
1155	0.6954549055
1156	0.6951504213
1157	0.6948468228
1158	0.6945441417
1159	0.6942424984
1160	0.6939421276
1161	0.6936433895
1162	0.6933466062
1163	0.6930519321
1164	0.6927594197
1165	0.6924691527
1166	0.6921812617
1167	0.6918958404
1168	0.6916128075
1169	0.6913318373
1170	0.6910525072
1171	0.6907744478
1172	0.6904975066
1173	0.6902218854
1174	0.6899479532
1175	0.6896760371
1176	0.6894064431
1177	0.6891395107
1178	0.6888755814
1179	0.6886148781
1180	0.6883574290
1181	0.6881030992
1182	0.6878516973
1183	0.6876031540
1184	0.6873575818
1185	0.6871151277
1186	0.6868758711
1187	0.6866398508
1188	0.6864070217
1189	0.6861771579
1190	0.6859499594
1191	0.6857252686
1192	0.6855031630
1193	0.6852838929
1194	0.6850677415
1195	0.6848549193
1196	0.6846455179
1197	0.6844395422
1198	0.6842370280
1199	0.6840381230
1200	0.6838429291
1201	0.6836513735
1202	0.6834633710
1203	0.6832788257
1204	0.6830975088
1205	0.6829191832
1206	0.6827437104
1207	0.6825710425
1208	0.6824012157
1209	0.6822343014
1210	0.6820704190
1211	0.6819097843
1212	0.6817527341
1213	0.6815996824
1214	0.6814510019
1215	0.6813069724
1216	0.6811678423
1217	0.6810338501
1218	0.6809050279
1219	0.6807811751
1220	0.6806621892
1221	0.6805482115
1222	0.6804394773
1223	0.6803361494
1224	0.6802382194
1225	0.6801454750
1226	0.6800575602
1227	0.6799741693
1228	0.6798952188
1229	0.6798207958
1230	0.6797510682
1231	0.6796862484
1232	0.6796264374
1233	0.6795715444
1234	0.6795214165
1235	0.6794759046
1236	0.6794349104
1237	0.6793984927
1238	0.6793668757
1239	0.6793404438
1240	0.6793196065
1241	0.6793045913
1242	0.6792954747
1243	0.6792922493
1244	0.6792947811
1245	0.6793027884
1246	0.6793159074
1247	0.6793337421
1248	0.6793559904
1249	0.6793826348
1250	0.6794137971
1251	0.6794495967
1252	0.6794903206
1253	0.6795363504
1254	0.6795878995
1255	0.6796449823
1256	0.6797075506
1257	0.6797755680
1258	0.6798488882
1259	0.6799272685
1260	0.6800105682
1261	0.6800987918
1262	0.6801920387
1263	0.6802904442
1264	0.6803940664
1265	0.6805028029
1266	0.6806164416
1267	0.6807347428
1268	0.6808574998
1269	0.6809846388
1270	0.6811162953
1271	0.6812527770
1272	0.6813944085
1273	0.6815414406
1274	0.6816940476
1275	0.6818522637
1276	0.6820159869
1277	0.6821851367
1278	0.6823597012
1279	0.6825396749
1280	0.6827251542
1281	0.6829163672
1282	0.6831134558
1283	0.6833164247
1284	0.6835252152
1285	0.6837396946
1286	0.6839597634
1287	0.6841853638
1288	0.6844163761
1289	0.6846526029
1290	0.6848938082
1291	0.6851398759
1292	0.6853908034
1293	0.6856464715
1294	0.6859066226
1295	0.6861710332
1296	0.6864395787
1297	0.6867122817
1298	0.6869894077
1299	0.6872712908
1300	0.6875580309
1301	0.6878495218
1302	0.6881457175
1303	0.6884468525
1304	0.6887533828
1305	0.6890656384
1306	0.6893836353
1307	0.6897072368
1308	0.6900364011
1309	0.6903711935
1310	0.6907116020
1311	0.6910575050
1312	0.6914087534
1313	0.6917651839
1314	0.6921266656
1315	0.6924931509
1316	0.6928645722
1317	0.6932408258
1318	0.6936219227
1319	0.6940080983
1320	0.6943997493
1321	0.6947972288
1322	0.6952008853
1323	0.6956111543
1324	0.6960283160
1325	0.6964523283
1326	0.6968828146
1327	0.6973190473
1328	0.6977602096
1329	0.6982057663
1330	0.6986554749
1331	0.6991092342
1332	0.6995671906
1333	0.7000297973
1334	0.7004976183
1335	0.7009711961
1336	0.7014509074
1337	0.7019369169
1338	0.7024292780
1339	0.7029278821
1340	0.7034323426
1341	0.7039419650
1342	0.7044559677
1343	0.7049738337
1344	0.7054953754
1345	0.7060206270
1346	0.7065498192
1347	0.7070833606
1348	0.7076217847
1349	0.7081656336
1350	0.7087153216
1351	0.7092711429
1352	0.7098333489
1353	0.7104020505
1354	0.7109770525
1355	0.7115579159
1356	0.7121441820
1357	0.7127354586
1358	0.7133313632
1359	0.7139315775
1360	0.7145358985
1361	0.7151441849
1362	0.7157564069
1363	0.7163726453
1364	0.7169929116
1365	0.7176171021
1366	0.7182451941
1367	0.7188772877
1368	0.7195135020
1369	0.7201540093
1370	0.7207991187
1371	0.7214492731
1372	0.7221047890
1373	0.7227656366
1374	0.7234316280
1375	0.7241026267
1376	0.7247785764
1377	0.7254594083
1378	0.7261449157
1379	0.7268349133
1380	0.7275294159
1381	0.7282285326
1382	0.7289323895
1383	0.7296411416
1384	0.7303549141
1385	0.7310738014
1386	0.7317979632
1387	0.7325275693
1388	0.7332627119
1389	0.7340033785
1390	0.7347493306
1391	0.7355001344
1392	0.7362554080
1393	0.7370149672
1394	0.7377787287
1395	0.7385465877
1396	0.7393184798
1397	0.7400944504
1398	0.7408745767
1399	0.7416589308
1400	0.7424476295
1401	0.7432408356
1402	0.7440387464
1403	0.7448414761
1404	0.7456488836
1405	0.7464606750
1406	0.7472766635
1407	0.7480968145
1408	0.7489210826
1409	0.7497493824
1410	0.7505817342
1411	0.7514181766
1412	0.7522586703
1413	0.7531032538
1414	0.7539520280
1415	0.7548050808
1416	0.7556624485
1417	0.7565239573
1418	0.7573892126
1419	0.7582578051
1420	0.7591294337
1421	0.7600038951
1422	0.7608811610
1423	0.7617614179
1424	0.7626449854
1425	0.7635322364
1426	0.7644234882
1427	0.7653190015
1428	0.7662190000
1429	0.7671235438
1430	0.7680325707
1431	0.7689460849
1432	0.7698641879
1433	0.7707868886
1434	0.7717139238
1435	0.7726449247
1436	0.7735796062
1437	0.7745176815
1438	0.7754588614
1439	0.7764029865
1440	0.7773499698
1441	0.7782996812
1442	0.7792520180
1443	0.7802070163
1444	0.7811648608
1445	0.7821257765
1446	0.7830898949
1447	0.7840571811
1448	0.7850274745
1449	0.7860005889
1450	0.7869763425
1451	0.7879546348
1452	0.7889355449
1453	0.7899192404
1454	0.7909057808
1455	0.7918950302
1456	0.7928867010
1457	0.7938804549
1458	0.7948760100
1459	0.7958731870
1460	0.7968719253
1461	0.7978722721
1462	0.7988742495
1463	0.7998777986
1464	0.8008828795
1465	0.8018895350
1466	0.8028979007
1467	0.8039081472
1468	0.8049204865
1469	0.8059351589
1470	0.8069522416
1471	0.8079716182
1472	0.8089931026
1473	0.8100164656
1474	0.8110414421
1475	0.8120677537
1476	0.8130951618
1477	0.8141235762
1478	0.8151530317
1479	0.8161835357
1480	0.8172150709
1481	0.8182476455
1482	0.8192811975
1483	0.8203155856
1484	0.8213507027
1485	0.8223864896
1486	0.8234228807
1487	0.8244598146
1488	0.8254972860
1489	0.8265353295
1490	0.8275739751
1491	0.8286132508
1492	0.8296531860
1493	0.8306938328
1494	0.8317353079
1495	0.8327777453
1496	0.8338212496
1497	0.8348659256
1498	0.8359117825
1499	0.8369586685
1500	0.8380064258
1501	0.8390549755
1502	0.8401041906
1503	0.8411538023
1504	0.8422035405
1505	0.8432532890
1506	0.8443031224
1507	0.8453533162
1508	0.8464042313
1509	0.8474561800
1510	0.8485094008
1511	0.8495640884
1512	0.8506204653
1513	0.8516786972
1514	0.8527386652
1515	0.8537999378
1516	0.8548619502
1517	0.8559241811
1518	0.8569863013
1519	0.8580482647
1520	0.8591102125
1521	0.8601723574
1522	0.8612349616
1523	0.8622983087
1524	0.8633626853
1525	0.8644283179
1526	0.8654953080
1527	0.8665636576
1528	0.8676333122
1529	0.8687041543
1530	0.8697759293
1531	0.8708482428
1532	0.8719207149
1533	0.8729930604
1534	0.8740650477
1535	0.8751365302
1536	0.8762074952
1537	0.8772780606
1538	0.8783484486
1539	0.8794189092
1540	0.8804896323
1541	0.8815606980
1542	0.8826320824
1543	0.8837037284
1544	0.8847755839
1545	0.8858475677
1546	0.8869195559
1547	0.8879914356
1548	0.8890631258
1549	0.8901345283
1550	0.8912055585
1551	0.8922762344
1552	0.8933466763
1553	0.8944170525
1554	0.8954875559
1555	0.8965583707
1556	0.8976296147
1557	0.8987013458
1558	0.8997735904
1559	0.9008463496
1560	0.9019195950
1561	0.9029932891
1562	0.9040674419
1563	0.9051420643
1564	0.9062170730
1565	0.9072923167
1566	0.9083676738
1567	0.9094431189
1568	0.9105186893
1569	0.9115944247
1570	0.9126703626
1571	0.9137465118
1572	0.9148228462
1573	0.9158993305
1574	0.9169758993
1575	0.9180524603
1576	0.9191289260
1577	0.9202052074
1578	0.9212812225
1579	0.9223569299
1580	0.9234323333
1581	0.9245074930
1582	0.9255825059
1583	0.9266574395
1584	0.9277323190
1585	0.9288071453
1586	0.9298818699
1587	0.9309564024
1588	0.9320307054
1589	0.9331048488
1590	0.9341789599
1591	0.9352531697
1592	0.9363276046
1593	0.9374023518
1594	0.9384774217
1595	0.9395527682
1596	0.9406283048
1597	0.9417039217
1598	0.9427795269
1599	0.9438550542
1600	0.9449304695
1601	0.9460057784
1602	0.9470809963
1603	0.9481561299
1604	0.9492311684
1605	0.9503060801
1606	0.9513808305
1607	0.9524554222
1608	0.9535299030
1609	0.9546043223
1610	0.9556787137
1611	0.9567530972
1612	0.9578274865
1613	0.9589018946
1614	0.9599763302
1615	0.9610508214
1616	0.9621254159
1617	0.9632001375
1618	0.9642749740
1619	0.9653499027
1620	0.9664248957
1621	0.9674999392
1622	0.9685750520
1623	0.9696502497
1624	0.9707255263
1625	0.9718008642
1626	0.9728762091
1627	0.9739514461
1628	0.9750264278
1629	0.9761010354
1630	0.9771752101
1631	0.9782489455
1632	0.9793222865
1633	0.9803953118
1634	0.9814681059
1635	0.9825407679
1636	0.9836134295
1637	0.9846862366
1638	0.9857592880
1639	0.9868325865
1640	0.9879060708
1641	0.9889796543
1642	0.9900532384
1643	0.9911267404
1644	0.9922000870
1645	0.9932732005
1646	0.9943460350
1647	0.9954186042
1648	0.9964909670
1649	0.9975632038
1650	0.9986353935
1651	0.9997075726
1652	1.0007797339
1653	1.0018518727
1654	1.0029240034
1655	1.0039961359
1656	1.0050682733
1657	1.0061404499
1658	1.0072127386
1659	1.0082852051
1660	1.0093578639
1661	1.0104306838
1662	1.0115036222
1663	1.0125766259
1664	1.0136496314
1665	1.0147225797
1666	1.0157954254
1667	1.0168681619
1668	1.0179408163
1669	1.0190134132
1670	1.0200859515
1671	1.0211584064
1672	1.0222307639
1673	1.0233030252
1674	1.0243751880
1675	1.0254472530
1676	1.0265192407
1677	1.0275911996
1678	1.0286631959
1679	1.0297353083
1680	1.0308076181
1681	1.0318801554
1682	1.0329528866
1683	1.0340257694
1684	1.0350987436
1685	1.0361717033
1686	1.0372445433
1687	1.0383172056
1688	1.0393896912
1689	1.0404620436
1690	1.0415343163
1691	1.0426065669
1692	1.0436788685
1693	1.0447512974
1694	1.0458239207
1695	1.0468968033
1696	1.0479700045
1697	1.0490435551
1698	1.0501174240
1699	1.0511915025
1700	1.0522656236
1701	1.0533395994
1702	1.0544132577
1703	1.0554864566
1704	1.0565591282
1705	1.0576313157
1706	1.0587031444
1707	1.0597748027
1708	1.0608465021
1709	1.0619184166
1710	1.0629906739
1711	1.0640633442
1712	1.0651363993
1713	1.0662097086
1714	1.0672831206
1715	1.0683565298
1716	1.0694298454
1717	1.0705029479
1718	1.0715757212
1719	1.0726481279
1720	1.0737202155
1721	1.0747920678
1722	1.0758637767
1723	1.0769354349
1724	1.0780071849
1725	1.0790792416
1726	1.0801517700
1727	1.0812247710
1728	1.0822981197
1729	1.0833716336
1730	1.0844451209
1731	1.0855184441
1732	1.0865915196
1733	1.0876642885
1734	1.0887367249
1735	1.0898088471
1736	1.0908807148
1737	1.0919524026
1738	1.0930239875
1739	1.0940955479
1740	1.0951671152
1741	1.0962386588
1742	1.0973101418
1743	1.0983815374
1744	1.0994528312
1745	1.1005240517
1746	1.1015952671
1747	1.1026664978
1748	1.1037376286
1749	1.1048084694
1750	1.1058788642
1751	1.1069487425
1752	1.1080181447
1753	1.1090871289
1754	1.1101557054
1755	1.1112239347
1756	1.1122919482
1757	1.1133598501
1758	1.1144276948
1759	1.1154955346
1760	1.1165633995
1761	1.1176312118
1762	1.1186987816
1763	1.1197659302
1764	1.1208325879
1765	1.1218987293
1766	1.1229643030
1767	1.1240292491
1768	1.1250935375
1769	1.1261571981
1770	1.1272203228
1771	1.1282830211
1772	1.1293453579
1773	1.1304073866
1774	1.1314691998
1775	1.1325308628
1776	1.1335923476
1777	1.1346535388
1778	1.1357142734
1779	1.1367743655
1780	1.1378336579
1781	1.1388921287
1782	1.1399498772
1783	1.1410070075
1784	1.1420635632
1785	1.1431195085
1786	1.1441747650
1787	1.1452292677
1788	1.1462829863
1789	1.1473359504
1790	1.1483882873
1791	1.1494401920
1792	1.1504917866
1793	1.1515430638
1794	1.1525939922
1795	1.1536445352
1796	1.1546946111
1797	1.1557441511
1798	1.1567930758
1799	1.1578412247
1800	1.1588883683
1801	1.1599342643
1802	1.1609787799
1803	1.1620219345
1804	1.1630637952
1805	1.1641044204
1806	1.1651438703
1807	1.1661821530
1808	1.1672191864
1809	1.1682548014
1810	1.1692887403
1811	1.1703207282
1812	1.1713504875
1813	1.1723776703
1814	1.1734019259
1815	1.1744230781
1816	1.1754411939
1817	1.1764565044
1818	1.1774693738
1819	1.1784802770
1820	1.1794897161
1821	1.1804981685
1822	1.1815059894
1823	1.1825133604
1824	1.1835203537
1825	1.1845269512
1826	1.1855330644
1827	1.1865386120
1828	1.1875435587
1829	1.1885478385
1830	1.1895512714
1831	1.1905536211
1832	1.1915546986
1833	1.1925543473
1834	1.1935523959
1835	1.1945487253
1836	1.1955432992
1837	1.1965360863
1838	1.1975270485
1839	1.1985161671
1840	1.1995034114
1841	1.2004887068
1842	1.2014719355
1843	1.2024530377
1844	1.2034321864
1845	1.2044097345
1846	1.2053859518
1847	1.2063608888
1848	1.2073344102
1849	1.2083062938
1850	1.2092763538
1851	1.2102444834
1852	1.2112105761
1853	1.2121744140
1854	1.2131356619
1855	1.2140939989
1856	1.2150492054
1857	1.2160011676
1858	1.2169498700
1859	1.2178953051
1860	1.2188374159
1861	1.2197761910
1862	1.2207117108
1863	1.2216440866
1864	1.2225734219
1865	1.2234998263
1866	1.2244233700
1867	1.2253440321
1868	1.2262617853
1869	1.2271766076
1870	1.2280884023
1871	1.2289970122
1872	1.2299022683
1873	1.2308039879
1874	1.2317018976
1875	1.2325956120
1876	1.2334848030
1877	1.2343693401
1878	1.2352492602
1879	1.2361247487
1880	1.2369961314
1881	1.2378637829
1882	1.2387280173
1883	1.2395889921
1884	1.2404466917
1885	1.2413010037
1886	1.2421517683
1887	1.2429988135
1888	1.2438419922
1889	1.2446811676
1890	1.2455161656
1891	1.2463467771
1892	1.2471728251
1893	1.2479941720
1894	1.2488107251
1895	1.2496225176
1896	1.2504297416
1897	1.2512326552
1898	1.2520314780
1899	1.2528263874
1900	1.2536175289
1901	1.2544049969
1902	1.2551888247
1903	1.2559689524
1904	1.2567452169
1905	1.2575173893
1906	1.2582851766
1907	1.2590482253
1908	1.2598061843
1909	1.2605587664
1910	1.2613058037
1911	1.2620473168
1912	1.2627835686
1913	1.2635149879
1914	1.2642420022
1915	1.2649649553
1916	1.2656840872
1917	1.2663995266
1918	1.2671112742
1919	1.2678192084
1920	1.2685231545
1921	1.2692229125
1922	1.2699182638
1923	1.2706090416
1924	1.2712952145
1925	1.2719769082
1926	1.2726543490
1927	1.2733277569
1928	1.2739972792
1929	1.2746629771
1930	1.2753247843
1931	1.2759825183
1932	1.2766359454
1933	1.2772847933
1934	1.2779287937
1935	1.2785677214
1936	1.2792013562
1937	1.2798294863
1938	1.2804519941
1939	1.2810689002
1940	1.2816803180
1941	1.2822864137
1942	1.2828873662
1943	1.2834833357
1944	1.2840744852
1945	1.2846609849
1946	1.2852430017
1947	1.2858206994
1948	1.2863941888
1949	1.2869634916
1950	1.2875285751
1951	1.2880893935
1952	1.2886459055
1953	1.2891980586
1954	1.2897457664
1955	1.2902889150
1956	1.2908273806
1957	1.2913610420
1958	1.2918897988
1959	1.2924135949
1960	1.2929324605
1961	1.2934465245
1962	1.2939559740
1963	1.2944610363
1964	1.2949619709
1965	1.2954590282
1966	1.2959524144
1967	1.2964422334
1968	1.2969284015
1969	1.2974106502
1970	1.2978885771
1971	1.2983616720
1972	1.2988294259
1973	1.2992915209
1974	1.2997479054
1975	1.3001987214
1976	1.3006442157
1977	1.3010846729
1978	1.3015203381
1979	1.3019513822
1980	1.3023779559
1981	1.3028002131
1982	1.3032182510
1983	1.3036320669
1984	1.3040415454
1985	1.3044464467
1986	1.3048463971
1987	1.3052409497
1988	1.3056297253
1989	1.3060124890
1990	1.3063891369
1991	1.3067597010
1992	1.3071243859
1993	1.3074835578
1994	1.3078376508
1995	1.3081870693
1996	1.3085321170
1997	1.3088729369
1998	1.3092094968
1999	1.3095416106
2000	1.3098689651
2001	1.3101911546
2002	1.3105077310
2003	1.3108183031
2004	1.3111226481
2005	1.3114207602
2006	1.3117128574
2007	1.3119993288
2008	1.3122806275
2009	1.3125572071
2010	1.3128294466
2011	1.3130975639
2012	1.3133616147
2013	1.3136215174
2014	1.3138770804
2015	1.3141280594
2016	1.3143742195
2017	1.3146153635
2018	1.3148513464
2019	1.3150821107
2020	1.3153076888
2021	1.3155281314
2022	1.3157434405
2023	1.3159535745
2024	1.3161584726
2025	1.3163580637
2026	1.3165522993
2027	1.3167411687
2028	1.3169246861
2029	1.3171028993
2030	1.3172758986
2031	1.3174438172
2032	1.3176068375
2033	1.3177651915
2034	1.3179191494
2035	1.3180689735
2036	1.3182148903
2037	1.3183570832
2038	1.3184956559
2039	1.3186305881
2040	1.3187616771
2041	1.3188885115
2042	1.3190105791
2043	1.3191274255
2044	1.3192387472
2045	1.3193444206
2046	1.3194444671
2047	1.3195389634
2048	1.3196280041
2049	1.3197117201
2050	1.3197902599
2051	1.3198637300
2052	1.3199321495
2053	1.3199954707
2054	1.3200536684
2055	1.3201067752
2056	1.3201548265
2057	1.3201978331
2058	1.3202357940
2059	1.3202687144
2060	1.3202966159
2061	1.3203195413
2062	1.3203375598
2063	1.3203507335
2064	1.3203590989
2065	1.3203626974
2066	1.3203615787
2067	1.3203557723
2068	1.3203452957
2069	1.3203302235
2070	1.3203107089
2071	1.3202868963
2072	1.3202588514
2073	1.3202265768
2074	1.3201900490
2075	1.3201492523
2076	1.3201042031
2077	1.3200549282
2078	1.3200014126
2079	1.3199435652
2080	1.3198812328
2081	1.3198142403
2082	1.3197424202
2083	1.3196656617
2084	1.3195839719
2085	1.3194974673
2086	1.3194062970
2087	1.3193105957
2088	1.3192104757
2089	1.3191060264
2090	1.3189973382
2091	1.3188845156
2092	1.3187676189
2093	1.3186466120
2094	1.3185214216
2095	1.3183920095
2096	1.3182583804
2097	1.3181205686
2098	1.3179785944
2099	1.3178324244
2100	1.3176820056
2101	1.3175273330
2102	1.3173684672
2103	1.3172055191
2104	1.3170386339
2105	1.3168679664
2106	1.3166936585
2107	1.3165158328
2108	1.3163346219
2109	1.3161502020
2110	1.3159627540
2111	1.3157723860
2112	1.3155791092
2113	1.3153828984
2114	1.3151837361
2115	1.3149816236
2116	1.3147766021
2117	1.3145687442
2118	1.3143581945
2119	1.3141452106
2120	1.3139300373
2121	1.3137127695
2122	1.3134933687
2123	1.3132717319
2124	1.3130477136
2125	1.3128211175
2126	1.3125917027
2127	1.3123592254
2128	1.3121235085
2129	1.3118844938
2130	1.3116422492
2131	1.3113969490
2132	1.3111488618
2133	1.3108983425
2134	1.3106457946
2135	1.3103915929
2136	1.3101360223
2137	1.3098792515
2138	1.3096213483
2139	1.3093623324
2140	1.3091021823
2141	1.3088407960
2142	1.3085779852
2143	1.3083134626
2144	1.3080468671
2145	1.3077778566
2146	1.3075061741
2147	1.3072317222
2148	1.3069545989
2149	1.3066749970
2150	1.3063931246
2151	1.3061091998
2152	1.3058234300
2153	1.3055360143
2154	1.3052471639
2155	1.3049570897
2156	1.3046659454
2157	1.3043737760
2158	1.3040805195
2159	1.3037860616
2160	1.3034902926
2161	1.3031931357
2162	1.3028945836
2163	1.3025946532
2164	1.3022933439
2165	1.3019907504
2166	1.3016871367
2167	1.3013828388
2168	1.3010781372
2169	1.3007732339
2170	1.3004682532
2171	1.3001632105
2172	1.2998580245
2173	1.2995525367
2174	1.2992465501
2175	1.2989398967
2176	1.2986324415
2177	1.2983240888
2178	1.2980148639
2179	1.2977049137
2180	1.2973943807
2181	1.2970833390
2182	1.2967718457
2183	1.2964599952
2184	1.2961478808
2185	1.2958354781
2186	1.2955226237
2187	1.2952091398
2188	1.2948949280
2189	1.2945799584
2190	1.2942642507
2191	1.2939478392
2192	1.2936307205
2193	1.2933128823
2194	1.2929943779
2195	1.2926753519
2196	1.2923559548
2197	1.2920362676
2198	1.2917163099
2199	1.2913960349
2200	1.2910753881
2201	1.2907543781
2202	1.2904330202
2203	1.2901113267
2204	1.2897893584
2205	1.2894671797
2206	1.2891448039
2207	1.2888221861
2208	1.2884992479
2209	1.2881758974
2210	1.2878520330
2211	1.2875275876
2212	1.2872025374
2213	1.2868768402
2214	1.2865504212
2215	1.2862232207
2216	1.2858951960
2217	1.2855663076
2218	1.2852365764
2219	1.2849061171
2220	1.2845751320
2221	1.2842439081
2222	1.2839127328
2223	1.2835817780
2224	1.2832511003
2225	1.2829206763
2226	1.2825903732
2227	1.2822599501
2228	1.2819291334
2229	1.2815976700
2230	1.2812653518
2231	1.2809320585
2232	1.2805977569
2233	1.2802624111
2234	1.2799259472
2235	1.2795883197
2236	1.2792495568
2237	1.2789097546
2238	1.2785690485
2239	1.2782276477
2240	1.2778858865
2241	1.2775441384
2242	1.2772026841
2243	1.2768616714
2244	1.2765211298
2245	1.2761809826
2246	1.2758410870
2247	1.2755012495
2248	1.2751612419
2249	1.2748208654
2250	1.2744799575
2251	1.2741383705
2252	1.2737959945
2253	1.2734528000
2254	1.2731088526
2255	1.2727643009
2256	1.2724193550
2257	1.2720742178
2258	1.2717289979
2259	1.2713836714
2260	1.2710380922
2261	1.2706920670
2262	1.2703454180
2263	1.2699979753
2264	1.2696496190
2265	1.2693003272
2266	1.2689501313
2267	1.2685990811
2268	1.2682472573
2269	1.2678947926
2270	1.2675418690
2271	1.2671886600
2272	1.2668352915
2273	1.2664818789
2274	1.2661285396
2275	1.2657753033
2276	1.2654220641
2277	1.2650686665
2278	1.2647149670
2279	1.2643608236
2280	1.2640060969
2281	1.2636506457
2282	1.2632943021
2283	1.2629369062
2284	1.2625784114
2285	1.2622188966
2286	1.2618584469
2287	1.2614971000
2288	1.2611348723
2289	1.2607717579
2290	1.2604077205
2291	1.2600426726
2292	1.2596765241
2293	1.2593092469
2294	1.2589408221
2295	1.2585712125
2296	1.2582003979
2297	1.2578283785
2298	1.2574551612
2299	1.2570807545
2300	1.2567051810
2301	1.2563284722
2302	1.2559506488
2303	1.2555717334
2304	1.2551917955
2305	1.2548109486
2306	1.2544293010
2307	1.2540469174
2308	1.2536637725
2309	1.2532797380
2310	1.2528946423
2311	1.2525083225
2312	1.2521206387
2313	1.2517314808
2314	1.2513407823
2315	1.2509485080
2316	1.2505546492
2317	1.2501592443
2318	1.2497623706
2319	1.2493641371
2320	1.2489646809
2321	1.2485641139
2322	1.2481624543
2323	1.2477596205
2324	1.2473554768
2325	1.2469498579
2326	1.2465425581
2327	1.2461333550
2328	1.2457220726
2329	1.2453085914
2330	1.2448928253
2331	1.2444747428
2332	1.2440543885
2333	1.2436318503
2334	1.2432072223
2335	1.2427805844
2336	1.2423519768
2337	1.2419214309
2338	1.2414890423
2339	1.2410549695
2340	1.2406193883
2341	1.2401824736
2342	1.2397443753
2343	1.2393051959
2344	1.2388649587
2345	1.2384235549
2346	1.2379807421
2347	1.2375362471
2348	1.2370898605
2349	1.2366414379
2350	1.2361909493
2351	1.2357385401
2352	1.2352844586
2353	1.2348289603
2354	1.2343722459
2355	1.2339144259
2356	1.2334555251
2357	1.2329954786
2358	1.2325341524
2359	1.2320713593
2360	1.2316068580
2361	1.2311404148
2362	1.2306718629
2363	1.2302011090
2364	1.2297281713
2365	1.2292531791
2366	1.2287762911
2367	1.2282976673
2368	1.2278174699
2369	1.2273358277
2370	1.2268528119
2371	1.2263684435
2372	1.2258827106
2373	1.2253955742
2374	1.2249069369
2375	1.2244166156
2376	1.2239243782
2377	1.2234299948
2378	1.2229332804
2379	1.2224341209
2380	1.2219324623
2381	1.2214283364
2382	1.2209218814
2383	1.2204132891
2384	1.2199027335
2385	1.2193903479
2386	1.2188762336
2387	1.2183604398
2388	1.2178429619
2389	1.2173237724
2390	1.2168028021
2391	1.2162799303
2392	1.2157550598
2393	1.2152281903
2394	1.2146994253
2395	1.2141689111
2396	1.2136367505
2397	1.2131030242
2398	1.2125678771
2399	1.2120314891
2400	1.2114939906
2401	1.2109554081
2402	1.2104156004
2403	1.2098742711
2404	1.2093311032
2405	1.2087858721
2406	1.2082384322
2407	1.2076886681
2408	1.2071365384
2409	1.2065821411
2410	1.2060257300
2411	1.2054677160
2412	1.2049085573
2413	1.2043485350
2414	1.2037876323
2415	1.2032256413
2416	1.2026622799
2417	1.2020971427
2418	1.2015297526
2419	1.2009597599
2420	1.2003869940
2421	1.1998113890
2422	1.1992329164
2423	1.1986515395
2424	1.1980672617
2425	1.1974802113
2426	1.1968906068
2427	1.1962986904
2428	1.1957047195
2429	1.1951089577
2430	1.1945116630
2431	1.1939131007
2432	1.1933135087
2433	1.1927130379
2434	1.1921117648
2435	1.1915097146
2436	1.1909068556
2437	1.1903030882
2438	1.1896982547
2439	1.1890921689
2440	1.1884846131
2441	1.1878753788
2442	1.1872643069
2443	1.1866512963
2444	1.1860363434
2445	1.1854195330
2446	1.1848010165
2447	1.1841809719
2448	1.1835595299
2449	1.1829367928
2450	1.1823128654
2451	1.1816878086
2452	1.1810615878
2453	1.1804340954
2454	1.1798052341
2455	1.1791749409
2456	1.1785431454
2457	1.1779097912
2458	1.1772748402
2459	1.1766382259
2460	1.1759999786
2461	1.1753603707
2462	1.1747197892
2463	1.1740785379
2464	1.1734367931
2465	1.1727946322
2466	1.1721520672
2467	1.1715090324
2468	1.1708653303
2469	1.1702206846
2470	1.1695748456
2471	1.1689276245
2472	1.1682789350
2473	1.1676288128
2474	1.1669773463
2475	1.1663246215
2476	1.1656707233
2477	1.1650157516
2478	1.1643598261
2479	1.1637030603
2480	1.1630455339
2481	1.1623873085
2482	1.1617284329
2483	1.1610689121
2484	1.1604086962
2485	1.1597476457
2486	1.1590855412
2487	1.1584222142
2488	1.1577576172
2489	1.1570918232
2490	1.1564250561
2491	1.1557576287
2492	1.1550898183
2493	1.1544218267
2494	1.1537537416
2495	1.1530854628
2496	1.1524167929
2497	1.1517475358
2498	1.1510774259
2499	1.1504061015
2500	1.1497331435
2501	1.1490581918
2502	1.1483810900
2503	1.1477019067
2504	1.1470209065
2505	1.1463385015
2506	1.1456551851
2507	1.1449713908
2508	1.1442873898
2509	1.1436033772
2510	1.1429195318
2511	1.1422359781
2512	1.1415527799
2513	1.1408699533
2514	1.1401874652
2515	1.1395051875
2516	1.1388228873
2517	1.1381403103
2518	1.1374572243
2519	1.1367734835
2520	1.1360890955
2521	1.1354041881
2522	1.1347190461
2523	1.1340340954
2524	1.1333497414
2525	1.1326663141
2526	1.1319840949
2527	1.1313032897
2528	1.1306239722
2529	1.1299461027
2530	1.1292696686
2531	1.1285947561
2532	1.1279214050
2533	1.1272494538
2534	1.1265785840
2535	1.1259084431
2536	1.1252387502
2537	1.1245693682
2538	1.1239002646
2539	1.1232314188
2540	1.1225628099
2541	1.1218945197
2542	1.1212267569
2543	1.1205597030
2544	1.1198934682
2545	1.1192281725
2546	1.1185638767
2547	1.1179004970
2548	1.1172379082
2549	1.1165760653
2550	1.1159149709
2551	1.1152546309
2552	1.1145951190
2553	1.1139365810
2554	1.1132791849
2555	1.1126231017
2556	1.1119684494
2557	1.1113153100
2558	1.1106638518
2559	1.1100142798
2560	1.1093666639
2561	1.1087209691
2562	1.1080771337
2563	1.1074350762
2564	1.1067946834
2565	1.1061557800
2566	1.1055181652
2567	1.1048816748
2568	1.1042462367
2569	1.1036119002
2570	1.1029787609
2571	1.1023469091
2572	1.1017165109
2573	1.1010878941
2574	1.1004614521
2575	1.0998374109
2576	1.0992157305
2577	1.0985962609
2578	1.0979788960
2579	1.0973635349
2580	1.0967500380
2581	1.0961383066
2582	1.0955282894
2583	1.0949199119
2584	1.0943131515
2585	1.0937080632
2586	1.0931047138
2587	1.0925032272
2588	1.0919037675
2589	1.0913064794
2590	1.0907114615
2591	1.0901187227
2592	1.0895281801
2593	1.0889396662
2594	1.0883528969
2595	1.0877674906
2596	1.0871831289
2597	1.0865996648
2598	1.0860171055
2599	1.0854355456
2600	1.0848550432
2601	1.0842756314
2602	1.0836974848
2603	1.0831209446
2604	1.0825463331
2605	1.0819738196
2606	1.0814034401
2607	1.0808350939
2608	1.0802685751
2609	1.0797037273
2610	1.0791405078
2611	1.0785789886
2612	1.0780193262
2613	1.0774616373
2614	1.0769059787
2615	1.0763524045
2616	1.0758009243
2617	1.0752514304
2618	1.0747036982
2619	1.0741574898
2620	1.0736126255
2621	1.0730689843
2622	1.0725265441
2623	1.0719853671
2624	1.0714455242
2625	1.0709071114
2626	1.0703703172
2627	1.0698354355
2628	1.0693027038
2629	1.0687720877
2630	1.0682433808
2631	1.0677164194
2632	1.0671910406
2633	1.0666670413
2634	1.0661442946
2635	1.0656228228
2636	1.0651027947
2637	1.0645844145
2638	1.0640677768
2639	1.0635529283
2640	1.0630400060
2641	1.0625292382
2642	1.0620208165
2643	1.0615147934
2644	1.0610111311
2645	1.0605097081
2646	1.0600102749
2647	1.0595125525
2648	1.0590163786
2649	1.0585217118
2650	1.0580285747
2651	1.0575370327
2652	1.0570471440
2653	1.0565589967
2654	1.0560727165
2655	1.0555883396
2656	1.0551058171
2657	1.0546250988
2658	1.0541461292
2659	1.0536688430
2660	1.0531931946
2661	1.0527191370
2662	1.0522466035
2663	1.0517755108
2664	1.0513057265
2665	1.0508371370
2666	1.0503697138
2667	1.0499034758
2668	1.0494385121
2669	1.0489749418
2670	1.0485127881
2671	1.0480520000
2672	1.0475925286
2673	1.0471342762
2674	1.0466770417
2675	1.0462206755
2676	1.0457652803
2677	1.0453111430
2678	1.0448585968
2679	1.0444079773
2680	1.0439595300
2681	1.0435133268
2682	1.0430692690
2683	1.0426271738
2684	1.0421868375
2685	1.0417480728
2686	1.0413107987
2687	1.0408749876
2688	1.0404405505
2689	1.0400073485
2690	1.0395752516
2691	1.0391441794
2692	1.0387140827
2693	1.0382849518
2694	1.0378568845
2695	1.0374300419
2696	1.0370045718
2697	1.0365806135
2698	1.0361583198
2699	1.0357378855
2700	1.0353194569
2701	1.0349029761
2702	1.0344882364
2703	1.0340750479
2704	1.0336632329
2705	1.0332525884
2706	1.0328429487
2707	1.0324341821
2708	1.0320261549
2709	1.0316187879
2710	1.0312121440
2711	1.0308064137
2712	1.0304018938
2713	1.0299990217
2714	1.0295982387
2715	1.0291997859
2716	1.0288036745
2717	1.0284097631
2718	1.0280178348
2719	1.0276276636
2720	1.0272390506
2721	1.0268518301
2722	1.0264658734
2723	1.0260810626
2724	1.0256972618
2725	1.0253143444
2726	1.0249322294
2727	1.0245508682
2728	1.0241702283
2729	1.0237903135
2730	1.0234111141
2731	1.0230325407
2732	1.0226544364
2733	1.0222766420
2734	1.0218990892
2735	1.0215217658
2736	1.0211446031
2737	1.0207675153
2738	1.0203904817
2739	1.0200135355
2740	1.0196367856
2741	1.0192604531
2742	1.0188847962
2743	1.0185099460
2744	1.0181358152
2745	1.0177622339
2746	1.0173890975
2747	1.0170163524
2748	1.0166439240
2749	1.0162717015
2750	1.0158996204
2751	1.0155277002
2752	1.0151559793
2753	1.0147844561
2754	1.0144130717
2755	1.0140416943
2756	1.0136701372
2757	1.0132982712
2758	1.0129260835
2759	1.0125536600
2760	1.0121811918
2761	1.0118089392
2762	1.0114371779
2763	1.0110661136
2764	1.0106957887
2765	1.0103261271
2766	1.0099569923
2767	1.0095881974
2768	1.0092195617
2769	1.0088509063
2770	1.0084819957
2771	1.0081126355
2772	1.0077428036
2773	1.0073725714
2774	1.0070019769
2775	1.0066309710
2776	1.0062594101
2777	1.0058871448
2778	1.0055140797
2779	1.0051401488
2780	1.0047653373
2781	1.0043897260
2782	1.0040134527
2783	1.0036366382
2784	1.0032593904
2785	1.0028818213
2786	1.0025039926
2787	1.0021258702
2788	1.0017473239
2789	1.0013681658
2790	1.0009881896
2791	1.0006071945
2792	1.0002250322
2793	0.9998416123
2794	0.9994568811
2795	0.9990708702
2796	0.9986837062
2797	0.9982955621
2798	0.9979066117
2799	0.9975169654
2800	0.9971266275
2801	0.9967355130
2802	0.9963434887
2803	0.9959503619
2804	0.9955558818
2805	0.9951598298
2806	0.9947620941
2807	0.9943626499
2808	0.9939615063
2809	0.9935586426
2810	0.9931540172
2811	0.9927476829
2812	0.9923397597
2813	0.9919303154
2814	0.9915193458
2815	0.9911067753
2816	0.9906925093
2817	0.9902765164
2818	0.9898588425
2819	0.9894395384
2820	0.9890185789
2821	0.9885959299
2822	0.9881716226
2823	0.9877456770
2824	0.9873180728
2825	0.9868888276
2826	0.9864579880
2827	0.9860255570
2828	0.9855914651
2829	0.9851555679
2830	0.9847176837
2831	0.9842776184
2832	0.9838351631
2833	0.9833901291
2834	0.9829423953
2835	0.9824919787
2836	0.9820390806
2837	0.9815839779
2838	0.9811268834
2839	0.9806679048
2840	0.9802070101
2841	0.9797440503
2842	0.9792788994
2843	0.9788115205
2844	0.9783419000
2845	0.9778700362
2846	0.9773959754
2847	0.9769198569
2848	0.9764419550
2849	0.9759626441
2850	0.9754823559
2851	0.9750014726
2852	0.9745201588
2853	0.9740383484
2854	0.9735558600
2855	0.9730724828
2856	0.9725879440
2857	0.9721018765
2858	0.9716139386
2859	0.9711238765
2860	0.9706314963
2861	0.9701367238
2862	0.9696396430
2863	0.9691404463
2864	0.9686393705
2865	0.9681367124
2866	0.9676328201
2867	0.9671279762
2868	0.9666223539
2869	0.9661160240
2870	0.9656089519
2871	0.9651009938
2872	0.9645918701
2873	0.9640811717
2874	0.9635684191
2875	0.9630531842
2876	0.9625351819
2877	0.9620143028
2878	0.9614906407
2879	0.9609644378
2880	0.9604360430
2881	0.9599059935
2882	0.9593749348
2883	0.9588433553
2884	0.9583115337
2885	0.9577796099
2886	0.9572475686
2887	0.9567152541
2888	0.9561823882
2889	0.9556485796
2890	0.9551134002
2891	0.9545764955
2892	0.9540375879
2893	0.9534963909
2894	0.9529526327
2895	0.9524061872
2896	0.9518571340
2897	0.9513057082
2898	0.9507522620
2899	0.9501972596
2900	0.9496412026
2901	0.9490844442
2902	0.9485271105
2903	0.9479691773
2904	0.9474105001
2905	0.9468508612
2906	0.9462900877
2907	0.9457281535
2908	0.9451651911
2909	0.9446013607
2910	0.9440366953
2911	0.9434711201
2912	0.9429046061
2913	0.9423372363
2914	0.9417691248
2915	0.9412002938
2916	0.9406306505
2917	0.9400601121
2918	0.9394887349
2919	0.9389165896
2920	0.9383435629
2921	0.9377694670
2922	0.9371942223
2923	0.9366178866
2924	0.9360406393
2925	0.9354626932
2926	0.9348842406
2927	0.9343054461
2928	0.9337263682
2929	0.9331469335
2930	0.9325669941
2931	0.9319864192
2932	0.9314051063
2933	0.9308229158
2934	0.9302396946
2935	0.9296553203
2936	0.9290696868
2937	0.9284826797
2938	0.9278941707
2939	0.9273040177
2940	0.9267120919
2941	0.9261183839
2942	0.9255230588
2943	0.9249263370
2944	0.9243282940
2945	0.9237288190
2946	0.9231277844
2947	0.9225252133
2948	0.9219213531
2949	0.9213166037
2950	0.9207113688
2951	0.9201059724
2952	0.9195005660
2953	0.9188951388
2954	0.9182897099
2955	0.9176843368
2956	0.9170789804
2957	0.9164735793
2958	0.9158680805
2959	0.9152623335
2960	0.9146561723
2961	0.9140495347
2962	0.9134424122
2963	0.9128348032
2964	0.9122267427
2965	0.9116183726
2966	0.9110099367
2967	0.9104015764
2968	0.9097932307
2969	0.9091847725
2970	0.9085761375
2971	0.9079673344
2972	0.9073583638
2973	0.9067492015
2974	0.9061398330
2975	0.9055302878
2976	0.9049206523
2977	0.9043110427
2978	0.9037016102
2979	0.9030925496
2980	0.9024841164
2981	0.9018765655
2982	0.9012700003
2983	0.9006643334
2984	0.9000593120
2985	0.8994546214
2986	0.8988501036
2987	0.8982457438
2988	0.8976414334
2989	0.8970369982
2990	0.8964323637
2991	0.8958274863
2992	0.8952223069
2993	0.8946168795
2994	0.8940114224
2995	0.8934062172
2996	0.8928015354
2997	0.8921975572
2998	0.8915943096
2999	0.8909918210
