0	1.2500000087
1	1.2501978776
2	1.2503937986
3	1.2505880027
4	1.2507807964
5	1.2509725121
6	1.2511634648
7	1.2513539192
8	1.2515440673
9	1.2517340204
10	1.2519238129
11	1.2521134170
12	1.2523027639
13	1.2524917677
14	1.2526803472
15	1.2528684429
16	1.2530560275
17	1.2532431077
18	1.2534297194
19	1.2536159173
20	1.2538017624
21	1.2539873089
22	1.2541725935
23	1.2543576295
24	1.2545424054
25	1.2547268882
26	1.2549110312
27	1.2550947829
28	1.2552780968
29	1.2554609387
30	1.2556432921
31	1.2558251587
32	1.2560065559
33	1.2561875113
34	1.2563680549
35	1.2565482120
36	1.2567279965
37	1.2569074074
38	1.2570864275
39	1.2572650260
40	1.2574431626
41	1.2576207942
42	1.2577978809
43	1.2579743916
44	1.2581503072
45	1.2583256219
46	1.2585003409
47	1.2586744773
48	1.2588480466
49	1.2590210616
50	1.2591935271
51	1.2593654363
52	1.2595367693
53	1.2597074944
54	1.2598775717
55	1.2600469580
56	1.2602156117
57	1.2603834968
58	1.2605505868
59	1.2607168660
60	1.2608823296
61	1.2610469798
62	1.2612108215
63	1.2613738586
64	1.2615360921
65	1.2616975194
66	1.2618581312
67	1.2620179071
68	1.2621768133
69	1.2623348059
70	1.2624918386
71	1.2626478698
72	1.2628028648
73	1.2629567984
74	1.2631096615
75	1.2632614637
76	1.2634122205
77	1.2635619331
78	1.2637105792
79	1.2638581268
80	1.2640045510
81	1.2641498378
82	1.2642939711
83	1.2644369197
84	1.2645786408
85	1.2647191054
86	1.2648583136
87	1.2649962747
88	1.2651329723
89	1.2652683642
90	1.2654024147
91	1.2655351078
92	1.2656664267
93	1.2657963401
94	1.2659248119
95	1.2660518123
96	1.2661773070
97	1.2663012441
98	1.2664235650
99	1.2665442340
100	1.2666632418
101	1.2667805753
102	1.2668962057
103	1.2670101064
104	1.2671222452
105	1.2672325569
106	1.2673409589
107	1.2674473826
108	1.2675517656
109	1.2676540399
110	1.2677541468
111	1.2678520346
112	1.2679476404
113	1.2680408931
114	1.2681317213
115	1.2682200548
116	1.2683058329
117	1.2683890156
118	1.2684695811
119	1.2685475230
120	1.2686228430
121	1.2686955365
122	1.2687655841
123	1.2688329539
124	1.2688976137
125	1.2689595344
126	1.2690186740
127	1.2690749678
128	1.2691283444
129	1.2691787614
130	1.2692262598
131	1.2692709655
132	1.2693129768
133	1.2693522390
134	1.2693885391
135	1.2694216184
136	1.2694513357
137	1.2694777436
138	1.2695009973
139	1.2695212357
140	1.2695385434
141	1.2695529330
142	1.2695643154
143	1.2695724871
144	1.2695771770
145	1.2695781753
146	1.2695754243
147	1.2695689844
148	1.2695589965
149	1.2695456732
150	1.2695292283
151	1.2695097698
152	1.2694872337
153	1.2694614105
154	1.2694320231
155	1.2693987495
156	1.2693612523
157	1.2693192966
158	1.2692728362
159	1.2692219944
160	1.2691670178
161	1.2691082467
162	1.2690460633
163	1.2689807706
164	1.2689124795
165	1.2688411060
166	1.2687663868
167	1.2686878819
168	1.2686050592
169	1.2685174231
170	1.2684245999
171	1.2683263848
172	1.2682227912
173	1.2681140810
174	1.2680007009
175	1.2678831839
176	1.2677620962
177	1.2676379394
178	1.2675110286
179	1.2673814512
180	1.2672490610
181	1.2671134772
182	1.2669741347
183	1.2668303926
184	1.2666816492
185	1.2665274037
186	1.2663673382
187	1.2662014012
188	1.2660297727
189	1.2658528087
190	1.2656710165
191	1.2654849678
192	1.2652952026
193	1.2651021698
194	1.2649061849
195	1.2647074007
196	1.2645057973
197	1.2643012381
198	1.2640935208
199	1.2638823948
200	1.2636676095
201	1.2634489137
202	1.2632260360
203	1.2629987443
204	1.2627668823
205	1.2625303820
206	1.2622892775
207	1.2620436621
208	1.2617936299
209	1.2615392540
210	1.2612806317
211	1.2610179150
212	1.2607512433
213	1.2604806818
214	1.2602061895
215	1.2599276746
216	1.2596451827
217	1.2593589605
218	1.2590693320
219	1.2587765586
220	1.2584807811
221	1.2581820831
222	1.2578805490
223	1.2575762376
224	1.2572691493
225	1.2569592268
226	1.2566463795
227	1.2563304408
228	1.2560111360
229	1.2556881904
230	1.2553614248
231	1.2550307767
232	1.2546962598
233	1.2543578871
234	1.2540156744
235	1.2536696225
236	1.2533196452
237	1.2529656049
238	1.2526074183
239	1.2522451131
240	1.2518787928
241	1.2515086145
242	1.2511348025
243	1.2507575824
244	1.2503771175
245	1.2499934914
246	1.2496067350
247	1.2492168813
248	1.2488239402
249	1.2484279117
250	1.2480288547
251	1.2476268505
252	1.2472219619
253	1.2468142463
254	1.2464037773
255	1.2459906438
256	1.2455749432
257	1.2451568190
258	1.2447364531
259	1.2443140089
260	1.2438895752
261	1.2434631282
262	1.2430345439
263	1.2426035826
264	1.2421699267
265	1.2417332874
266	1.2412934192
267	1.2408501458
268	1.2404034177
269	1.2399532915
270	1.2394998625
271	1.2390432119
272	1.2385834431
273	1.2381207276
274	1.2376552833
275	1.2371872811
276	1.2367167082
277	1.2362433553
278	1.2357669930
279	1.2352876173
280	1.2348054728
281	1.2343207595
282	1.2338334209
283	1.2333431928
284	1.2328498171
285	1.2323532384
286	1.2318535475
287	1.2313508083
288	1.2308450166
289	1.2303361996
290	1.2298244857
291	1.2293100469
292	1.2287931096
293	1.2282740633
294	1.2277534516
295	1.2272317539
296	1.2267091441
297	1.2261854896
298	1.2256605025
299	1.2251338810
300	1.2246053530
301	1.2240746841
302	1.2235418059
303	1.2230068332
304	1.2224698912
305	1.2219310078
306	1.2213901669
307	1.2208474060
308	1.2203027766
309	1.2197562941
310	1.2192080033
311	1.2186579982
312	1.2181063272
313	1.2175528931
314	1.2169975064
315	1.2164400138
316	1.2158803365
317	1.2153184659
318	1.2147545253
319	1.2141888622
320	1.2136219207
321	1.2130540312
322	1.2124853889
323	1.2119160464
324	1.2113458365
325	1.2107743511
326	1.2102010938
327	1.2096256735
328	1.2090478164
329	1.2084673605
330	1.2078843124
331	1.2072988354
332	1.2067111442
333	1.2061214222
334	1.2055298607
335	1.2049366564
336	1.2043419182
337	1.2037456581
338	1.2031478910
339	1.2025486402
340	1.2019478258
341	1.2013452959
342	1.2007408798
343	1.2001343463
344	1.1995254797
345	1.1989142653
346	1.1983009766
347	1.1976860535
348	1.1970700023
349	1.1964534054
350	1.1958368298
351	1.1952207038
352	1.1946052656
353	1.1939905252
354	1.1933761768
355	1.1927615957
356	1.1921460552
357	1.1915289106
358	1.1909096556
359	1.1902880366
360	1.1896641883
361	1.1890385579
362	1.1884117052
363	1.1877842435
364	1.1871567412
365	1.1865295593
366	1.1859028369
367	1.1852765542
368	1.1846505447
369	1.1840244897
370	1.1833980254
371	1.1827708194
372	1.1821425522
373	1.1815130045
374	1.1808821547
375	1.1802501388
376	1.1796171695
377	1.1789835404
378	1.1783495942
379	1.1777155754
380	1.1770816236
381	1.1764478693
382	1.1758144289
383	1.1751813948
384	1.1745489155
385	1.1739171818
386	1.1732863039
387	1.1726563267
388	1.1720272340
389	1.1713988642
390	1.1707709646
391	1.1701433095
392	1.1695157276
393	1.1688880869
394	1.1682603630
395	1.1676326237
396	1.1670048912
397	1.1663771562
398	1.1657494317
399	1.1651216977
400	1.1644938602
401	1.1638658005
402	1.1632374044
403	1.1626085774
404	1.1619793867
405	1.1613500935
406	1.1607209771
407	1.1600922108
408	1.1594638487
409	1.1588358542
410	1.1582082037
411	1.1575809528
412	1.1569540528
413	1.1563272356
414	1.1557001928
415	1.1550727536
416	1.1544449539
417	1.1538169977
418	1.1531891003
419	1.1525613446
420	1.1519337378
421	1.1513063026
422	1.1506789728
423	1.1500515879
424	1.1494240636
425	1.1487964744
426	1.1481689953
427	1.1475417901
428	1.1469149410
429	1.1462884983
430	1.1456626556
431	1.1450377475
432	1.1444140723
433	1.1437918856
434	1.1431714608
435	1.1425530045
436	1.1419365499
437	1.1413219510
438	1.1407089041
439	1.1400970492
440	1.1394860592
441	1.1388755488
442	1.1382651140
443	1.1376545314
444	1.1370437932
445	1.1364330219
446	1.1358224753
447	1.1352125732
448	1.1346037938
449	1.1339965575
450	1.1333911038
451	1.1327874296
452	1.1321853789
453	1.1315846549
454	1.1309847751
455	1.1303851969
456	1.1297855297
457	1.1291855697
458	1.1285852680
459	1.1279847822
460	1.1273844509
461	1.1267847009
462	1.1261859469
463	1.1255885066
464	1.1249926123
465	1.1243984176
466	1.1238058921
467	1.1232148291
468	1.1226250362
469	1.1220363556
470	1.1214485913
471	1.1208615619
472	1.1202751150
473	1.1196890958
474	1.1191033756
475	1.1185179192
476	1.1179328128
477	1.1173482116
478	1.1167642020
479	1.1161807444
480	1.1155978038
481	1.1150153918
482	1.1144335156
483	1.1138522203
484	1.1132716036
485	1.1126917503
486	1.1121127444
487	1.1115347600
488	1.1109580508
489	1.1103828657
490	1.1098093326
491	1.1092373943
492	1.1086668928
493	1.1080976307
494	1.1075294040
495	1.1069620915
496	1.1063956399
497	1.1058299351
498	1.1052648440
499	1.1047003405
500	1.1041364509
501	1.1035731792
502	1.1030104988
503	1.1024483744
504	1.1018867942
505	1.1013257543
506	1.1007652630
507	1.1002053952
508	1.0996462787
509	1.0990879963
510	1.0985305529
511	1.0979738503
512	1.0974176511
513	1.0968616941
514	1.0963057898
515	1.0957497793
516	1.0951935301
517	1.0946370012
518	1.0940802291
519	1.0935232536
520	1.0929661093
521	1.0924088661
522	1.0918516511
523	1.0912945599
524	1.0907375686
525	1.0901805638
526	1.0896233442
527	1.0890656023
528	1.0885070157
529	1.0879473528
530	1.0873865211
531	1.0868246311
532	1.0862619848
533	1.0856989742
534	1.0851359977
535	1.0845733519
536	1.0840111453
537	1.0834493030
538	1.0828876356
539	1.0823259186
540	1.0817638992
541	1.0812012659
542	1.0806377019
543	1.0800729754
544	1.0795069306
545	1.0789394832
546	1.0783706530
547	1.0778005059
548	1.0772291074
549	1.0766565623
550	1.0760830267
551	1.0755086376
552	1.0749334572
553	1.0743574836
554	1.0737806934
555	1.0732030598
556	1.0726245255
557	1.0720449885
558	1.0714642986
559	1.0708822906
560	1.0702988562
561	1.0697139445
562	1.0691275197
563	1.0685395640
564	1.0679500725
565	1.0673590557
566	1.0667666013
567	1.0661728644
568	1.0655780019
569	1.0649821593
570	1.0643854546
571	1.0637879450
572	1.0631896049
573	1.0625903572
574	1.0619901381
575	1.0613889103
576	1.0607866485
577	1.0601833378
578	1.0595789410
579	1.0589733604
580	1.0583664738
581	1.0577581637
582	1.0571483106
583	1.0565368309
584	1.0559237130
585	1.0553089958
586	1.0546927300
587	1.0540749623
588	1.0534557354
589	1.0528350943
590	1.0522130835
591	1.0515897426
592	1.0509651166
593	1.0503392615
594	1.0497122341
595	1.0490840680
596	1.0484547634
597	1.0478243013
598	1.0471926258
599	1.0465596072
600	1.0459250575
601	1.0452887764
602	1.0446505941
603	1.0440104059
604	1.0433681456
605	1.0427237670
606	1.0420772703
607	1.0414286985
608	1.0407781112
609	1.0401255741
610	1.0394711612
611	1.0388149368
612	1.0381569252
613	1.0374971389
614	1.0368356241
615	1.0361724536
616	1.0355077164
617	1.0348415331
618	1.0341740519
619	1.0335054087
620	1.0328356462
621	1.0321646714
622	1.0314923308
623	1.0308185106
624	1.0301431604
625	1.0294662553
626	1.0287877452
627	1.0281075456
628	1.0274255838
629	1.0267418421
630	1.0260563640
631	1.0253692322
632	1.0246805497
633	1.0239904276
634	1.0232989637
635	1.0226062185
636	1.0219121840
637	1.0212168020
638	1.0205200481
639	1.0198219623
640	1.0191225747
641	1.0184218745
642	1.0177198782
643	1.0170166547
644	1.0163122893
645	1.0156068538
646	1.0149003885
647	1.0141929033
648	1.0134843676
649	1.0127746969
650	1.0120637797
651	1.0113515238
652	1.0106378890
653	1.0099228627
654	1.0092063968
655	1.0084884009
656	1.0077687831
657	1.0070474842
658	1.0063244914
659	1.0055998057
660	1.0048734462
661	1.0041454770
662	1.0034159471
663	1.0026848368
664	1.0019520994
665	1.0012177297
666	1.0004817946
667	0.9997444016
668	0.9990056546
669	0.9982656804
670	0.9975246196
671	0.9967825335
672	0.9960393759
673	0.9952950451
674	0.9945494286
675	0.9938024102
676	0.9930539124
677	0.9923039507
678	0.9915526151
679	0.9908000007
680	0.9900461143
681	0.9892908171
682	0.9885338803
683	0.9877750854
684	0.9870142314
685	0.9862511288
686	0.9854856492
687	0.9847177503
688	0.9839475087
689	0.9831751489
690	0.9824010134
691	0.9816254765
692	0.9808488150
693	0.9800711544
694	0.9792925528
695	0.9785130530
696	0.9777326229
697	0.9769511061
698	0.9761682679
699	0.9753838882
700	0.9745977833
701	0.9738098288
702	0.9730200329
703	0.9722285529
704	0.9714356584
705	0.9706416620
706	0.9698468520
707	0.9690514467
708	0.9682555315
709	0.9674590533
710	0.9666619159
711	0.9658640038
712	0.9650651479
713	0.9642651485
714	0.9634637928
715	0.9626608695
716	0.9618561813
717	0.9610495652
718	0.9602409760
719	0.9594305366
720	0.9586184663
721	0.9578049750
722	0.9569902523
723	0.9561744712
724	0.9553577211
725	0.9545399933
726	0.9537212441
727	0.9529014021
728	0.9520803323
729	0.9512578466
730	0.9504337357
731	0.9496078238
732	0.9487799979
733	0.9479502199
734	0.9471185809
735	0.9462852758
736	0.9454505190
737	0.9446145456
738	0.9437775853
739	0.9429397893
740	0.9421012578
741	0.9412621064
742	0.9404224806
743	0.9395824928
744	0.9387421586
745	0.9379014089
746	0.9370600779
747	0.9362179000
748	0.9353745856
749	0.9345299072
750	0.9336837058
751	0.9328358570
752	0.9319863344
753	0.9311352674
754	0.9302828274
755	0.9294291141
756	0.9285741766
757	0.9277180557
758	0.9268608446
759	0.9260026985
760	0.9251437839
761	0.9242842569
762	0.9234242033
763	0.9225636685
764	0.9217027648
765	0.9208416126
766	0.9199802363
767	0.9191186209
768	0.9182568018
769	0.9173948512
770	0.9165328335
771	0.9156707952
772	0.9148087603
773	0.9139467315
774	0.9130847291
775	0.9122227765
776	0.9113608304
777	0.9104987582
778	0.9096364005
779	0.9087736742
780	0.9079105416
781	0.9070469594
782	0.9061829940
783	0.9053188368
784	0.9044546723
785	0.9035906662
786	0.9027269949
787	0.9018638272
788	0.9010013250
789	0.9001396206
790	0.8992788048
791	0.8984188704
792	0.8975596671
793	0.8967009771
794	0.8958425182
795	0.8949839316
796	0.8941249293
797	0.8932654238
798	0.8924054895
799	0.8915453151
800	0.8906852466
801	0.8898257589
802	0.8889673247
803	0.8881103511
804	0.8872551543
805	0.8864018922
806	0.8855505535
807	0.8847009580
808	0.8838528026
809	0.8830057551
810	0.8821594984
811	0.8813138095
812	0.8804685674
813	0.8796237398
814	0.8787794763
815	0.8779360473
816	0.8770936579
817	0.8762524650
818	0.8754126827
819	0.8745745859
820	0.8737384554
821	0.8729045230
822	0.8720729182
823	0.8712435750
824	0.8704162597
825	0.8695907502
826	0.8687669270
827	0.8679447161
828	0.8671240450
829	0.8663049077
830	0.8654874121
831	0.8646718084
832	0.8638584402
833	0.8630474683
834	0.8622387162
835	0.8614319079
836	0.8606268757
837	0.8598235720
838	0.8590220696
839	0.8582224898
840	0.8574249123
841	0.8566293142
842	0.8558356132
843	0.8550437656
844	0.8542536655
845	0.8534650770
846	0.8526777408
847	0.8518914068
848	0.8511058442
849	0.8503209111
850	0.8495365755
851	0.8487529414
852	0.8479702413
853	0.8471886921
854	0.8464083752
855	0.8456293205
856	0.8448516565
857	0.8440755831
858	0.8433013124
859	0.8425290712
860	0.8417590426
861	0.8409912683
862	0.8402256238
863	0.8394619578
864	0.8387001950
865	0.8379403256
866	0.8371824655
867	0.8364268106
868	0.8356734516
869	0.8349223683
870	0.8341734858
871	0.8334266595
872	0.8326816944
873	0.8319383459
874	0.8311963610
875	0.8304555584
876	0.8297158675
877	0.8289773030
878	0.8282399150
879	0.8275038687
880	0.8267695251
881	0.8260373373
882	0.8253077318
883	0.8245810700
884	0.8238574923
885	0.8231367661
886	0.8224184548
887	0.8217022016
888	0.8209877816
889	0.8202750667
890	0.8195639981
891	0.8188544946
892	0.8181464567
893	0.8174398160
894	0.8167345581
895	0.8160307898
896	0.8153287730
897	0.8146289236
898	0.8139317026
899	0.8132374635
900	0.8125463918
901	0.8118584536
902	0.8111734458
903	0.8104911051
904	0.8098110567
905	0.8091328821
906	0.8084563510
907	0.8077814192
908	0.8071081448
909	0.8064367166
910	0.8057674251
911	0.8051005162
912	0.8044361164
913	0.8037742683
914	0.8031148905
915	0.8024577283
916	0.8018024305
917	0.8011486794
918	0.8004962501
919	0.7998450250
920	0.7991950564
921	0.7985465984
922	0.7979000411
923	0.7972557956
924	0.7966141412
925	0.7959751880
926	0.7953389390
927	0.7947052068
928	0.7940736296
929	0.7934438537
930	0.7928156258
931	0.7921888507
932	0.7915636266
933	0.7909401997
934	0.7903188567
935	0.7896998300
936	0.7890832484
937	0.7884690599
938	0.7878570504
939	0.7872470282
940	0.7866388810
941	0.7860325116
942	0.7854278884
943	0.7848250843
944	0.7842242117
945	0.7836253762
946	0.7830286646
947	0.7824341036
948	0.7818416885
949	0.7812514672
950	0.7806635602
951	0.7800781580
952	0.7794953937
953	0.7789152014
954	0.7783373821
955	0.7777617425
956	0.7771882039
957	0.7766168462
958	0.7760478182
959	0.7754811665
960	0.7749167881
961	0.7743546703
962	0.7737950489
963	0.7732381421
964	0.7726839253
965	0.7721321274
966	0.7715823023
967	0.7710340712
968	0.7704872810
969	0.7699418903
970	0.7693978110
971	0.7688548949
972	0.7683130567
973	0.7677724069
974	0.7672332585
975	0.7666960139
976	0.7661610855
977	0.7656289075
978	0.7650998927
979	0.7645742657
980	0.7640519534
981	0.7635326567
982	0.7630160141
983	0.7625016755
984	0.7619892768
985	0.7614784280
986	0.7609688635
987	0.7604606633
988	0.7599541915
989	0.7594499231
990	0.7589483315
991	0.7584497293
992	0.7579542412
993	0.7574618595
994	0.7569723854
995	0.7564854496
996	0.7560007175
997	0.7555180382
998	0.7550373431
999	0.7545584917
1000	0.7540813235
1001	0.7536057411
1002	0.7531317461
1003	0.7526594544
1004	0.7521890191
1005	0.7517206012
1006	0.7512543876
1007	0.7507905213
1008	0.7503290233
1009	0.7498698292
1010	0.7494129109
1011	0.7489583494
1012	0.7485062434
1013	0.7480565274
1014	0.7476090019
1015	0.7471634824
1016	0.7467197405
1017	0.7462774292
1018	0.7458361922
1019	0.7453957828
1020	0.7449561138
1021	0.7445172241
1022	0.7440791994
1023	0.7436421383
1024	0.7432061889
1025	0.7427715628
1026	0.7423384174
1027	0.7419068555
1028	0.7414770120
1029	0.7410489725
1030	0.7406227269
1031	0.7401981909
1032	0.7397752043
1033	0.7393536089
1034	0.7389332902
1035	0.7385141511
1036	0.7380961885
1037	0.7376795710
1038	0.7372645653
1039	0.7368513703
1040	0.7364400318
1041	0.7360304739
1042	0.7356225102
1043	0.7352158483
1044	0.7348102039
1045	0.7344054946
1046	0.7340018570
1047	0.7335994413
1048	0.7331982879
1049	0.7327984125
1050	0.7323998857
1051	0.7320027698
1052	0.7316070697
1053	0.7312127105
1054	0.7308195206
1055	0.7304273048
1056	0.7300358573
1057	0.7296449498
1058	0.7292544668
1059	0.7288644445
1060	0.7284749621
1061	0.7280861049
1062	0.7276979526
1063	0.7273105380
1064	0.7269238101
1065	0.7265376781
1066	0.7261520733
1067	0.7257669437
1068	0.7253822467
1069	0.7249979480
1070	0.7246140755
1071	0.7242307571
1072	0.7238481303
1073	0.7234662732
1074	0.7230852315
1075	0.7227050370
1076	0.7223256901
1077	0.7219471411
1078	0.7215693427
1079	0.7211923366
1080	0.7208161958
1081	0.7204409004
1082	0.7200663781
1083	0.7196926019
1084	0.7193195553
1085	0.7189472154
1086	0.7185755864
1087	0.7182047008
1088	0.7178345995
1089	0.7174652745
1090	0.7170966910
1091	0.7167288753
1092	0.7163619210
1093	0.7159959194
1094	0.7156309668
1095	0.7152672365
1096	0.7149048687
1097	0.7145438535
1098	0.7141841305
1099	0.7138255927
1100	0.7134680211
1101	0.7131111763
1102	0.7127548772
1103	0.7123990097
1104	0.7120434770
1105	0.7116881606
1106	0.7113330026
1107	0.7109780707
1108	0.7106235420
1109	0.7102696801
1110	0.7099168258
1111	0.7095653456
1112	0.7092155227
1113	0.7088674614
1114	0.7085210981
1115	0.7081762961
1116	0.7078328769
1117	0.7074906080
1118	0.7071492639
1119	0.7068086604
1120	0.7064685848
1121	0.7061288071
1122	0.7057892212
1123	0.7054498864
1124	0.7051109395
1125	0.7047725423
1126	0.7044348185
1127	0.7040978043
1128	0.7037614469
1129	0.7034255762
1130	0.7030900294
1131	0.7027548163
1132	0.7024200919
1133	0.7020861128
1134	0.7017532001
1135	0.7014216207
1136	0.7010914917
1137	0.7007628167
1138	0.7004355419
1139	0.7001095423
1140	0.6997846755
1141	0.6994609004
1142	0.6991382904
1143	0.6988169515
1144	0.6984969627
1145	0.6981784294
1146	0.6978614834
1147	0.6975461474
1148	0.6972323370
1149	0.6969199647
1150	0.6966089463
1151	0.6962991742
1152	0.6959905511
1153	0.6956830346
1154	0.6953766237
1155	0.6950713100
1156	0.6947671000
1157	0.6944641006
1158	0.6941624530
1159	0.6938622670
1160	0.6935637029
1161	0.6932669235
1162	0.6929719988
1163	0.6926789963
1164	0.6923880362
1165	0.6920991627
1166	0.6918122245
1167	0.6915269676
1168	0.6912432276
1169	0.6909610369
1170	0.6906805896
1171	0.6904020432
1172	0.6901254447
1173	0.6898507833
1174	0.6895780183
1175	0.6893072474
1176	0.6890387469
1177	0.6887727620
1178	0.6885094039
1179	0.6882487430
1180	0.6879909540
1181	0.6877363369
1182	0.6874851881
1183	0.6872376687
1184	0.6869937167
1185	0.6867530921
1186	0.6865155626
1187	0.6862809723
1188	0.6860491553
1189	0.6858199496
1190	0.6855932971
1191	0.6853691937
1192	0.6851476175
1193	0.6849286197
1194	0.6847124658
1195	0.6844996666
1196	0.6842908170
1197	0.6840863649
1198	0.6838864557
1199	0.6836908808
1200	0.6834991308
1201	0.6833106398
1202	0.6831250151
1203	0.6829419665
1204	0.6827613360
1205	0.6825832422
1206	0.6824079324
1207	0.6822356528
1208	0.6820666847
1209	0.6819013210
1210	0.6817398166
1211	0.6815823280
1212	0.6814288984
1213	0.6812795238
1214	0.6811342606
1215	0.6809933282
1216	0.6808570504
1217	0.6807256756
1218	0.6805992989
1219	0.6804780278
1220	0.6803620339
1221	0.6802513299
1222	0.6801457738
1223	0.6800452996
1224	0.6799499806
1225	0.6798599215
1226	0.6797751566
1227	0.6796956066
1228	0.6796210250
1229	0.6795510069
1230	0.6794852047
1231	0.6794235239
1232	0.6793660975
1233	0.6793132299
1234	0.6792652818
1235	0.6792224629
1236	0.6791848495
1237	0.6791525104
1238	0.6791255028
1239	0.6791039200
1240	0.6790878970
1241	0.6790775888
1242	0.6790731611
1243	0.6790745909
1244	0.6790815615
1245	0.6790936274
1246	0.6791104126
1247	0.6791316743
1248	0.6791573191
1249	0.6791873745
1250	0.6792219017
1251	0.6792611388
1252	0.6793055590
1253	0.6793555575
1254	0.6794113714
1255	0.6794732165
1256	0.6795412039
1257	0.6796151954
1258	0.6796948143
1259	0.6797796454
1260	0.6798693286
1261	0.6799635004
1262	0.6800619107
1263	0.6801645544
1264	0.6802716368
1265	0.6803834832
1266	0.6805004293
1267	0.6806226784
1268	0.6807502494
1269	0.6808830308
1270	0.6810208553
1271	0.6811635995
1272	0.6813112568
1273	0.6814639576
1274	0.6816218714
1275	0.6817850891
1276	0.6819536734
1277	0.6821276955
1278	0.6823071392
1279	0.6824919563
1280	0.6826822423
1281	0.6828781694
1282	0.6830798727
1283	0.6832875726
1284	0.6835015137
1285	0.6837217341
1286	0.6839480506
1287	0.6841800562
1288	0.6844172220
1289	0.6846591181
1290	0.6849054706
1291	0.6851561386
1292	0.6854110356
1293	0.6856701545
1294	0.6859336744
1295	0.6862018173
1296	0.6864746261
1297	0.6867520064
1298	0.6870338650
1299	0.6873201523
1300	0.6876109947
1301	0.6879067816
1302	0.6882079211
1303	0.6885145711
1304	0.6888266518
1305	0.6891440917
1306	0.6894670827
1307	0.6897959748
1308	0.6901309042
1309	0.6904715992
1310	0.6908175643
1311	0.6911684005
1312	0.6915238839
1313	0.6918839069
1314	0.6922485140
1315	0.6926179207
1316	0.6929924717
1317	0.6933726584
1318	0.6937589929
1319	0.6941517770
1320	0.6945510625
1321	0.6949567496
1322	0.6953687091
1323	0.6957866773
1324	0.6962101479
1325	0.6966386501
1326	0.6970719161
1327	0.6975098057
1328	0.6979523250
1329	0.6983995634
1330	0.6988515985
1331	0.6993086400
1332	0.6997711339
1333	0.7002395055
1334	0.7007139548
1335	0.7011945466
1336	0.7016812009
1337	0.7021736820
1338	0.7026716110
1339	0.7031744149
1340	0.7036815056
1341	0.7041925295
1342	0.7047074448
1343	0.7052263888
1344	0.7057495396
1345	0.7062772269
1346	0.7068099925
1347	0.7073483854
1348	0.7078927775
1349	0.7084433157
1350	0.7089999459
1351	0.7095624696
1352	0.7101305541
1353	0.7107038000
1354	0.7112819617
1355	0.7118650755
1356	0.7124532769
1357	0.7130465402
1358	0.7136446801
1359	0.7142475251
1360	0.7148549108
1361	0.7154666248
1362	0.7160824707
1363	0.7167022342
1364	0.7173256911
1365	0.7179527756
1366	0.7185836133
1367	0.7192183740
1368	0.7198573168
1369	0.7205009044
1370	0.7211496456
1371	0.7218038978
1372	0.7224637742
1373	0.7231292171
1374	0.7238000825
1375	0.7244760169
1376	0.7251565196
1377	0.7258412266
1378	0.7265300653
1379	0.7272232376
1380	0.7279210007
1381	0.7286235516
1382	0.7293311762
1383	0.7300442280
1384	0.7307629279
1385	0.7314872887
1386	0.7322171347
1387	0.7329521545
1388	0.7336920945
1389	0.7344368551
1390	0.7351863766
1391	0.7359405929
1392	0.7366993711
1393	0.7374624207
1394	0.7382294157
1395	0.7390002523
1396	0.7397750963
1397	0.7405541599
1398	0.7413375674
1399	0.7421254370
1400	0.7429178950
1401	0.7437149798
1402	0.7445166569
1403	0.7453228830
1404	0.7461336607
1405	0.7469490364
1406	0.7477689285
1407	0.7485930543
1408	0.7494211473
1409	0.7502531695
1410	0.7510892420
1411	0.7519294187
1412	0.7527737316
1413	0.7536222675
1414	0.7544749868
1415	0.7553317431
1416	0.7561923756
1417	0.7570566800
1418	0.7579244692
1419	0.7587955502
1420	0.7596696261
1421	0.7605464197
1422	0.7614259007
1423	0.7623082791
1424	0.7631938992
1425	0.7640831793
1426	0.7649765133
1427	0.7658742553
1428	0.7667766985
1429	0.7676840291
1430	0.7685963931
1431	0.7695138176
1432	0.7704360536
1433	0.7713626440
1434	0.7722931236
1435	0.7732271251
1436	0.7741642623
1437	0.7751041256
1438	0.7760465092
1439	0.7769914332
1440	0.7779389912
1441	0.7788893763
1442	0.7798428990
1443	0.7807997928
1444	0.7817600837
1445	0.7827236583
1446	0.7836904013
1447	0.7846602353
1448	0.7856330708
1449	0.7866087586
1450	0.7875870972
1451	0.7885679387
1452	0.7895512001
1453	0.7905367942
1454	0.7915246770
1455	0.7925148708
1456	0.7935073371
1457	0.7945018770
1458	0.7954982016
1459	0.7964960892
1460	0.7974955104
1461	0.7984966224
1462	0.7994996552
1463	0.8005048486
1464	0.8015123302
1465	0.8025219631
1466	0.8035334351
1467	0.8045464447
1468	0.8055608417
1469	0.8065766565
1470	0.8075940633
1471	0.8086133937
1472	0.8096349690
1473	0.8106588850
1474	0.8116850266
1475	0.8127131446
1476	0.8137429127
1477	0.8147739938
1478	0.8158060549
1479	0.8168388174
1480	0.8178721431
1481	0.8189059727
1482	0.8199402626
1483	0.8209750614
1484	0.8220104900
1485	0.8230466292
1486	0.8240835263
1487	0.8251212333
1488	0.8261597714
1489	0.8271991149
1490	0.8282392701
1491	0.8292803318
1492	0.8303224300
1493	0.8313656612
1494	0.8324100437
1495	0.8334554847
1496	0.8345018282
1497	0.8355489088
1498	0.8365965341
1499	0.8376445603
1500	0.8386929439
1501	0.8397416518
1502	0.8407906896
1503	0.8418402200
1504	0.8428905037
1505	0.8439416866
1506	0.8449937788
1507	0.8460468122
1508	0.8471008733
1509	0.8481560901
1510	0.8492125680
1511	0.8502702529
1512	0.8513289183
1513	0.8523882542
1514	0.8534480346
1515	0.8545082436
1516	0.8555689463
1517	0.8566301326
1518	0.8576917770
1519	0.8587539308
1520	0.8598167118
1521	0.8608803003
1522	0.8619448617
1523	0.8630104239
1524	0.8640769210
1525	0.8651442863
1526	0.8662125010
1527	0.8672815858
1528	0.8683515182
1529	0.8694221931
1530	0.8704934446
1531	0.8715650817
1532	0.8726368733
1533	0.8737085164
1534	0.8747797345
1535	0.8758504095
1536	0.8769205528
1537	0.8779902550
1538	0.8790597011
1539	0.8801291486
1540	0.8811988786
1541	0.8822691168
1542	0.8833399458
1543	0.8844112688
1544	0.8854828349
1545	0.8865543425
1546	0.8876255523
1547	0.8886963219
1548	0.8897665904
1549	0.8908363873
1550	0.8919058418
1551	0.8929750957
1552	0.8940442381
1553	0.8951133633
1554	0.8961826115
1555	0.8972521219
1556	0.8983219994
1557	0.8993923293
1558	0.9004631619
1559	0.9015345093
1560	0.9026063646
1561	0.9036787088
1562	0.9047514997
1563	0.9058246475
1564	0.9068980664
1565	0.9079717297
1566	0.9090456049
1567	0.9101196075
1568	0.9111936530
1569	0.9122677318
1570	0.9133419081
1571	0.9144162422
1572	0.9154907666
1573	0.9165654777
1574	0.9176403111
1575	0.9187151708
1576	0.9197899512
1577	0.9208645350
1578	0.9219388187
1579	0.9230127179
1580	0.9240861582
1581	0.9251591023
1582	0.9262315705
1583	0.9273036477
1584	0.9283754803
1585	0.9294472182
1586	0.9305189733
1587	0.9315908377
1588	0.9326628787
1589	0.9337351019
1590	0.9348074824
1591	0.9358800300
1592	0.9369527658
1593	0.9380256539
1594	0.9390986132
1595	0.9401715692
1596	0.9412444628
1597	0.9423172731
1598	0.9433900313
1599	0.9444627838
1600	0.9455355811
1601	0.9466084733
1602	0.9476814839
1603	0.9487545934
1604	0.9498277319
1605	0.9509008021
1606	0.9519737127
1607	0.9530463947
1608	0.9541188201
1609	0.9551910243
1610	0.9562630975
1611	0.9573351235
1612	0.9584071545
1613	0.9594792250
1614	0.9605513698
1615	0.9616236495
1616	0.9626961404
1617	0.9637689134
1618	0.9648420248
1619	0.9659154765
1620	0.9669891871
1621	0.9680630325
1622	0.9691368861
1623	0.9702106398
1624	0.9712842381
1625	0.9723576713
1626	0.9734309468
1627	0.9745040964
1628	0.9755771639
1629	0.9766501699
1630	0.9777231048
1631	0.9787959630
1632	0.9798687673
1633	0.9809415422
1634	0.9820142968
1635	0.9830870358
1636	0.9841597560
1637	0.9852324566
1638	0.9863051712
1639	0.9873779746
1640	0.9884509416
1641	0.9895240901
1642	0.9905973895
1643	0.9916707956
1644	0.9927442329
1645	0.9938175999
1646	0.9948907893
1647	0.9959636831
1648	0.9970361871
1649	0.9981082930
1650	0.9991800866
1651	1.0002517114
1652	1.0013233295
1653	1.0023950684
1654	1.0034669861
1655	1.0045391025
1656	1.0056114339
1657	1.0066839731
1658	1.0077566661
1659	1.0088294479
1660	1.0099022965
1661	1.0109752177
1662	1.0120481886
1663	1.0131211470
1664	1.0141940422
1665	1.0152668572
1666	1.0163395931
1667	1.0174122614
1668	1.0184848605
1669	1.0195573706
1670	1.0206297720
1671	1.0217020521
1672	1.0227742126
1673	1.0238462806
1674	1.0249183340
1675	1.0259904951
1676	1.0270628779
1677	1.0281355510
1678	1.0292085309
1679	1.0302817914
1680	1.0313552736
1681	1.0324288946
1682	1.0335025712
1683	1.0345762277
1684	1.0356497894
1685	1.0367232210
1686	1.0377965393
1687	1.0388697857
1688	1.0399430303
1689	1.0410163665
1690	1.0420898790
1691	1.0431636249
1692	1.0442376087
1693	1.0453117746
1694	1.0463860474
1695	1.0474603647
1696	1.0485346723
1697	1.0496089282
1698	1.0506831103
1699	1.0517572002
1700	1.0528311588
1701	1.0539049205
1702	1.0549784181
1703	1.0560516160
1704	1.0571245373
1705	1.0581972422
1706	1.0592697921
1707	1.0603422650
1708	1.0614147395
1709	1.0624872796
1710	1.0635599382
1711	1.0646327280
1712	1.0657056297
1713	1.0667786196
1714	1.0678516485
1715	1.0689245982
1716	1.0699973165
1717	1.0710696985
1718	1.0721417043
1719	1.0732133273
1720	1.0742845959
1721	1.0753556158
1722	1.0764265537
1723	1.0774975588
1724	1.0785687481
1725	1.0796402180
1726	1.0807120482
1727	1.0817843261
1728	1.0828570792
1729	1.0839301490
1730	1.0850032281
1731	1.0860760117
1732	1.0871482916
1733	1.0882200095
1734	1.0892912391
1735	1.0903621053
1736	1.0914327502
1737	1.0925033372
1738	1.0935740356
1739	1.0946449656
1740	1.0957161569
1741	1.0967875828
1742	1.0978591746
1743	1.0989307956
1744	1.1000022915
1745	1.1010735374
1746	1.1021444225
1747	1.1032148522
1748	1.1042847670
1749	1.1053541327
1750	1.1064228960
1751	1.1074910318
1752	1.1085586475
1753	1.1096259726
1754	1.1106933012
1755	1.1117608724
1756	1.1128287223
1757	1.1138967394
1758	1.1149647849
1759	1.1160326775
1760	1.1171001780
1761	1.1181670805
1762	1.1192332710
1763	1.1202986587
1764	1.1213631166
1765	1.1224265707
1766	1.1234891473
1767	1.1245511409
1768	1.1256128478
1769	1.1266744733
1770	1.1277361319
1771	1.1287978826
1772	1.1298597322
1773	1.1309215878
1774	1.1319831968
1775	1.1330441977
1776	1.1341042748
1777	1.1351632249
1778	1.1362209543
1779	1.1372775010
1780	1.1383330529
1781	1.1393878928
1782	1.1404422917
1783	1.1414964918
1784	1.1425507019
1785	1.1436050005
1786	1.1446593013
1787	1.1457133946
1788	1.1467670156
1789	1.1478199365
1790	1.1488720138
1791	1.1499231874
1792	1.1509734809
1793	1.1520229987
1794	1.1530718581
1795	1.1541201272
1796	1.1551678981
1797	1.1562153151
1798	1.1572624566
1799	1.1583093329
1800	1.1593558950
1801	1.1604019484
1802	1.1614471824
1803	1.1624912624
1804	1.1635339037
1805	1.1645749096
1806	1.1656141134
1807	1.1666513417
1808	1.1676864928
1809	1.1687195705
1810	1.1697506254
1811	1.1707797124
1812	1.1718068308
1813	1.1728319211
1814	1.1738548873
1815	1.1748755424
1816	1.1758936345
1817	1.1769090332
1818	1.1779218804
1819	1.1789325197
1820	1.1799413970
1821	1.1809490524
1822	1.1819560303
1823	1.1829627823
1824	1.1839695932
1825	1.1849765336
1826	1.1859835395
1827	1.1869904523
1828	1.1879969787
1829	1.1890027194
1830	1.1900072706
1831	1.1910102685
1832	1.1920113712
1833	1.1930103336
1834	1.1940071541
1835	1.1950020542
1836	1.1959952716
1837	1.1969869401
1838	1.1979770969
1839	1.1989656638
1840	1.1999524866
1841	1.2009374572
1842	1.2019205555
1843	1.2029018279
1844	1.2038813472
1845	1.2048591675
1846	1.2058353988
1847	1.2068102145
1848	1.2077836331
1849	1.2087554078
1850	1.2097251787
1851	1.2106926567
1852	1.2116577116
1853	1.2126203245
1854	1.2135804370
1855	1.2145378301
1856	1.2154921436
1857	1.2164430483
1858	1.2173903675
1859	1.2183340394
1860	1.2192741023
1861	1.2202106905
1862	1.2211439909
1863	1.2220742812
1864	1.2230019180
1865	1.2239271879
1866	1.2248501824
1867	1.2257708062
1868	1.2266888264
1869	1.2276038516
1870	1.2285154067
1871	1.2294230501
1872	1.2303263868
1873	1.2312251205
1874	1.2321191426
1875	1.2330085417
1876	1.2338935029
1877	1.2347741959
1878	1.2356508183
1879	1.2365236706
1880	1.2373930625
1881	1.2382592192
1882	1.2391223047
1883	1.2399823957
1884	1.2408394026
1885	1.2416930239
1886	1.2425427759
1887	1.2433881310
1888	1.2442286420
1889	1.2450639944
1890	1.2458940438
1891	1.2467188281
1892	1.2475385445
1893	1.2483535231
1894	1.2491642285
1895	1.2499711763
1896	1.2507747732
1897	1.2515752361
1898	1.2523725770
1899	1.2531665759
1900	1.2539567783
1901	1.2547426282
1902	1.2555236525
1903	1.2562995473
1904	1.2570701946
1905	1.2578356302
1906	1.2585959915
1907	1.2593514962
1908	1.2601023785
1909	1.2608487959
1910	1.2615908258
1911	1.2623284853
1912	1.2630617424
1913	1.2637905630
1914	1.2645149892
1915	1.2652351287
1916	1.2659510173
1917	1.2666625722
1918	1.2673696788
1919	1.2680722763
1920	1.2687703815
1921	1.2694640621
1922	1.2701534415
1923	1.2708386835
1924	1.2715199297
1925	1.2721972842
1926	1.2728708380
1927	1.2735406564
1928	1.2742067304
1929	1.2748689300
1930	1.2755270049
1931	1.2761806558
1932	1.2768295644
1933	1.2774734051
1934	1.2781119233
1935	1.2787449385
1936	1.2793723017
1937	1.2799939132
1938	1.2806097251
1939	1.2812197596
1940	1.2818242008
1941	1.2824234405
1942	1.2830179630
1943	1.2836082028
1944	1.2841944816
1945	1.2847769696
1946	1.2853556767
1947	1.2859304576
1948	1.2865010228
1949	1.2870670124
1950	1.2876280683
1951	1.2881838951
1952	1.2887343673
1953	1.2892795836
1954	1.2898198065
1955	1.2903553462
1956	1.2908864649
1957	1.2914133459
1958	1.2919361022
1959	1.2924547975
1960	1.2929694706
1961	1.2934801337
1962	1.2939867619
1963	1.2944892925
1964	1.2949876129
1965	1.2954815905
1966	1.2959711359
1967	1.2964562032
1968	1.2969367709
1969	1.2974128299
1970	1.2978843372
1971	1.2983512243
1972	1.2988134575
1973	1.2992710129
1974	1.2997238389
1975	1.3001719168
1976	1.3006152916
1977	1.3010539884
1978	1.3014879509
1979	1.3019170791
1980	1.3023412945
1981	1.3027605854
1982	1.3031750499
1983	1.3035848658
1984	1.3039901536
1985	1.3043908793
1986	1.3047868580
1987	1.3051778236
1988	1.3055635024
1989	1.3059436697
1990	1.3063182315
1991	1.3066872515
1992	1.3070508640
1993	1.3074092069
1994	1.3077624281
1995	1.3081106886
1996	1.3084541239
1997	1.3087928175
1998	1.3091268090
1999	1.3094560842
2000	1.3097805533
2001	1.3101000393
2002	1.3104142833
2003	1.3107229794
2004	1.3110258343
2005	1.3113226554
2006	1.3116134492
2007	1.3118984349
2008	1.3121779900
2009	1.3124525956
2010	1.3127227514
2011	1.3129888921
2012	1.3132513022
2013	1.3135100195
2014	1.3137648324
2015	1.3140153561
2016	1.3142611194
2017	1.3145016674
2018	1.3147366576
2019	1.3149658912
2020	1.3151892929
2021	1.3154069107
2022	1.3156189208
2023	1.3158255618
2024	1.3160270358
2025	1.3162234930
2026	1.3164150686
2027	1.3166018722
2028	1.3167839631
2029	1.3169613548
2030	1.3171340366
2031	1.3173020242
2032	1.3174653905
2033	1.3176242515
2034	1.3177787536
2035	1.3179290586
2036	1.3180753195
2037	1.3182176368
2038	1.3183560203
2039	1.3184904050
2040	1.3186206704
2041	1.3187466444
2042	1.3188680854
2043	1.3189846522
2044	1.3190959563
2045	1.3192016698
2046	1.3193015554
2047	1.3193954364
2048	1.3194831915
2049	1.3195647676
2050	1.3196402361
2051	1.3197098782
2052	1.3197741667
2053	1.3198336313
2054	1.3198887130
2055	1.3199396693
2056	1.3199865606
2057	1.3200292541
2058	1.3200673956
2059	1.3201004633
2060	1.3201279220
2061	1.3201493834
2062	1.3201647078
2063	1.3201740274
2064	1.3201777262
2065	1.3201763398
2066	1.3201703944
2067	1.3201603203
2068	1.3201464276
2069	1.3201288744
2070	1.3201076547
2071	1.3200826451
2072	1.3200536512
2073	1.3200203875
2074	1.3199824909
2075	1.3199396301
2076	1.3198915978
2077	1.3198383410
2078	1.3197799591
2079	1.3197166561
2080	1.3196486563
2081	1.3195761425
2082	1.3194992471
2083	1.3194180660
2084	1.3193326337
2085	1.3192429015
2086	1.3191487924
2087	1.3190502672
2088	1.3189473126
2089	1.3188399094
2090	1.3187280249
2091	1.3186116025
2092	1.3184905844
2093	1.3183649608
2094	1.3182347698
2095	1.3181000698
2096	1.3179609828
2097	1.3178177304
2098	1.3176705490
2099	1.3175196109
2100	1.3173650130
2101	1.3172067820
2102	1.3170449070
2103	1.3168793874
2104	1.3167102406
2105	1.3165374742
2106	1.3163610625
2107	1.3161809317
2108	1.3159969966
2109	1.3158092391
2110	1.3156177772
2111	1.3154228862
2112	1.3152249310
2113	1.3150242632
2114	1.3148211681
2115	1.3146158823
2116	1.3144085906
2117	1.3141993580
2118	1.3139881084
2119	1.3137746343
2120	1.3135586409
2121	1.3133398481
2122	1.3131179826
2123	1.3128927310
2124	1.3126638459
2125	1.3124312762
2126	1.3121951715
2127	1.3119558151
2128	1.3117135596
2129	1.3114687741
2130	1.3112217978
2131	1.3109728980
2132	1.3107222490
2133	1.3104699356
2134	1.3102159832
2135	1.3099604114
2136	1.3097032722
2137	1.3094446275
2138	1.3091845061
2139	1.3089228972
2140	1.3086597563
2141	1.3083950329
2142	1.3081286741
2143	1.3078605679
2144	1.3075905421
2145	1.3073184218
2146	1.3070440760
2147	1.3067674645
2148	1.3064886218
2149	1.3062076116
2150	1.3059245241
2151	1.3056394492
2152	1.3053524853
2153	1.3050638019
2154	1.3047736164
2155	1.3044821342
2156	1.3041895298
2157	1.3038959329
2158	1.3036013897
2159	1.3033058415
2160	1.3030091684
2161	1.3027112681
2162	1.3024121167
2163	1.3021117555
2164	1.3018102775
2165	1.3015078139
2166	1.3012045011
2167	1.3009005375
2168	1.3005962004
2169	1.3002917241
2170	1.2999871926
2171	1.2996825903
2172	1.2993778815
2173	1.2990729790
2174	1.2987677416
2175	1.2984620223
2176	1.2981556787
2177	1.2978485851
2178	1.2975406390
2179	1.2972317697
2180	1.2969219926
2181	1.2966114138
2182	1.2963001446
2183	1.2959882798
2184	1.2956759563
2185	1.2953633590
2186	1.2950506330
2187	1.2947377665
2188	1.2944245863
2189	1.2941108917
2190	1.2937965453
2191	1.2934814367
2192	1.2931654660
2193	1.2928485820
2194	1.2925307910
2195	1.2922121750
2196	1.2918928999
2197	1.2915731690
2198	1.2912531377
2199	1.2909328919
2200	1.2906125346
2201	1.2902922013
2202	1.2899720095
2203	1.2896520306
2204	1.2893321849
2205	1.2890122259
2206	1.2886919019
2207	1.2883710155
2208	1.2880493851
2209	1.2877268675
2210	1.2874034114
2211	1.2870790652
2212	1.2867539197
2213	1.2864280847
2214	1.2861016933
2215	1.2857748652
2216	1.2854476967
2217	1.2851203099
2218	1.2847928481
2219	1.2844654041
2220	1.2841380253
2221	1.2838107354
2222	1.2834834898
2223	1.2831561761
2224	1.2828286380
2225	1.2825006794
2226	1.2821721370
2227	1.2818429479
2228	1.2815130816
2229	1.2811824548
2230	1.2808509440
2231	1.2805184119
2232	1.2801847249
2233	1.2798498087
2234	1.2795136867
2235	1.2791764368
2236	1.2788381845
2237	1.2784991597
2238	1.2781596627
2239	1.2778199633
2240	1.2774802342
2241	1.2771405641
2242	1.2768010221
2243	1.2764616386
2244	1.2761223615
2245	1.2757831083
2246	1.2754438246
2247	1.2751044437
2248	1.2747648476
2249	1.2744248640
2250	1.2740842891
2251	1.2737429713
2252	1.2734008476
2253	1.2730579312
2254	1.2727143303
2255	1.2723702446
2256	1.2720258959
2257	1.2716814370
2258	1.2713369112
2259	1.2709922418
2260	1.2706472239
2261	1.2703015773
2262	1.2699550237
2263	1.2696073550
2264	1.2692584806
2265	1.2689084061
2266	1.2685572346
2267	1.2682051877
2268	1.2678525334
2269	1.2674995209
2270	1.2671463796
2271	1.2667933151
2272	1.2664404844
2273	1.2660879318
2274	1.2657355450
2275	1.2653831001
2276	1.2650303363
2277	1.2646769821
2278	1.2643227890
2279	1.2639676187
2280	1.2636114516
2281	1.2632542979
2282	1.2628961620
2283	1.2625370723
2284	1.2621770926
2285	1.2618163187
2286	1.2614548723
2287	1.2610928382
2288	1.2607301574
2289	1.2603666481
2290	1.2600021284
2291	1.2596364465
2292	1.2592694541
2293	1.2589009894
2294	1.2585309114
2295	1.2581591751
2296	1.2577858092
2297	1.2574109037
2298	1.2570346659
2299	1.2566573950
2300	1.2562793759
2301	1.2559007922
2302	1.2555217019
2303	1.2551420515
2304	1.2547616946
2305	1.2543804271
2306	1.2539980417
2307	1.2536143534
2308	1.2532291820
2309	1.2528423737
2310	1.2524538371
2311	1.2520635602
2312	1.2516716348
2313	1.2512782390
2314	1.2508835792
2315	1.2504878426
2316	1.2500911841
2317	1.2496937011
2318	1.2492954072
2319	1.2488962440
2320	1.2484960637
2321	1.2480945989
2322	1.2476914936
2323	1.2472863731
2324	1.2468789303
2325	1.2464690217
2326	1.2460567124
2327	1.2456422166
2328	1.2452257785
2329	1.2448076035
2330	1.2443878580
2331	1.2439666266
2332	1.2435438579
2333	1.2431194150
2334	1.2426931629
2335	1.2422649793
2336	1.2418347583
2337	1.2414024743
2338	1.2409682179
2339	1.2405321779
2340	1.2400946164
2341	1.2396557964
2342	1.2392158881
2343	1.2387749500
2344	1.2383329421
2345	1.2378897439
2346	1.2374451829
2347	1.2369990700
2348	1.2365512525
2349	1.2361016832
2350	1.2356504319
2351	1.2351975775
2352	1.2347431621
2353	1.2342872598
2354	1.2338299496
2355	1.2333712609
2356	1.2329111898
2357	1.2324497061
2358	1.2319867476
2359	1.2315222001
2360	1.2310559131
2361	1.2305877577
2362	1.2301176517
2363	1.2296455903
2364	1.2291716643
2365	1.2286960063
2366	1.2282187575
2367	1.2277400583
2368	1.2272599810
2369	1.2267785185
2370	1.2262956326
2371	1.2258112446
2372	1.2253252233
2373	1.2248374222
2374	1.2243477269
2375	1.2238560805
2376	1.2233624659
2377	1.2228668612
2378	1.2223692358
2379	1.2218695513
2380	1.2213677427
2381	1.2208637414
2382	1.2203575040
2383	1.2198490469
2384	1.2193384625
2385	1.2188258823
2386	1.2183114345
2387	1.2177952279
2388	1.2172773354
2389	1.2167577529
2390	1.2162364103
2391	1.2157132643
2392	1.2151883495
2393	1.2146617842
2394	1.2141337896
2395	1.2136046309
2396	1.2130744801
2397	1.2125433321
2398	1.2120110156
2399	1.2114772914
2400	1.2109419600
2401	1.2104048371
2402	1.2098657015
2403	1.2093243629
2404	1.2087807362
2405	1.2082348633
2406	1.2076869250
2407	1.2071372036
2408	1.2065859903
2409	1.2060335165
2410	1.2054799715
2411	1.2049254941
2412	1.2043700713
2413	1.2038135127
2414	1.2032554870
2415	1.2026955528
2416	1.2021332630
2417	1.2015683055
2418	1.2010005099
2419	1.2004296764
2420	1.1998555527
2421	1.1992780509
2422	1.1986973254
2423	1.1981136684
2424	1.1975274539
2425	1.1969391101
2426	1.1963490680
2427	1.1957576902
2428	1.1951651514
2429	1.1945714054
2430	1.1939763155
2431	1.1933797994
2432	1.1927818798
2433	1.1921826548
2434	1.1915822089
2435	1.1909805279
2436	1.1903775331
2437	1.1897731431
2438	1.1891672616
2439	1.1885597627
2440	1.1879505242
2441	1.1873394926
2442	1.1867266893
2443	1.1861121944
2444	1.1854961401
2445	1.1848786644
2446	1.1842598910
2447	1.1836398752
2448	1.1830185413
2449	1.1823956936
2450	1.1817710675
2451	1.1811444689
2452	1.1805158698
2453	1.1798853585
2454	1.1792530849
2455	1.1786192644
2456	1.1779841655
2457	1.1773480323
2458	1.1767110033
2459	1.1760731314
2460	1.1754344330
2461	1.1747948594
2462	1.1741543568
2463	1.1735129321
2464	1.1728704963
2465	1.1722267848
2466	1.1715815631
2467	1.1709347773
2468	1.1702865067
2469	1.1696368910
2470	1.1689860901
2471	1.1683342894
2472	1.1676816941
2473	1.1670284375
2474	1.1663745352
2475	1.1657199278
2476	1.1650644962
2477	1.1644080803
2478	1.1637505259
2479	1.1630916941
2480	1.1624314574
2481	1.1617697208
2482	1.1611064718
2483	1.1604418366
2484	1.1597760625
2485	1.1591094217
2486	1.1584421630
2487	1.1577744871
2488	1.1571065117
2489	1.1564383241
2490	1.1557699754
2491	1.1551013839
2492	1.1544323516
2493	1.1537626347
2494	1.1530919767
2495	1.1524201457
2496	1.1517469174
2497	1.1510720029
2498	1.1503951512
2499	1.1497163133
2500	1.1490355881
2501	1.1483531704
2502	1.1476693551
2503	1.1469845150
2504	1.1462990770
2505	1.1456134129
2506	1.1449277502
2507	1.1442421838
2508	1.1435567556
2509	1.1428714706
2510	1.1421862436
2511	1.1415009746
2512	1.1408156111
2513	1.1401300882
2514	1.1394443399
2515	1.1387583433
2516	1.1380720989
2517	1.1373855881
2518	1.1366987766
2519	1.1360116892
2520	1.1353244142
2521	1.1346370958
2522	1.1339500048
2523	1.1332635089
2524	1.1325780434
2525	1.1318940651
2526	1.1312118683
2527	1.1305315353
2528	1.1298530102
2529	1.1291760984
2530	1.1285004760
2531	1.1278257799
2532	1.1271517197
2533	1.1264781022
2534	1.1258047631
2535	1.1251315865
2536	1.1244586566
2537	1.1237862764
2538	1.1231148052
2539	1.1224445175
2540	1.1217755220
2541	1.1211077504
2542	1.1204410297
2543	1.1197751591
2544	1.1191099123
2545	1.1184449989
2546	1.1177801792
2547	1.1171154637
2548	1.1164510964
2549	1.1157874256
2550	1.1151248670
2551	1.1144638335
2552	1.1138045872
2553	1.1131472221
2554	1.1124918044
2555	1.1118383872
2556	1.1111869494
2557	1.1105374458
2558	1.1098898088
2559	1.1092438852
2560	1.1085994620
2561	1.1079562876
2562	1.1073140777
2563	1.1066726913
2564	1.1060322313
2565	1.1053929294
2566	1.1047550628
2567	1.1041189114
2568	1.1034847301
2569	1.1028527045
2570	1.1022229110
2571	1.1015953397
2572	1.1009698995
2573	1.1003464347
2574	1.0997247938
2575	1.0991048411
2576	1.0984863921
2577	1.0978692115
2578	1.0972531658
2579	1.0966383942
2580	1.0960252623
2581	1.0954141504
2582	1.0948053478
2583	1.0941990964
2584	1.0935955668
2585	1.0929947418
2586	1.0923964548
2587	1.0918004305
2588	1.0912062359
2589	1.0906134308
2590	1.0900217184
2591	1.0894309667
2592	1.0888412463
2593	1.0882527801
2594	1.0876657942
2595	1.0870803871
2596	1.0864965139
2597	1.0859140771
2598	1.0853330241
2599	1.0847533097
2600	1.0841748303
2601	1.0835974970
2602	1.0830213134
2603	1.0824464163
2604	1.0818730743
2605	1.0813015395
2606	1.0807319082
2607	1.0801642092
2608	1.0795985788
2609	1.0790352044
2610	1.0784741447
2611	1.0779153172
2612	1.0773585304
2613	1.0768035264
2614	1.0762501017
2615	1.0756981346
2616	1.0751475793
2617	1.0745984724
2618	1.0740508584
2619	1.0735047504
2620	1.0729601710
2621	1.0724171748
2622	1.0718757866
2623	1.0713359502
2624	1.0707976239
2625	1.0702608594
2626	1.0697257472
2627	1.0691923776
2628	1.0686607913
2629	1.0681309054
2630	1.0676025197
2631	1.0670754198
2632	1.0665495903
2633	1.0660252864
2634	1.0655027691
2635	1.0649821342
2636	1.0644634176
2637	1.0639466295
2638	1.0634317258
2639	1.0629186619
2640	1.0624074581
2641	1.0618982479
2642	1.0613911904
2643	1.0608862864
2644	1.0603833604
2645	1.0598822159
2646	1.0593828043
2647	1.0588851852
2648	1.0583893566
2649	1.0578952333
2650	1.0574027243
2651	1.0569117364
2652	1.0564221884
2653	1.0559341232
2654	1.0554477179
2655	1.0549632046
2656	1.0544807547
2657	1.0540003082
2658	1.0535216329
2659	1.0530445119
2660	1.0525687878
2661	1.0520943691
2662	1.0516212512
2663	1.0511494655
2664	1.0506790413
2665	1.0502100296
2666	1.0497424565
2667	1.0492763014
2668	1.0488115009
2669	1.0483478853
2670	1.0478852586
2671	1.0474235273
2672	1.0469626993
2673	1.0465029118
2674	1.0460444225
2675	1.0455874785
2676	1.0451322558
2677	1.0446789489
2678	1.0442277938
2679	1.0437789019
2680	1.0433322405
2681	1.0428877999
2682	1.0424455656
2683	1.0420053978
2684	1.0415670260
2685	1.0411301218
2686	1.0406943657
2687	1.0402594657
2688	1.0398252277
2689	1.0393916012
2690	1.0389586948
2691	1.0385268244
2692	1.0380964292
2693	1.0376678919
2694	1.0372414261
2695	1.0368170779
2696	1.0363948035
2697	1.0359744650
2698	1.0355558322
2699	1.0351386838
2700	1.0347228244
2701	1.0343080566
2702	1.0338941880
2703	1.0334810620
2704	1.0330686638
2705	1.0326571423
2706	1.0322466424
2707	1.0318372403
2708	1.0314290725
2709	1.0310223511
2710	1.0306172824
2711	1.0302140432
2712	1.0298127605
2713	1.0294134459
2714	1.0290159926
2715	1.0286202936
2716	1.0282262632
2717	1.0278338002
2718	1.0274428528
2719	1.0270534212
2720	1.0266654516
2721	1.0262788049
2722	1.0258933244
2723	1.0255088823
2724	1.0251253928
2725	1.0247427911
2726	1.0243610016
2727	1.0239799563
2728	1.0235996091
2729	1.0232198966
2730	1.0228407074
2731	1.0224619186
2732	1.0220834137
2733	1.0217050822
2734	1.0213268556
2735	1.0209487065
2736	1.0205706272
2737	1.0201926111
2738	1.0198146911
2739	1.0194370710
2740	1.0190601053
2741	1.0186840815
2742	1.0183091274
2743	1.0179352538
2744	1.0175623437
2745	1.0171901480
2746	1.0168183586
2747	1.0164467387
2748	1.0160751336
2749	1.0157033729
2750	1.0153313051
2751	1.0149589060
2752	1.0145863006
2753	1.0142136610
2754	1.0138411097
2755	1.0134687425
2756	1.0130966697
2757	1.0127249692
2758	1.0123536207
2759	1.0119825342
2760	1.0116115851
2761	1.0112406316
2762	1.0108696207
2763	1.0104986280
2764	1.0101277898
2765	1.0097572169
2766	1.0093869151
2767	1.0090168107
2768	1.0086467887
2769	1.0082766690
2770	1.0079062484
2771	1.0075353435
2772	1.0071637884
2773	1.0067914852
2774	1.0064184092
2775	1.0060444970
2776	1.0056696579
2777	1.0052939064
2778	1.0049173633
2779	1.0045401891
2780	1.0041625352
2781	1.0037845085
2782	1.0034061948
2783	1.0030276653
2784	1.0026489134
2785	1.0022698259
2786	1.0018902412
2787	1.0015099718
2788	1.0011287700
2789	1.0007463841
2790	1.0003626735
2791	0.9999776606
2792	0.9995914929
2793	0.9992043563
2794	0.9988164371
2795	0.9984278844
2796	0.9980387504
2797	0.9976490270
2798	0.9972586665
2799	0.9968675200
2800	0.9964753490
2801	0.9960819053
2802	0.9956870074
2803	0.9952905645
2804	0.9948925411
2805	0.9944928931
2806	0.9940915373
2807	0.9936883780
2808	0.9932833214
2809	0.9928762872
2810	0.9924672850
2811	0.9920564741
2812	0.9916441238
2813	0.9912305322
2814	0.9908158578
2815	0.9904000154
2816	0.9899828156
2817	0.9895640819
2818	0.9891436601
2819	0.9887214278
2820	0.9882973072
2821	0.9878712949
2822	0.9874434557
2823	0.9870138861
2824	0.9865826397
2825	0.9861496554
2826	0.9857148446
2827	0.9852782293
2828	0.9848398911
2829	0.9843998476
2830	0.9839580326
2831	0.9835142969
2832	0.9830684307
2833	0.9826202296
2834	0.9821695404
2835	0.9817162787
2836	0.9812604001
2837	0.9808018904
2838	0.9803407855
2839	0.9798771094
2840	0.9794108511
2841	0.9789420564
2842	0.9784708632
2843	0.9779975191
2844	0.9775224346
2845	0.9770460925
2846	0.9765688765
2847	0.9760910554
2848	0.9756127861
2849	0.9751340352
2850	0.9746545635
2851	0.9741739643
2852	0.9736917964
2853	0.9732077460
2854	0.9727216656
2855	0.9722335766
2856	0.9717436116
2857	0.9712518952
2858	0.9707585004
2859	0.9702635008
2860	0.9697670323
2861	0.9692692093
2862	0.9687700246
2863	0.9682694299
2864	0.9677673819
2865	0.9672638287
2866	0.9667587862
2867	0.9662524214
2868	0.9657449633
2869	0.9652364487
2870	0.9647266398
2871	0.9642151288
2872	0.9637014443
2873	0.9631851722
2874	0.9626660638
2875	0.9621441172
2876	0.9616195843
2877	0.9610928896
2878	0.9605645100
2879	0.9600348937
2880	0.9595044618
2881	0.9589735711
2882	0.9584424577
2883	0.9579112484
2884	0.9573798809
2885	0.9568480123
2886	0.9563152214
2887	0.9557811825
2888	0.9552455607
2889	0.9547080012
2890	0.9541682368
2891	0.9536261240
2892	0.9530816439
2893	0.9525348881
2894	0.9519860017
2895	0.9514351410
2896	0.9508825295
2897	0.9503284822
2898	0.9497732996
2899	0.9492171792
2900	0.9486602414
2901	0.9481025465
2902	0.9475440465
2903	0.9469845600
2904	0.9464238725
2905	0.9458618764
2906	0.9452985624
2907	0.9447340056
2908	0.9441684038
2909	0.9436020097
2910	0.9430350019
2911	0.9424674311
2912	0.9418992622
2913	0.9413304543
2914	0.9407609710
2915	0.9401907053
2916	0.9396194889
2917	0.9390472078
2918	0.9384738494
2919	0.9378994380
2920	0.9373239580
2921	0.9367473151
2922	0.9361694158
2923	0.9355903893
2924	0.9350106000
2925	0.9344304152
2926	0.9338501097
2927	0.9332698549
2928	0.9326897061
2929	0.9321096167
2930	0.9315294041
2931	0.9309487651
2932	0.9303673116
2933	0.9297845832
2934	0.9292001277
2935	0.9286136365
2936	0.9280250724
2937	0.9274346309
2938	0.9268425721
2939	0.9262491180
2940	0.9256544311
2941	0.9250586298
2942	0.9244617986
2943	0.9238639547
2944	0.9232649723
2945	0.9226646151
2946	0.9220627386
2947	0.9214594533
2948	0.9208550796
2949	0.9202499337
2950	0.9196442107
2951	0.9190380500
2952	0.9184316218
2953	0.9178251564
2954	0.9172188371
2955	0.9166126830
2956	0.9160066126
2957	0.9154004937
2958	0.9147941471
2959	0.9141874717
2960	0.9135804307
2961	0.9129729216
2962	0.9123648603
2963	0.9117562565
2964	0.9111471330
2965	0.9105375371
2966	0.9099275842
2967	0.9093173888
2968	0.9087069999
2969	0.9080963818
2970	0.9074855218
2971	0.9068745348
2972	0.9062635566
2973	0.9056526510
2974	0.9050418590
2975	0.9044312986
2976	0.9038211787
2977	0.9032117247
2978	0.9026030868
2979	0.9019952356
2980	0.9013879626
2981	0.9007809532
2982	0.9001739000
2983	0.8995666301
2984	0.8989591366
2985	0.8983515771
2986	0.8977441748
2987	0.8971370433
2988	0.8965301612
2989	0.8959234481
2990	0.8953168565
2991	0.8947105218
2992	0.8941046963
2993	0.8934994359
2994	0.8928945650
2995	0.8922898932
2996	0.8916852823
2997	0.8910806478
2998	0.8904760839
2999	0.8898718959
