0	1.2500000087
1	1.2501980993
2	1.2503946418
3	1.2505897612
4	1.2507836285
5	1.2509764393
6	1.2511683960
7	1.2513596917
8	1.2515504971
9	1.2517409509
10	1.2519311540
11	1.2521211683
12	1.2523110183
13	1.2525006968
14	1.2526901717
15	1.2528793951
16	1.2530683121
17	1.2532568689
18	1.2534450200
19	1.2536327328
20	1.2538199909
21	1.2540067936
22	1.2541931550
23	1.2543791005
24	1.2545646620
25	1.2547498736
26	1.2549347661
27	1.2551193634
28	1.2553036789
29	1.2554877146
30	1.2556714600
31	1.2558548942
32	1.2560379875
33	1.2562207052
34	1.2564030108
35	1.2565848697
36	1.2567662522
37	1.2569471362
38	1.2571275079
39	1.2573073624
40	1.2574867028
41	1.2576655379
42	1.2578438803
43	1.2580217426
44	1.2581991354
45	1.2583760641
46	1.2585525276
47	1.2587285171
48	1.2589040160
49	1.2590789999
50	1.2592534383
51	1.2594272968
52	1.2596005396
53	1.2597731321
54	1.2599450429
55	1.2601162451
56	1.2602867181
57	1.2604564476
58	1.2606254256
59	1.2607936486
60	1.2609611161
61	1.2611278287
62	1.2612937850
63	1.2614589809
64	1.2616234080
65	1.2617870553
66	1.2619499078
67	1.2621119435
68	1.2622731311
69	1.2624334307
70	1.2625928000
71	1.2627511973
72	1.2629085837
73	1.2630649252
74	1.2632201970
75	1.2633743844
76	1.2635274755
77	1.2636794521
78	1.2638302909
79	1.2639799726
80	1.2641284878
81	1.2642758309
82	1.2644219915
83	1.2645669509
84	1.2647106841
85	1.2648531691
86	1.2649943915
87	1.2651343361
88	1.2652729713
89	1.2654102499
90	1.2655461239
91	1.2656805474
92	1.2658134675
93	1.2659448291
94	1.2660745914
95	1.2662027328
96	1.2663292373
97	1.2664540861
98	1.2665772638
99	1.2666987644
100	1.2668185829
101	1.2669367056
102	1.2670531201
103	1.2671678269
104	1.2672808240
105	1.2673920915
106	1.2675016039
107	1.2676093337
108	1.2677152300
109	1.2678192196
110	1.2679212298
111	1.2680211878
112	1.2681190112
113	1.2682146247
114	1.2683079716
115	1.2683990019
116	1.2684876709
117	1.2685739475
118	1.2686578088
119	1.2687392282
120	1.2688181713
121	1.2688945975
122	1.2689684599
123	1.2690397087
124	1.2691083074
125	1.2691742367
126	1.2692374703
127	1.2692979577
128	1.2693556328
129	1.2694104370
130	1.2694623576
131	1.2695114376
132	1.2695577106
133	1.2696011251
134	1.2696415427
135	1.2696788084
136	1.2697128460
137	1.2697436953
138	1.2697714471
139	1.2697961781
140	1.2698179444
141	1.2698367757
142	1.2698526530
143	1.2698654865
144	1.2698751273
145	1.2698814426
146	1.2698843708
147	1.2698838934
148	1.2698800147
149	1.2698727734
150	1.2698622210
151	1.2698483762
152	1.2698311905
153	1.2698105597
154	1.2697863673
155	1.2697584875
156	1.2697267817
157	1.2696911478
158	1.2696515551
159	1.2696080264
160	1.2695606194
161	1.2695094253
162	1.2694545654
163	1.2693961477
164	1.2693342225
165	1.2692687897
166	1.2691997983
167	1.2691271191
168	1.2690505658
169	1.2689699365
170	1.2688850369
171	1.2687956978
172	1.2687018063
173	1.2686033397
174	1.2685003596
175	1.2683929883
176	1.2682814152
177	1.2681658688
178	1.2680465668
179	1.2679236998
180	1.2677974127
181	1.2676677748
182	1.2675347681
183	1.2673982921
184	1.2672581780
185	1.2671141875
186	1.2669660407
187	1.2668134661
188	1.2666562044
189	1.2664940341
190	1.2663268270
191	1.2661545525
192	1.2659772813
193	1.2657952007
194	1.2656085980
195	1.2654178201
196	1.2652232329
197	1.2650252096
198	1.2648240982
199	1.2646201670
200	1.2644135891
201	1.2642043981
202	1.2639924502
203	1.2637774799
204	1.2635591578
205	1.2633371203
206	1.2631109898
207	1.2628803655
208	1.2626448457
209	1.2624041064
210	1.2621580026
211	1.2619065896
212	1.2616500262
213	1.2613885024
214	1.2611222261
215	1.2608514541
216	1.2605765567
217	1.2602979852
218	1.2600161800
219	1.2597315299
220	1.2594443364
221	1.2591547785
222	1.2588628843
223	1.2585685467
224	1.2582715960
225	1.2579718494
226	1.2576691235
227	1.2573632134
228	1.2570538961
229	1.2567409767
230	1.2564242684
231	1.2561035839
232	1.2557787960
233	1.2554498648
234	1.2551168406
235	1.2547798336
236	1.2544389725
237	1.2540943965
238	1.2537462171
239	1.2533944749
240	1.2530391407
241	1.2526801675
242	1.2523175256
243	1.2519511855
244	1.2515811536
245	1.2512074996
246	1.2508303131
247	1.2504496855
248	1.2500657040
249	1.2496784564
250	1.2492880364
251	1.2488945216
252	1.2484980030
253	1.2480986096
254	1.2476964886
255	1.2472917919
256	1.2468846747
257	1.2464752826
258	1.2460636994
259	1.2456499389
260	1.2452339731
261	1.2448157194
262	1.2443950535
263	1.2439718268
264	1.2435458822
265	1.2431170805
266	1.2426853139
267	1.2422505542
268	1.2418128337
269	1.2413721377
270	1.2409283623
271	1.2404813533
272	1.2400310002
273	1.2395773206
274	1.2391204437
275	1.2386604699
276	1.2381973454
277	1.2377309551
278	1.2372613144
279	1.2367886419
280	1.2363132533
281	1.2358353673
282	1.2353550372
283	1.2348722054
284	1.2343867738
285	1.2338986329
286	1.2334076292
287	1.2329136262
288	1.2324166070
289	1.2319166328
290	1.2314137251
291	1.2309078447
292	1.2303989998
293	1.2298873202
294	1.2293730347
295	1.2288564324
296	1.2283378509
297	1.2278176790
298	1.2272962548
299	1.2267737368
300	1.2262501104
301	1.2257252988
302	1.2251992411
303	1.2246718402
304	1.2241429639
305	1.2236125533
306	1.2230806116
307	1.2225470980
308	1.2220118728
309	1.2214747396
310	1.2209355057
311	1.2203939796
312	1.2198499946
313	1.2193034915
314	1.2187545805
315	1.2182034841
316	1.2176504593
317	1.2170958122
318	1.2165398637
319	1.2159828392
320	1.2154248185
321	1.2148658110
322	1.2143058088
323	1.2137447193
324	1.2131823833
325	1.2126186640
326	1.2120534499
327	1.2114866039
328	1.2109179418
329	1.2103472885
330	1.2097744928
331	1.2091993890
332	1.2086218437
333	1.2080418462
334	1.2074595121
335	1.2068750025
336	1.2062885179
337	1.2057003050
338	1.2051105717
339	1.2045194415
340	1.2039269768
341	1.2033331627
342	1.2027378366
343	1.2021407382
344	1.2015416663
345	1.2009405264
346	1.2003373318
347	1.1997322308
348	1.1991254984
349	1.1985174701
350	1.1979084765
351	1.1972988587
352	1.1966889280
353	1.1960788699
354	1.1954687494
355	1.1948585741
356	1.1942482740
357	1.1936376467
358	1.1930264473
359	1.1924144814
360	1.1918015840
361	1.1911876420
362	1.1905726468
363	1.1899566659
364	1.1893397679
365	1.1887220269
366	1.1881035241
367	1.1874842841
368	1.1868643071
369	1.1862436349
370	1.1856223452
371	1.1850005261
372	1.1843782959
373	1.1837558157
374	1.1831332055
375	1.1825105202
376	1.1818877946
377	1.1812650167
378	1.1806421014
379	1.1800189478
380	1.1793954797
381	1.1787715997
382	1.1781472231
383	1.1775223421
384	1.1768969899
385	1.1762712495
386	1.1756453144
387	1.1750194678
388	1.1743940068
389	1.1737692459
390	1.1731455077
391	1.1725230168
392	1.1719018831
393	1.1712821180
394	1.1706635739
395	1.1700459120
396	1.1694286894
397	1.1688114805
398	1.1681939180
399	1.1675757485
400	1.1669568374
401	1.1663370757
402	1.1657163987
403	1.1650949074
404	1.1644728871
405	1.1638506963
406	1.1632286442
407	1.1626068649
408	1.1619853026
409	1.1613639111
410	1.1607427628
411	1.1601219566
412	1.1595015287
413	1.1588814530
414	1.1582616631
415	1.1576420957
416	1.1570227336
417	1.1564035450
418	1.1557844798
419	1.1551655534
420	1.1545468089
421	1.1539281835
422	1.1533094798
423	1.1526904835
424	1.1520710615
425	1.1514512087
426	1.1508310276
427	1.1502106402
428	1.1495902135
429	1.1489700057
430	1.1483502674
431	1.1477311588
432	1.1471128320
433	1.1464955051
434	1.1458794242
435	1.1452648288
436	1.1446518892
437	1.1440406909
438	1.1434312914
439	1.1428236640
440	1.1422176032
441	1.1416128039
442	1.1410090081
443	1.1404059820
444	1.1398034817
445	1.1392013241
446	1.1385994273
447	1.1379978121
448	1.1373965553
449	1.1367957418
450	1.1361954890
451	1.1355959800
452	1.1349973810
453	1.1343997571
454	1.1338031506
455	1.1332076046
456	1.1326130800
457	1.1320194567
458	1.1314265865
459	1.1308343207
460	1.1302425188
461	1.1296510520
462	1.1290598357
463	1.1284689229
464	1.1278784876
465	1.1272886998
466	1.1266997239
467	1.1261117418
468	1.1255248877
469	1.1249392274
470	1.1243548042
471	1.1237716158
472	1.1231895665
473	1.1226084997
474	1.1220282737
475	1.1214488559
476	1.1208702979
477	1.1202926043
478	1.1197157130
479	1.1191395484
480	1.1185640171
481	1.1179890111
482	1.1174144789
483	1.1168404082
484	1.1162667585
485	1.1156934997
486	1.1151206649
487	1.1145483631
488	1.1139767448
489	1.1134059513
490	1.1128361249
491	1.1122674214
492	1.1116999495
493	1.1111337731
494	1.1105689998
495	1.1100057337
496	1.1094440096
497	1.1088838401
498	1.1083252131
499	1.1077680325
500	1.1072121248
501	1.1066572946
502	1.1061033550
503	1.1055501251
504	1.1049974062
505	1.1044450088
506	1.1038928072
507	1.1033407194
508	1.1027887211
509	1.1022368952
510	1.1016853967
511	1.1011343994
512	1.1005840929
513	1.1000346367
514	1.0994860814
515	1.0989383958
516	1.0983915072
517	1.0978452962
518	1.0972996105
519	1.0967542874
520	1.0962091991
521	1.0956642443
522	1.0951192831
523	1.0945741508
524	1.0940287180
525	1.0934828761
526	1.0929365346
527	1.0923896769
528	1.0918423415
529	1.0912945774
530	1.0907464384
531	1.0901979710
532	1.0896492119
533	1.0891001913
534	1.0885509220
535	1.0880013982
536	1.0874516229
537	1.0869016381
538	1.0863515491
539	1.0858014758
540	1.0852514804
541	1.0847015708
542	1.0841516888
543	1.0836016887
544	1.0830513838
545	1.0825005831
546	1.0819490737
547	1.0813966528
548	1.0808432064
549	1.0802886997
550	1.0797331133
551	1.0791764062
552	1.0786185307
553	1.0780594661
554	1.0774992190
555	1.0769378218
556	1.0763753211
557	1.0758117377
558	1.0752470669
559	1.0746813061
560	1.0741144380
561	1.0735464300
562	1.0729772643
563	1.0724069381
564	1.0718354656
565	1.0712628638
566	1.0706891137
567	1.0701141729
568	1.0695380212
569	1.0689606650
570	1.0683821123
571	1.0678023696
572	1.0672214599
573	1.0666394214
574	1.0660562614
575	1.0654719549
576	1.0648864934
577	1.0642998837
578	1.0637121447
579	1.0631233217
580	1.0625334624
581	1.0619425903
582	1.0613507098
583	1.0607578000
584	1.0601637929
585	1.0595685938
586	1.0589721132
587	1.0583742751
588	1.0577750090
589	1.0571742479
590	1.0565719421
591	1.0559680564
592	1.0553625485
593	1.0547553733
594	1.0541465060
595	1.0535359655
596	1.0529238165
597	1.0523101423
598	1.0516950343
599	1.0510785941
600	1.0504609077
601	1.0498420380
602	1.0492220240
603	1.0486008540
604	1.0479784574
605	1.0473547233
606	1.0467295129
607	1.0461026686
608	1.0454740183
609	1.0448433689
610	1.0442105135
611	1.0435752713
612	1.0429375387
613	1.0422972817
614	1.0416544888
615	1.0410091765
616	1.0403614212
617	1.0397113662
618	1.0390592134
619	1.0384051982
620	1.0377495607
621	1.0370925208
622	1.0364342606
623	1.0357749219
624	1.0351145948
625	1.0344533008
626	1.0337909979
627	1.0331275899
628	1.0324629135
629	1.0317967275
630	1.0311287543
631	1.0304587560
632	1.0297865859
633	1.0291121914
634	1.0284355923
635	1.0277568684
636	1.0270761602
637	1.0263936566
638	1.0257095464
639	1.0250239913
640	1.0243371567
641	1.0236492029
642	1.0229602317
643	1.0222702733
644	1.0215793023
645	1.0208872533
646	1.0201940442
647	1.0194995893
648	1.0188037996
649	1.0181065946
650	1.0174079172
651	1.0167077361
652	1.0160060300
653	1.0153027969
654	1.0145980868
655	1.0138919893
656	1.0131845930
657	1.0124759657
658	1.0117661566
659	1.0110551947
660	1.0103430426
661	1.0096295662
662	1.0089146001
663	1.0081980093
664	1.0074796838
665	1.0067595382
666	1.0060375210
667	1.0053136232
668	1.0045878617
669	1.0038602481
670	1.0031308049
671	1.0023996153
672	1.0016668120
673	1.0009325219
674	1.0001968577
675	0.9994599470
676	0.9987219249
677	0.9979828952
678	0.9972429048
679	0.9965019202
680	0.9957598175
681	0.9950164296
682	0.9942715784
683	0.9935250989
684	0.9927768854
685	0.9920268663
686	0.9912749461
687	0.9905210314
688	0.9897650713
689	0.9890070343
690	0.9882468885
691	0.9874846206
692	0.9867202760
693	0.9859539543
694	0.9851857654
695	0.9844158264
696	0.9836442771
697	0.9828712644
698	0.9820969179
699	0.9813213484
700	0.9805446578
701	0.9797669050
702	0.9789880870
703	0.9782081924
704	0.9774272286
705	0.9766452028
706	0.9758621212
707	0.9750779878
708	0.9742928100
709	0.9735065721
710	0.9727191948
711	0.9719305818
712	0.9711406790
713	0.9703494791
714	0.9695570241
715	0.9687634128
716	0.9679687764
717	0.9671732359
718	0.9663768483
719	0.9655795877
720	0.9647813790
721	0.9639821209
722	0.9631816835
723	0.9623799429
724	0.9615768379
725	0.9607723338
726	0.9599663607
727	0.9591588571
728	0.9583497884
729	0.9575391134
730	0.9567268135
731	0.9559129207
732	0.9550974881
733	0.9542805715
734	0.9534622375
735	0.9526425800
736	0.9518216955
737	0.9509996308
738	0.9501764103
739	0.9493520773
740	0.9485266824
741	0.9477002899
742	0.9468729877
743	0.9460448441
744	0.9452158478
745	0.9443859345
746	0.9435550827
747	0.9427233355
748	0.9418907363
749	0.9410572981
750	0.9402230176
751	0.9393878991
752	0.9385519426
753	0.9377151173
754	0.9368773796
755	0.9360386645
756	0.9351989050
757	0.9343580889
758	0.9335162228
759	0.9326732813
760	0.9318292245
761	0.9309840416
762	0.9301377777
763	0.9292904795
764	0.9284421238
765	0.9275926661
766	0.9267420927
767	0.9258904216
768	0.9250377452
769	0.9241842489
770	0.9233301699
771	0.9224757915
772	0.9216214651
773	0.9207675002
774	0.9199140441
775	0.9190611520
776	0.9182088578
777	0.9173571219
778	0.9165058003
779	0.9156546838
780	0.9148035676
781	0.9139522840
782	0.9131006685
783	0.9122485939
784	0.9113960177
785	0.9105429519
786	0.9096894761
787	0.9088357092
788	0.9079817320
789	0.9071276096
790	0.9062734441
791	0.9054193513
792	0.9045654275
793	0.9037117814
794	0.9028585909
795	0.9020060676
796	0.9011543595
797	0.9003035396
798	0.8994536218
799	0.8986045482
800	0.8977561872
801	0.8969083777
802	0.8960609772
803	0.8952138528
804	0.8943669009
805	0.8935200517
806	0.8926732605
807	0.8918265864
808	0.8909802031
809	0.8901342885
810	0.8892889799
811	0.8884444325
812	0.8876008886
813	0.8867586231
814	0.8859178045
815	0.8850785082
816	0.8842407531
817	0.8834044689
818	0.8825695793
819	0.8817360635
820	0.8809038705
821	0.8800728730
822	0.8792429412
823	0.8784140116
824	0.8775861209
825	0.8767594021
826	0.8759339777
827	0.8751098827
828	0.8742871520
829	0.8734659009
830	0.8726462777
831	0.8718284050
832	0.8710123951
833	0.8701984123
834	0.8693866039
835	0.8685770085
836	0.8677696498
837	0.8669645782
838	0.8661618414
839	0.8653615199
840	0.8645636743
841	0.8637682376
842	0.8629749967
843	0.8621836204
844	0.8613937354
845	0.8606050074
846	0.8598171821
847	0.8590301247
848	0.8582438162
849	0.8574583494
850	0.8566738882
851	0.8558905705
852	0.8551085189
853	0.8543279016
854	0.8535488676
855	0.8527714298
856	0.8519955016
857	0.8512209860
858	0.8504477330
859	0.8496755306
860	0.8489042085
861	0.8481337087
862	0.8473641111
863	0.8465956264
864	0.8458285320
865	0.8450630918
866	0.8442994783
867	0.8435377966
868	0.8427781329
869	0.8420205712
870	0.8412652578
871	0.8405123465
872	0.8397618916
873	0.8390138816
874	0.8382682574
875	0.8375248930
876	0.8367836641
877	0.8360444590
878	0.8353070979
879	0.8345713606
880	0.8338371064
881	0.8331042879
882	0.8323728662
883	0.8316427994
884	0.8309140737
885	0.8301866912
886	0.8294606477
887	0.8287359797
888	0.8280128334
889	0.8272914272
890	0.8265720137
891	0.8258548438
892	0.8251400929
893	0.8244278677
894	0.8237182079
895	0.8230110810
896	0.8223064715
897	0.8216043734
898	0.8209046914
899	0.8202072611
900	0.8195118828
901	0.8188183102
902	0.8181262587
903	0.8174354924
904	0.8167459308
905	0.8160576484
906	0.8153708817
907	0.8146860201
908	0.8140034740
909	0.8133235930
910	0.8126466754
911	0.8119728978
912	0.8113022481
913	0.8106345998
914	0.8099698038
915	0.8093076856
916	0.8086480371
917	0.8079906390
918	0.8073352750
919	0.8066817661
920	0.8060299534
921	0.8053796731
922	0.8047308071
923	0.8040832994
924	0.8034371335
925	0.8027923160
926	0.8021488973
927	0.8015069680
928	0.8008665902
929	0.8002278398
930	0.7995908719
931	0.7989558566
932	0.7983229801
933	0.7976924647
934	0.7970644530
935	0.7964389659
936	0.7958159840
937	0.7951955037
938	0.7945774996
939	0.7939618439
940	0.7933482755
941	0.7927364538
942	0.7921260947
943	0.7915170790
944	0.7909094480
945	0.7903033020
946	0.7896987049
947	0.7890956973
948	0.7884943964
949	0.7878950777
950	0.7872980868
951	0.7867036306
952	0.7861116911
953	0.7855220981
954	0.7849347168
955	0.7843496246
956	0.7837669859
957	0.7831868456
958	0.7826091560
959	0.7820338339
960	0.7814607668
961	0.7808898330
962	0.7803209304
963	0.7797539794
964	0.7791889303
965	0.7786258267
966	0.7780647688
967	0.7775057921
968	0.7769489118
969	0.7763942294
970	0.7758419113
971	0.7752920955
972	0.7747447607
973	0.7741996892
974	0.7736565775
975	0.7731151420
976	0.7725751557
977	0.7720364688
978	0.7714990295
979	0.7709628942
980	0.7704282260
981	0.7698951837
982	0.7693638188
983	0.7688341905
984	0.7683064920
985	0.7677809973
986	0.7672579483
987	0.7667375302
988	0.7662198912
989	0.7657051077
990	0.7651931572
991	0.7646839188
992	0.7641771685
993	0.7636727004
994	0.7631704023
995	0.7626701469
996	0.7621717861
997	0.7616752277
998	0.7611804595
999	0.7606875426
1000	0.7601965729
1001	0.7597076550
1002	0.7592209125
1003	0.7587364734
1004	0.7582543902
1005	0.7577745670
1006	0.7572967970
1007	0.7568208881
1008	0.7563467371
1009	0.7558743027
1010	0.7554035850
1011	0.7549346801
1012	0.7544677760
1013	0.7540030170
1014	0.7535404058
1015	0.7530798693
1016	0.7526213380
1017	0.7521647141
1018	0.7517099090
1019	0.7512568927
1020	0.7508056516
1021	0.7503561866
1022	0.7499084510
1023	0.7494622763
1024	0.7490174704
1025	0.7485739212
1026	0.7481315530
1027	0.7476902622
1028	0.7472499498
1029	0.7468105655
1030	0.7463720600
1031	0.7459343741
1032	0.7454974943
1033	0.7450614808
1034	0.7446264681
1035	0.7441926030
1036	0.7437600228
1037	0.7433289075
1038	0.7428994591
1039	0.7424718394
1040	0.7420461298
1041	0.7416223160
1042	0.7412003248
1043	0.7407800496
1044	0.7403613169
1045	0.7399439396
1046	0.7395278386
1047	0.7391130167
1048	0.7386994644
1049	0.7382871573
1050	0.7378760586
1051	0.7374661060
1052	0.7370572199
1053	0.7366493204
1054	0.7362423760
1055	0.7358364324
1056	0.7354315761
1057	0.7350278628
1058	0.7346253179
1059	0.7342239666
1060	0.7338237456
1061	0.7334244962
1062	0.7330260763
1063	0.7326283679
1064	0.7322312424
1065	0.7318345830
1066	0.7314383284
1067	0.7310424963
1068	0.7306471348
1069	0.7302522771
1070	0.7298579551
1071	0.7294642078
1072	0.7290710727
1073	0.7286785801
1074	0.7282867710
1075	0.7278957058
1076	0.7275054297
1077	0.7271159188
1078	0.7267271042
1079	0.7263389635
1080	0.7259515094
1081	0.7255647109
1082	0.7251785208
1083	0.7247929691
1084	0.7244081460
1085	0.7240241487
1086	0.7236410975
1087	0.7232590789
1088	0.7228780718
1089	0.7224979903
1090	0.7221187239
1091	0.7217401803
1092	0.7213623234
1093	0.7209851329
1094	0.7206086070
1095	0.7202327942
1096	0.7198577558
1097	0.7194835160
1098	0.7191100814
1099	0.7187374911
1100	0.7183657829
1101	0.7179949648
1102	0.7176250424
1103	0.7172560255
1104	0.7168879279
1105	0.7165207608
1106	0.7161545502
1107	0.7157893513
1108	0.7154251804
1109	0.7150620007
1110	0.7146997995
1111	0.7143385736
1112	0.7139782757
1113	0.7136188214
1114	0.7132601228
1115	0.7129021099
1116	0.7125447058
1117	0.7121877963
1118	0.7118313121
1119	0.7114753042
1120	0.7111198758
1121	0.7107651617
1122	0.7104113542
1123	0.7100586433
1124	0.7097071737
1125	0.7093570526
1126	0.7090083415
1127	0.7086610304
1128	0.7083150470
1129	0.7079702681
1130	0.7076265013
1131	0.7072834993
1132	0.7069409716
1133	0.7065986129
1134	0.7062561982
1135	0.7059136034
1136	0.7055708027
1137	0.7052279406
1138	0.7048853226
1139	0.7045433020
1140	0.7042021733
1141	0.7038621717
1142	0.7035235118
1143	0.7031863715
1144	0.7028509120
1145	0.7025173131
1146	0.7021857070
1147	0.7018560947
1148	0.7015283839
1149	0.7012024528
1150	0.7008781575
1151	0.7005553397
1152	0.7002338202
1153	0.6999133735
1154	0.6995937763
1155	0.6992749270
1156	0.6989569169
1157	0.6986399653
1158	0.6983242634
1159	0.6980098868
1160	0.6976968881
1161	0.6973853850
1162	0.6970754799
1163	0.6967672566
1164	0.6964608116
1165	0.6961561464
1166	0.6958531604
1167	0.6955517379
1168	0.6952517917
1169	0.6949532725
1170	0.6946561567
1171	0.6943604691
1172	0.6940662857
1173	0.6937736973
1174	0.6934828099
1175	0.6931937884
1176	0.6929068910
1177	0.6926224308
1178	0.6923407115
1179	0.6920619457
1180	0.6917861496
1181	0.6915132021
1182	0.6912429745
1183	0.6909753351
1184	0.6907101168
1185	0.6904471386
1186	0.6901862936
1187	0.6899275559
1188	0.6896709060
1189	0.6894163867
1190	0.6891642182
1191	0.6889147511
1192	0.6886683812
1193	0.6884255158
1194	0.6881864882
1195	0.6879515231
1196	0.6877207317
1197	0.6874940735
1198	0.6872714049
1199	0.6870525274
1200	0.6868371880
1201	0.6866251500
1202	0.6864161908
1203	0.6862100132
1204	0.6860062956
1205	0.6858048519
1206	0.6856056977
1207	0.6854090516
1208	0.6852153271
1209	0.6850249421
1210	0.6848381721
1211	0.6846552219
1212	0.6844762207
1213	0.6843011791
1214	0.6841300400
1215	0.6839627472
1216	0.6837992405
1217	0.6836394018
1218	0.6834831423
1219	0.6833305236
1220	0.6831816751
1221	0.6830366973
1222	0.6828957152
1223	0.6827589370
1224	0.6826266079
1225	0.6824989232
1226	0.6823760191
1227	0.6822580389
1228	0.6821451549
1229	0.6820375292
1230	0.6819353015
1231	0.6818385588
1232	0.6817473421
1233	0.6816617259
1234	0.6815817628
1235	0.6815073517
1236	0.6814382707
1237	0.6813742973
1238	0.6813151997
1239	0.6812607656
1240	0.6812109106
1241	0.6811656029
1242	0.6811248062
1243	0.6810885294
1244	0.6810567761
1245	0.6810295126
1246	0.6810066824
1247	0.6809882878
1248	0.6809745129
1249	0.6809656515
1250	0.6809620390
1251	0.6809640728
1252	0.6809720955
1253	0.6809862481
1254	0.6810064798
1255	0.6810326356
1256	0.6810644474
1257	0.6811015969
1258	0.6811438846
1259	0.6811912492
1260	0.6812436785
1261	0.6813011358
1262	0.6813635699
1263	0.6814309434
1264	0.6815031948
1265	0.6815802294
1266	0.6816619589
1267	0.6817483595
1268	0.6818395443
1269	0.6819357069
1270	0.6820370131
1271	0.6821436100
1272	0.6822556015
1273	0.6823729804
1274	0.6824956995
1275	0.6826237980
1276	0.6827574107
1277	0.6828965980
1278	0.6830411306
1279	0.6831906244
1280	0.6833448092
1281	0.6835035535
1282	0.6836668830
1283	0.6838349382
1284	0.6840077936
1285	0.6841854930
1286	0.6843682956
1287	0.6845566785
1288	0.6847510796
1289	0.6849517249
1290	0.6851585317
1291	0.6853711650
1292	0.6855893282
1293	0.6858129215
1294	0.6860419657
1295	0.6862764628
1296	0.6865163331
1297	0.6867615185
1298	0.6870120073
1299	0.6872677459
1300	0.6875285918
1301	0.6877942930
1302	0.6880645559
1303	0.6883391181
1304	0.6886177110
1305	0.6889000447
1306	0.6891859474
1307	0.6894755338
1308	0.6897692137
1309	0.6900675307
1310	0.6903709761
1311	0.6906798872
1312	0.6909944678
1313	0.6913149377
1314	0.6916415397
1315	0.6919743704
1316	0.6923134311
1317	0.6926587978
1318	0.6930105198
1319	0.6933684291
1320	0.6937321812
1321	0.6941014068
1322	0.6944757878
1323	0.6948551194
1324	0.6952392996
1325	0.6956282466
1326	0.6960218958
1327	0.6964202485
1328	0.6968234762
1329	0.6972318719
1330	0.6976456816
1331	0.6980651677
1332	0.6984906315
1333	0.6989222996
1334	0.6993602612
1335	0.6998044256
1336	0.7002546146
1337	0.7007107044
1338	0.7011725631
1339	0.7016399243
1340	0.7021124721
1341	0.7025899954
1342	0.7030723452
1343	0.7035593408
1344	0.7040507863
1345	0.7045465562
1346	0.7050466915
1347	0.7055513736
1348	0.7060607935
1349	0.7065750475
1350	0.7070941779
1351	0.7076182789
1352	0.7081474343
1353	0.7086816462
1354	0.7092209403
1355	0.7097654460
1356	0.7103153331
1357	0.7108707442
1358	0.7114317590
1359	0.7119983590
1360	0.7125703965
1361	0.7131476042
1362	0.7137296719
1363	0.7143162838
1364	0.7149072332
1365	0.7155025198
1366	0.7161021584
1367	0.7167061063
1368	0.7173144551
1369	0.7179274487
1370	0.7185453731
1371	0.7191684668
1372	0.7197968136
1373	0.7204303117
1374	0.7210687156
1375	0.7217116418
1376	0.7223586266
1377	0.7230093277
1378	0.7236636130
1379	0.7243215115
1380	0.7249831813
1381	0.7256488554
1382	0.7263188452
1383	0.7269935227
1384	0.7276732407
1385	0.7283583114
1386	0.7290490055
1387	0.7297455669
1388	0.7304481493
1389	0.7311567014
1390	0.7318710824
1391	0.7325912331
1392	0.7333170417
1393	0.7340481992
1394	0.7347843442
1395	0.7355252118
1396	0.7362705696
1397	0.7370201754
1398	0.7377738967
1399	0.7385317701
1400	0.7392939124
1401	0.7400604355
1402	0.7408313676
1403	0.7416066521
1404	0.7423862631
1405	0.7431702017
1406	0.7439584454
1407	0.7447510088
1408	0.7455480018
1409	0.7463495771
1410	0.7471558287
1411	0.7479667686
1412	0.7487823402
1413	0.7496024426
1414	0.7504269290
1415	0.7512556256
1416	0.7520884109
1417	0.7529252045
1418	0.7537659248
1419	0.7546104417
1420	0.7554585798
1421	0.7563102636
1422	0.7571655189
1423	0.7580243934
1424	0.7588869838
1425	0.7597533574
1426	0.7606234930
1427	0.7614973438
1428	0.7623748750
1429	0.7632560938
1430	0.7641410536
1431	0.7650297590
1432	0.7659221262
1433	0.7668181115
1434	0.7677177373
1435	0.7686209944
1436	0.7695278748
1437	0.7704384876
1438	0.7713530280
1439	0.7722716169
1440	0.7731942677
1441	0.7741209648
1442	0.7750516545
1443	0.7759862221
1444	0.7769245463
1445	0.7778665402
1446	0.7788121694
1447	0.7797614347
1448	0.7807142951
1449	0.7816706580
1450	0.7826304280
1451	0.7835934687
1452	0.7845595254
1453	0.7855282789
1454	0.7864994944
1455	0.7874730091
1456	0.7884486524
1457	0.7894263517
1458	0.7904061779
1459	0.7913882548
1460	0.7923726902
1461	0.7933595264
1462	0.7943488023
1463	0.7953405792
1464	0.7963348518
1465	0.7973315726
1466	0.7983307302
1467	0.7993322901
1468	0.8003361448
1469	0.8013421797
1470	0.8023502750
1471	0.8033602901
1472	0.8043721258
1473	0.8053857234
1474	0.8064010259
1475	0.8074179658
1476	0.8084364642
1477	0.8094564481
1478	0.8104778334
1479	0.8115005195
1480	0.8125243896
1481	0.8135493252
1482	0.8145753304
1483	0.8156025646
1484	0.8166312005
1485	0.8176613441
1486	0.8186930214
1487	0.8197261410
1488	0.8207605620
1489	0.8217962221
1490	0.8228331454
1491	0.8238713370
1492	0.8249106911
1493	0.8259510035
1494	0.8269920487
1495	0.8280336512
1496	0.8290756612
1497	0.8301178908
1498	0.8311601546
1499	0.8322023346
1500	0.8332444216
1501	0.8342865623
1502	0.8353290221
1503	0.8363720655
1504	0.8374158896
1505	0.8384606865
1506	0.8395066832
1507	0.8405540660
1508	0.8416029249
1509	0.8426532910
1510	0.8437051802
1511	0.8447585191
1512	0.8458130754
1513	0.8468685304
1514	0.8479245800
1515	0.8489810043
1516	0.8500376729
1517	0.8510945510
1518	0.8521516817
1519	0.8532090885
1520	0.8542668006
1521	0.8553249337
1522	0.8563836558
1523	0.8574431567
1524	0.8585036412
1525	0.8595653014
1526	0.8606283153
1527	0.8616928010
1528	0.8627587409
1529	0.8638260274
1530	0.8648945333
1531	0.8659640788
1532	0.8670344149
1533	0.8681052740
1534	0.8691764106
1535	0.8702476322
1536	0.8713188394
1537	0.8723900310
1538	0.8734612439
1539	0.8745325358
1540	0.8756040125
1541	0.8766757653
1542	0.8777477784
1543	0.8788199576
1544	0.8798922226
1545	0.8809645552
1546	0.8820369903
1547	0.8831095694
1548	0.8841823044
1549	0.8852551541
1550	0.8863280205
1551	0.8874007809
1552	0.8884733211
1553	0.8895455621
1554	0.8906174555
1555	0.8916889792
1556	0.8927601363
1557	0.8938309287
1558	0.8949013755
1559	0.8959715444
1560	0.8970415352
1561	0.8981114736
1562	0.8991814886
1563	0.9002516998
1564	0.9013222259
1565	0.9023931459
1566	0.9034644839
1567	0.9045362626
1568	0.9056085092
1569	0.9066812110
1570	0.9077543401
1571	0.9088278833
1572	0.9099018154
1573	0.9109760864
1574	0.9120506175
1575	0.9131252969
1576	0.9141999963
1577	0.9152746210
1578	0.9163491472
1579	0.9174235880
1580	0.9184979598
1581	0.9195722978
1582	0.9206466578
1583	0.9217210914
1584	0.9227956138
1585	0.9238702019
1586	0.9249448468
1587	0.9260195534
1588	0.9270942825
1589	0.9281689634
1590	0.9292435362
1591	0.9303179456
1592	0.9313921360
1593	0.9324660733
1594	0.9335397573
1595	0.9346132166
1596	0.9356865153
1597	0.9367597449
1598	0.9378329975
1599	0.9389063610
1600	0.9399799227
1601	0.9410537742
1602	0.9421280015
1603	0.9432026691
1604	0.9442778076
1605	0.9453533931
1606	0.9464293487
1607	0.9475055749
1608	0.9485819759
1609	0.9496584525
1610	0.9507348885
1611	0.9518111710
1612	0.9528872146
1613	0.9539629764
1614	0.9550384555
1615	0.9561136709
1616	0.9571886318
1617	0.9582633307
1618	0.9593377824
1619	0.9604120583
1620	0.9614862798
1621	0.9625605685
1622	0.9636349873
1623	0.9647095408
1624	0.9657842032
1625	0.9668589404
1626	0.9679337328
1627	0.9690085592
1628	0.9700833826
1629	0.9711581984
1630	0.9722330548
1631	0.9733080129
1632	0.9743831221
1633	0.9754584009
1634	0.9765338237
1635	0.9776093335
1636	0.9786848631
1637	0.9797603511
1638	0.9808357459
1639	0.9819110077
1640	0.9829861181
1641	0.9840610868
1642	0.9851359389
1643	0.9862106963
1644	0.9872853745
1645	0.9883600006
1646	0.9894346200
1647	0.9905092802
1648	0.9915840136
1649	0.9926588326
1650	0.9937337553
1651	0.9948088231
1652	0.9958840659
1653	0.9969594792
1654	0.9980350485
1655	0.9991107696
1656	1.0001866333
1657	1.0012625983
1658	1.0023386066
1659	1.0034146033
1660	1.0044905379
1661	1.0055663711
1662	1.0066420731
1663	1.0077176140
1664	1.0087929641
1665	1.0098681286
1666	1.0109431658
1667	1.0120181476
1668	1.0130931516
1669	1.0141682791
1670	1.0152436248
1671	1.0163192439
1672	1.0173951522
1673	1.0184713236
1674	1.0195477068
1675	1.0206242498
1676	1.0217008954
1677	1.0227775803
1678	1.0238542443
1679	1.0249308362
1680	1.0260073335
1681	1.0270837398
1682	1.0281600601
1683	1.0292363040
1684	1.0303124933
1685	1.0313886483
1686	1.0324647757
1687	1.0335408752
1688	1.0346169446
1689	1.0356929755
1690	1.0367689604
1691	1.0378448918
1692	1.0389207518
1693	1.0399965457
1694	1.0410723258
1695	1.0421481603
1696	1.0432241100
1697	1.0443002115
1698	1.0453764692
1699	1.0464528635
1700	1.0475293474
1701	1.0486058388
1702	1.0496822320
1703	1.0507584209
1704	1.0518343046
1705	1.0529097986
1706	1.0539848770
1707	1.0550596109
1708	1.0561341464
1709	1.0572086249
1710	1.0582831469
1711	1.0593578018
1712	1.0604326715
1713	1.0615077995
1714	1.0625831877
1715	1.0636588319
1716	1.0647347215
1717	1.0658108076
1718	1.0668870022
1719	1.0679631982
1720	1.0690392955
1721	1.0701152191
1722	1.0711909331
1723	1.0722664290
1724	1.0733416970
1725	1.0744167252
1726	1.0754915126
1727	1.0765660811
1728	1.0776404929
1729	1.0787148581
1730	1.0797892987
1731	1.0808638985
1732	1.0819386981
1733	1.0830136989
1734	1.0840888646
1735	1.0851641578
1736	1.0862395284
1737	1.0873148798
1738	1.0883901210
1739	1.0894651790
1740	1.0905399635
1741	1.0916143963
1742	1.0926884436
1743	1.0937621163
1744	1.0948354534
1745	1.0959084894
1746	1.0969812694
1747	1.0980538656
1748	1.0991263333
1749	1.1001986854
1750	1.1012709083
1751	1.1023429885
1752	1.1034149544
1753	1.1044868806
1754	1.1055588194
1755	1.1066307674
1756	1.1077027073
1757	1.1087746308
1758	1.1098464842
1759	1.1109181677
1760	1.1119895987
1761	1.1130606862
1762	1.1141312841
1763	1.1152012167
1764	1.1162703514
1765	1.1173386699
1766	1.1184062728
1767	1.1194733379
1768	1.1205400477
1769	1.1216065379
1770	1.1226729022
1771	1.1237391731
1772	1.1248053184
1773	1.1258713049
1774	1.1269371381
1775	1.1280028191
1776	1.1290683044
1777	1.1301335433
1778	1.1311984698
1779	1.1322629563
1780	1.1333268381
1781	1.1343899506
1782	1.1354521458
1783	1.1365133126
1784	1.1375733947
1785	1.1386324234
1786	1.1396905237
1787	1.1407478568
1788	1.1418046019
1789	1.1428609505
1790	1.1439170537
1791	1.1449729996
1792	1.1460288005
1793	1.1470844017
1794	1.1481397393
1795	1.1491947297
1796	1.1502492222
1797	1.1513030567
1798	1.1523561059
1799	1.1534082377
1800	1.1544593329
1801	1.1555093337
1802	1.1565582403
1803	1.1576060892
1804	1.1586529567
1805	1.1596989275
1806	1.1607440576
1807	1.1617884494
1808	1.1628322488
1809	1.1638755276
1810	1.1649182715
1811	1.1659604091
1812	1.1670018193
1813	1.1680423255
1814	1.1690817075
1815	1.1701197797
1816	1.1711563954
1817	1.1721913522
1818	1.1732243701
1819	1.1742551836
1820	1.1752835920
1821	1.1763094283
1822	1.1773325275
1823	1.1783527314
1824	1.1793699740
1825	1.1803843581
1826	1.1813961462
1827	1.1824057001
1828	1.1834134039
1829	1.1844195703
1830	1.1854243930
1831	1.1864280337
1832	1.1874307154
1833	1.1884326695
1834	1.1894340287
1835	1.1904347946
1836	1.1914348981
1837	1.1924342632
1838	1.1934328202
1839	1.1944304917
1840	1.1954271843
1841	1.1964228328
1842	1.1974174217
1843	1.1984109377
1844	1.1994033471
1845	1.2003945717
1846	1.2013844296
1847	1.2023726656
1848	1.2033590630
1849	1.2043434495
1850	1.2053256314
1851	1.2063054464
1852	1.2072828360
1853	1.2082577986
1854	1.2092303450
1855	1.2102004681
1856	1.2111681260
1857	1.2121333105
1858	1.2130960886
1859	1.2140566000
1860	1.2150150066
1861	1.2159713942
1862	1.2169257604
1863	1.2178780283
1864	1.2188280237
1865	1.2197755074
1866	1.2207202193
1867	1.2216619237
1868	1.2226005055
1869	1.2235359530
1870	1.2244682413
1871	1.2253973273
1872	1.2263231903
1873	1.2272458004
1874	1.2281650708
1875	1.2290808758
1876	1.2299930986
1877	1.2309016242
1878	1.2318063449
1879	1.2327071751
1880	1.2336040366
1881	1.2344968810
1882	1.2353857310
1883	1.2362706978
1884	1.2371519309
1885	1.2380295395
1886	1.2389035717
1887	1.2397740461
1888	1.2406410047
1889	1.2415045005
1890	1.2423645215
1891	1.2432209697
1892	1.2440737043
1893	1.2449225575
1894	1.2457673135
1895	1.2466077403
1896	1.2474436586
1897	1.2482749570
1898	1.2491015525
1899	1.2499233698
1900	1.2507403730
1901	1.2515526067
1902	1.2523601887
1903	1.2531632909
1904	1.2539621415
1905	1.2547569924
1906	1.2555480544
1907	1.2563354556
1908	1.2571192458
1909	1.2578993999
1910	1.2586757858
1911	1.2594481955
1912	1.2602164258
1913	1.2609802784
1914	1.2617395590
1915	1.2624941350
1916	1.2632439190
1917	1.2639888029
1918	1.2647286518
1919	1.2654633276
1920	1.2661927553
1921	1.2669169798
1922	1.2676361355
1923	1.2683504236
1924	1.2690601128
1925	1.2697654881
1926	1.2704667610
1927	1.2711640512
1928	1.2718574371
1929	1.2725469613
1930	1.2732326204
1931	1.2739143560
1932	1.2745920445
1933	1.2752655236
1934	1.2759346241
1935	1.2765991909
1936	1.2772590913
1937	1.2779142282
1938	1.2785645842
1939	1.2792102322
1940	1.2798512689
1941	1.2804877623
1942	1.2811197552
1943	1.2817472691
1944	1.2823703135
1945	1.2829889025
1946	1.2836030498
1947	1.2842127364
1948	1.2848178591
1949	1.2854182320
1950	1.2860136631
1951	1.2866040063
1952	1.2871891438
1953	1.2877689598
1954	1.2883433315
1955	1.2889121353
1956	1.2894753138
1957	1.2900329540
1958	1.2905852559
1959	1.2911324495
1960	1.2916747753
1961	1.2922124916
1962	1.2927458617
1963	1.2932751369
1964	1.2938005366
1965	1.2943222129
1966	1.2948402281
1967	1.2953545795
1968	1.2958652168
1969	1.2963720311
1970	1.2968748414
1971	1.2973733892
1972	1.2978673939
1973	1.2983566339
1974	1.2988409434
1975	1.2993201708
1976	1.2997942035
1977	1.3002629896
1978	1.3007265185
1979	1.3011848345
1980	1.3016380636
1981	1.3020864043
1982	1.3025301100
1983	1.3029694621
1984	1.3034047248
1985	1.3038360825
1986	1.3042635895
1987	1.3046871683
1988	1.3051066237
1989	1.3055216663
1990	1.3059319609
1991	1.3063371640
1992	1.3067369652
1993	1.3071311268
1994	1.3075194814
1995	1.3079019484
1996	1.3082785376
1997	1.3086493001
1998	1.3090143333
1999	1.3093738107
2000	1.3097279656
2001	1.3100770424
2002	1.3104212528
2003	1.3107607812
2004	1.3110957695
2005	1.3114262635
2006	1.3117522091
2007	1.3120735109
2008	1.3123900735
2009	1.3127017810
2010	1.3130084697
2011	1.3133099384
2012	1.3136059896
2013	1.3138964689
2014	1.3141812815
2015	1.3144604072
2016	1.3147339075
2017	1.3150019088
2018	1.3152645869
2019	1.3155221611
2020	1.3157748693
2021	1.3160229042
2022	1.3162663587
2023	1.3165052380
2024	1.3167395135
2025	1.3169691863
2026	1.3171943136
2027	1.3174149551
2028	1.3176311086
2029	1.3178427156
2030	1.3180497061
2031	1.3182520206
2032	1.3184495969
2033	1.3186423311
2034	1.3188300539
2035	1.3190125560
2036	1.3191896366
2037	1.3193611417
2038	1.3195269884
2039	1.3196871813
2040	1.3198418332
2041	1.3199911504
2042	1.3201353696
2043	1.3202747167
2044	1.3204094064
2045	1.3205396354
2046	1.3206655714
2047	1.3207873471
2048	1.3209050414
2049	1.3210186606
2050	1.3211281461
2051	1.3212334057
2052	1.3213343390
2053	1.3214308426
2054	1.3215227964
2055	1.3216100407
2056	1.3216923867
2057	1.3217696480
2058	1.3218416507
2059	1.3219082297
2060	1.3219692475
2061	1.3220246330
2062	1.3220743803
2063	1.3221185090
2064	1.3221570462
2065	1.3221900374
2066	1.3222175656
2067	1.3222397717
2068	1.3222568626
2069	1.3222690733
2070	1.3222765913
2071	1.3222795469
2072	1.3222780700
2073	1.3222722719
2074	1.3222621856
2075	1.3222477733
2076	1.3222289585
2077	1.3222056585
2078	1.3221778173
2079	1.3221454224
2080	1.3221085051
2081	1.3220671468
2082	1.3220214644
2083	1.3219715557
2084	1.3219174538
2085	1.3218591403
2086	1.3217965804
2087	1.3217297284
2088	1.3216585154
2089	1.3215828626
2090	1.3215027241
2091	1.3214180845
2092	1.3213288976
2093	1.3212350811
2094	1.3211365705
2095	1.3210333311
2096	1.3209253349
2097	1.3208125699
2098	1.3206950633
2099	1.3205728994
2100	1.3204462266
2101	1.3203152296
2102	1.3201800892
2103	1.3200409509
2104	1.3198979133
2105	1.3197510323
2106	1.3196003136
2107	1.3194457075
2108	1.3192871230
2109	1.3191244777
2110	1.3189577344
2111	1.3187868779
2112	1.3186119094
2113	1.3184328641
2114	1.3182498111
2115	1.3180628600
2116	1.3178721720
2117	1.3176779477
2118	1.3174803915
2119	1.3172796784
2120	1.3170759505
2121	1.3168693417
2122	1.3166599865
2123	1.3164479907
2124	1.3162334221
2125	1.3160163533
2126	1.3157968623
2127	1.3155749606
2128	1.3153506011
2129	1.3151237364
2130	1.3148943049
2131	1.3146622388
2132	1.3144274873
2133	1.3141900063
2134	1.3139497694
2135	1.3137067813
2136	1.3134610991
2137	1.3132128482
2138	1.3129621882
2139	1.3127092848
2140	1.3124542982
2141	1.3121973479
2142	1.3119384947
2143	1.3116777500
2144	1.3114150671
2145	1.3111503524
2146	1.3108835244
2147	1.3106145244
2148	1.3103432882
2149	1.3100697680
2150	1.3097939652
2151	1.3095159540
2152	1.3092358831
2153	1.3089539437
2154	1.3086703427
2155	1.3083853154
2156	1.3080991446
2157	1.3078120892
2158	1.3075242868
2159	1.3072357427
2160	1.3069463461
2161	1.3066558702
2162	1.3063640088
2163	1.3060704566
2164	1.3057749684
2165	1.3054773544
2166	1.3051774338
2167	1.3048750577
2168	1.3045702202
2169	1.3042630856
2170	1.3039539142
2171	1.3036430040
2172	1.3033306693
2173	1.3030172225
2174	1.3027029778
2175	1.3023882670
2176	1.3020734068
2177	1.3017586344
2178	1.3014440681
2179	1.3011297031
2180	1.3008154223
2181	1.3005010295
2182	1.3001862842
2183	1.2998709125
2184	1.2995546956
2185	1.2992375470
2186	1.2989194668
2187	1.2986004981
2188	1.2982807116
2189	1.2979602222
2190	1.2976391977
2191	1.2973177798
2192	1.2969960297
2193	1.2966739563
2194	1.2963515502
2195	1.2960288197
2196	1.2957057951
2197	1.2953824772
2198	1.2950588046
2199	1.2947346795
2200	1.2944099923
2201	1.2940846280
2202	1.2937585091
2203	1.2934316382
2204	1.2931040684
2205	1.2927758581
2206	1.2924470748
2207	1.2921177928
2208	1.2917880481
2209	1.2914578549
2210	1.2911272910
2211	1.2907964830
2212	1.2904655265
2213	1.2901344734
2214	1.2898033407
2215	1.2894721083
2216	1.2891407159
2217	1.2888090640
2218	1.2884770590
2219	1.2881446442
2220	1.2878117945
2221	1.2874785131
2222	1.2871447735
2223	1.2868104747
2224	1.2864754958
2225	1.2861397608
2226	1.2858032745
2227	1.2854661203
2228	1.2851284190
2229	1.2847903031
2230	1.2844519236
2231	1.2841133988
2232	1.2837747372
2233	1.2834358835
2234	1.2830967867
2235	1.2827573807
2236	1.2824175649
2237	1.2820772229
2238	1.2817362534
2239	1.2813946127
2240	1.2810523445
2241	1.2807095420
2242	1.2803662936
2243	1.2800226578
2244	1.2796786426
2245	1.2793342212
2246	1.2789893671
2247	1.2786440637
2248	1.2782983075
2249	1.2779521019
2250	1.2776054409
2251	1.2772583148
2252	1.2769107174
2253	1.2765626242
2254	1.2762140120
2255	1.2758648888
2256	1.2755152580
2257	1.2751651273
2258	1.2748145910
2259	1.2744638257
2260	1.2741130092
2261	1.2737623046
2262	1.2734118631
2263	1.2730617819
2264	1.2727120672
2265	1.2723626537
2266	1.2720134586
2267	1.2716644001
2268	1.2713153807
2269	1.2709662398
2270	1.2706167236
2271	1.2702665513
2272	1.2699154722
2273	1.2695632785
2274	1.2692098458
2275	1.2688551476
2276	1.2684992554
2277	1.2681423303
2278	1.2677845838
2279	1.2674262430
2280	1.2670674919
2281	1.2667084786
2282	1.2663493899
2283	1.2659904098
2284	1.2656316282
2285	1.2652730179
2286	1.2649144630
2287	1.2645558066
2288	1.2641968982
2289	1.2638376229
2290	1.2634779095
2291	1.2631177294
2292	1.2627570633
2293	1.2623958553
2294	1.2620340259
2295	1.2616715068
2296	1.2613082272
2297	1.2609440626
2298	1.2605788382
2299	1.2602123944
2300	1.2598446271
2301	1.2594754772
2302	1.2591049152
2303	1.2587329435
2304	1.2583596006
2305	1.2579849620
2306	1.2576091322
2307	1.2572322204
2308	1.2568543073
2309	1.2564754358
2310	1.2560956398
2311	1.2557149576
2312	1.2553334274
2313	1.2549510666
2314	1.2545678464
2315	1.2541837026
2316	1.2537985562
2317	1.2534123100
2318	1.2530248588
2319	1.2526361146
2320	1.2522460004
2321	1.2518544589
2322	1.2514614926
2323	1.2510671384
2324	1.2506714243
2325	1.2502744053
2326	1.2498762010
2327	1.2494769535
2328	1.2490767652
2329	1.2486756910
2330	1.2482737372
2331	1.2478708448
2332	1.2474668870
2333	1.2470616741
2334	1.2466549745
2335	1.2462465325
2336	1.2458360948
2337	1.2454234587
2338	1.2450084802
2339	1.2445910748
2340	1.2441712406
2341	1.2437490453
2342	1.2433246135
2343	1.2428981284
2344	1.2424697987
2345	1.2420398227
2346	1.2416083681
2347	1.2411755594
2348	1.2407414719
2349	1.2403061274
2350	1.2398694934
2351	1.2394314957
2352	1.2389920487
2353	1.2385510670
2354	1.2381084357
2355	1.2376640045
2356	1.2372176573
2357	1.2367693543
2358	1.2363191097
2359	1.2358669921
2360	1.2354131539
2361	1.2349578154
2362	1.2345012207
2363	1.2340435955
2364	1.2335850844
2365	1.2331257308
2366	1.2326654956
2367	1.2322042712
2368	1.2317418965
2369	1.2312781594
2370	1.2308128305
2371	1.2303457068
2372	1.2298766199
2373	1.2294054329
2374	1.2289320206
2375	1.2284562781
2376	1.2279781677
2377	1.2274977236
2378	1.2270150471
2379	1.2265303232
2380	1.2260437650
2381	1.2255555385
2382	1.2250657889
2383	1.2245746696
2384	1.2240823176
2385	1.2235888259
2386	1.2230942199
2387	1.2225984458
2388	1.2221013638
2389	1.2216027477
2390	1.2211023353
2391	1.2205998910
2392	1.2200952156
2393	1.2195881599
2394	1.2190786564
2395	1.2185667098
2396	1.2180523556
2397	1.2175356372
2398	1.2170166222
2399	1.2164954391
2400	1.2159722741
2401	1.2154472904
2402	1.2149205874
2403	1.2143922527
2404	1.2138623859
2405	1.2133311020
2406	1.2127985446
2407	1.2122648263
2408	1.2117299718
2409	1.2111939699
2410	1.2106568034
2411	1.2101183929
2412	1.2095785931
2413	1.2090372520
2414	1.2084942191
2415	1.2079493199
2416	1.2074023745
2417	1.2068532625
2418	1.2063019789
2419	1.2057486425
2420	1.2051934525
2421	1.2046366075
2422	1.2040782610
2423	1.2035185295
2424	1.2029574754
2425	1.2023950893
2426	1.2018312636
2427	1.2012657925
2428	1.2006984847
2429	1.2001292432
2430	1.1995580430
2431	1.1989848659
2432	1.1984096486
2433	1.1978322936
2434	1.1972526563
2435	1.1966705748
2436	1.1960859822
2437	1.1954989294
2438	1.1949095322
2439	1.1943179449
2440	1.1937243323
2441	1.1931288392
2442	1.1925315934
2443	1.1919327209
2444	1.1913323752
2445	1.1907307402
2446	1.1901279705
2447	1.1895241516
2448	1.1889192986
2449	1.1883133638
2450	1.1877062785
2451	1.1870980056
2452	1.1864885174
2453	1.1858777603
2454	1.1852656856
2455	1.1846522461
2456	1.1840373506
2457	1.1834208829
2458	1.1828027926
2459	1.1821831229
2460	1.1815619395
2461	1.1809393170
2462	1.1803153724
2463	1.1796902287
2464	1.1790639422
2465	1.1784365033
2466	1.1778078820
2467	1.1771780209
2468	1.1765468424
2469	1.1759142737
2470	1.1752801999
2471	1.1746444759
2472	1.1740070445
2473	1.1733679809
2474	1.1727274359
2475	1.1720856004
2476	1.1714426961
2477	1.1707989641
2478	1.1701546313
2479	1.1695098484
2480	1.1688646968
2481	1.1682192423
2482	1.1675735244
2483	1.1669275184
2484	1.1662811014
2485	1.1656340980
2486	1.1649863956
2487	1.1643379313
2488	1.1636885845
2489	1.1630381568
2490	1.1623864698
2491	1.1617334496
2492	1.1610791096
2493	1.1604234993
2494	1.1597666570
2495	1.1591086007
2496	1.1584493305
2497	1.1577888601
2498	1.1571273417
2499	1.1564650760
2500	1.1558023336
2501	1.1551392602
2502	1.1544759004
2503	1.1538122462
2504	1.1531483071
2505	1.1524840945
2506	1.1518195664
2507	1.1511546179
2508	1.1504890666
2509	1.1498226712
2510	1.1491552008
2511	1.1484864970
2512	1.1478164512
2513	1.1471449727
2514	1.1464720281
2515	1.1457976488
2516	1.1451219216
2517	1.1444449903
2518	1.1437670400
2519	1.1430882981
2520	1.1424090557
2521	1.1417296188
2522	1.1410501746
2523	1.1403707874
2524	1.1396914829
2525	1.1390122726
2526	1.1383331886
2527	1.1376542773
2528	1.1369755591
2529	1.1362970231
2530	1.1356186500
2531	1.1349404590
2532	1.1342624988
2533	1.1335848139
2534	1.1329074749
2535	1.1322305886
2536	1.1315542985
2537	1.1308787729
2538	1.1302041180
2539	1.1295303664
2540	1.1288575443
2541	1.1281856949
2542	1.1275148728
2543	1.1268450844
2544	1.1261762691
2545	1.1255084323
2546	1.1248416849
2547	1.1241761070
2548	1.1235116964
2549	1.1228484319
2550	1.1221863075
2551	1.1215252890
2552	1.1208652941
2553	1.1202062588
2554	1.1195481343
2555	1.1188908214
2556	1.1182342059
2557	1.1175782191
2558	1.1169228372
2559	1.1162681149
2560	1.1156142062
2561	1.1149612911
2562	1.1143095225
2563	1.1136589857
2564	1.1130096190
2565	1.1123612715
2566	1.1117138623
2567	1.1110673858
2568	1.1104218702
2569	1.1097774273
2570	1.1091342696
2571	1.1084926861
2572	1.1078529449
2573	1.1072151684
2574	1.1065793940
2575	1.1059457197
2576	1.1053142841
2577	1.1046851435
2578	1.1040582425
2579	1.1034334039
2580	1.1028103809
2581	1.1021889838
2582	1.1015690889
2583	1.1009506082
2584	1.1003335084
2585	1.0997178385
2586	1.0991036883
2587	1.0984911305
2588	1.0978802388
2589	1.0972710433
2590	1.0966634729
2591	1.0960574110
2592	1.0954527797
2593	1.0948495721
2594	1.0942478535
2595	1.0936478093
2596	1.0930497340
2597	1.0924538706
2598	1.0918603435
2599	1.0912692194
2600	1.0906805022
2601	1.0900941092
2602	1.0895098994
2603	1.0889277456
2604	1.0883475446
2605	1.0877691150
2606	1.0871922159
2607	1.0866166511
2608	1.0860422807
2609	1.0854690201
2610	1.0848968047
2611	1.0843255518
2612	1.0837552255
2613	1.0831858866
2614	1.0826176610
2615	1.0820507430
2616	1.0814853979
2617	1.0809218929
2618	1.0803604379
2619	1.0798011607
2620	1.0792440638
2621	1.0786889779
2622	1.0781356551
2623	1.0775839705
2624	1.0770339345
2625	1.0764855688
2626	1.0759389358
2627	1.0753941780
2628	1.0748514266
2629	1.0743107176
2630	1.0737719968
2631	1.0732351698
2632	1.0727001359
2633	1.0721667963
2634	1.0716350533
2635	1.0711048559
2636	1.0705762281
2637	1.0700492069
2638	1.0695238124
2639	1.0690000535
2640	1.0684779161
2641	1.0679573898
2642	1.0674385024
2643	1.0669212734
2644	1.0664056910
2645	1.0658917713
2646	1.0653795599
2647	1.0648691015
2648	1.0643603909
2649	1.0638533303
2650	1.0633477756
2651	1.0628436247
2652	1.0623408864
2653	1.0618396600
2654	1.0613400830
2655	1.0608423615
2656	1.0603467550
2657	1.0598534688
2658	1.0593626282
2659	1.0588743273
2660	1.0583886398
2661	1.0579055888
2662	1.0574251130
2663	1.0569470707
2664	1.0564712528
2665	1.0559973733
2666	1.0555250774
2667	1.0550540344
2668	1.0545840186
2669	1.0541148569
2670	1.0536464411
2671	1.0531788010
2672	1.0527121146
2673	1.0522466758
2674	1.0517827581
2675	1.0513205657
2676	1.0508603125
2677	1.0504021854
2678	1.0499462650
2679	1.0494925318
2680	1.0490408627
2681	1.0485910191
2682	1.0481427442
2683	1.0476958507
2684	1.0472501772
2685	1.0468055595
2686	1.0463618666
2687	1.0459190226
2688	1.0454770253
2689	1.0450359769
2690	1.0445960701
2691	1.0441575090
2692	1.0437204529
2693	1.0432850125
2694	1.0428512960
2695	1.0424194680
2696	1.0419897072
2697	1.0415621413
2698	1.0411368254
2699	1.0407137390
2700	1.0402928355
2701	1.0398740347
2702	1.0394571684
2703	1.0390419924
2704	1.0386282128
2705	1.0382155397
2706	1.0378038035
2707	1.0373930268
2708	1.0369833374
2709	1.0365747971
2710	1.0361673893
2711	1.0357611298
2712	1.0353560884
2713	1.0349523799
2714	1.0345501227
2715	1.0341493586
2716	1.0337501044
2717	1.0333523965
2718	1.0329562348
2719	1.0325615789
2720	1.0321683944
2721	1.0317766738
2722	1.0313864199
2723	1.0309976178
2724	1.0306102301
2725	1.0302242234
2726	1.0298396070
2727	1.0294564472
2728	1.0290747927
2729	1.0286946319
2730	1.0283159611
2731	1.0279387699
2732	1.0275630065
2733	1.0271886419
2734	1.0268157223
2735	1.0264443079
2736	1.0260743702
2737	1.0257057729
2738	1.0253383345
2739	1.0249718765
2740	1.0246062108
2741	1.0242411943
2742	1.0238767735
2743	1.0235128835
2744	1.0231494376
2745	1.0227864162
2746	1.0224238336
2747	1.0220616782
2748	1.0216999213
2749	1.0213385078
2750	1.0209773347
2751	1.0206162805
2752	1.0202552300
2753	1.0198941000
2754	1.0195328556
2755	1.0191714597
2756	1.0188098652
2757	1.0184480679
2758	1.0180861409
2759	1.0177242522
2760	1.0173626199
2761	1.0170014384
2762	1.0166408496
2763	1.0162809620
2764	1.0159218872
2765	1.0155636744
2766	1.0152062120
2767	1.0148492864
2768	1.0144927028
2769	1.0141362986
2770	1.0137798913
2771	1.0134233004
2772	1.0130663790
2773	1.0127089823
2774	1.0123509913
2775	1.0119923776
2776	1.0116332233
2777	1.0112736852
2778	1.0109139216
2779	1.0105540458
2780	1.0101941035
2781	1.0098340911
2782	1.0094740103
2783	1.0091138780
2784	1.0087537688
2785	1.0083938249
2786	1.0080341255
2787	1.0076746067
2788	1.0073150941
2789	1.0069553501
2790	1.0065951340
2791	1.0062342597
2792	1.0058725904
2793	1.0055100011
2794	1.0051463707
2795	1.0047816151
2796	1.0044156967
2797	1.0040485706
2798	1.0036801917
2799	1.0033105699
2800	1.0029397784
2801	1.0025679202
2802	1.0021950837
2803	1.0018213603
2804	1.0014468699
2805	1.0010717383
2806	1.0006960805
2807	1.0003199638
2808	0.9999433669
2809	0.9995662094
2810	0.9991883652
2811	0.9988096281
2812	0.9984297522
2813	0.9980485137
2814	0.9976656912
2815	0.9972810687
2816	0.9968945056
2817	0.9965059624
2818	0.9961154527
2819	0.9957230080
2820	0.9953286852
2821	0.9949325876
2822	0.9945348385
2823	0.9941355095
2824	0.9937346187
2825	0.9933321913
2826	0.9929282522
2827	0.9925227699
2828	0.9921156510
2829	0.9917067860
2830	0.9912961085
2831	0.9908836109
2832	0.9904693215
2833	0.9900532687
2834	0.9896354527
2835	0.9892158734
2836	0.9887945298
2837	0.9883713962
2838	0.9879464379
2839	0.9875196028
2840	0.9870908030
2841	0.9866599218
2842	0.9862268590
2843	0.9857915846
2844	0.9853541356
2845	0.9849145794
2846	0.9844729784
2847	0.9840293738
2848	0.9835837972
2849	0.9831362900
2850	0.9826868793
2851	0.9822355120
2852	0.9817820579
2853	0.9813263509
2854	0.9808682263
2855	0.9804075870
2856	0.9799444075
2857	0.9794787379
2858	0.9790107328
2859	0.9785405773
2860	0.9780684160
2861	0.9775943800
2862	0.9771185939
2863	0.9766411737
2864	0.9761623076
2865	0.9756822818
2866	0.9752013739
2867	0.9747197539
2868	0.9742374901
2869	0.9737546195
2870	0.9732711174
2871	0.9727868105
2872	0.9723014170
2873	0.9718146679
2874	0.9713263641
2875	0.9708363415
2876	0.9703444522
2877	0.9698506063
2878	0.9693547929
2879	0.9688570415
2880	0.9683573655
2881	0.9678557473
2882	0.9673521731
2883	0.9668466577
2884	0.9663392849
2885	0.9658302221
2886	0.9653196263
2887	0.9648076061
2888	0.9642942361
2889	0.9637795308
2890	0.9632634720
2891	0.9627460377
2892	0.9622271439
2893	0.9617065913
2894	0.9611841774
2895	0.9606598169
2896	0.9601334904
2897	0.9596052556
2898	0.9590753315
2899	0.9585440056
2900	0.9580115078
2901	0.9574780215
2902	0.9569437057
2903	0.9564086769
2904	0.9558729521
2905	0.9553364279
2906	0.9547989344
2907	0.9542602618
2908	0.9537202262
2909	0.9531787168
2910	0.9526356349
2911	0.9520908779
2912	0.9515444002
2913	0.9509962749
2914	0.9504466731
2915	0.9498957697
2916	0.9493436654
2917	0.9487903329
2918	0.9482356666
2919	0.9476796276
2920	0.9471222956
2921	0.9465637974
2922	0.9460042300
2923	0.9454436465
2924	0.9448821223
2925	0.9443197875
2926	0.9437567278
2927	0.9431929778
2928	0.9426286546
2929	0.9420639289
2930	0.9414988993
2931	0.9409335598
2932	0.9403678087
2933	0.9398015376
2934	0.9392346881
2935	0.9386671588
2936	0.9380987966
2937	0.9375295193
2938	0.9369593196
2939	0.9363882025
2940	0.9358162188
2941	0.9352434470
2942	0.9346699036
2943	0.9340955114
2944	0.9335201393
2945	0.9329436843
2946	0.9323661182
2947	0.9317874838
2948	0.9312078615
2949	0.9306272821
2950	0.9300457100
2951	0.9294630877
2952	0.9288793354
2953	0.9282943966
2954	0.9277082548
2955	0.9271208975
2956	0.9265323312
2957	0.9259425984
2958	0.9253517179
2959	0.9247596408
2960	0.9241663440
2961	0.9235718779
2962	0.9229763175
2963	0.9223797530
2964	0.9217822909
2965	0.9211840513
2966	0.9205851538
2967	0.9199856919
2968	0.9193856969
2969	0.9187851396
2970	0.9181840365
2971	0.9175825002
2972	0.9169806580
2973	0.9163786047
2974	0.9157764389
2975	0.9151743012
2976	0.9145723650
2977	0.9139707723
2978	0.9133696314
2979	0.9127690348
2980	0.9121689809
2981	0.9115693700
2982	0.9109700508
2983	0.9103708261
2984	0.9097715260
2985	0.9091720515
2986	0.9085723114
2987	0.9079721590
2988	0.9073713895
2989	0.9067698058
2990	0.9061672945
2991	0.9055638328
2992	0.9049594795
2993	0.9043543890
2994	0.9037488683
2995	0.9031433763
2996	0.9025384084
2997	0.9019344401
2998	0.9013319184
2999	0.9007311932
