0	1.2500000087
1	1.2501986261
2	1.2503967022
3	1.2505942455
4	1.2507912682
5	1.2509877849
6	1.2511838126
7	1.2513793696
8	1.2515744755
9	1.2517691507
10	1.2519634162
11	1.2521572929
12	1.2523508019
13	1.2525439637
14	1.2527367982
15	1.2529293244
16	1.2531215604
17	1.2533135229
18	1.2535052274
19	1.2536966878
20	1.2538879164
21	1.2540789237
22	1.2542697188
23	1.2544603086
24	1.2546506985
25	1.2548408919
26	1.2550308905
27	1.2552206943
28	1.2554103015
29	1.2555997087
30	1.2557889110
31	1.2559779018
32	1.2561666735
33	1.2563552169
34	1.2565435218
35	1.2567315770
36	1.2569193701
37	1.2571068882
38	1.2572941176
39	1.2574810440
40	1.2576676525
41	1.2578539282
42	1.2580398555
43	1.2582254190
44	1.2584106030
45	1.2585953921
46	1.2587797707
47	1.2589637235
48	1.2591472353
49	1.2593302913
50	1.2595128770
51	1.2596949779
52	1.2598765801
53	1.2600576701
54	1.2602382344
55	1.2604182600
56	1.2605977343
57	1.2607766445
58	1.2609549785
59	1.2611327242
60	1.2613098693
61	1.2614864022
62	1.2616623105
63	1.2618375821
64	1.2620122045
65	1.2621861659
66	1.2623594543
67	1.2625320575
68	1.2627039619
69	1.2628751524
70	1.2630456132
71	1.2632153285
72	1.2633842826
73	1.2635524597
74	1.2637198432
75	1.2638864161
76	1.2640521603
77	1.2642170550
78	1.2643810773
79	1.2645442032
80	1.2647064086
81	1.2648676688
82	1.2650279588
83	1.2651872536
84	1.2653455277
85	1.2655027551
86	1.2656589098
87	1.2658139650
88	1.2659678917
89	1.2661206594
90	1.2662722371
91	1.2664225927
92	1.2665716921
93	1.2667195000
94	1.2668659815
95	1.2670111012
96	1.2671548227
97	1.2672971101
98	1.2674379277
99	1.2675772403
100	1.2677150125
101	1.2678512097
102	1.2679857975
103	1.2681187426
104	1.2682500121
105	1.2683795734
106	1.2685073950
107	1.2686334468
108	1.2687576976
109	1.2688801167
110	1.2690006745
111	1.2691193406
112	1.2692360836
113	1.2693508735
114	1.2694636801
115	1.2695744709
116	1.2696832139
117	1.2697898763
118	1.2698944231
119	1.2699968193
120	1.2700970300
121	1.2701950180
122	1.2702907455
123	1.2703841755
124	1.2704752716
125	1.2705639990
126	1.2706503230
127	1.2707342055
128	1.2708156061
129	1.2708944877
130	1.2709708217
131	1.2710445887
132	1.2711157699
133	1.2711843370
134	1.2712502518
135	1.2713134756
136	1.2713739809
137	1.2714317547
138	1.2714867875
139	1.2715390668
140	1.2715885777
141	1.2716353024
142	1.2716792183
143	1.2717202961
144	1.2717585001
145	1.2717937990
146	1.2718261708
147	1.2718555959
148	1.2718820560
149	1.2719055362
150	1.2719260220
151	1.2719434953
152	1.2719579292
153	1.2719692881
154	1.2719775353
155	1.2719826306
156	1.2719845283
157	1.2719831864
158	1.2719785699
159	1.2719706480
160	1.2719593945
161	1.2719447876
162	1.2719268105
163	1.2719054479
164	1.2718806780
165	1.2718524770
166	1.2718208190
167	1.2717856695
168	1.2717469886
169	1.2717047351
170	1.2716588665
171	1.2716093394
172	1.2715561126
173	1.2714991511
174	1.2714384275
175	1.2713739172
176	1.2713056042
177	1.2712334804
178	1.2711575390
179	1.2710777759
180	1.2709941903
181	1.2709067798
182	1.2708155389
183	1.2707204586
184	1.2706215288
185	1.2705187352
186	1.2704120595
187	1.2703014858
188	1.2701869970
189	1.2700685749
190	1.2699462078
191	1.2698198896
192	1.2696896213
193	1.2695554128
194	1.2694172802
195	1.2692752424
196	1.2691293198
197	1.2689795422
198	1.2688259535
199	1.2686686034
200	1.2685075420
201	1.2683428072
202	1.2681744202
203	1.2680024029
204	1.2678267878
205	1.2676476128
206	1.2674649115
207	1.2672787008
208	1.2670889835
209	1.2668957552
210	1.2666990090
211	1.2664987368
212	1.2662949266
213	1.2660875742
214	1.2658766862
215	1.2656622672
216	1.2654443184
217	1.2652228357
218	1.2649978132
219	1.2647692512
220	1.2645371512
221	1.2643015177
222	1.2640623668
223	1.2638197263
224	1.2635736303
225	1.2633241092
226	1.2630711927
227	1.2628149101
228	1.2625552820
229	1.2622923244
230	1.2620260509
231	1.2617564785
232	1.2614836306
233	1.2612075268
234	1.2609281860
235	1.2606456302
236	1.2603598769
237	1.2600709379
238	1.2597788197
239	1.2594835249
240	1.2591850484
241	1.2588833755
242	1.2585784915
243	1.2582703832
244	1.2579590394
245	1.2576444513
246	1.2573266129
247	1.2570055281
248	1.2566812044
249	1.2563536501
250	1.2560228784
251	1.2556888996
252	1.2553517204
253	1.2550113482
254	1.2546677957
255	1.2543210812
256	1.2539712220
257	1.2536182357
258	1.2532621399
259	1.2529029581
260	1.2525407341
261	1.2521755364
262	1.2518074459
263	1.2514365242
264	1.2510627999
265	1.2506862931
266	1.2503070464
267	1.2499251412
268	1.2495406729
269	1.2491536972
270	1.2487642109
271	1.2483721813
272	1.2479775965
273	1.2475804796
274	1.2471808645
275	1.2467787781
276	1.2463742403
277	1.2459672730
278	1.2455578911
279	1.2451460810
280	1.2447318047
281	1.2443150288
282	1.2438957532
283	1.2434739980
284	1.2430497700
285	1.2426230621
286	1.2421938635
287	1.2417621575
288	1.2413279030
289	1.2408910328
290	1.2404514868
291	1.2400092335
292	1.2395642663
293	1.2391165866
294	1.2386662066
295	1.2382131641
296	1.2377575051
297	1.2372992571
298	1.2368384294
299	1.2363750376
300	1.2359091111
301	1.2354406734
302	1.2349697510
303	1.2344963953
304	1.2340206810
305	1.2335426844
306	1.2330624695
307	1.2325801011
308	1.2320956442
309	1.2316091413
310	1.2311206109
311	1.2306300680
312	1.2301375400
313	1.2296430521
314	1.2291466278
315	1.2286483133
316	1.2281481778
317	1.2276462912
318	1.2271427157
319	1.2266375200
320	1.2261307712
321	1.2256225100
322	1.2251127586
323	1.2246015345
324	1.2240888490
325	1.2235746951
326	1.2230590588
327	1.2225419435
328	1.2220233625
329	1.2215033266
330	1.2209818515
331	1.2204589615
332	1.2199346714
333	1.2194089773
334	1.2188818796
335	1.2183533820
336	1.2178234653
337	1.2172920885
338	1.2167592103
339	1.2162247931
340	1.2156887946
341	1.2151511830
342	1.2146119479
343	1.2140710848
344	1.2135285939
345	1.2129844883
346	1.2124387917
347	1.2118915159
348	1.2113426611
349	1.2107922375
350	1.2102402520
351	1.2096866923
352	1.2091315385
353	1.2085747756
354	1.2080163826
355	1.2074563311
356	1.2068946065
357	1.2063312061
358	1.2057661338
359	1.2051994155
360	1.2046311015
361	1.2040612511
362	1.2034899284
363	1.2029172179
364	1.2023432089
365	1.2017679763
366	1.2011915939
367	1.2006141402
368	1.2000356855
369	1.1994562866
370	1.1988760040
371	1.1982949028
372	1.1977130382
373	1.1971304682
374	1.1965472580
375	1.1959634702
376	1.1953791673
377	1.1947944226
378	1.1942093110
379	1.1936239025
380	1.1930382791
381	1.1924525253
382	1.1918667049
383	1.1912808723
384	1.1906950832
385	1.1901093825
386	1.1895237987
387	1.1889383566
388	1.1883530597
389	1.1877678743
390	1.1871827611
391	1.1865977045
392	1.1860127137
393	1.1854278055
394	1.1848429838
395	1.1842582202
396	1.1836734745
397	1.1830887527
398	1.1825041172
399	1.1819196485
400	1.1813354063
401	1.1807514025
402	1.1801676148
403	1.1795840382
404	1.1790007105
405	1.1784176698
406	1.1778349325
407	1.1772525128
408	1.1766704191
409	1.1760886391
410	1.1755071345
411	1.1749258415
412	1.1743446901
413	1.1737636460
414	1.1731827156
415	1.1726018998
416	1.1720211809
417	1.1714405444
418	1.1708599852
419	1.1702794999
420	1.1696990811
421	1.1691187290
422	1.1685384744
423	1.1679583928
424	1.1673785662
425	1.1667990496
426	1.1662198932
427	1.1656411484
428	1.1650628427
429	1.1644849742
430	1.1639075319
431	1.1633305103
432	1.1627539242
433	1.1621778037
434	1.1616021645
435	1.1610270207
436	1.1604524041
437	1.1598783335
438	1.1593047941
439	1.1587317685
440	1.1581592621
441	1.1575872901
442	1.1570158749
443	1.1564450521
444	1.1558748809
445	1.1553054429
446	1.1547368108
447	1.1541690340
448	1.1536021604
449	1.1530362399
450	1.1524712994
451	1.1519073515
452	1.1513444239
453	1.1507825505
454	1.1502217623
455	1.1496620886
456	1.1491035610
457	1.1485462222
458	1.1479901089
459	1.1474352177
460	1.1468815153
461	1.1463289730
462	1.1457775533
463	1.1452272049
464	1.1446778985
465	1.1441296228
466	1.1435823594
467	1.1430360915
468	1.1424908280
469	1.1419466042
470	1.1414034646
471	1.1408614432
472	1.1403205649
473	1.1397808612
474	1.1392423525
475	1.1387050392
476	1.1381689274
477	1.1376340351
478	1.1371003773
479	1.1365679708
480	1.1360368439
481	1.1355070189
482	1.1349785029
483	1.1344512917
484	1.1339253740
485	1.1334007359
486	1.1328773428
487	1.1323551399
488	1.1318340801
489	1.1313141182
490	1.1307951867
491	1.1302772197
492	1.1297601749
493	1.1292440133
494	1.1287287005
495	1.1282142224
496	1.1277005781
497	1.1271877688
498	1.1266757974
499	1.1261646682
500	1.1256543847
501	1.1251449447
502	1.1246363412
503	1.1241285777
504	1.1236216628
505	1.1231156005
506	1.1226104100
507	1.1221061271
508	1.1216027844
509	1.1211004139
510	1.1205990582
511	1.1200987605
512	1.1195995529
513	1.1191014618
514	1.1186045109
515	1.1181087178
516	1.1176140793
517	1.1171205773
518	1.1166281961
519	1.1161369069
520	1.1156466626
521	1.1151574193
522	1.1146691334
523	1.1141817467
524	1.1136952087
525	1.1132094848
526	1.1127245364
527	1.1122403266
528	1.1117568233
529	1.1112739911
530	1.1107917909
531	1.1103101854
532	1.1098291384
533	1.1093486065
534	1.1088685344
535	1.1083888666
536	1.1079095580
537	1.1074305616
538	1.1069518286
539	1.1064733216
540	1.1059950024
541	1.1055168284
542	1.1050387674
543	1.1045607924
544	1.1040828699
545	1.1036049640
546	1.1031270431
547	1.1026490728
548	1.1021710095
549	1.1016928001
550	1.1012143927
551	1.1007357332
552	1.1002567626
553	1.0997774274
554	1.0992976738
555	1.0988174417
556	1.0983366766
557	1.0978553279
558	1.0973733394
559	1.0968906621
560	1.0964072609
561	1.0959231047
562	1.0954381705
563	1.0949524413
564	1.0944658996
565	1.0939785287
566	1.0934903151
567	1.0930012446
568	1.0925112999
569	1.0920204632
570	1.0915287214
571	1.0910360601
572	1.0905424562
573	1.0900478884
574	1.0895523375
575	1.0890557761
576	1.0885581758
577	1.0880595125
578	1.0875597625
579	1.0870589044
580	1.0865569246
581	1.0860538156
582	1.0855495767
583	1.0850442133
584	1.0845377249
585	1.0840300991
586	1.0835213174
587	1.0830113690
588	1.0825002518
589	1.0819879617
590	1.0814744860
591	1.0809597960
592	1.0804438501
593	1.0799266178
594	1.0794080901
595	1.0788882633
596	1.0783671255
597	1.0778446442
598	1.0773207680
599	1.0767954576
600	1.0762687013
601	1.0757404995
602	1.0752108501
603	1.0746797444
604	1.0741471698
605	1.0736131130
606	1.0730775627
607	1.0725405080
608	1.0720019367
609	1.0714618382
610	1.0709202088
611	1.0703770454
612	1.0698323361
613	1.0692860663
614	1.0687382250
615	1.0681888125
616	1.0676378398
617	1.0670853168
618	1.0665312453
619	1.0659756241
620	1.0654184498
621	1.0648597100
622	1.0642993834
623	1.0637374488
624	1.0631738921
625	1.0626087060
626	1.0620418836
627	1.0614734158
628	1.0609032916
629	1.0603314991
630	1.0597580234
631	1.0591828442
632	1.0586059394
633	1.0580272871
634	1.0574468654
635	1.0568646534
636	1.0562806274
637	1.0556947591
638	1.0551070220
639	1.0545173928
640	1.0539258492
641	1.0533323733
642	1.0527369544
643	1.0521395882
644	1.0515402737
645	1.0509390121
646	1.0503358093
647	1.0497306758
648	1.0491236244
649	1.0485146717
650	1.0479038415
651	1.0472911677
652	1.0466766901
653	1.0460604489
654	1.0454424874
655	1.0448228478
656	1.0442015626
657	1.0435786536
658	1.0429541370
659	1.0423280276
660	1.0417003390
661	1.0410710802
662	1.0404402578
663	1.0398078802
664	1.0391739567
665	1.0385384982
666	1.0379015170
667	1.0372630261
668	1.0366230367
669	1.0359815575
670	1.0353385964
671	1.0346941635
672	1.0340482730
673	1.0334009389
674	1.0327521698
675	1.0321019722
676	1.0314503533
677	1.0307973101
678	1.0301428290
679	1.0294868970
680	1.0288295035
681	1.0281706411
682	1.0275103059
683	1.0268484973
684	1.0261852222
685	1.0255204909
686	1.0248543085
687	1.0241866790
688	1.0235176077
689	1.0228470934
690	1.0221751290
691	1.0215017071
692	1.0208268225
693	1.0201504678
694	1.0194726317
695	1.0187933076
696	1.0181124937
697	1.0174301860
698	1.0167463769
699	1.0160610568
700	1.0153742149
701	1.0146858324
702	1.0139958767
703	1.0133043099
704	1.0126110952
705	1.0119161939
706	1.0112195679
707	1.0105211842
708	1.0098210184
709	1.0091190562
710	1.0084152867
711	1.0077097045
712	1.0070023101
713	1.0062931016
714	1.0055820700
715	1.0048692101
716	1.0041545275
717	1.0034380330
718	1.0027197429
719	1.0019996792
720	1.0012778623
721	1.0005543132
722	0.9998290674
723	0.9991021735
724	0.9983736810
725	0.9976436277
726	0.9969120401
727	0.9961789502
728	0.9954444016
729	0.9947084466
730	0.9939711477
731	0.9932325646
732	0.9924927404
733	0.9917517142
734	0.9910095338
735	0.9902662511
736	0.9895219108
737	0.9887765462
738	0.9880301873
739	0.9872828589
740	0.9865345677
741	0.9857852997
742	0.9850350285
743	0.9842837253
744	0.9835313676
745	0.9827779407
746	0.9820234314
747	0.9812678191
748	0.9805110822
749	0.9797532120
750	0.9789942052
751	0.9782340559
752	0.9774727598
753	0.9767103186
754	0.9759467385
755	0.9751820155
756	0.9744161280
757	0.9736490471
758	0.9728807402
759	0.9721111783
760	0.9713403469
761	0.9705682389
762	0.9697948489
763	0.9690201874
764	0.9682442782
765	0.9674671345
766	0.9666887532
767	0.9659091339
768	0.9651282853
769	0.9643462142
770	0.9635629223
771	0.9627784145
772	0.9619927062
773	0.9612058133
774	0.9604177414
775	0.9596284972
776	0.9588380906
777	0.9580465365
778	0.9572538669
779	0.9564601181
780	0.9556653228
781	0.9548695288
782	0.9540727935
783	0.9532751652
784	0.9524766770
785	0.9516773537
786	0.9508772265
787	0.9500763284
788	0.9492746913
789	0.9484723639
790	0.9476694110
791	0.9468658969
792	0.9460618803
793	0.9452574157
794	0.9444525579
795	0.9436473657
796	0.9428418935
797	0.9420361789
798	0.9412302488
799	0.9404241451
800	0.9396179199
801	0.9388116073
802	0.9380052254
803	0.9371987895
804	0.9363923102
805	0.9355857774
806	0.9347791645
807	0.9339724587
808	0.9331656581
809	0.9323587586
810	0.9315517770
811	0.9307447570
812	0.9299377488
813	0.9291308070
814	0.9283239870
815	0.9275173399
816	0.9267109143
817	0.9259047512
818	0.9250988754
819	0.9242933005
820	0.9234880491
821	0.9226831527
822	0.9218786367
823	0.9210745214
824	0.9202708413
825	0.9194676451
826	0.9186649673
827	0.9178628316
828	0.9170612783
829	0.9162603524
830	0.9154600926
831	0.9146605475
832	0.9138617713
833	0.9130638213
834	0.9122667542
835	0.9114706094
836	0.9106754160
837	0.9098811927
838	0.9090879398
839	0.9082956431
840	0.9075042782
841	0.9067138221
842	0.9059242536
843	0.9051355447
844	0.9043476876
845	0.9035607037
846	0.9027746102
847	0.9019894212
848	0.9012051715
849	0.9004219106
850	0.8996396807
851	0.8988585238
852	0.8980784950
853	0.8972996403
854	0.8965219866
855	0.8957455587
856	0.8949703987
857	0.8941965663
858	0.8934241250
859	0.8926531346
860	0.8918836482
861	0.8911157129
862	0.8903493792
863	0.8895846895
864	0.8888216750
865	0.8880603732
866	0.8873008087
867	0.8865429866
868	0.8857869260
869	0.8850326578
870	0.8842802053
871	0.8835295905
872	0.8827808456
873	0.8820339962
874	0.8812890409
875	0.8805459557
876	0.8798047044
877	0.8790652310
878	0.8783274650
879	0.8775913442
880	0.8768568153
881	0.8761238210
882	0.8753923077
883	0.8746622367
884	0.8739335763
885	0.8732063012
886	0.8724803872
887	0.8717558173
888	0.8710325993
889	0.8703107409
890	0.8695902357
891	0.8688710851
892	0.8681532895
893	0.8674368318
894	0.8667216867
895	0.8660078330
896	0.8652952506
897	0.8645839065
898	0.8638737694
899	0.8631648247
900	0.8624570464
901	0.8617504021
902	0.8610448729
903	0.8603404411
904	0.8596370895
905	0.8589348141
906	0.8582336283
907	0.8575335560
908	0.8568346241
909	0.8561368572
910	0.8554402849
911	0.8547449599
912	0.8540509617
913	0.8533583851
914	0.8526673246
915	0.8519778552
916	0.8512900281
917	0.8506038970
918	0.8499195367
919	0.8492370224
920	0.8485563878
921	0.8478776197
922	0.8472006737
923	0.8465254985
924	0.8458520960
925	0.8451805292
926	0.8445108495
927	0.8438430610
928	0.8431771400
929	0.8425130630
930	0.8418508308
931	0.8411904702
932	0.8405320103
933	0.8398754531
934	0.8392207708
935	0.8385679361
936	0.8379169298
937	0.8372677270
938	0.8366202972
939	0.8359746248
940	0.8353307205
941	0.8346886009
942	0.8340482574
943	0.8334096489
944	0.8327727259
945	0.8321374514
946	0.8315038170
947	0.8308718433
948	0.8302415341
949	0.8296128698
950	0.8289858417
951	0.8283604420
952	0.8277366431
953	0.8271144141
954	0.8264937421
955	0.8258746426
956	0.8252571496
957	0.8246412945
958	0.8240270829
959	0.8234144884
960	0.8228034882
961	0.8221940671
962	0.8215861953
963	0.8209798425
964	0.8203749893
965	0.8197716265
966	0.8191697427
967	0.8185692988
968	0.8179702312
969	0.8173724797
970	0.8167759969
971	0.8161807456
972	0.8155866993
973	0.8149938444
974	0.8144021858
975	0.8138117484
976	0.8132225574
977	0.8126346204
978	0.8120479559
979	0.8114626162
980	0.8108786685
981	0.8102961754
982	0.8097152045
983	0.8091358284
984	0.8085580993
985	0.8079820476
986	0.8074076859
987	0.8068350104
988	0.8062640295
989	0.8056947695
990	0.8051272511
991	0.8045615003
992	0.8039975641
993	0.8034354988
994	0.8028753400
995	0.8023170864
996	0.8017607229
997	0.8012062368
998	0.8006536109
999	0.8001028236
1000	0.7995538608
1001	0.7990067252
1002	0.7984614294
1003	0.7979179818
1004	0.7973763751
1005	0.7968365908
1006	0.7962986141
1007	0.7957624377
1008	0.7952280478
1009	0.7946954320
1010	0.7941646066
1011	0.7936355962
1012	0.7931084012
1013	0.7925830163
1014	0.7920594361
1015	0.7915376371
1016	0.7910175832
1017	0.7904992261
1018	0.7899825161
1019	0.7894674205
1020	0.7889539139
1021	0.7884419649
1022	0.7879315419
1023	0.7874226303
1024	0.7869152207
1025	0.7864092818
1026	0.7859047771
1027	0.7854016842
1028	0.7848999891
1029	0.7843996846
1030	0.7839007690
1031	0.7834032627
1032	0.7829072095
1033	0.7824126421
1034	0.7819195816
1035	0.7814280483
1036	0.7809380562
1037	0.7804496116
1038	0.7799627097
1039	0.7794773325
1040	0.7789934654
1041	0.7785111123
1042	0.7780302858
1043	0.7775510074
1044	0.7770733133
1045	0.7765972200
1046	0.7761226990
1047	0.7756497083
1048	0.7751782262
1049	0.7747082443
1050	0.7742397522
1051	0.7737727346
1052	0.7733071639
1053	0.7728430133
1054	0.7723802846
1055	0.7719190038
1056	0.7714592070
1057	0.7710009137
1058	0.7705440924
1059	0.7700886784
1060	0.7696346183
1061	0.7691818859
1062	0.7687304593
1063	0.7682803011
1064	0.7678313742
1065	0.7673836546
1066	0.7669371155
1067	0.7664917231
1068	0.7660474462
1069	0.7656042550
1070	0.7651621169
1071	0.7647210003
1072	0.7642808706
1073	0.7638416736
1074	0.7634033361
1075	0.7629657861
1076	0.7625289748
1077	0.7620928809
1078	0.7616574895
1079	0.7612227726
1080	0.7607887044
1081	0.7603552783
1082	0.7599224818
1083	0.7594902938
1084	0.7590587135
1085	0.7586277580
1086	0.7581974615
1087	0.7577678725
1088	0.7573390357
1089	0.7569109862
1090	0.7564837546
1091	0.7560573766
1092	0.7556318883
1093	0.7552073086
1094	0.7547836371
1095	0.7543608604
1096	0.7539389632
1097	0.7535179186
1098	0.7530976707
1099	0.7526781623
1100	0.7522593596
1101	0.7518412510
1102	0.7514238288
1103	0.7510070742
1104	0.7505909726
1105	0.7501755124
1106	0.7497606574
1107	0.7493463546
1108	0.7489325481
1109	0.7485191760
1110	0.7481061837
1111	0.7476935398
1112	0.7472812269
1113	0.7468692380
1114	0.7464575798
1115	0.7460462614
1116	0.7456352849
1117	0.7452246443
1118	0.7448143299
1119	0.7444043494
1120	0.7439947247
1121	0.7435854551
1122	0.7431765087
1123	0.7427678582
1124	0.7423594931
1125	0.7419513987
1126	0.7415435662
1127	0.7411360054
1128	0.7407287346
1129	0.7403217778
1130	0.7399151635
1131	0.7395089259
1132	0.7391031033
1133	0.7386977287
1134	0.7382928279
1135	0.7378884180
1136	0.7374845113
1137	0.7370811273
1138	0.7366782941
1139	0.7362760461
1140	0.7358744265
1141	0.7354734894
1142	0.7350732943
1143	0.7346738844
1144	0.7342752725
1145	0.7338774622
1146	0.7334804708
1147	0.7330843112
1148	0.7326889793
1149	0.7322944781
1150	0.7319008239
1151	0.7315080243
1152	0.7311160727
1153	0.7307249612
1154	0.7303346810
1155	0.7299452317
1156	0.7295566245
1157	0.7291688688
1158	0.7287819759
1159	0.7283959574
1160	0.7280108094
1161	0.7276265178
1162	0.7272430545
1163	0.7268603767
1164	0.7264784429
1165	0.7260972099
1166	0.7257166289
1167	0.7253366550
1168	0.7249572599
1169	0.7245784228
1170	0.7242001212
1171	0.7238223490
1172	0.7234451176
1173	0.7230684335
1174	0.7226922945
1175	0.7223167058
1176	0.7219416886
1177	0.7215672559
1178	0.7211934084
1179	0.7208201645
1180	0.7204475637
1181	0.7200756572
1182	0.7197045060
1183	0.7193341757
1184	0.7189647366
1185	0.7185962484
1186	0.7182287493
1187	0.7178622767
1188	0.7174968767
1189	0.7171325878
1190	0.7167694450
1191	0.7164074813
1192	0.7160467201
1193	0.7156871943
1194	0.7153289449
1195	0.7149719955
1196	0.7146163675
1197	0.7142621078
1198	0.7139092743
1199	0.7135579264
1200	0.7132081438
1201	0.7128600228
1202	0.7125136567
1203	0.7121691362
1204	0.7118265466
1205	0.7114859612
1206	0.7111474288
1207	0.7108109666
1208	0.7104765899
1209	0.7101443206
1210	0.7098141705
1211	0.7094861538
1212	0.7091603027
1213	0.7088366656
1214	0.7085152950
1215	0.7081962505
1216	0.7078796035
1217	0.7075654270
1218	0.7072537937
1219	0.7069447820
1220	0.7066384627
1221	0.7063348931
1222	0.7060341247
1223	0.7057361921
1224	0.7054411115
1225	0.7051489076
1226	0.7048596093
1227	0.7045732275
1228	0.7042897724
1229	0.7040092756
1230	0.7037317756
1231	0.7034572982
1232	0.7031858659
1233	0.7029175092
1234	0.7026522548
1235	0.7023901093
1236	0.7021310761
1237	0.7018752045
1238	0.7016225658
1239	0.7013732036
1240	0.7011271515
1241	0.7008844324
1242	0.7006450560
1243	0.7004090576
1244	0.7001765071
1245	0.6999474773
1246	0.6997220036
1247	0.6995000912
1248	0.6992817614
1249	0.6990670822
1250	0.6988561714
1251	0.6986491528
1252	0.6984461021
1253	0.6982470330
1254	0.6980519289
1255	0.6978608023
1256	0.6976737110
1257	0.6974907318
1258	0.6973119108
1259	0.6971372374
1260	0.6969666960
1261	0.6968003159
1262	0.6966381687
1263	0.6964803455
1264	0.6963269378
1265	0.6961780422
1266	0.6960337525
1267	0.6958941307
1268	0.6957592133
1269	0.6956290156
1270	0.6955035283
1271	0.6953827752
1272	0.6952668360
1273	0.6951557637
1274	0.6950495504
1275	0.6949481701
1276	0.6948516046
1277	0.6947598595
1278	0.6946729690
1279	0.6945909784
1280	0.6945139378
1281	0.6944419067
1282	0.6943749509
1283	0.6943131359
1284	0.6942565219
1285	0.6942051575
1286	0.6941591140
1287	0.6941185086
1288	0.6940834585
1289	0.6940540401
1290	0.6940302729
1291	0.6940121437
1292	0.6939996555
1293	0.6939928126
1294	0.6939915907
1295	0.6939959707
1296	0.6940059640
1297	0.6940215806
1298	0.6940427920
1299	0.6940695359
1300	0.6941017303
1301	0.6941392905
1302	0.6941821750
1303	0.6942303887
1304	0.6942839344
1305	0.6943428146
1306	0.6944070647
1307	0.6944767159
1308	0.6945517421
1309	0.6946320699
1310	0.6947176250
1311	0.6948083565
1312	0.6949042176
1313	0.6950051560
1314	0.6951111211
1315	0.6952220577
1316	0.6953379113
1317	0.6954586380
1318	0.6955841953
1319	0.6957145370
1320	0.6958496577
1321	0.6959895978
1322	0.6961343876
1323	0.6962840461
1324	0.6964385877
1325	0.6965980116
1326	0.6967623123
1327	0.6969314583
1328	0.6971054027
1329	0.6972841336
1330	0.6974676753
1331	0.6976560636
1332	0.6978493274
1333	0.6980474998
1334	0.6982506212
1335	0.6984587243
1336	0.6986718322
1337	0.6988899620
1338	0.6991131447
1339	0.6993414487
1340	0.6995749719
1341	0.6998138011
1342	0.7000579917
1343	0.7003076038
1344	0.7005627000
1345	0.7008232938
1346	0.7010893608
1347	0.7013608916
1348	0.7016379020
1349	0.7019203977
1350	0.7022083625
1351	0.7025017809
1352	0.7028006220
1353	0.7031048259
1354	0.7034143177
1355	0.7037290095
1356	0.7040488229
1357	0.7043737277
1358	0.7047037172
1359	0.7050387906
1360	0.7053789773
1361	0.7057243248
1362	0.7060748814
1363	0.7064306794
1364	0.7067917122
1365	0.7071579578
1366	0.7075294012
1367	0.7079060195
1368	0.7082877948
1369	0.7086747460
1370	0.7090669149
1371	0.7094643192
1372	0.7098669402
1373	0.7102747564
1374	0.7106877772
1375	0.7111060181
1376	0.7115294615
1377	0.7119580691
1378	0.7123917892
1379	0.7128305822
1380	0.7132744687
1381	0.7137234996
1382	0.7141777130
1383	0.7146371317
1384	0.7151017387
1385	0.7155714650
1386	0.7160462510
1387	0.7165260950
1388	0.7170110059
1389	0.7175009505
1390	0.7179958802
1391	0.7184957710
1392	0.7190006166
1393	0.7195104171
1394	0.7200251717
1395	0.7205448769
1396	0.7210695428
1397	0.7215991947
1398	0.7221338620
1399	0.7226735751
1400	0.7232183731
1401	0.7237683184
1402	0.7243234813
1403	0.7248839289
1404	0.7254497154
1405	0.7260208410
1406	0.7265972451
1407	0.7271788607
1408	0.7277656565
1409	0.7283576197
1410	0.7289547347
1411	0.7295569936
1412	0.7301644078
1413	0.7307770085
1414	0.7313947899
1415	0.7320176888
1416	0.7326456470
1417	0.7332786089
1418	0.7339165037
1419	0.7345592660
1420	0.7352068304
1421	0.7358591269
1422	0.7365160939
1423	0.7371776916
1424	0.7378439000
1425	0.7385147029
1426	0.7391900893
1427	0.7398700481
1428	0.7405545630
1429	0.7412436088
1430	0.7419371355
1431	0.7426350618
1432	0.7433373131
1433	0.7440438669
1434	0.7447547152
1435	0.7454698238
1436	0.7461891635
1437	0.7469127322
1438	0.7476405319
1439	0.7483725468
1440	0.7491087569
1441	0.7498491633
1442	0.7505937917
1443	0.7513426865
1444	0.7520959097
1445	0.7528535493
1446	0.7536157250
1447	0.7543825579
1448	0.7551541440
1449	0.7559305653
1450	0.7567118892
1451	0.7574981760
1452	0.7582894923
1453	0.7590858729
1454	0.7598873031
1455	0.7606937377
1456	0.7615051098
1457	0.7623213702
1458	0.7631424939
1459	0.7639684391
1460	0.7647991562
1461	0.7656346177
1462	0.7664747940
1463	0.7673196103
1464	0.7681689612
1465	0.7690227488
1466	0.7698808833
1467	0.7707432624
1468	0.7716097905
1469	0.7724804089
1470	0.7733550753
1471	0.7742337576
1472	0.7751164451
1473	0.7760031233
1474	0.7768937774
1475	0.7777883938
1476	0.7786869240
1477	0.7795892979
1478	0.7804954567
1479	0.7814053436
1480	0.7823189050
1481	0.7832361042
1482	0.7841569042
1483	0.7850812514
1484	0.7860090932
1485	0.7869403796
1486	0.7878750319
1487	0.7888129461
1488	0.7897540420
1489	0.7906982675
1490	0.7916455641
1491	0.7925958586
1492	0.7935490870
1493	0.7945052065
1494	0.7954641689
1495	0.7964259156
1496	0.7973904016
1497	0.7983576076
1498	0.7993275244
1499	0.8003001231
1500	0.8012753608
1501	0.8022531980
1502	0.8032335951
1503	0.8042165100
1504	0.8052019050
1505	0.8061897536
1506	0.8071800406
1507	0.8081727618
1508	0.8091679221
1509	0.8101655386
1510	0.8111656391
1511	0.8121682233
1512	0.8131732642
1513	0.8141807341
1514	0.8151905839
1515	0.8162027614
1516	0.8172172275
1517	0.8182339264
1518	0.8192527843
1519	0.8202737331
1520	0.8212967192
1521	0.8223216901
1522	0.8233485949
1523	0.8243773988
1524	0.8254080700
1525	0.8264405529
1526	0.8274747679
1527	0.8285106264
1528	0.8295480342
1529	0.8305868875
1530	0.8316270746
1531	0.8326684899
1532	0.8337110484
1533	0.8347546690
1534	0.8357992580
1535	0.8368447320
1536	0.8378910338
1537	0.8389381226
1538	0.8399859703
1539	0.8410345662
1540	0.8420839152
1541	0.8431340275
1542	0.8441849120
1543	0.8452365736
1544	0.8462890099
1545	0.8473422146
1546	0.8483961820
1547	0.8494509052
1548	0.8505063760
1549	0.8515625878
1550	0.8526195460
1551	0.8536772641
1552	0.8547357460
1553	0.8557950006
1554	0.8568550366
1555	0.8579158341
1556	0.8589773561
1557	0.8600395689
1558	0.8611024393
1559	0.8621659321
1560	0.8632300106
1561	0.8642946453
1562	0.8653598197
1563	0.8664255239
1564	0.8674917479
1565	0.8685584871
1566	0.8696257348
1567	0.8706934616
1568	0.8717616201
1569	0.8728301792
1570	0.8738991395
1571	0.8749685054
1572	0.8760382712
1573	0.8771084272
1574	0.8781789453
1575	0.8792497941
1576	0.8803209802
1577	0.8813925413
1578	0.8824645147
1579	0.8835369185
1580	0.8846097447
1581	0.8856829795
1582	0.8867566278
1583	0.8878307042
1584	0.8889052128
1585	0.8899801318
1586	0.8910554181
1587	0.8921310255
1588	0.8932069243
1589	0.8942831074
1590	0.8953595792
1591	0.8964363437
1592	0.8975133995
1593	0.8985907409
1594	0.8996683670
1595	0.9007462798
1596	0.9018244782
1597	0.9029029615
1598	0.9039817436
1599	0.9050608497
1600	0.9061402881
1601	0.9072200394
1602	0.9083000714
1603	0.9093803570
1604	0.9104608782
1605	0.9115416209
1606	0.9126225734
1607	0.9137037164
1608	0.9147850170
1609	0.9158664411
1610	0.9169479609
1611	0.9180295444
1612	0.9191111507
1613	0.9201927455
1614	0.9212743023
1615	0.9223557917
1616	0.9234371808
1617	0.9245184297
1618	0.9255995027
1619	0.9266803819
1620	0.9277610629
1621	0.9288415496
1622	0.9299218504
1623	0.9310019747
1624	0.9320819341
1625	0.9331617402
1626	0.9342414005
1627	0.9353209208
1628	0.9364003101
1629	0.9374795822
1630	0.9385587529
1631	0.9396378349
1632	0.9407168362
1633	0.9417957653
1634	0.9428746394
1635	0.9439534826
1636	0.9450323132
1637	0.9461111469
1638	0.9471900074
1639	0.9482689197
1640	0.9493478986
1641	0.9504269515
1642	0.9515060859
1643	0.9525853130
1644	0.9536646487
1645	0.9547441116
1646	0.9558237175
1647	0.9569034707
1648	0.9579833687
1649	0.9590634078
1650	0.9601435789
1651	0.9612238664
1652	0.9623042593
1653	0.9633847579
1654	0.9644653657
1655	0.9655460795
1656	0.9666268916
1657	0.9677077914
1658	0.9687887647
1659	0.9698697911
1660	0.9709508447
1661	0.9720319039
1662	0.9731129521
1663	0.9741939756
1664	0.9752749651
1665	0.9763559123
1666	0.9774368102
1667	0.9785176568
1668	0.9795984523
1669	0.9806791949
1670	0.9817598865
1671	0.9828405344
1672	0.9839211485
1673	0.9850017387
1674	0.9860823112
1675	0.9871628671
1676	0.9882434060
1677	0.9893239273
1678	0.9904044246
1679	0.9914848864
1680	0.9925653062
1681	0.9936456828
1682	0.9947260127
1683	0.9958062910
1684	0.9968865131
1685	0.9979666771
1686	0.9990467856
1687	1.0001268432
1688	1.0012068585
1689	1.0022868450
1690	1.0033668155
1691	1.0044467806
1692	1.0055267471
1693	1.0066067180
1694	1.0076866982
1695	1.0087666946
1696	1.0098467124
1697	1.0109267552
1698	1.0120068331
1699	1.0130869638
1700	1.0141671625
1701	1.0152474373
1702	1.0163277908
1703	1.0174082218
1704	1.0184887235
1705	1.0195692913
1706	1.0206499293
1707	1.0217306449
1708	1.0228114399
1709	1.0238923063
1710	1.0249732324
1711	1.0260542112
1712	1.0271352431
1713	1.0282163285
1714	1.0292974578
1715	1.0303786176
1716	1.0314597978
1717	1.0325409923
1718	1.0336221982
1719	1.0347034132
1720	1.0357846321
1721	1.0368658462
1722	1.0379470448
1723	1.0390282140
1724	1.0401093388
1725	1.0411904104
1726	1.0422714206
1727	1.0433523602
1728	1.0444332248
1729	1.0455140132
1730	1.0465947229
1731	1.0476753454
1732	1.0487558702
1733	1.0498362970
1734	1.0509166310
1735	1.0519968738
1736	1.0530770289
1737	1.0541571050
1738	1.0552371147
1739	1.0563170736
1740	1.0573969966
1741	1.0584768898
1742	1.0595567519
1743	1.0606365804
1744	1.0617163700
1745	1.0627961096
1746	1.0638757908
1747	1.0649554157
1748	1.0660349933
1749	1.0671145387
1750	1.0681940728
1751	1.0692736160
1752	1.0703531823
1753	1.0714327807
1754	1.0725124213
1755	1.0735921142
1756	1.0746718641
1757	1.0757516743
1758	1.0768315520
1759	1.0779115046
1760	1.0789915308
1761	1.0800716166
1762	1.0811517431
1763	1.0822318946
1764	1.0833120574
1765	1.0843922148
1766	1.0854723479
1767	1.0865524408
1768	1.0876324825
1769	1.0887124635
1770	1.0897923743
1771	1.0908722053
1772	1.0919519483
1773	1.0930315943
1774	1.0941111355
1775	1.0951905687
1776	1.0962698892
1777	1.0973490914
1778	1.0984281672
1779	1.0995070999
1780	1.1005858710
1781	1.1016644631
1782	1.1027428527
1783	1.1038210184
1784	1.1048989433
1785	1.1059766016
1786	1.1070539648
1787	1.1081310228
1788	1.1092077861
1789	1.1102842710
1790	1.1113604926
1791	1.1124364703
1792	1.1135122262
1793	1.1145877756
1794	1.1156631199
1795	1.1167382531
1796	1.1178131760
1797	1.1188878974
1798	1.1199624256
1799	1.1210367668
1800	1.1221109247
1801	1.1231849049
1802	1.1242587219
1803	1.1253323823
1804	1.1264058864
1805	1.1274792445
1806	1.1285524609
1807	1.1296255281
1808	1.1306984369
1809	1.1317711775
1810	1.1328437364
1811	1.1339160997
1812	1.1349882589
1813	1.1360602066
1814	1.1371319319
1815	1.1382034211
1816	1.1392746595
1817	1.1403456298
1818	1.1414163055
1819	1.1424866522
1820	1.1435566339
1821	1.1446262150
1822	1.1456953500
1823	1.1467639824
1824	1.1478320658
1825	1.1488995700
1826	1.1499664732
1827	1.1510327613
1828	1.1520984339
1829	1.1531634969
1830	1.1542279474
1831	1.1552917699
1832	1.1563549394
1833	1.1574174338
1834	1.1584792477
1835	1.1595403801
1836	1.1606008213
1837	1.1616605642
1838	1.1627196104
1839	1.1637779548
1840	1.1648355793
1841	1.1658924629
1842	1.1669485780
1843	1.1680038876
1844	1.1690583527
1845	1.1701119451
1846	1.1711646466
1847	1.1722164362
1848	1.1732672983
1849	1.1743172239
1850	1.1753661854
1851	1.1764141480
1852	1.1774610915
1853	1.1785069887
1854	1.1795517969
1855	1.1805954685
1856	1.1816379511
1857	1.1826791894
1858	1.1837191249
1859	1.1847577001
1860	1.1857948758
1861	1.1868306394
1862	1.1878649886
1863	1.1888979152
1864	1.1899294074
1865	1.1909594536
1866	1.1919880294
1867	1.1930150927
1868	1.1940406045
1869	1.1950645406
1870	1.1960868815
1871	1.1971076010
1872	1.1981266707
1873	1.1991440731
1874	1.2001597897
1875	1.2011737918
1876	1.2021860527
1877	1.2031965544
1878	1.2042052838
1879	1.2052122169
1880	1.2062173161
1881	1.2072205446
1882	1.2082218683
1883	1.2092212530
1884	1.2102186655
1885	1.2112140759
1886	1.2122074559
1887	1.2131987796
1888	1.2141880322
1889	1.2151752057
1890	1.2161602864
1891	1.2171432556
1892	1.2181240917
1893	1.2191027700
1894	1.2200792741
1895	1.2210536085
1896	1.2220257826
1897	1.2229957858
1898	1.2239635882
1899	1.2249291481
1900	1.2258924247
1901	1.2268533940
1902	1.2278120249
1903	1.2287682513
1904	1.2297219859
1905	1.2306731284
1906	1.2316215804
1907	1.2325672818
1908	1.2335102128
1909	1.2344503535
1910	1.2353876534
1911	1.2363220427
1912	1.2372534629
1913	1.2381818759
1914	1.2391072503
1915	1.2400295555
1916	1.2409487549
1917	1.2418648009
1918	1.2427776474
1919	1.2436872613
1920	1.2445936158
1921	1.2454966749
1922	1.2463963988
1923	1.2472927517
1924	1.2481857023
1925	1.2490752312
1926	1.2499613166
1927	1.2508439369
1928	1.2517230948
1929	1.2525988093
1930	1.2534710977
1931	1.2543399599
1932	1.2552053653
1933	1.2560672667
1934	1.2569256242
1935	1.2577804093
1936	1.2586315988
1937	1.2594791695
1938	1.2603230883
1939	1.2611633114
1940	1.2619997875
1941	1.2628324558
1942	1.2636612483
1943	1.2644860959
1944	1.2653069341
1945	1.2661237064
1946	1.2669363631
1947	1.2677448403
1948	1.2685490416
1949	1.2693488608
1950	1.2701442116
1951	1.2709350159
1952	1.2717211920
1953	1.2725026693
1954	1.2732793960
1955	1.2740513238
1956	1.2748184058
1957	1.2755806025
1958	1.2763378730
1959	1.2770901719
1960	1.2778374564
1961	1.2785796841
1962	1.2793168082
1963	1.2800487790
1964	1.2807755507
1965	1.2814970891
1966	1.2822133707
1967	1.2829243774
1968	1.2836300994
1969	1.2843305468
1970	1.2850257485
1971	1.2857157370
1972	1.2864005347
1973	1.2870801582
1974	1.2877546288
1975	1.2884239762
1976	1.2890882419
1977	1.2897474724
1978	1.2904017079
1979	1.2910509907
1980	1.2916953658
1981	1.2923348732
1982	1.2929695532
1983	1.2935994479
1984	1.2942245983
1985	1.2948450421
1986	1.2954608047
1987	1.2960718979
1988	1.2966783277
1989	1.2972800995
1990	1.2978772228
1991	1.2984697117
1992	1.2990575803
1993	1.2996408465
1994	1.3002195315
1995	1.3007936528
1996	1.3013632196
1997	1.3019282375
1998	1.3024887192
1999	1.3030446803
2000	1.3035961302
2001	1.3041430694
2002	1.3046854954
2003	1.3052234073
2004	1.3057567990
2005	1.3062856567
2006	1.3068099653
2007	1.3073297093
2008	1.3078448774
2009	1.3083554655
2010	1.3088614740
2011	1.3093629033
2012	1.3098597547
2013	1.3103520330
2014	1.3108397395
2015	1.3113228554
2016	1.3118013381
2017	1.3122751362
2018	1.3127442031
2019	1.3132084932
2020	1.3136679611
2021	1.3141225721
2022	1.3145723025
2023	1.3150171317
2024	1.3154570397
2025	1.3158920061
2026	1.3163220093
2027	1.3167470292
2028	1.3171670485
2029	1.3175820485
2030	1.3179920192
2031	1.3183969661
2032	1.3187968987
2033	1.3191918240
2034	1.3195817450
2035	1.3199666637
2036	1.3203465881
2037	1.3207215379
2038	1.3210915418
2039	1.3214566289
2040	1.3218168213
2041	1.3221721355
2042	1.3225225895
2043	1.3228682053
2044	1.3232090103
2045	1.3235450341
2046	1.3238762984
2047	1.3242028151
2048	1.3245245904
2049	1.3248416320
2050	1.3251539482
2051	1.3254615409
2052	1.3257644108
2053	1.3260625685
2054	1.3263560347
2055	1.3266448273
2056	1.3269289586
2057	1.3272084422
2058	1.3274832891
2059	1.3277535033
2060	1.3280190828
2061	1.3282800209
2062	1.3285363081
2063	1.3287879357
2064	1.3290348983
2065	1.3292771947
2066	1.3295148235
2067	1.3297477796
2068	1.3299760523
2069	1.3301996214
2070	1.3304184615
2071	1.3306325504
2072	1.3308418643
2073	1.3310463708
2074	1.3312460354
2075	1.3314408246
2076	1.3316307013
2077	1.3318156230
2078	1.3319955489
2079	1.3321704441
2080	1.3323402847
2081	1.3325050591
2082	1.3326647623
2083	1.3328193911
2084	1.3329689411
2085	1.3331134042
2086	1.3332527711
2087	1.3333870355
2088	1.3335161955
2089	1.3336402522
2090	1.3337592081
2091	1.3338730650
2092	1.3339818200
2093	1.3340854679
2094	1.3341840090
2095	1.3342774505
2096	1.3343657986
2097	1.3344490493
2098	1.3345271911
2099	1.3346002166
2100	1.3346681248
2101	1.3347309170
2102	1.3347885971
2103	1.3348411689
2104	1.3348886356
2105	1.3349310126
2106	1.3349683352
2107	1.3350006514
2108	1.3350280137
2109	1.3350504762
2110	1.3350680920
2111	1.3350809126
2112	1.3350889931
2113	1.3350923935
2114	1.3350911740
2115	1.3350853907
2116	1.3350750912
2117	1.3350603165
2118	1.3350411073
2119	1.3350175012
2120	1.3349895316
2121	1.3349572300
2122	1.3349206263
2123	1.3348797506
2124	1.3348346274
2125	1.3347852655
2126	1.3347316671
2127	1.3346738369
2128	1.3346117811
2129	1.3345455061
2130	1.3344750124
2131	1.3344002889
2132	1.3343213165
2133	1.3342380731
2134	1.3341505401
2135	1.3340587061
2136	1.3339625656
2137	1.3338621139
2138	1.3337573484
2139	1.3336482685
2140	1.3335348643
2141	1.3334171120
2142	1.3332949838
2143	1.3331684601
2144	1.3330375293
2145	1.3329021811
2146	1.3327624041
2147	1.3326181883
2148	1.3324695289
2149	1.3323164256
2150	1.3321588763
2151	1.3319968855
2152	1.3318304701
2153	1.3316596505
2154	1.3314844484
2155	1.3313048955
2156	1.3311210361
2157	1.3309329167
2158	1.3307405836
2159	1.3305440833
2160	1.3303434554
2161	1.3301387281
2162	1.3299299197
2163	1.3297170415
2164	1.3295001040
2165	1.3292791245
2166	1.3290541263
2167	1.3288251410
2168	1.3285922182
2169	1.3283554216
2170	1.3281148170
2171	1.3278704643
2172	1.3276224171
2173	1.3273707307
2174	1.3271154678
2175	1.3268566974
2176	1.3265944965
2177	1.3263289453
2178	1.3260601148
2179	1.3257880776
2180	1.3255129155
2181	1.3252347057
2182	1.3249535146
2183	1.3246694063
2184	1.3243824550
2185	1.3240927324
2186	1.3238002954
2187	1.3235051973
2188	1.3232074956
2189	1.3229072486
2190	1.3226045198
2191	1.3222993814
2192	1.3219919157
2193	1.3216822136
2194	1.3213703648
2195	1.3210564453
2196	1.3207405191
2197	1.3204226452
2198	1.3201028730
2199	1.3197812412
2200	1.3194577854
2201	1.3191325473
2202	1.3188055757
2203	1.3184769160
2204	1.3181466075
2205	1.3178146857
2206	1.3174811797
2207	1.3171461193
2208	1.3168095325
2209	1.3164714334
2210	1.3161318292
2211	1.3157907245
2212	1.3154481171
2213	1.3151040099
2214	1.3147584087
2215	1.3144113127
2216	1.3140627230
2217	1.3137126530
2218	1.3133611311
2219	1.3130081992
2220	1.3126539096
2221	1.3122983229
2222	1.3119414947
2223	1.3115834708
2224	1.3112242976
2225	1.3108640392
2226	1.3105027740
2227	1.3101405757
2228	1.3097775089
2229	1.3094136251
2230	1.3090489581
2231	1.3086835420
2232	1.3083174288
2233	1.3079506677
2234	1.3075832757
2235	1.3072152422
2236	1.3068465484
2237	1.3064771935
2238	1.3061072089
2239	1.3057366379
2240	1.3053655083
2241	1.3049938386
2242	1.3046216491
2243	1.3042489557
2244	1.3038757782
2245	1.3035021510
2246	1.3031281011
2247	1.3027536301
2248	1.3023787258
2249	1.3020033800
2250	1.3016275878
2251	1.3012513369
2252	1.3008746152
2253	1.3004974299
2254	1.3001198074
2255	1.2997417760
2256	1.2993633573
2257	1.2989845695
2258	1.2986054316
2259	1.2982259729
2260	1.2978462446
2261	1.2974663030
2262	1.2970861913
2263	1.2967059473
2264	1.2963256109
2265	1.2959452317
2266	1.2955648717
2267	1.2951845858
2268	1.2948044164
2269	1.2944243887
2270	1.2940445031
2271	1.2936647487
2272	1.2932851083
2273	1.2929055565
2274	1.2925260738
2275	1.2921466627
2276	1.2917673513
2277	1.2913881740
2278	1.2910091391
2279	1.2906302336
2280	1.2902514492
2281	1.2898727922
2282	1.2894942704
2283	1.2891158886
2284	1.2887376539
2285	1.2883595752
2286	1.2879816577
2287	1.2876038868
2288	1.2872262272
2289	1.2868486384
2290	1.2864710799
2291	1.2860935154
2292	1.2857159158
2293	1.2853382537
2294	1.2849604876
2295	1.2845825679
2296	1.2842044632
2297	1.2838261501
2298	1.2834475918
2299	1.2830687496
2300	1.2826895998
2301	1.2823101268
2302	1.2819303156
2303	1.2815501505
2304	1.2811696105
2305	1.2807886787
2306	1.2804073511
2307	1.2800256322
2308	1.2796435273
2309	1.2792610398
2310	1.2788781717
2311	1.2784949240
2312	1.2781112964
2313	1.2777272860
2314	1.2773428960
2315	1.2769581380
2316	1.2765730309
2317	1.2761875984
2318	1.2758018512
2319	1.2754157784
2320	1.2750293626
2321	1.2746425910
2322	1.2742554458
2323	1.2738679108
2324	1.2734799797
2325	1.2730916492
2326	1.2727029245
2327	1.2723138162
2328	1.2719243216
2329	1.2715344381
2330	1.2711441811
2331	1.2707535807
2332	1.2703626658
2333	1.2699714598
2334	1.2695799943
2335	1.2691883026
2336	1.2687964055
2337	1.2684043147
2338	1.2680120373
2339	1.2676195845
2340	1.2672269734
2341	1.2668342165
2342	1.2664413246
2343	1.2660483129
2344	1.2656551965
2345	1.2652619949
2346	1.2648687354
2347	1.2644754349
2348	1.2640820923
2349	1.2636887068
2350	1.2632952885
2351	1.2629018396
2352	1.2625083385
2353	1.2621147457
2354	1.2617210166
2355	1.2613270973
2356	1.2609329227
2357	1.2605384325
2358	1.2601435816
2359	1.2597483386
2360	1.2593526784
2361	1.2589565699
2362	1.2585599845
2363	1.2581629045
2364	1.2577653067
2365	1.2573671571
2366	1.2569684073
2367	1.2565689992
2368	1.2561688863
2369	1.2557680413
2370	1.2553664450
2371	1.2549640746
2372	1.2545608976
2373	1.2541568788
2374	1.2537519860
2375	1.2533461861
2376	1.2529394520
2377	1.2525317717
2378	1.2521231373
2379	1.2517135382
2380	1.2513029671
2381	1.2508914140
2382	1.2504788577
2383	1.2500652742
2384	1.2496506400
2385	1.2492349277
2386	1.2488181179
2387	1.2484002061
2388	1.2479811867
2389	1.2475610489
2390	1.2471397891
2391	1.2467174155
2392	1.2462939357
2393	1.2458693477
2394	1.2454436416
2395	1.2450168097
2396	1.2445888493
2397	1.2441597563
2398	1.2437295255
2399	1.2432981529
2400	1.2428656354
2401	1.2424319733
2402	1.2419971707
2403	1.2415612316
2404	1.2411241599
2405	1.2406859579
2406	1.2402466261
2407	1.2398061633
2408	1.2393645624
2409	1.2389218085
2410	1.2384778858
2411	1.2380327802
2412	1.2375864787
2413	1.2371389743
2414	1.2366902709
2415	1.2362403730
2416	1.2357892774
2417	1.2353369817
2418	1.2348834878
2419	1.2344287926
2420	1.2339728843
2421	1.2335157481
2422	1.2330573817
2423	1.2325977892
2424	1.2321369630
2425	1.2316748917
2426	1.2312115699
2427	1.2307469989
2428	1.2302811860
2429	1.2298141349
2430	1.2293458430
2431	1.2288763018
2432	1.2284054996
2433	1.2279334202
2434	1.2274600405
2435	1.2269853397
2436	1.2265093063
2437	1.2260319312
2438	1.2255532027
2439	1.2250731114
2440	1.2245916499
2441	1.2241088103
2442	1.2236245873
2443	1.2231389743
2444	1.2226519590
2445	1.2221635330
2446	1.2216737007
2447	1.2211824728
2448	1.2206898632
2449	1.2201958896
2450	1.2197005644
2451	1.2192038853
2452	1.2187058395
2453	1.2182064110
2454	1.2177055827
2455	1.2172033385
2456	1.2166996655
2457	1.2161945591
2458	1.2156880308
2459	1.2151800921
2460	1.2146707399
2461	1.2141599728
2462	1.2136478028
2463	1.2131342442
2464	1.2126193052
2465	1.2121029954
2466	1.2115853338
2467	1.2110663443
2468	1.2105460483
2469	1.2100244651
2470	1.2095016116
2471	1.2089774977
2472	1.2084521324
2473	1.2079255260
2474	1.2073976802
2475	1.2068685949
2476	1.2063382777
2477	1.2058067368
2478	1.2052739811
2479	1.2047400277
2480	1.2042048971
2481	1.2036686023
2482	1.2031311455
2483	1.2025925157
2484	1.2020526954
2485	1.2015116710
2486	1.2009694282
2487	1.2004259562
2488	1.1998812491
2489	1.1993352846
2490	1.1987880241
2491	1.1982394260
2492	1.1976894475
2493	1.1971380441
2494	1.1965851716
2495	1.1960307888
2496	1.1954748549
2497	1.1949173322
2498	1.1943581977
2499	1.1937974427
2500	1.1932350655
2501	1.1926710630
2502	1.1921054143
2503	1.1915380857
2504	1.1909690493
2505	1.1903982836
2506	1.1898257636
2507	1.1892514532
2508	1.1886753149
2509	1.1880973297
2510	1.1875174977
2511	1.1869358243
2512	1.1863523231
2513	1.1857670306
2514	1.1851800015
2515	1.1845912915
2516	1.1840009528
2517	1.1834090371
2518	1.1828156038
2519	1.1822207180
2520	1.1816244542
2521	1.1810268924
2522	1.1804281117
2523	1.1798282007
2524	1.1792272437
2525	1.1786253089
2526	1.1780224716
2527	1.1774188184
2528	1.1768144276
2529	1.1762093605
2530	1.1756036662
2531	1.1749973811
2532	1.1743905091
2533	1.1737830271
2534	1.1731749205
2535	1.1725661757
2536	1.1719567717
2537	1.1713467052
2538	1.1707359825
2539	1.1701245967
2540	1.1695125323
2541	1.1688997771
2542	1.1682863385
2543	1.1676722434
2544	1.1670575079
2545	1.1664421311
2546	1.1658261194
2547	1.1652094895
2548	1.1645922555
2549	1.1639744258
2550	1.1633559941
2551	1.1627369277
2552	1.1621171870
2553	1.1614967450
2554	1.1608755877
2555	1.1602537245
2556	1.1596311790
2557	1.1590079550
2558	1.1583840301
2559	1.1577593875
2560	1.1571340387
2561	1.1565080114
2562	1.1558813249
2563	1.1552539809
2564	1.1546259624
2565	1.1539972394
2566	1.1533678005
2567	1.1527376830
2568	1.1521069465
2569	1.1514756254
2570	1.1508437192
2571	1.1502112156
2572	1.1495781154
2573	1.1489444355
2574	1.1483101906
2575	1.1476753915
2576	1.1470400609
2577	1.1464042331
2578	1.1457679501
2579	1.1451312619
2580	1.1444942337
2581	1.1438569414
2582	1.1432194683
2583	1.1425819048
2584	1.1419443257
2585	1.1413067666
2586	1.1406692213
2587	1.1400316778
2588	1.1393941401
2589	1.1387566187
2590	1.1381191434
2591	1.1374817531
2592	1.1368444692
2593	1.1362073127
2594	1.1355703241
2595	1.1349335526
2596	1.1342970377
2597	1.1336608010
2598	1.1330248570
2599	1.1323892246
2600	1.1317539223
2601	1.1311189629
2602	1.1304843578
2603	1.1298501377
2604	1.1292163652
2605	1.1285831112
2606	1.1279504296
2607	1.1273183561
2608	1.1266869169
2609	1.1260561436
2610	1.1254260764
2611	1.1247967562
2612	1.1241682273
2613	1.1235405320
2614	1.1229136879
2615	1.1222877077
2616	1.1216626280
2617	1.1210384830
2618	1.1204152929
2619	1.1197930996
2620	1.1191719817
2621	1.1185520190
2622	1.1179332635
2623	1.1173157380
2624	1.1166994464
2625	1.1160843998
2626	1.1154706248
2627	1.1148581466
2628	1.1142469915
2629	1.1136371935
2630	1.1130287848
2631	1.1124217769
2632	1.1118161506
2633	1.1112118705
2634	1.1106089057
2635	1.1100072441
2636	1.1094068938
2637	1.1088078680
2638	1.1082101714
2639	1.1076138145
2640	1.1070188240
2641	1.1064252198
2642	1.1058330102
2643	1.1052422037
2644	1.1046528210
2645	1.1040648952
2646	1.1034784493
2647	1.1028934965
2648	1.1023100564
2649	1.1017281555
2650	1.1011478353
2651	1.1005691636
2652	1.0999922149
2653	1.0994170516
2654	1.0988437404
2655	1.0982723519
2656	1.0977029434
2657	1.0971355611
2658	1.0965702405
2659	1.0960070243
2660	1.0954459826
2661	1.0948871784
2662	1.0943306446
2663	1.0937764042
2664	1.0932244701
2665	1.0926748409
2666	1.0921275046
2667	1.0915824546
2668	1.0910396981
2669	1.0904992407
2670	1.0899610910
2671	1.0894252620
2672	1.0888917501
2673	1.0883605238
2674	1.0878315432
2675	1.0873047893
2676	1.0867802395
2677	1.0862578438
2678	1.0857375631
2679	1.0852193899
2680	1.0847033168
2681	1.0841893155
2682	1.0836773405
2683	1.0831673333
2684	1.0826592389
2685	1.0821530164
2686	1.0816486219
2687	1.0811460107
2688	1.0806451501
2689	1.0801460069
2690	1.0796485317
2691	1.0791526761
2692	1.0786584172
2693	1.0781657434
2694	1.0776746397
2695	1.0771850977
2696	1.0766971021
2697	1.0762106361
2698	1.0757257008
2699	1.0752423014
2700	1.0747604295
2701	1.0742800666
2702	1.0738012112
2703	1.0733238969
2704	1.0728481724
2705	1.0723740878
2706	1.0719016954
2707	1.0714310463
2708	1.0709621865
2709	1.0704951459
2710	1.0700299402
2711	1.0695665831
2712	1.0691050869
2713	1.0686454755
2714	1.0681877747
2715	1.0677319791
2716	1.0672780755
2717	1.0668260564
2718	1.0663758934
2719	1.0659275497
2720	1.0654810178
2721	1.0650363233
2722	1.0645935057
2723	1.0641525990
2724	1.0637136296
2725	1.0632766384
2726	1.0628416700
2727	1.0624087352
2728	1.0619778183
2729	1.0615489111
2730	1.0611220168
2731	1.0606971349
2732	1.0602742563
2733	1.0598533570
2734	1.0594343976
2735	1.0590173215
2736	1.0586020577
2737	1.0581885273
2738	1.0577766448
2739	1.0573663369
2740	1.0569575585
2741	1.0565502876
2742	1.0561445187
2743	1.0557402644
2744	1.0553375532
2745	1.0549364256
2746	1.0545369245
2747	1.0541390670
2748	1.0537428556
2749	1.0533483103
2750	1.0529554598
2751	1.0525643304
2752	1.0521749459
2753	1.0517873196
2754	1.0514014428
2755	1.0510172955
2756	1.0506348846
2757	1.0502542491
2758	1.0498754302
2759	1.0494984556
2760	1.0491233407
2761	1.0487500916
2762	1.0483787179
2763	1.0480092414
2764	1.0476416734
2765	1.0472759927
2766	1.0469121680
2767	1.0465501708
2768	1.0461899687
2769	1.0458315283
2770	1.0454748192
2771	1.0451198250
2772	1.0447665294
2773	1.0444148967
2774	1.0440648965
2775	1.0437165183
2776	1.0433697596
2777	1.0430246188
2778	1.0426810865
2779	1.0423391429
2780	1.0419987630
2781	1.0416599095
2782	1.0413225237
2783	1.0409865349
2784	1.0406518876
2785	1.0403185479
2786	1.0399864883
2787	1.0396556843
2788	1.0393261179
2789	1.0389977847
2790	1.0386707049
2791	1.0383449071
2792	1.0380203988
2793	1.0376971803
2794	1.0373752416
2795	1.0370545371
2796	1.0367350133
2797	1.0364166379
2798	1.0360993877
2799	1.0357832398
2800	1.0354681911
2801	1.0351542635
2802	1.0348414746
2803	1.0345298118
2804	1.0342192380
2805	1.0339097212
2806	1.0336012453
2807	1.0332937980
2808	1.0329873695
2809	1.0326819547
2810	1.0323775517
2811	1.0320741615
2812	1.0317717888
2813	1.0314704352
2814	1.0311701017
2815	1.0308707960
2816	1.0305725234
2817	1.0302752684
2818	1.0299789950
2819	1.0296836776
2820	1.0293893153
2821	1.0290959058
2822	1.0288034327
2823	1.0285118768
2824	1.0282212142
2825	1.0279314064
2826	1.0276423990
2827	1.0273541413
2828	1.0270665905
2829	1.0267796952
2830	1.0264934092
2831	1.0262077059
2832	1.0259225647
2833	1.0256379628
2834	1.0253538678
2835	1.0250702321
2836	1.0247870082
2837	1.0245041602
2838	1.0242216447
2839	1.0239394080
2840	1.0236574028
2841	1.0233755745
2842	1.0230938532
2843	1.0228121565
2844	1.0225303877
2845	1.0222484456
2846	1.0219662277
2847	1.0216836404
2848	1.0214006089
2849	1.0211170642
2850	1.0208329416
2851	1.0205481850
2852	1.0202627460
2853	1.0199765901
2854	1.0196896903
2855	1.0194020142
2856	1.0191135306
2857	1.0188242242
2858	1.0185340840
2859	1.0182430957
2860	1.0179512596
2861	1.0176585946
2862	1.0173651297
2863	1.0170709076
2864	1.0167759680
2865	1.0164803219
2866	1.0161839620
2867	1.0158868797
2868	1.0155890543
2869	1.0152904628
2870	1.0149911015
2871	1.0146909793
2872	1.0143900953
2873	1.0140884319
2874	1.0137859736
2875	1.0134827169
2876	1.0131786540
2877	1.0128737590
2878	1.0125679944
2879	1.0122613275
2880	1.0119537324
2881	1.0116451846
2882	1.0113356614
2883	1.0110251312
2884	1.0107135414
2885	1.0104008285
2886	1.0100869294
2887	1.0097717992
2888	1.0094554143
2889	1.0091377510
2890	1.0088187745
2891	1.0084984358
2892	1.0081766833
2893	1.0078534839
2894	1.0075288258
2895	1.0072026988
2896	1.0068750717
2897	1.0065458938
2898	1.0062151140
2899	1.0058826935
2900	1.0055486059
2901	1.0052128207
2902	1.0048752937
2903	1.0045359889
2904	1.0041948863
2905	1.0038519702
2906	1.0035072289
2907	1.0031606544
2908	1.0028122433
2909	1.0024619941
2910	1.0021098906
2911	1.0017559039
2912	1.0014000024
2913	1.0010421487
2914	1.0006823076
2915	1.0003204671
2916	0.9999566252
2917	0.9995907604
2918	0.9992228321
2919	0.9988527919
2920	0.9984805947
2921	0.9981062029
2922	0.9977295836
2923	0.9973507043
2924	0.9969695304
2925	0.9965860267
2926	0.9962001568
2927	0.9958118818
2928	0.9954211719
2929	0.9950280088
2930	0.9946323752
2931	0.9942342624
2932	0.9938336858
2933	0.9934306677
2934	0.9930252257
2935	0.9926173925
2936	0.9922072236
2937	0.9917947841
2938	0.9913801315
2939	0.9909633094
2940	0.9905443571
2941	0.9901233112
2942	0.9897002028
2943	0.9892750575
2944	0.9888478950
2945	0.9884187377
2946	0.9879876167
2947	0.9875545652
2948	0.9871196103
2949	0.9866827691
2950	0.9862440585
2951	0.9858035063
2952	0.9853611496
2953	0.9849170207
2954	0.9844711254
2955	0.9840234369
2956	0.9835739086
2957	0.9831225089
2958	0.9826692305
2959	0.9822140789
2960	0.9817570774
2961	0.9812982664
2962	0.9808376937
2963	0.9803753962
2964	0.9799113923
2965	0.9794456960
2966	0.9789783159
2967	0.9785092625
2968	0.9780385736
2969	0.9775662937
2970	0.9770924436
2971	0.9766170542
2972	0.9761401895
2973	0.9756619118
2974	0.9751822669
2975	0.9747013086
2976	0.9742191180
2977	0.9737357823
2978	0.9732513622
2979	0.9727658844
2980	0.9722793529
2981	0.9717917699
2982	0.9713031288
2983	0.9708134060
2984	0.9703225792
2985	0.9698306349
2986	0.9693375707
2987	0.9688433913
2988	0.9683480811
2989	0.9678516029
2990	0.9673539187
2991	0.9668549879
2992	0.9663547707
2993	0.9658532380
2994	0.9653503623
2995	0.9648461160
2996	0.9643404859
2997	0.9638334756
2998	0.9633250982
2999	0.9628153750
