0	1.2500000087
1	1.2501980150
2	1.2503943195
3	1.2505890826
4	1.2507825217
5	1.2509748814
6	1.2511664072
7	1.2513573237
8	1.2515478177
9	1.2517380275
10	1.2519280388
11	1.2521178865
12	1.2523075621
13	1.2524970248
14	1.2526862146
15	1.2528750649
16	1.2530635151
17	1.2532515191
18	1.2534390511
19	1.2536261075
20	1.2538127050
21	1.2539988759
22	1.2541846617
23	1.2543701056
24	1.2545552454
25	1.2547401079
26	1.2549247048
27	1.2551090316
28	1.2552930687
29	1.2554767842
30	1.2556601388
31	1.2558430910
32	1.2560256023
33	1.2562076418
34	1.2563891892
35	1.2565702360
36	1.2567507852
37	1.2569308488
38	1.2571104447
39	1.2572895921
40	1.2574683077
41	1.2576466016
42	1.2578244747
43	1.2580019172
44	1.2581789085
45	1.2583554192
46	1.2585314137
47	1.2587068538
48	1.2588817029
49	1.2590559285
50	1.2592295052
51	1.2594024152
52	1.2595746497
53	1.2597462072
54	1.2599170919
55	1.2600873099
56	1.2602568665
57	1.2604257627
58	1.2605939933
59	1.2607615455
60	1.2609283976
61	1.2610945198
62	1.2612598753
63	1.2614244244
64	1.2615881280
65	1.2617509525
66	1.2619128721
67	1.2620738671
68	1.2622339201
69	1.2623930159
70	1.2625511433
71	1.2627082969
72	1.2628644735
73	1.2630196686
74	1.2631738776
75	1.2633270951
76	1.2634793087
77	1.2636304902
78	1.2637805951
79	1.2639295699
80	1.2640773613
81	1.2642239237
82	1.2643692240
83	1.2645132392
84	1.2646559516
85	1.2647973509
86	1.2649374390
87	1.2650762208
88	1.2652136866
89	1.2653498155
90	1.2654845951
91	1.2656180203
92	1.2657500691
93	1.2658806935
94	1.2660098376
95	1.2661374495
96	1.2662634756
97	1.2663878590
98	1.2665105564
99	1.2666315522
100	1.2667508478
101	1.2668684390
102	1.2669843173
103	1.2670984818
104	1.2672109250
105	1.2673216149
106	1.2674305133
107	1.2675375919
108	1.2676428126
109	1.2677461200
110	1.2678474593
111	1.2679467724
112	1.2680439795
113	1.2681389868
114	1.2682317018
115	1.2683220315
116	1.2684098864
117	1.2684951973
118	1.2685779222
119	1.2686580405
120	1.2687355440
121	1.2688104288
122	1.2688826871
123	1.2689523007
124	1.2690192473
125	1.2690835049
126	1.2691450335
127	1.2692037595
128	1.2692595899
129	1.2693124496
130	1.2693623356
131	1.2694093276
132	1.2694535092
133	1.2694948703
134	1.2695332904
135	1.2695686097
136	1.2696007471
137	1.2696297502
138	1.2696557172
139	1.2696787174
140	1.2696987839
141	1.2697159117
142	1.2697300376
143	1.2697410260
144	1.2697486923
145	1.2697528951
146	1.2697535976
147	1.2697508241
148	1.2697446153
149	1.2697350333
150	1.2697221481
151	1.2697059917
152	1.2696865117
153	1.2696635780
154	1.2696370350
155	1.2696067147
156	1.2695724428
157	1.2695341019
158	1.2694916749
159	1.2694452289
160	1.2693948899
161	1.2693408226
162	1.2692832039
163	1.2692221653
164	1.2691577436
165	1.2690898919
166	1.2690184846
167	1.2689433055
168	1.2688640898
169	1.2687805817
170	1.2686925606
171	1.2685998589
172	1.2685023965
173	1.2684002165
174	1.2682934627
175	1.2681823446
176	1.2680671443
177	1.2679481767
178	1.2678257159
179	1.2676999686
180	1.2675710527
181	1.2674389619
182	1.2673035504
183	1.2671645588
184	1.2670216562
185	1.2668744582
186	1.2667225774
187	1.2665657005
188	1.2664036032
189	1.2662361702
190	1.2660634380
191	1.2658855826
192	1.2657028944
193	1.2655157556
194	1.2653245976
195	1.2651298503
196	1.2649318907
197	1.2647310272
198	1.2645274745
199	1.2643213092
200	1.2641124702
201	1.2639007507
202	1.2636858073
203	1.2634672353
204	1.2632445970
205	1.2630174311
206	1.2627853112
207	1.2625479211
208	1.2623051319
209	1.2620570230
210	1.2618038169
211	1.2615457658
212	1.2612830907
213	1.2610160663
214	1.2607450846
215	1.2604705834
216	1.2601929449
217	1.2599123958
218	1.2596289955
219	1.2593427227
220	1.2590535105
221	1.2587612554
222	1.2584658541
223	1.2581672455
224	1.2578654048
225	1.2575602838
226	1.2572518106
227	1.2569399318
228	1.2566246441
229	1.2563060053
230	1.2559840760
231	1.2556588964
232	1.2553304932
233	1.2549988056
234	1.2546636542
235	1.2543247869
236	1.2539819377
237	1.2536348835
238	1.2532834668
239	1.2529276303
240	1.2525674427
241	1.2522030725
242	1.2518347283
243	1.2514626057
244	1.2510869074
245	1.2507078281
246	1.2503255098
247	1.2499400894
248	1.2495517162
249	1.2491605229
250	1.2487666108
251	1.2483700338
252	1.2479708084
253	1.2475689092
254	1.2471642675
255	1.2467568166
256	1.2463465253
257	1.2459334080
258	1.2455175274
259	1.2450990168
260	1.2446780566
261	1.2442547861
262	1.2438292827
263	1.2434015497
264	1.2429715065
265	1.2425390271
266	1.2421039506
267	1.2416660797
268	1.2412251656
269	1.2407809336
270	1.2403332061
271	1.2398819644
272	1.2394272996
273	1.2389693085
274	1.2385080113
275	1.2380433809
276	1.2375754850
277	1.2371046015
278	1.2366310823
279	1.2361551067
280	1.2356766148
281	1.2351954308
282	1.2347114731
283	1.2342248167
284	1.2337355633
285	1.2332437187
286	1.2327491656
287	1.2322517406
288	1.2317512677
289	1.2312475382
290	1.2307404228
291	1.2302300344
292	1.2297167368
293	1.2292009821
294	1.2286831842
295	1.2281637082
296	1.2276428707
297	1.2271209075
298	1.2265979025
299	1.2260738281
300	1.2255486758
301	1.2250224415
302	1.2244950141
303	1.2239661346
304	1.2234355012
305	1.2229028688
306	1.2223680131
307	1.2218307638
308	1.2212911110
309	1.2207492128
310	1.2202052934
311	1.2196595456
312	1.2191121218
313	1.2185631186
314	1.2180125250
315	1.2174602143
316	1.2169060630
317	1.2163500726
318	1.2157923155
319	1.2152328903
320	1.2146719673
321	1.2141097570
322	1.2135463780
323	1.2129817763
324	1.2124158153
325	1.2118483249
326	1.2112790667
327	1.2107078009
328	1.2101343867
329	1.2095588030
330	1.2089810856
331	1.2084012964
332	1.2078195566
333	1.2072359906
334	1.2066506259
335	1.2060634064
336	1.2054742985
337	1.2048832926
338	1.2042903555
339	1.2036954917
340	1.2030987535
341	1.2025001772
342	1.2018997962
343	1.2012977191
344	1.2006941004
345	1.2000890128
346	1.1994824642
347	1.1988744802
348	1.1982651184
349	1.1976544958
350	1.1970428316
351	1.1964304458
352	1.1958176503
353	1.1952046754
354	1.1945916882
355	1.1939787390
356	1.1933656934
357	1.1927523033
358	1.1921383256
359	1.1915234921
360	1.1909074914
361	1.1902900968
362	1.1896712113
363	1.1890508437
364	1.1884291373
365	1.1878063874
366	1.1871829509
367	1.1865591505
368	1.1859352707
369	1.1853114887
370	1.1846878034
371	1.1840640949
372	1.1834402042
373	1.1828159545
374	1.1821911652
375	1.1815657424
376	1.1809396910
377	1.1803130299
378	1.1796857978
379	1.1790580717
380	1.1784299015
381	1.1778012900
382	1.1771722805
383	1.1765429603
384	1.1759134284
385	1.1752838772
386	1.1746545898
387	1.1740258515
388	1.1733979384
389	1.1727711220
390	1.1721455840
391	1.1715213483
392	1.1708983341
393	1.1702763363
394	1.1696549936
395	1.1690338924
396	1.1684126593
397	1.1677909555
398	1.1671684575
399	1.1665449165
400	1.1659201924
401	1.1652942922
402	1.1646674761
403	1.1640401998
404	1.1634129176
405	1.1627859806
406	1.1621596503
407	1.1615341221
408	1.1609095739
409	1.1602861294
410	1.1596636421
411	1.1590416517
412	1.1584196089
413	1.1577970869
414	1.1571738695
415	1.1565499483
416	1.1559254423
417	1.1553005170
418	1.1546754268
419	1.1540504901
420	1.1534259297
421	1.1528018459
422	1.1521783010
423	1.1515553390
424	1.1509329233
425	1.1503109153
426	1.1496891047
427	1.1490672900
428	1.1484454084
429	1.1478235143
430	1.1472017069
431	1.1465802055
432	1.1459593863
433	1.1453396455
434	1.1447212843
435	1.1441045110
436	1.1434894362
437	1.1428761150
438	1.1422645522
439	1.1416546213
440	1.1410461273
441	1.1404389152
442	1.1398328094
443	1.1392275184
444	1.1386227225
445	1.1380181814
446	1.1374137320
447	1.1368093049
448	1.1362049349
449	1.1356007782
450	1.1349971070
451	1.1343941940
452	1.1337922030
453	1.1331912271
454	1.1325913496
455	1.1319925593
456	1.1313947390
457	1.1307977782
458	1.1302015895
459	1.1296060762
460	1.1290111302
461	1.1284166505
462	1.1278225813
463	1.1272289167
464	1.1266356394
465	1.1260427638
466	1.1254504510
467	1.1248589419
468	1.1242684637
469	1.1236792392
470	1.1230914490
471	1.1225051595
472	1.1219203378
473	1.1213369068
474	1.1207547471
475	1.1201736803
476	1.1195934452
477	1.1190137678
478	1.1184344902
479	1.1178555327
480	1.1172768023
481	1.1166982301
482	1.1161198280
483	1.1155416551
484	1.1149638037
485	1.1143864036
486	1.1138095725
487	1.1132334403
488	1.1126582213
489	1.1120842414
490	1.1115118762
491	1.1109413905
492	1.1103728650
493	1.1098062957
494	1.1092416316
495	1.1086786884
496	1.1081171983
497	1.1075569017
498	1.1069975060
499	1.1064386830
500	1.1058801311
501	1.1053216316
502	1.1047630999
503	1.1042046178
504	1.1036464182
505	1.1030888232
506	1.1025321341
507	1.1019765471
508	1.1014221799
509	1.1008690477
510	1.1003170195
511	1.0997659127
512	1.0992155678
513	1.0986658032
514	1.0981163952
515	1.0975671309
516	1.0970178090
517	1.0964682372
518	1.0959182796
519	1.0953678882
520	1.0948171123
521	1.0942660527
522	1.0937148242
523	1.0931635598
524	1.0926123574
525	1.0920612285
526	1.0915101380
527	1.0909590124
528	1.0904077042
529	1.0898560512
530	1.0893039258
531	1.0887512180
532	1.0881978412
533	1.0876437467
534	1.0870889386
535	1.0865334940
536	1.0859775764
537	1.0854214243
538	1.0848652919
539	1.0843093589
540	1.0837537071
541	1.0831983379
542	1.0826431433
543	1.0820879390
544	1.0815325237
545	1.0809766570
546	1.0804200508
547	1.0798624255
548	1.0793035420
549	1.0787432066
550	1.0781813232
551	1.0776179193
552	1.0770530952
553	1.0764869596
554	1.0759196120
555	1.0753511794
556	1.0747818161
557	1.0742116681
558	1.0736408448
559	1.0730693691
560	1.0724971579
561	1.0719240808
562	1.0713499843
563	1.0707746865
564	1.0701980309
565	1.0696199193
566	1.0690403056
567	1.0684591836
568	1.0678765519
569	1.0672924043
570	1.0667067605
571	1.0661196894
572	1.0655312881
573	1.0649416525
574	1.0643508849
575	1.0637591275
576	1.0631665286
577	1.0625731776
578	1.0619791182
579	1.0613843538
580	1.0607888123
581	1.0601923479
582	1.0595947630
583	1.0589958290
584	1.0583953305
585	1.0577931063
586	1.0571890468
587	1.0565830954
588	1.0559752660
589	1.0553656296
590	1.0547542779
591	1.0541412993
592	1.0535267955
593	1.0529108947
594	1.0522937379
595	1.0516754664
596	1.0510562082
597	1.0504360506
598	1.0498150150
599	1.0491930298
600	1.0485699346
601	1.0479455293
602	1.0473195797
603	1.0466918116
604	1.0460619552
605	1.0454297918
606	1.0447951788
607	1.0441580694
608	1.0435185192
609	1.0428766562
610	1.0422326256
611	1.0415865580
612	1.0409385766
613	1.0402888070
614	1.0396373796
615	1.0389844058
616	1.0383299284
617	1.0376739269
618	1.0370163647
619	1.0363572113
620	1.0356964422
621	1.0350340356
622	1.0343699799
623	1.0337042946
624	1.0330370386
625	1.0323683005
626	1.0316981700
627	1.0310266953
628	1.0303538693
629	1.0296796513
630	1.0290039817
631	1.0283267765
632	1.0276479433
633	1.0269674231
634	1.0262851947
635	1.0256012378
636	1.0249155204
637	1.0242280279
638	1.0235387867
639	1.0228478755
640	1.0221554169
641	1.0214615409
642	1.0207663824
643	1.0200700773
644	1.0193727105
645	1.0186742920
646	1.0179747896
647	1.0172741597
648	1.0165723612
649	1.0158693587
650	1.0151651198
651	1.0144596109
652	1.0137527885
653	1.0130445938
654	1.0123349400
655	1.0116237314
656	1.0109109251
657	1.0101965279
658	1.0094805494
659	1.0087629916
660	1.0080438531
661	1.0073231328
662	1.0066008179
663	1.0058768639
664	1.0051512369
665	1.0044239611
666	1.0036950904
667	1.0029646757
668	1.0022327572
669	1.0014993552
670	1.0007644510
671	1.0000279759
672	0.9992898556
673	0.9985500816
674	0.9978087351
675	0.9970659402
676	0.9963218208
677	0.9955765121
678	0.9948301601
679	0.9940828602
680	0.9933346016
681	0.9925852665
682	0.9918346390
683	0.9910824572
684	0.9903284797
685	0.9895724984
686	0.9888143568
687	0.9880539442
688	0.9872911641
689	0.9865259770
690	0.9857584718
691	0.9849888602
692	0.9842174280
693	0.9834445013
694	0.9826704183
695	0.9818954519
696	0.9811197150
697	0.9803431778
698	0.9795657483
699	0.9787873173
700	0.9780077600
701	0.9772269335
702	0.9764447088
703	0.9756609868
704	0.9748756907
705	0.9740888080
706	0.9733004173
707	0.9725106463
708	0.9717196531
709	0.9709276115
710	0.9701346887
711	0.9693410168
712	0.9685466466
713	0.9677515795
714	0.9669558084
715	0.9661592715
716	0.9653618155
717	0.9645632388
718	0.9637633381
719	0.9629619184
720	0.9621588086
721	0.9613539039
722	0.9605472069
723	0.9597388151
724	0.9589288587
725	0.9581174541
726	0.9573047107
727	0.9564907091
728	0.9556754465
729	0.9548588895
730	0.9540410335
731	0.9532218678
732	0.9524013882
733	0.9515796285
734	0.9507566159
735	0.9499323411
736	0.9491067796
737	0.9482799135
738	0.9474517224
739	0.9466221527
740	0.9457911724
741	0.9449588466
742	0.9441253230
743	0.9432908142
744	0.9424555947
745	0.9416199272
746	0.9407839481
747	0.9399476604
748	0.9391110347
749	0.9382740327
750	0.9374365337
751	0.9365983234
752	0.9357591424
753	0.9349187444
754	0.9340769468
755	0.9332336432
756	0.9323888228
757	0.9315425340
758	0.9306948354
759	0.9298458340
760	0.9289956612
761	0.9281444120
762	0.9272921662
763	0.9264390188
764	0.9255850665
765	0.9247303765
766	0.9238749809
767	0.9230189565
768	0.9221624906
769	0.9213058461
770	0.9204493183
771	0.9195931735
772	0.9187375536
773	0.9178824462
774	0.9170277604
775	0.9161733271
776	0.9153188443
777	0.9144640162
778	0.9136086942
779	0.9127528019
780	0.9118962737
781	0.9110391001
782	0.9101813492
783	0.9093231454
784	0.9084646140
785	0.9076058804
786	0.9067471096
787	0.9058884706
788	0.9050301479
789	0.9041723442
790	0.9033152037
791	0.9024588232
792	0.9016032891
793	0.9007485946
794	0.8998945630
795	0.8990409123
796	0.8981873689
797	0.8973337010
798	0.8964797175
799	0.8956253424
800	0.8947706705
801	0.8939159380
802	0.8930614534
803	0.8922075375
804	0.8913544984
805	0.8905025736
806	0.8896519080
807	0.8888025490
808	0.8879544122
809	0.8871073855
810	0.8862614305
811	0.8854165134
812	0.8845725787
813	0.8837296172
814	0.8828876767
815	0.8820467973
816	0.8812069640
817	0.8803682093
818	0.8795306718
819	0.8786944504
820	0.8778595442
821	0.8770259121
822	0.8761934964
823	0.8753622811
824	0.8745323809
825	0.8737039884
826	0.8728772496
827	0.8720522726
828	0.8712291658
829	0.8704080574
830	0.8695891767
831	0.8687728096
832	0.8679590781
833	0.8671478621
834	0.8663389173
835	0.8655320163
836	0.8647269715
837	0.8639235920
838	0.8631217966
839	0.8623216495
840	0.8615232167
841	0.8607265152
842	0.8599315147
843	0.8591381529
844	0.8583464116
845	0.8575562991
846	0.8567677638
847	0.8559806878
848	0.8551949136
849	0.8544102840
850	0.8536266815
851	0.8528440692
852	0.8520624880
853	0.8512819769
854	0.8505025589
855	0.8497242512
856	0.8489470074
857	0.8481707025
858	0.8473952772
859	0.8466208595
860	0.8458476574
861	0.8450758687
862	0.8443057272
863	0.8435374689
864	0.8427712736
865	0.8420072812
866	0.8412456126
867	0.8404864057
868	0.8397297913
869	0.8389758416
870	0.8382245626
871	0.8374758808
872	0.8367296716
873	0.8359857040
874	0.8352435761
875	0.8345028715
876	0.8337633108
877	0.8330247373
878	0.8322871181
879	0.8315505287
880	0.8308150687
881	0.8300808957
882	0.8293483308
883	0.8286178006
884	0.8278896915
885	0.8271643045
886	0.8264418111
887	0.8257221842
888	0.8250052138
889	0.8242905907
890	0.8235780162
891	0.8228672414
892	0.8221581062
893	0.8214505995
894	0.8207447971
895	0.8200407785
896	0.8193385704
897	0.8186381424
898	0.8179395258
899	0.8172428163
900	0.8165480628
901	0.8158553412
902	0.8151648261
903	0.8144767034
904	0.8137911016
905	0.8131081111
906	0.8124278117
907	0.8117502149
908	0.8110752555
909	0.8104028473
910	0.8097328680
911	0.8090651653
912	0.8083996223
913	0.8077361468
914	0.8070746209
915	0.8064149350
916	0.8057570185
917	0.8051008076
918	0.8044462615
919	0.8037933995
920	0.8031422682
921	0.8024929384
922	0.8018454862
923	0.8011999328
924	0.8005562631
925	0.7999144251
926	0.7992743241
927	0.7986358710
928	0.7979990324
929	0.7973638475
930	0.7967304094
931	0.7960989034
932	0.7954695888
933	0.7948426357
934	0.7942181012
935	0.7935960187
936	0.7929763427
937	0.7923589496
938	0.7917437484
939	0.7911306803
940	0.7905196348
941	0.7899104287
942	0.7893028778
943	0.7886968677
944	0.7880923606
945	0.7874893292
946	0.7868877491
947	0.7862877075
948	0.7856894838
949	0.7850935393
950	0.7845003718
951	0.7839102900
952	0.7833232732
953	0.7827390470
954	0.7821573396
955	0.7815780121
956	0.7810009604
957	0.7804260302
958	0.7798529687
959	0.7792815193
960	0.7787116843
961	0.7781437182
962	0.7775778907
963	0.7770143633
964	0.7764531987
965	0.7758944121
966	0.7753380020
967	0.7747839573
968	0.7742322301
969	0.7736827239
970	0.7731353539
971	0.7725900146
972	0.7720464443
973	0.7715042565
974	0.7709631236
975	0.7704229179
976	0.7698837260
977	0.7693457433
978	0.7688091890
979	0.7682743222
980	0.7677414636
981	0.7672109417
982	0.7666830581
983	0.7661580266
984	0.7656359211
985	0.7651167722
986	0.7646005521
987	0.7640870304
988	0.7635758470
989	0.7630667458
990	0.7625596538
991	0.7620545602
992	0.7615514373
993	0.7610502781
994	0.7605510833
995	0.7600538438
996	0.7595585353
997	0.7590651049
998	0.7585736049
999	0.7580842520
1000	0.7575972634
1001	0.7571127281
1002	0.7566305942
1003	0.7561507288
1004	0.7556729886
1005	0.7551972386
1006	0.7547233579
1007	0.7542512934
1008	0.7537810786
1009	0.7533127664
1010	0.7528463767
1011	0.7523819069
1012	0.7519193733
1013	0.7514588358
1014	0.7510003323
1015	0.7505438158
1016	0.7500892244
1017	0.7496365681
1018	0.7491858749
1019	0.7487370610
1020	0.7482899722
1021	0.7478444830
1022	0.7474004675
1023	0.7469578240
1024	0.7465164842
1025	0.7460763600
1026	0.7456373627
1027	0.7451993677
1028	0.7447621628
1029	0.7443255636
1030	0.7438895511
1031	0.7434542445
1032	0.7430198016
1033	0.7425864435
1034	0.7421545152
1035	0.7417243889
1036	0.7412963353
1037	0.7408704809
1038	0.7404468431
1039	0.7400253612
1040	0.7396058674
1041	0.7391881306
1042	0.7387719396
1043	0.7383571017
1044	0.7379434175
1045	0.7375307042
1046	0.7371188096
1047	0.7367076547
1048	0.7362972870
1049	0.7358878154
1050	0.7354793649
1051	0.7350721132
1052	0.7346662136
1053	0.7342617071
1054	0.7338585752
1055	0.7334567964
1056	0.7330563519
1057	0.7326571940
1058	0.7322592272
1059	0.7318623338
1060	0.7314663939
1061	0.7310712756
1062	0.7306767895
1063	0.7302827456
1064	0.7298890395
1065	0.7294955898
1066	0.7291023191
1067	0.7287092393
1068	0.7283164771
1069	0.7279242238
1070	0.7275326712
1071	0.7271420024
1072	0.7267523938
1073	0.7263639382
1074	0.7259766023
1075	0.7255902864
1076	0.7252048855
1077	0.7248202968
1078	0.7244364353
1079	0.7240532587
1080	0.7236707699
1081	0.7232889909
1082	0.7229078947
1083	0.7225274214
1084	0.7221475763
1085	0.7217684246
1086	0.7213900023
1087	0.7210123118
1088	0.7206353815
1089	0.7202592200
1090	0.7198838006
1091	0.7195091516
1092	0.7191353250
1093	0.7187623495
1094	0.7183902944
1095	0.7180192851
1096	0.7176494803
1097	0.7172809949
1098	0.7169137925
1099	0.7165477053
1100	0.7161825259
1101	0.7158180745
1102	0.7154542183
1103	0.7150909032
1104	0.7147281921
1105	0.7143662125
1106	0.7140050854
1107	0.7136449056
1108	0.7132857470
1109	0.7129276509
1110	0.7125706069
1111	0.7122146050
1112	0.7118596587
1113	0.7115057054
1114	0.7111525925
1115	0.7108001919
1116	0.7104484377
1117	0.7100973019
1118	0.7097468137
1119	0.7093970853
1120	0.7090483145
1121	0.7087007143
1122	0.7083543947
1123	0.7080093870
1124	0.7076656819
1125	0.7073231589
1126	0.7069816240
1127	0.7066408903
1128	0.7063007628
1129	0.7059610321
1130	0.7056215264
1131	0.7052821324
1132	0.7049427597
1133	0.7046033486
1134	0.7042639067
1135	0.7039245248
1136	0.7035853849
1137	0.7032467348
1138	0.7029088988
1139	0.7025722853
1140	0.7022372689
1141	0.7019041323
1142	0.7015731038
1143	0.7012443430
1144	0.7009178633
1145	0.7005934767
1146	0.7002708721
1147	0.6999497208
1148	0.6996297045
1149	0.6993105547
1150	0.6989921074
1151	0.6986742673
1152	0.6983570039
1153	0.6980404587
1154	0.6977249357
1155	0.6974107651
1156	0.6970982190
1157	0.6967874741
1158	0.6964786074
1159	0.6961716502
1160	0.6958666357
1161	0.6955635486
1162	0.6952622332
1163	0.6949623839
1164	0.6946636604
1165	0.6943659239
1166	0.6940692962
1167	0.6937739466
1168	0.6934800328
1169	0.6931877480
1170	0.6928972994
1171	0.6926089292
1172	0.6923229060
1173	0.6920394509
1174	0.6917586505
1175	0.6914804431
1176	0.6912046902
1177	0.6909311869
1178	0.6906596655
1179	0.6903899098
1180	0.6901218683
1181	0.6898556484
1182	0.6895914478
1183	0.6893295555
1184	0.6890703335
1185	0.6888141521
1186	0.6885613810
1187	0.6883123251
1188	0.6880670866
1189	0.6878254977
1190	0.6875872330
1191	0.6873520175
1192	0.6871196909
1193	0.6868901618
1194	0.6866634919
1195	0.6864399538
1196	0.6862198080
1197	0.6860031257
1198	0.6857898087
1199	0.6855796456
1200	0.6853724571
1201	0.6851681811
1202	0.6849668159
1203	0.6847684178
1204	0.6845730875
1205	0.6843809354
1206	0.6841921009
1207	0.6840067262
1208	0.6838249168
1209	0.6836467605
1210	0.6834723267
1211	0.6833015806
1212	0.6831344327
1213	0.6829708707
1214	0.6828108749
1215	0.6826543756
1216	0.6825013520
1217	0.6823518623
1218	0.6822060487
1219	0.6820641456
1220	0.6819264463
1221	0.6817932015
1222	0.6816645898
1223	0.6815409004
1224	0.6814226088
1225	0.6813101669
1226	0.6812038545
1227	0.6811037883
1228	0.6810099086
1229	0.6809219458
1230	0.6808394395
1231	0.6807618636
1232	0.6806888379
1233	0.6806201982
1234	0.6805559272
1235	0.6804960873
1236	0.6804406839
1237	0.6803896220
1238	0.6803428099
1239	0.6803002192
1240	0.6802619151
1241	0.6802281616
1242	0.6801994059
1243	0.6801760377
1244	0.6801583634
1245	0.6801466984
1246	0.6801411889
1247	0.6801417444
1248	0.6801481821
1249	0.6801603022
1250	0.6801778871
1251	0.6802006481
1252	0.6802283055
1253	0.6802607050
1254	0.6802977562
1255	0.6803394183
1256	0.6803857233
1257	0.6804367350
1258	0.6804925391
1259	0.6805532926
1260	0.6806191936
1261	0.6806903712
1262	0.6807669122
1263	0.6808489272
1264	0.6809365114
1265	0.6810296925
1266	0.6811284661
1267	0.6812328596
1268	0.6813428722
1269	0.6814583534
1270	0.6815789797
1271	0.6817043077
1272	0.6818339036
1273	0.6819674904
1274	0.6821049435
1275	0.6822462827
1276	0.6823917726
1277	0.6825418863
1278	0.6826971811
1279	0.6828582623
1280	0.6830256672
1281	0.6831997117
1282	0.6833803799
1283	0.6835673648
1284	0.6837603980
1285	0.6839593672
1286	0.6841641375
1287	0.6843745149
1288	0.6845902489
1289	0.6848110185
1290	0.6850366163
1291	0.6852671164
1292	0.6855026548
1293	0.6857431556
1294	0.6859884013
1295	0.6862382327
1296	0.6864927234
1297	0.6867521784
1298	0.6870168531
1299	0.6872867362
1300	0.6875615705
1301	0.6878410266
1302	0.6881248614
1303	0.6884129429
1304	0.6887052699
1305	0.6890019542
1306	0.6893031622
1307	0.6896091373
1308	0.6899201789
1309	0.6902365134
1310	0.6905582828
1311	0.6908856859
1312	0.6912190255
1313	0.6915585473
1314	0.6919042457
1315	0.6922559214
1316	0.6926133382
1317	0.6929762866
1318	0.6933446355
1319	0.6937182222
1320	0.6940967598
1321	0.6944800736
1322	0.6948682494
1323	0.6952614297
1324	0.6956596971
1325	0.6960632116
1326	0.6964722199
1327	0.6968869083
1328	0.6973073737
1329	0.6977336102
1330	0.6981655643
1331	0.6986032419
1332	0.6990466970
1333	0.6994960057
1334	0.6999511382
1335	0.7004119180
1336	0.7008781538
1337	0.7013496062
1338	0.7018259385
1339	0.7023068126
1340	0.7027920259
1341	0.7032816249
1342	0.7037758289
1343	0.7042747997
1344	0.7047785865
1345	0.7052872841
1346	0.7058010825
1347	0.7063201509
1348	0.7068445868
1349	0.7073744171
1350	0.7079095806
1351	0.7084499374
1352	0.7089953115
1353	0.7095455313
1354	0.7101004776
1355	0.7106601829
1356	0.7112247815
1357	0.7117943205
1358	0.7123687764
1359	0.7129482280
1360	0.7135328359
1361	0.7141226778
1362	0.7147177199
1363	0.7153179124
1364	0.7159232653
1365	0.7165337520
1366	0.7171492025
1367	0.7177693244
1368	0.7183937087
1369	0.7190219287
1370	0.7196536356
1371	0.7202885732
1372	0.7209267538
1373	0.7215684837
1374	0.7222141061
1375	0.7228639216
1376	0.7235182712
1377	0.7241775326
1378	0.7248420591
1379	0.7255121001
1380	0.7261877166
1381	0.7268688751
1382	0.7275556086
1383	0.7282479462
1384	0.7289458375
1385	0.7296491785
1386	0.7303578141
1387	0.7310715341
1388	0.7317900428
1389	0.7325130034
1390	0.7332401680
1391	0.7339714801
1392	0.7347070924
1393	0.7354472202
1394	0.7361920063
1395	0.7369416051
1396	0.7376961906
1397	0.7384558078
1398	0.7392204221
1399	0.7399900859
1400	0.7407648618
1401	0.7415446245
1402	0.7423290941
1403	0.7431180018
1404	0.7439110713
1405	0.7447080129
1406	0.7455086758
1407	0.7463130778
1408	0.7471213762
1409	0.7479337960
1410	0.7487504785
1411	0.7495715043
1412	0.7503969951
1413	0.7512270736
1414	0.7520617495
1415	0.7529009253
1416	0.7537444514
1417	0.7545921277
1418	0.7554437207
1419	0.7562989885
1420	0.7571577946
1421	0.7580201542
1422	0.7588860777
1423	0.7597555066
1424	0.7606283736
1425	0.7615046775
1426	0.7623844673
1427	0.7632677090
1428	0.7641543496
1429	0.7650444283
1430	0.7659380127
1431	0.7668352099
1432	0.7677362079
1433	0.7686412021
1434	0.7695503403
1435	0.7704637335
1436	0.7713814434
1437	0.7723035222
1438	0.7732300554
1439	0.7741610732
1440	0.7750964827
1441	0.7760361188
1442	0.7769797860
1443	0.7779271898
1444	0.7788779322
1445	0.7798316454
1446	0.7807880511
1447	0.7817469102
1448	0.7827080192
1449	0.7836712579
1450	0.7846366273
1451	0.7856042744
1452	0.7865744621
1453	0.7875475106
1454	0.7885237483
1455	0.7895033880
1456	0.7904864120
1457	0.7914726154
1458	0.7924617541
1459	0.7934536177
1460	0.7944479595
1461	0.7954445644
1462	0.7964433685
1463	0.7974443036
1464	0.7984471778
1465	0.7994517321
1466	0.8004577294
1467	0.8014650495
1468	0.8024736733
1469	0.8034836585
1470	0.8044951950
1471	0.8055085251
1472	0.8065237737
1473	0.8075409760
1474	0.8085601600
1475	0.8095812885
1476	0.8106042839
1477	0.8116291175
1478	0.8126557762
1479	0.8136842046
1480	0.8147142872
1481	0.8157458487
1482	0.8167786570
1483	0.8178124526
1484	0.8188470326
1485	0.8198822842
1486	0.8209181793
1487	0.8219547525
1488	0.8229919978
1489	0.8240298425
1490	0.8250682673
1491	0.8261073003
1492	0.8271469073
1493	0.8281870017
1494	0.8292275026
1495	0.8302683773
1496	0.8313096965
1497	0.8323516648
1498	0.8333945294
1499	0.8344384445
1500	0.8354834734
1501	0.8365296541
1502	0.8375770695
1503	0.8386258234
1504	0.8396758822
1505	0.8407270265
1506	0.8417789336
1507	0.8428312668
1508	0.8438837942
1509	0.8449364719
1510	0.8459894033
1511	0.8470427288
1512	0.8480965848
1513	0.8491511236
1514	0.8502065175
1515	0.8512629097
1516	0.8523203525
1517	0.8533788631
1518	0.8544384579
1519	0.8554990828
1520	0.8565605818
1521	0.8576227775
1522	0.8586856170
1523	0.8597491664
1524	0.8608135065
1525	0.8618787162
1526	0.8629448148
1527	0.8640116941
1528	0.8650791946
1529	0.8661471798
1530	0.8672155463
1531	0.8682842411
1532	0.8693532559
1533	0.8704226261
1534	0.8714924286
1535	0.8725627106
1536	0.8736334569
1537	0.8747046461
1538	0.8757762556
1539	0.8768481968
1540	0.8779202998
1541	0.8789923617
1542	0.8800641880
1543	0.8811356435
1544	0.8822067048
1545	0.8832774102
1546	0.8843477632
1547	0.8854177350
1548	0.8864873164
1549	0.8875565054
1550	0.8886253009
1551	0.8896937431
1552	0.8907619387
1553	0.8918300383
1554	0.8928981895
1555	0.8939665280
1556	0.8950351639
1557	0.8961041571
1558	0.8971735194
1559	0.8982432247
1560	0.8993132440
1561	0.9003835477
1562	0.9014540805
1563	0.9025247578
1564	0.9035954496
1565	0.9046660343
1566	0.9057364923
1567	0.9068069044
1568	0.9078774215
1569	0.9089482408
1570	0.9100195696
1571	0.9110916089
1572	0.9121645027
1573	0.9132382392
1574	0.9143126684
1575	0.9153876150
1576	0.9164628989
1577	0.9175383233
1578	0.9186137111
1579	0.9196889207
1580	0.9207638364
1581	0.9218383827
1582	0.9229125492
1583	0.9239863801
1584	0.9250599484
1585	0.9261333540
1586	0.9272067027
1587	0.9282800721
1588	0.9293535188
1589	0.9304270935
1590	0.9315008473
1591	0.9325748218
1592	0.9336490104
1593	0.9347233714
1594	0.9357978662
1595	0.9368724424
1596	0.9379470372
1597	0.9390216269
1598	0.9400962443
1599	0.9411709448
1600	0.9422457848
1601	0.9433208228
1602	0.9443960972
1603	0.9454716104
1604	0.9465473310
1605	0.9476232039
1606	0.9486991705
1607	0.9497751682
1608	0.9508511392
1609	0.9519270442
1610	0.9530028595
1611	0.9540785748
1612	0.9551541847
1613	0.9562296654
1614	0.9573049747
1615	0.9583800903
1616	0.9594550271
1617	0.9605298249
1618	0.9616045484
1619	0.9626792908
1620	0.9637541660
1621	0.9648292833
1622	0.9659047355
1623	0.9669805856
1624	0.9680568365
1625	0.9691334367
1626	0.9702103133
1627	0.9712874008
1628	0.9723646475
1629	0.9734419814
1630	0.9745193018
1631	0.9755965124
1632	0.9766735462
1633	0.9777503823
1634	0.9788270308
1635	0.9799034961
1636	0.9809798003
1637	0.9820560169
1638	0.9831322424
1639	0.9842085667
1640	0.9852850566
1641	0.9863617354
1642	0.9874385847
1643	0.9885155715
1644	0.9895926604
1645	0.9906698086
1646	0.9917469762
1647	0.9928241451
1648	0.9939013210
1649	0.9949785194
1650	0.9960557476
1651	0.9971329963
1652	0.9982102538
1653	0.9992875212
1654	1.0003647975
1655	1.0014420552
1656	1.0025192297
1657	1.0035962528
1658	1.0046731067
1659	1.0057498217
1660	1.0068264444
1661	1.0079030243
1662	1.0089796293
1663	1.0100563380
1664	1.0111331901
1665	1.0122101786
1666	1.0132872723
1667	1.0143644371
1668	1.0154416577
1669	1.0165189466
1670	1.0175963358
1671	1.0186738307
1672	1.0197513953
1673	1.0208289973
1674	1.0219065895
1675	1.0229840660
1676	1.0240613168
1677	1.0251382904
1678	1.0262149879
1679	1.0272914358
1680	1.0283676579
1681	1.0294436797
1682	1.0305195616
1683	1.0315953879
1684	1.0326712247
1685	1.0337471036
1686	1.0348230318
1687	1.0358990200
1688	1.0369750885
1689	1.0380512414
1690	1.0391274489
1691	1.0402036506
1692	1.0412797560
1693	1.0423556620
1694	1.0434312971
1695	1.0445066493
1696	1.0455817395
1697	1.0466565974
1698	1.0477312612
1699	1.0488057687
1700	1.0498801952
1701	1.0509546786
1702	1.0520293606
1703	1.0531043261
1704	1.0541795884
1705	1.0552551185
1706	1.0563308694
1707	1.0574067621
1708	1.0584826629
1709	1.0595584021
1710	1.0606338391
1711	1.0617089062
1712	1.0627836079
1713	1.0638579958
1714	1.0649321493
1715	1.0660061710
1716	1.0670801389
1717	1.0681540717
1718	1.0692279752
1719	1.0703018826
1720	1.0713758276
1721	1.0724498157
1722	1.0735238380
1723	1.0745978818
1724	1.0756719248
1725	1.0767459248
1726	1.0778198335
1727	1.0788936221
1728	1.0799672739
1729	1.0810407630
1730	1.0821140312
1731	1.0831869944
1732	1.0842595985
1733	1.0853318392
1734	1.0864037204
1735	1.0874752354
1736	1.0885464040
1737	1.0896173010
1738	1.0906880264
1739	1.0917586770
1740	1.0928293404
1741	1.0939000756
1742	1.0949709244
1743	1.0960418834
1744	1.0971128389
1745	1.0981836383
1746	1.0992541726
1747	1.1003243497
1748	1.1013940987
1749	1.1024633926
1750	1.1035322275
1751	1.1046005948
1752	1.1056684708
1753	1.1067358649
1754	1.1078028712
1755	1.1088696263
1756	1.1099362471
1757	1.1110028283
1758	1.1120694298
1759	1.1131360705
1760	1.1142027616
1761	1.1152695036
1762	1.1163362297
1763	1.1174027967
1764	1.1184690615
1765	1.1195349061
1766	1.1206002192
1767	1.1216649346
1768	1.1227290307
1769	1.1237924874
1770	1.1248552821
1771	1.1259174474
1772	1.1269791029
1773	1.1280403903
1774	1.1291014266
1775	1.1301623032
1776	1.1312230980
1777	1.1322838916
1778	1.1333447099
1779	1.1344054586
1780	1.1354659632
1781	1.1365260569
1782	1.1375855744
1783	1.1386443073
1784	1.1397020946
1785	1.1407589082
1786	1.1418148018
1787	1.1428698704
1788	1.1439242352
1789	1.1449779915
1790	1.1460311770
1791	1.1470837768
1792	1.1481358018
1793	1.1491873689
1794	1.1502386228
1795	1.1512896592
1796	1.1523405297
1797	1.1533912173
1798	1.1544416274
1799	1.1554916014
1800	1.1565409239
1801	1.1575893980
1802	1.1586369100
1803	1.1596833661
1804	1.1607286788
1805	1.1617728204
1806	1.1628158021
1807	1.1638576502
1808	1.1648984307
1809	1.1659382422
1810	1.1669771308
1811	1.1680150482
1812	1.1690518441
1813	1.1700872231
1814	1.1711208297
1815	1.1721523496
1816	1.1731814903
1817	1.1742080001
1818	1.1752317150
1819	1.1762525663
1820	1.1772705512
1821	1.1782857382
1822	1.1792983374
1823	1.1803087177
1824	1.1813173362
1825	1.1823246831
1826	1.1833312499
1827	1.1843374096
1828	1.1853432999
1829	1.1863488346
1830	1.1873538193
1831	1.1883581110
1832	1.1893616819
1833	1.1903645473
1834	1.1913667029
1835	1.1923681281
1836	1.1933687846
1837	1.1943686011
1838	1.1953674733
1839	1.1963652388
1840	1.1973616432
1841	1.1983563747
1842	1.1993491694
1843	1.2003399050
1844	1.2013285769
1845	1.2023151872
1846	1.2032996585
1847	1.2042818403
1848	1.2052616289
1849	1.2062390429
1850	1.2072141600
1851	1.2081870880
1852	1.2091579768
1853	1.2101269419
1854	1.2110940084
1855	1.2120591692
1856	1.2130224226
1857	1.2139837172
1858	1.2149429696
1859	1.2159001252
1860	1.2168550708
1861	1.2178075676
1862	1.2187572954
1863	1.2197039321
1864	1.2206472330
1865	1.2215870037
1866	1.2225230592
1867	1.2234552363
1868	1.2243833858
1869	1.2253074238
1870	1.2262274186
1871	1.2271435685
1872	1.2280561598
1873	1.2289655326
1874	1.2298719921
1875	1.2307757448
1876	1.2316768382
1877	1.2325751280
1878	1.2334703855
1879	1.2343623988
1880	1.2352509300
1881	1.2361356528
1882	1.2370162191
1883	1.2378923657
1884	1.2387639127
1885	1.2396307619
1886	1.2404929222
1887	1.2413504735
1888	1.2422035200
1889	1.2430521755
1890	1.2438965696
1891	1.2447368280
1892	1.2455730823
1893	1.2464055042
1894	1.2472342865
1895	1.2480596043
1896	1.2488815438
1897	1.2497000223
1898	1.2505147984
1899	1.2513255688
1900	1.2521320404
1901	1.2529339388
1902	1.2537310217
1903	1.2545231261
1904	1.2553101729
1905	1.2560921495
1906	1.2568691304
1907	1.2576412969
1908	1.2584089084
1909	1.2591722061
1910	1.2599313527
1911	1.2606864688
1912	1.2614376626
1913	1.2621850103
1914	1.2629285046
1915	1.2636680404
1916	1.2644034505
1917	1.2651345143
1918	1.2658609745
1919	1.2665825829
1920	1.2672990873
1921	1.2680102331
1922	1.2687158863
1923	1.2694160961
1924	1.2701110493
1925	1.2708010680
1926	1.2714865790
1927	1.2721680307
1928	1.2728458085
1929	1.2735201398
1930	1.2741910657
1931	1.2748585057
1932	1.2755223078
1933	1.2761822362
1934	1.2768380033
1935	1.2774893431
1936	1.2781360180
1937	1.2787778095
1938	1.2794145396
1939	1.2800460975
1940	1.2806724446
1941	1.2812935713
1942	1.2819094572
1943	1.2825200708
1944	1.2831253784
1945	1.2837253676
1946	1.2843200739
1947	1.2849095777
1948	1.2854939981
1949	1.2860734856
1950	1.2866481917
1951	1.2872182610
1952	1.2877838480
1953	1.2883451172
1954	1.2889022148
1955	1.2894552116
1956	1.2900040811
1957	1.2905487498
1958	1.2910891382
1959	1.2916251645
1960	1.2921567571
1961	1.2926838598
1962	1.2932064192
1963	1.2937244093
1964	1.2942378579
1965	1.2947468006
1966	1.2952512417
1967	1.2957512018
1968	1.2962467558
1969	1.2967379983
1970	1.2972250075
1971	1.2977078489
1972	1.2981865513
1973	1.2986610599
1974	1.2991312427
1975	1.2995969333
1976	1.3000579689
1977	1.3005142217
1978	1.3009656243
1979	1.3014121886
1980	1.3018539869
1981	1.3022910827
1982	1.3027234936
1983	1.3031512394
1984	1.3035743706
1985	1.3039929245
1986	1.3044068872
1987	1.3048161744
1988	1.3052206357
1989	1.3056200929
1990	1.3060143556
1991	1.3064032295
1992	1.3067865604
1993	1.3071642979
1994	1.3075365403
1995	1.3079035083
1996	1.3082654638
1997	1.3086226351
1998	1.3089751437
1999	1.3093229955
2000	1.3096661329
2001	1.3100044376
2002	1.3103377551
2003	1.3106659564
2004	1.3109889441
2005	1.3113066552
2006	1.3116190656
2007	1.3119261669
2008	1.3122279394
2009	1.3125243607
2010	1.3128154572
2011	1.3131013130
2012	1.3133820280
2013	1.3136577212
2014	1.3139285641
2015	1.3141947440
2016	1.3144563870
2017	1.3147135531
2018	1.3149662844
2019	1.3152146291
2020	1.3154586083
2021	1.3156981568
2022	1.3159331179
2023	1.3161632953
2024	1.3163885051
2025	1.3166086115
2026	1.3168235305
2027	1.3170331984
2028	1.3172375352
2029	1.3174364782
2030	1.3176300659
2031	1.3178184346
2032	1.3180017528
2033	1.3181801841
2034	1.3183538471
2035	1.3185227800
2036	1.3186869806
2037	1.3188464623
2038	1.3190012374
2039	1.3191512762
2040	1.3192965190
2041	1.3194369451
2042	1.3195726398
2043	1.3197037786
2044	1.3198305551
2045	1.3199531146
2046	1.3200715159
2047	1.3201857467
2048	1.3202957576
2049	1.3204014458
2050	1.3205026427
2051	1.3205991608
2052	1.3206908443
2053	1.3207775600
2054	1.3208591429
2055	1.3209353640
2056	1.3210059567
2057	1.3210706867
2058	1.3211293975
2059	1.3211819963
2060	1.3212284538
2061	1.3212688339
2062	1.3213033167
2063	1.3213322104
2064	1.3213559129
2065	1.3213748238
2066	1.3213892835
2067	1.3213995627
2068	1.3214058645
2069	1.3214082992
2070	1.3214068632
2071	1.3214014557
2072	1.3213918987
2073	1.3213779447
2074	1.3213593136
2075	1.3213357429
2076	1.3213070026
2077	1.3212729042
2078	1.3212333584
2079	1.3211884260
2080	1.3211382842
2081	1.3210831887
2082	1.3210234708
2083	1.3209595014
2084	1.3208916256
2085	1.3208201094
2086	1.3207450980
2087	1.3206666056
2088	1.3205845322
2089	1.3204986378
2090	1.3204085004
2091	1.3203135741
2092	1.3202133455
2093	1.3201074555
2094	1.3199957289
2095	1.3198781758
2096	1.3197549985
2097	1.3196265743
2098	1.3194933648
2099	1.3193558096
2100	1.3192142886
2101	1.3190691293
2102	1.3189205890
2103	1.3187688207
2104	1.3186138610
2105	1.3184556280
2106	1.3182939618
2107	1.3181286786
2108	1.3179595626
2109	1.3177863673
2110	1.3176088580
2111	1.3174268572
2112	1.3172403028
2113	1.3170492951
2114	1.3168541068
2115	1.3166551471
2116	1.3164529042
2117	1.3162478657
2118	1.3160404218
2119	1.3158308214
2120	1.3156191739
2121	1.3154054632
2122	1.3151895800
2123	1.3149713657
2124	1.3147506415
2125	1.3145272387
2126	1.3143010430
2127	1.3140720225
2128	1.3138402055
2129	1.3136056383
2130	1.3133683669
2131	1.3131284275
2132	1.3128858468
2133	1.3126406500
2134	1.3123928496
2135	1.3121424845
2136	1.3118896395
2137	1.3116343786
2138	1.3113767507
2139	1.3111168429
2140	1.3108547765
2141	1.3105906964
2142	1.3103247557
2143	1.3100570947
2144	1.3097878198
2145	1.3095169798
2146	1.3092445760
2147	1.3089705826
2148	1.3086949635
2149	1.3084177159
2150	1.3081388864
2151	1.3078584999
2152	1.3075765169
2153	1.3072928987
2154	1.3070076068
2155	1.3067205517
2156	1.3064316332
2157	1.3061407859
2158	1.3058479850
2159	1.3055532355
2160	1.3052565639
2161	1.3049580072
2162	1.3046576103
2163	1.3043554372
2164	1.3040515603
2165	1.3037461097
2166	1.3034393639
2167	1.3031316989
2168	1.3028234364
2169	1.3025147860
2170	1.3022058842
2171	1.3018968342
2172	1.3015877216
2173	1.3012785918
2174	1.3009694343
2175	1.3006601767
2176	1.3003506512
2177	1.3000406439
2178	1.2997300235
2179	1.2994187666
2180	1.2991068557
2181	1.2987942182
2182	1.2984807665
2183	1.2981664552
2184	1.2978513142
2185	1.2975354512
2186	1.2972190217
2187	1.2969021741
2188	1.2965850574
2189	1.2962678498
2190	1.2959507029
2191	1.2956337226
2192	1.2953169405
2193	1.2950002323
2194	1.2946833517
2195	1.2943660129
2196	1.2940479231
2197	1.2937288326
2198	1.2934086090
2199	1.2930873020
2200	1.2927651148
2201	1.2924422857
2202	1.2921190221
2203	1.2917954944
2204	1.2914718382
2205	1.2911481742
2206	1.2908246152
2207	1.2905012276
2208	1.2901780061
2209	1.2898549005
2210	1.2895318038
2211	1.2892085239
2212	1.2888848365
2213	1.2885605649
2214	1.2882356019
2215	1.2879098954
2216	1.2875834424
2217	1.2872562629
2218	1.2869283524
2219	1.2865997083
2220	1.2862703963
2221	1.2859405287
2222	1.2856102073
2223	1.2852795190
2224	1.2849485516
2225	1.2846174011
2226	1.2842861280
2227	1.2839547165
2228	1.2836231161
2229	1.2832912619
2230	1.2829590815
2231	1.2826265106
2232	1.2822934487
2233	1.2819597400
2234	1.2816252489
2235	1.2812899456
2236	1.2809539149
2237	1.2806173131
2238	1.2802802848
2239	1.2799429040
2240	1.2796051894
2241	1.2792671071
2242	1.2789285649
2243	1.2785894529
2244	1.2782496728
2245	1.2779091222
2246	1.2775677059
2247	1.2772254011
2248	1.2768822996
2249	1.2765386055
2250	1.2761945688
2251	1.2758503948
2252	1.2755062512
2253	1.2751623102
2254	1.2748187222
2255	1.2744755700
2256	1.2741328382
2257	1.2737904120
2258	1.2734481277
2259	1.2731057964
2260	1.2727631831
2261	1.2724200266
2262	1.2720760686
2263	1.2717310555
2264	1.2713847829
2265	1.2710371433
2266	1.2706880837
2267	1.2703375910
2268	1.2699857720
2269	1.2696328471
2270	1.2692790516
2271	1.2689246053
2272	1.2685697563
2273	1.2682147630
2274	1.2678598007
2275	1.2675049276
2276	1.2671501035
2277	1.2667952102
2278	1.2664400898
2279	1.2660845540
2280	1.2657284185
2281	1.2653715716
2282	1.2650139422
2283	1.2646554656
2284	1.2642961056
2285	1.2639358554
2286	1.2635747652
2287	1.2632129464
2288	1.2628505490
2289	1.2624877231
2290	1.2621245306
2291	1.2617609176
2292	1.2613967523
2293	1.2610318453
2294	1.2606659699
2295	1.2602989216
2296	1.2599305546
2297	1.2595607702
2298	1.2591895169
2299	1.2588167908
2300	1.2584426311
2301	1.2580671112
2302	1.2576903070
2303	1.2573122669
2304	1.2569330210
2305	1.2565526197
2306	1.2561711292
2307	1.2557886026
2308	1.2554050940
2309	1.2550206869
2310	1.2546354710
2311	1.2542494806
2312	1.2538626823
2313	1.2534750134
2314	1.2530863929
2315	1.2526967084
2316	1.2523058368
2317	1.2519136758
2318	1.2515201421
2319	1.2511251740
2320	1.2507287389
2321	1.2503308292
2322	1.2499314562
2323	1.2495306264
2324	1.2491283252
2325	1.2487245550
2326	1.2483193578
2327	1.2479127632
2328	1.2475047607
2329	1.2470953184
2330	1.2466843719
2331	1.2462718408
2332	1.2458576716
2333	1.2454418048
2334	1.2450241395
2335	1.2446045808
2336	1.2441830780
2337	1.2437595765
2338	1.2433339811
2339	1.2429061857
2340	1.2424761194
2341	1.2420437980
2342	1.2416093296
2343	1.2411728754
2344	1.2407346231
2345	1.2402947542
2346	1.2398534323
2347	1.2394107861
2348	1.2389668731
2349	1.2385217292
2350	1.2380754126
2351	1.2376279560
2352	1.2371793453
2353	1.2367295444
2354	1.2362785070
2355	1.2358261822
2356	1.2353725100
2357	1.2349174060
2358	1.2344607644
2359	1.2340024802
2360	1.2335424969
2361	1.2330808505
2362	1.2326176541
2363	1.2321530189
2364	1.2316869778
2365	1.2312195106
2366	1.2307506392
2367	1.2302804416
2368	1.2298089531
2369	1.2293361251
2370	1.2288618775
2371	1.2283861136
2372	1.2279087319
2373	1.2274296449
2374	1.2269487832
2375	1.2264661053
2376	1.2259816028
2377	1.2254953190
2378	1.2250073488
2379	1.2245178127
2380	1.2240268255
2381	1.2235344337
2382	1.2230405657
2383	1.2225450475
2384	1.2220476613
2385	1.2215482312
2386	1.2210466772
2387	1.2205429688
2388	1.2200370885
2389	1.2195290501
2390	1.2190188774
2391	1.2185065870
2392	1.2179922211
2393	1.2174758553
2394	1.2169575698
2395	1.2164374348
2396	1.2159155208
2397	1.2153919049
2398	1.2148666462
2399	1.2143397908
2400	1.2138114088
2401	1.2132815629
2402	1.2127502532
2403	1.2122174616
2404	1.2116832233
2405	1.2111475888
2406	1.2106105543
2407	1.2100720739
2408	1.2095320806
2409	1.2089905185
2410	1.2084473574
2411	1.2079025565
2412	1.2073560950
2413	1.2068080114
2414	1.2062583200
2415	1.2057069502
2416	1.2051538078
2417	1.2045988219
2418	1.2040419448
2419	1.2034831670
2420	1.2029225049
2421	1.2023599652
2422	1.2017955510
2423	1.2012292536
2424	1.2006610002
2425	1.2000906541
2426	1.1995181091
2427	1.1989433930
2428	1.1983666635
2429	1.1977881071
2430	1.1972078154
2431	1.1966257213
2432	1.1960416860
2433	1.1954555901
2434	1.1948673528
2435	1.1942769390
2436	1.1936842984
2437	1.1930893685
2438	1.1924921666
2439	1.1918928147
2440	1.1912914893
2441	1.1906883783
2442	1.1900837368
2443	1.1894778948
2444	1.1888711345
2445	1.1882636697
2446	1.1876557132
2447	1.1870474104
2448	1.1864387332
2449	1.1858294821
2450	1.1852193192
2451	1.1846078120
2452	1.1839944753
2453	1.1833788278
2454	1.1827605288
2455	1.1821394809
2456	1.1815158001
2457	1.1808897434
2458	1.1802616506
2459	1.1796318698
2460	1.1790007292
2461	1.1783685318
2462	1.1777354921
2463	1.1771017029
2464	1.1764671650
2465	1.1758318278
2466	1.1751956277
2467	1.1745585150
2468	1.1739204424
2469	1.1732813126
2470	1.1726409808
2471	1.1719993478
2472	1.1713564145
2473	1.1707122047
2474	1.1700667047
2475	1.1694199438
2476	1.1687720248
2477	1.1681230497
2478	1.1674731161
2479	1.1668223247
2480	1.1661707340
2481	1.1655183881
2482	1.1648653504
2483	1.1642116200
2484	1.1635570942
2485	1.1629016529
2486	1.1622452215
2487	1.1615877754
2488	1.1609293069
2489	1.1602698074
2490	1.1596092939
2491	1.1589477476
2492	1.1582850677
2493	1.1576211619
2494	1.1569560649
2495	1.1562899976
2496	1.1556232768
2497	1.1549561598
2498	1.1542887525
2499	1.1536210404
2500	1.1529529760
2501	1.1522844742
2502	1.1516153820
2503	1.1509454886
2504	1.1502745680
2505	1.1496024452
2506	1.1489290032
2507	1.1482541900
2508	1.1475780388
2509	1.1469005631
2510	1.1462217346
2511	1.1455416401
2512	1.1448605145
2513	1.1441786339
2514	1.1434961939
2515	1.1428132678
2516	1.1421298930
2517	1.1414461451
2518	1.1407621439
2519	1.1400780065
2520	1.1393938027
2521	1.1387095696
2522	1.1380253746
2523	1.1373413661
2524	1.1366577237
2525	1.1359745891
2526	1.1352920671
2527	1.1346102381
2528	1.1339291137
2529	1.1332486420
2530	1.1325688038
2531	1.1318895721
2532	1.1312108434
2533	1.1305325323
2534	1.1298546226
2535	1.1291771207
2536	1.1285000546
2537	1.1278235359
2538	1.1271478202
2539	1.1264732609
2540	1.1258001917
2541	1.1251288159
2542	1.1244591597
2543	1.1237911852
2544	1.1231248648
2545	1.1224601072
2546	1.1217967467
2547	1.1211345748
2548	1.1204733331
2549	1.1198127606
2550	1.1191526333
2551	1.1184927474
2552	1.1178329396
2553	1.1171731151
2554	1.1165133001
2555	1.1158536763
2556	1.1151944925
2557	1.1145360242
2558	1.1138786311
2559	1.1132227424
2560	1.1125687203
2561	1.1119167609
2562	1.1112669832
2563	1.1106195165
2564	1.1099743926
2565	1.1093314611
2566	1.1086904950
2567	1.1080512816
2568	1.1074136277
2569	1.1067774218
2570	1.1061426508
2571	1.1055093027
2572	1.1048773214
2573	1.1042466185
2574	1.1036170931
2575	1.1029887325
2576	1.1023616178
2577	1.1017358352
2578	1.1011115239
2579	1.1004889094
2580	1.0998682544
2581	1.0992498123
2582	1.0986337501
2583	1.0980200954
2584	1.0974087918
2585	1.0967997361
2586	1.0961927223
2587	1.0955875371
2588	1.0949840814
2589	1.0943823024
2590	1.0937821420
2591	1.0931835636
2592	1.0925865893
2593	1.0919913088
2594	1.0913978637
2595	1.0908063689
2596	1.0902168371
2597	1.0896292677
2598	1.0890437259
2599	1.0884602766
2600	1.0878789336
2601	1.0872996315
2602	1.0867222091
2603	1.0861464396
2604	1.0855720764
2605	1.0849989034
2606	1.0844267162
2607	1.0838553299
2608	1.0832846852
2609	1.0827148491
2610	1.0821459469
2611	1.0815781766
2612	1.0810118630
2613	1.0804474234
2614	1.0798851875
2615	1.0793253269
2616	1.0787679603
2617	1.0782131479
2618	1.0776608402
2619	1.0771109007
2620	1.0765630890
2621	1.0760170885
2622	1.0754726133
2623	1.0749294343
2624	1.0743874320
2625	1.0738467118
2626	1.0733075526
2627	1.0727702173
2628	1.0722348284
2629	1.0717013599
2630	1.0711696822
2631	1.0706396042
2632	1.0701109869
2633	1.0695838285
2634	1.0690581789
2635	1.0685340938
2636	1.0680116390
2637	1.0674907929
2638	1.0669714107
2639	1.0664533717
2640	1.0659366874
2641	1.0654214476
2642	1.0649077713
2643	1.0643957678
2644	1.0638855284
2645	1.0633771690
2646	1.0628708171
2647	1.0623665956
2648	1.0618646392
2649	1.0613650619
2650	1.0608678721
2651	1.0603729443
2652	1.0598800375
2653	1.0593888763
2654	1.0588992856
2655	1.0584111872
2656	1.0579245388
2657	1.0574393413
2658	1.0569556381
2659	1.0564735145
2660	1.0559930946
2661	1.0555145191
2662	1.0550378816
2663	1.0545631558
2664	1.0540902486
2665	1.0536190651
2666	1.0531494586
2667	1.0526812617
2668	1.0522144077
2669	1.0517489355
2670	1.0512848856
2671	1.0508222552
2672	1.0503610521
2673	1.0499012897
2674	1.0494429416
2675	1.0489859466
2676	1.0485302440
2677	1.0480758064
2678	1.0476225663
2679	1.0471704102
2680	1.0467193008
2681	1.0462692925
2682	1.0458204799
2683	1.0453729615
2684	1.0449268755
2685	1.0444824719
2686	1.0440400136
2687	1.0435996358
2688	1.0431613824
2689	1.0427252343
2690	1.0422910336
2691	1.0418585111
2692	1.0414274263
2693	1.0409976322
2694	1.0405690880
2695	1.0401418586
2696	1.0397160334
2697	1.0392916405
2698	1.0388686723
2699	1.0384471443
2700	1.0380270655
2701	1.0376084250
2702	1.0371912175
2703	1.0367754136
2704	1.0363609538
2705	1.0359477703
2706	1.0355358238
2707	1.0351251289
2708	1.0347156845
2709	1.0343074255
2710	1.0339002835
2711	1.0334942683
2712	1.0330894877
2713	1.0326860931
2714	1.0322842113
2715	1.0318839279
2716	1.0314852998
2717	1.0310883597
2718	1.0306930907
2719	1.0302994354
2720	1.0299073624
2721	1.0295168105
2722	1.0291276472
2723	1.0287398184
2724	1.0283534204
2725	1.0279686037
2726	1.0275854202
2727	1.0272037205
2728	1.0268232437
2729	1.0264438100
2730	1.0260653854
2731	1.0256880212
2732	1.0253117820
2733	1.0249367177
2734	1.0245628750
2735	1.0241902635
2736	1.0238188168
2737	1.0234483662
2738	1.0230786439
2739	1.0227093705
2740	1.0223402931
2741	1.0219711574
2742	1.0216017264
2743	1.0212318438
2744	1.0208614549
2745	1.0204906138
2746	1.0201194962
2747	1.0197483548
2748	1.0193774625
2749	1.0190070721
2750	1.0186374316
2751	1.0182687959
2752	1.0179012985
2753	1.0175349166
2754	1.0171695955
2755	1.0168052400
2756	1.0164416401
2757	1.0160785340
2758	1.0157156622
2759	1.0153527489
2760	1.0149895493
2761	1.0146258941
2762	1.0142616723
2763	1.0138968637
2764	1.0135315652
2765	1.0131659792
2766	1.0128003660
2767	1.0124349162
2768	1.0120696752
2769	1.0117046069
2770	1.0113397062
2771	1.0109750502
2772	1.0106107455
2773	1.0102468580
2774	1.0098833624
2775	1.0095201404
2776	1.0091570430
2777	1.0087939168
2778	1.0084305650
2779	1.0080667390
2780	1.0077022339
2781	1.0073369513
2782	1.0069708190
2783	1.0066037765
2784	1.0062358584
2785	1.0058671764
2786	1.0054978539
2787	1.0051280149
2788	1.0047577882
2789	1.0043872621
2790	1.0040164274
2791	1.0036451871
2792	1.0032733690
2793	1.0029007665
2794	1.0025272235
2795	1.0021526484
2796	1.0017770069
2797	1.0014003354
2798	1.0010227045
2799	1.0006441911
2800	1.0002648748
2801	0.9998847682
2802	0.9995038004
2803	0.9991219178
2804	0.9987391603
2805	0.9983555958
2806	0.9979711820
2807	0.9975857911
2808	0.9971993040
2809	0.9968115899
2810	0.9964224693
2811	0.9960317162
2812	0.9956391057
2813	0.9952444760
2814	0.9948477305
2815	0.9944488397
2816	0.9940478731
2817	0.9936449825
2818	0.9932403731
2819	0.9928342727
2820	0.9924268368
2821	0.9920181172
2822	0.9916081203
2823	0.9911968048
2824	0.9907840760
2825	0.9903698422
2826	0.9899540071
2827	0.9895364177
2828	0.9891169043
2829	0.9886953461
2830	0.9882716728
2831	0.9878458435
2832	0.9874178433
2833	0.9869876928
2834	0.9865554426
2835	0.9861211453
2836	0.9856848820
2837	0.9852467964
2838	0.9848070185
2839	0.9843655673
2840	0.9839223475
2841	0.9834772421
2842	0.9830301785
2843	0.9825811015
2844	0.9821299418
2845	0.9816765714
2846	0.9812208007
2847	0.9807624636
2848	0.9803014515
2849	0.9798377013
2850	0.9793712047
2851	0.9789020381
2852	0.9784303883
2853	0.9779565528
2854	0.9774809297
2855	0.9770039395
2856	0.9765259071
2857	0.9760470208
2858	0.9755673703
2859	0.9750870236
2860	0.9746060337
2861	0.9741243872
2862	0.9736419429
2863	0.9731584165
2864	0.9726734899
2865	0.9721868618
2866	0.9716982457
2867	0.9712074567
2868	0.9707144574
2869	0.9702193322
2870	0.9697222747
2871	0.9692235146
2872	0.9687232221
2873	0.9682215317
2874	0.9677185484
2875	0.9672142710
2876	0.9667085905
2877	0.9662013682
2878	0.9656925070
2879	0.9651819532
2880	0.9646696940
2881	0.9641557796
2882	0.9636402712
2883	0.9631231240
2884	0.9626041687
2885	0.9620832531
2886	0.9615603538
2887	0.9610355433
2888	0.9605089365
2889	0.9599806965
2890	0.9594510282
2891	0.9589201551
2892	0.9583882432
2893	0.9578553350
2894	0.9573213953
2895	0.9567863529
2896	0.9562501442
2897	0.9557127311
2898	0.9551740498
2899	0.9546340307
2900	0.9540926543
2901	0.9535499046
2902	0.9530056891
2903	0.9524599114
2904	0.9519125955
2905	0.9513638298
2906	0.9508136711
2907	0.9502621483
2908	0.9497092026
2909	0.9491546867
2910	0.9485985373
2911	0.9480408289
2912	0.9474817123
2913	0.9469213796
2914	0.9463600037
2915	0.9457976818
2916	0.9452344179
2917	0.9446702108
2918	0.9441051359
2919	0.9435392896
2920	0.9429727686
2921	0.9424056915
2922	0.9418381584
2923	0.9412702195
2924	0.9407019139
2925	0.9401333004
2926	0.9395643818
2927	0.9389950622
2928	0.9384252303
2929	0.9378547884
2930	0.9372835725
2931	0.9367113264
2932	0.9361377707
2933	0.9355626746
2934	0.9349859147
2935	0.9344075101
2936	0.9338276378
2937	0.9332465979
2938	0.9326646404
2939	0.9320819421
2940	0.9314987964
2941	0.9309155512
2942	0.9303323872
2943	0.9297492947
2944	0.9291661176
2945	0.9285825801
2946	0.9279983538
2947	0.9274130426
2948	0.9268261806
2949	0.9262373658
2950	0.9256463070
2951	0.9250527832
2952	0.9244566992
2953	0.9238581502
2954	0.9232574161
2955	0.9226549096
2956	0.9220511055
2957	0.9214465024
2958	0.9208415569
2959	0.9202366660
2960	0.9196321901
2961	0.9190283963
2962	0.9184254149
2963	0.9178232134
2964	0.9172216007
2965	0.9166202975
2966	0.9160190008
2967	0.9154173914
2968	0.9148151577
2969	0.9142121053
2970	0.9136081393
2971	0.9130031915
2972	0.9123973232
2973	0.9117907703
2974	0.9111838542
2975	0.9105769482
2976	0.9099704606
2977	0.9093647045
2978	0.9087597538
2979	0.9081554266
2980	0.9075513793
2981	0.9069472717
2982	0.9063429373
2983	0.9057383735
2984	0.9051335578
2985	0.9045283985
2986	0.9039228346
2987	0.9033169192
2988	0.9027108265
2989	0.9021047962
2990	0.9014991774
2991	0.9008943973
2992	0.9002907105
2993	0.8996880911
2994	0.8990863436
2995	0.8984852184
2996	0.8978845208
2997	0.8972841570
2998	0.8966841009
2999	0.8960843320
