0	1.2500000087
1	1.2501978237
2	1.2503935962
3	1.2505875894
4	1.2507801488
5	1.2509716433
6	1.2511624135
7	1.2513527337
8	1.2515427893
9	1.2517326715
10	1.2519223874
11	1.2521118819
12	1.2523010661
13	1.2524898455
14	1.2526781444
15	1.2528659215
16	1.2530531754
17	1.2532399409
18	1.2534262775
19	1.2536122536
20	1.2537979309
21	1.2539833507
22	1.2541685269
23	1.2543534446
24	1.2545380650
25	1.2547223353
26	1.2549062001
27	1.2550896128
28	1.2552725443
29	1.2554549867
30	1.2556369526
31	1.2558184698
32	1.2559995729
33	1.2561802938
34	1.2563606536
35	1.2565406566
36	1.2567202881
37	1.2568995172
38	1.2570783014
39	1.2572565947
40	1.2574343552
41	1.2576115518
42	1.2577881682
43	1.2579642035
44	1.2581396695
45	1.2583145846
46	1.2584889679
47	1.2586628315
48	1.2588361763
49	1.2590089889
50	1.2591812424
51	1.2593528987
52	1.2595239135
53	1.2596942427
54	1.2598638482
55	1.2600327029
56	1.2602007925
57	1.2603681143
58	1.2605346737
59	1.2607004797
60	1.2608655390
61	1.2610298511
62	1.2611934035
63	1.2613561713
64	1.2615181217
65	1.2616792198
66	1.2618394331
67	1.2619987310
68	1.2621570844
69	1.2623144688
70	1.2624708690
71	1.2626262796
72	1.2627807006
73	1.2629341330
74	1.2630865821
75	1.2632380560
76	1.2633885540
77	1.2635380488
78	1.2636864851
79	1.2638337980
80	1.2639799342
81	1.2641248616
82	1.2642685667
83	1.2644110468
84	1.2645523058
85	1.2646923597
86	1.2648312385
87	1.2649689652
88	1.2651055279
89	1.2652408823
90	1.2653749831
91	1.2655077951
92	1.2656392691
93	1.2657693241
94	1.2658978680
95	1.2660248333
96	1.2661501863
97	1.2662739096
98	1.2663959941
99	1.2665164509
100	1.2666353003
101	1.2667525298
102	1.2668680837
103	1.2669818971
104	1.2670939062
105	1.2672040288
106	1.2673121764
107	1.2674182747
108	1.2675222485
109	1.2676240101
110	1.2677234784
111	1.2678205872
112	1.2679152843
113	1.2680075454
114	1.2680973728
115	1.2681847756
116	1.2682697585
117	1.2683523112
118	1.2684323917
119	1.2685099286
120	1.2685848357
121	1.2686570281
122	1.2687264390
123	1.2687930352
124	1.2688568291
125	1.2689178643
126	1.2689761658
127	1.2690317044
128	1.2690844060
129	1.2691341956
130	1.2691810674
131	1.2692251051
132	1.2692663768
133	1.2693048071
134	1.2693401751
135	1.2693722389
136	1.2694009010
137	1.2694262676
138	1.2694485296
139	1.2694678291
140	1.2694842293
141	1.2694977086
142	1.2695081392
143	1.2695152858
144	1.2695188683
145	1.2695187102
146	1.2695148282
147	1.2695073610
148	1.2694964865
149	1.2694823972
150	1.2694652451
151	1.2694450541
152	1.2694216681
153	1.2693947942
154	1.2693641051
155	1.2693292811
156	1.2692900441
157	1.2692462698
158	1.2691980515
159	1.2691456470
160	1.2690893962
161	1.2690296588
162	1.2689667480
163	1.2689008293
164	1.2688318528
165	1.2687595915
166	1.2686836820
167	1.2686036439
168	1.2685189749
169	1.2684292677
170	1.2683342640
171	1.2682338786
172	1.2681282401
173	1.2680177099
174	1.2679027976
175	1.2677840476
176	1.2676619903
177	1.2675370481
178	1.2674094147
179	1.2672790325
180	1.2671456210
181	1.2670087027
182	1.2668676655
183	1.2667218809
184	1.2665708199
185	1.2664140964
186	1.2662515222
187	1.2660831680
188	1.2659093128
189	1.2657303791
190	1.2655469078
191	1.2653594711
192	1.2651685814
193	1.2649746378
194	1.2647778780
195	1.2645783419
196	1.2643758774
197	1.2641702244
198	1.2639610853
199	1.2637481596
200	1.2635312200
201	1.2633101181
202	1.2630847479
203	1.2628550881
204	1.2626212013
205	1.2623831661
206	1.2621410266
207	1.2618947555
208	1.2616442635
209	1.2613894417
210	1.2611302166
211	1.2608665466
212	1.2605983576
213	1.2603255965
214	1.2600483495
215	1.2597669097
216	1.2594817704
217	1.2591934371
218	1.2589022221
219	1.2586082438
220	1.2583115264
221	1.2580120765
222	1.2577098588
223	1.2574047354
224	1.2570964849
225	1.2567848733
226	1.2564697254
227	1.2561509288
228	1.2558284507
229	1.2555024139
230	1.2551730174
231	1.2548403727
232	1.2545044342
233	1.2541650082
234	1.2538218378
235	1.2534746550
236	1.2531232124
237	1.2527673857
238	1.2524072184
239	1.2520428514
240	1.2516744316
241	1.2513021185
242	1.2509261186
243	1.2505466273
244	1.2501638224
245	1.2497779006
246	1.2493890585
247	1.2489974506
248	1.2486031126
249	1.2482059696
250	1.2478059035
251	1.2474027524
252	1.2469963713
253	1.2465867417
254	1.2461740012
255	1.2457583936
256	1.2453402177
257	1.2449198069
258	1.2444974386
259	1.2440732570
260	1.2436472730
261	1.2432193656
262	1.2427893046
263	1.2423567757
264	1.2419214586
265	1.2414831108
266	1.2410415291
267	1.2405965498
268	1.2401480765
269	1.2396960441
270	1.2392404377
271	1.2387813757
272	1.2383191633
273	1.2378542081
274	1.2373868667
275	1.2369173274
276	1.2364455597
277	1.2359714253
278	1.2354948206
279	1.2350156593
280	1.2345337054
281	1.2340484865
282	1.2335595462
283	1.2330667647
284	1.2325704193
285	1.2320709853
286	1.2315688069
287	1.2310639831
288	1.2305565287
289	1.2300465213
290	1.2295340751
291	1.2290192716
292	1.2285022359
293	1.2279831839
294	1.2274622999
295	1.2269396137
296	1.2264150609
297	1.2258886804
298	1.2253606628
299	1.2248312102
300	1.2243003899
301	1.2237681208
302	1.2232342857
303	1.2226987105
304	1.2221611237
305	1.2216213289
306	1.2210793614
307	1.2205354320
308	1.2199897389
309	1.2194423849
310	1.2188933947
311	1.2183426601
312	1.2177899172
313	1.2172348708
314	1.2166774030
315	1.2161176423
316	1.2155558605
317	1.2149924021
318	1.2144276611
319	1.2138619847
320	1.2132954802
321	1.2127279975
322	1.2121593201
323	1.2115892058
324	1.2110173543
325	1.2104434847
326	1.2098674330
327	1.2092891271
328	1.2087084693
329	1.2081253696
330	1.2075398478
331	1.2069520211
332	1.2063620646
333	1.2057702312
334	1.2051768569
335	1.2045822151
336	1.2039863805
337	1.2033892619
338	1.2027906450
339	1.2021901531
340	1.2015872934
341	1.2009816850
342	1.2003731781
343	1.1997618612
344	1.1991481496
345	1.1985327476
346	1.1979164109
347	1.1972997142
348	1.1966830328
349	1.1960666036
350	1.1954504538
351	1.1948343900
352	1.1942180880
353	1.1936011487
354	1.1929831394
355	1.1923637175
356	1.1917427593
357	1.1911202793
358	1.1904963321
359	1.1898710617
360	1.1892446882
361	1.1886173741
362	1.1879892181
363	1.1873604058
364	1.1867311997
365	1.1861018539
366	1.1854726101
367	1.1848436057
368	1.1842147548
369	1.1835857560
370	1.1829562186
371	1.1823257426
372	1.1816939854
373	1.1810608236
374	1.1804263764
375	1.1797908935
376	1.1791547132
377	1.1785182549
378	1.1778819026
379	1.1772458820
380	1.1766103198
381	1.1759752659
382	1.1753406292
383	1.1747062492
384	1.1740720274
385	1.1734379362
386	1.1728040199
387	1.1721704855
388	1.1715376322
389	1.1709057156
390	1.1702749470
391	1.1696454245
392	1.1690170140
393	1.1683893531
394	1.1677619613
395	1.1671342862
396	1.1665057699
397	1.1658760730
398	1.1652451556
399	1.1646132089
400	1.1639806352
401	1.1633479953
402	1.1627158494
403	1.1620846355
404	1.1614546303
405	1.1608258020
406	1.1601977401
407	1.1595698686
408	1.1589416945
409	1.1583129501
410	1.1576836401
411	1.1570539256
412	1.1564239393
413	1.1557938495
414	1.1551639915
415	1.1545347475
416	1.1539063744
417	1.1532788853
418	1.1526520129
419	1.1520253532
420	1.1513985925
421	1.1507715473
422	1.1501440427
423	1.1495159734
424	1.1488873996
425	1.1482584770
426	1.1476294079
427	1.1470004691
428	1.1463720589
429	1.1457447132
430	1.1451190150
431	1.1444953320
432	1.1438737045
433	1.1432540283
434	1.1426361275
435	1.1420196893
436	1.1414043151
437	1.1407896523
438	1.1401754705
439	1.1395616940
440	1.1389483181
441	1.1383352939
442	1.1377226396
443	1.1371104977
444	1.1364989840
445	1.1358881631
446	1.1352781689
447	1.1346692132
448	1.1340614577
449	1.1334549528
450	1.1328496221
451	1.1322453054
452	1.1316418383
453	1.1310389965
454	1.1304365082
455	1.1298342100
456	1.1292320722
457	1.1286300774
458	1.1280282216
459	1.1274265961
460	1.1268253593
461	1.1262247150
462	1.1256249083
463	1.1250262182
464	1.1244289500
465	1.1238333147
466	1.1232393046
467	1.1226467774
468	1.1220555625
469	1.1214653797
470	1.1208758659
471	1.1202867393
472	1.1196978366
473	1.1191091210
474	1.1185206949
475	1.1179327491
476	1.1173454646
477	1.1167589140
478	1.1161730350
479	1.1155877433
480	1.1150030396
481	1.1144188980
482	1.1138352076
483	1.1132518942
484	1.1126689795
485	1.1120865922
486	1.1115050015
487	1.1109245617
488	1.1103455653
489	1.1097681883
490	1.1091925119
491	1.1086185527
492	1.1080462497
493	1.1074753519
494	1.1069054548
495	1.1063361969
496	1.1057673357
497	1.1051987404
498	1.1046304352
499	1.1040625317
500	1.1034950987
501	1.1029282093
502	1.1023620090
503	1.1017966877
504	1.1012324020
505	1.1006691864
506	1.1001069568
507	1.0995455412
508	1.0989846699
509	1.0984240365
510	1.0978634446
511	1.0973028274
512	1.0967421778
513	1.0961815505
514	1.0956209954
515	1.0950604961
516	1.0945000459
517	1.0939396933
518	1.0933794857
519	1.0928194294
520	1.0922595025
521	1.0916996383
522	1.0911396869
523	1.0905794031
524	1.0900185484
525	1.0894569994
526	1.0888946985
527	1.0883316203
528	1.0877678114
529	1.0872033520
530	1.0866383081
531	1.0860727729
532	1.0855068856
533	1.0849408226
534	1.0843747877
535	1.0838089447
536	1.0832433870
537	1.0826781285
538	1.0821130695
539	1.0815479787
540	1.0809824941
541	1.0804162047
542	1.0798487864
543	1.0792800536
544	1.0787099178
545	1.0781383966
546	1.0775656066
547	1.0769916798
548	1.0764167615
549	1.0758410361
550	1.0752646615
551	1.0746876967
552	1.0741101060
553	1.0735317879
554	1.0729525670
555	1.0723721842
556	1.0717903703
557	1.0712069804
558	1.0706220369
559	1.0700356790
560	1.0694480712
561	1.0688593004
562	1.0682693764
563	1.0676783002
564	1.0670860724
565	1.0664926801
566	1.0658980990
567	1.0653022692
568	1.0647051317
569	1.0641066895
570	1.0635069785
571	1.0629060422
572	1.0623039533
573	1.0617008387
574	1.0610968467
575	1.0604920666
576	1.0598865212
577	1.0592801968
578	1.0586730129
579	1.0580647922
580	1.0574552925
581	1.0568442332
582	1.0562313394
583	1.0556164336
584	1.0549994753
585	1.0543805544
586	1.0537598845
587	1.0531377686
588	1.0525145271
589	1.0518904147
590	1.0512655649
591	1.0506399850
592	1.0500135699
593	1.0493861154
594	1.0487573743
595	1.0481271315
596	1.0474952477
597	1.0468616633
598	1.0462263825
599	1.0455894698
600	1.0449510328
601	1.0443111585
602	1.0436698657
603	1.0430270918
604	1.0423826696
605	1.0417363632
606	1.0410879477
607	1.0404372568
608	1.0397842222
609	1.0391288831
610	1.0384713468
611	1.0378117397
612	1.0371501992
613	1.0364869005
614	1.0358220344
615	1.0351557621
616	1.0344882146
617	1.0338194727
618	1.0331495240
619	1.0324782802
620	1.0318056377
621	1.0311315336
622	1.0304559480
623	1.0297788439
624	1.0291001375
625	1.0284197426
626	1.0277376245
627	1.0270538171
628	1.0263683871
629	1.0256813762
630	1.0249927934
631	1.0243026615
632	1.0236110510
633	1.0229180564
634	1.0222237427
635	1.0215281291
636	1.0208312030
637	1.0201329422
638	1.0194333264
639	1.0187323173
640	1.0180298795
641	1.0173260383
642	1.0166208641
643	1.0159144045
644	1.0152067128
645	1.0144979040
646	1.0137881225
647	1.0130774694
648	1.0123659360
649	1.0116533949
650	1.0109396343
651	1.0102243941
652	1.0095074162
653	1.0087885081
654	1.0080676138
655	1.0073448502
656	1.0066204307
657	1.0058945517
658	1.0051673422
659	1.0044388516
660	1.0037090692
661	1.0029779136
662	1.0022452275
663	1.0015108768
664	1.0007748166
665	1.0000370419
666	0.9992975537
667	0.9985563930
668	0.9978136862
669	0.9970696353
670	0.9963244345
671	0.9955782392
672	0.9948312074
673	0.9940834542
674	0.9933349612
675	0.9925855772
676	0.9918350986
677	0.9910833011
678	0.9903299373
679	0.9895747983
680	0.9888177649
681	0.9880587926
682	0.9872978638
683	0.9865349108
684	0.9857697951
685	0.9850024200
686	0.9842328130
687	0.9834610928
688	0.9826874525
689	0.9819121319
690	0.9811353580
691	0.9803573203
692	0.9795781790
693	0.9787980711
694	0.9780170479
695	0.9772349833
696	0.9764516294
697	0.9756667666
698	0.9748802611
699	0.9740920277
700	0.9733020158
701	0.9725102772
702	0.9717169777
703	0.9709223216
704	0.9701265408
705	0.9693299012
706	0.9685326653
707	0.9677350238
708	0.9669370180
709	0.9661385176
710	0.9653392285
711	0.9645387301
712	0.9637366466
713	0.9629328017
714	0.9621271789
715	0.9613198502
716	0.9605109308
717	0.9597005305
718	0.9588887279
719	0.9580755568
720	0.9572610448
721	0.9564452924
722	0.9556284866
723	0.9548107825
724	0.9539922086
725	0.9531727016
726	0.9523521105
727	0.9515301641
728	0.9507065627
729	0.9498810942
730	0.9490536420
731	0.9482241930
732	0.9473928563
733	0.9465598532
734	0.9457254876
735	0.9448900790
736	0.9440539281
737	0.9432172710
738	0.9423801732
739	0.9415425496
740	0.9407042859
741	0.9398652587
742	0.9390253419
743	0.9381844785
744	0.9373427306
745	0.9365002306
746	0.9356570645
747	0.9348132482
748	0.9339687292
749	0.9331233485
750	0.9322768545
751	0.9314289836
752	0.9305795308
753	0.9297283305
754	0.9288752693
755	0.9280204167
756	0.9271640447
757	0.9263064915
758	0.9254480807
759	0.9245890613
760	0.9237295864
761	0.9228697627
762	0.9220096519
763	0.9211492966
764	0.9202887182
765	0.9194278776
766	0.9185667604
767	0.9177054206
768	0.9168438709
769	0.9159820556
770	0.9151199853
771	0.9142577849
772	0.9133956107
773	0.9125336039
774	0.9116718594
775	0.9108103515
776	0.9099489512
777	0.9090874926
778	0.9082257520
779	0.9073634574
780	0.9065003996
781	0.9056366079
782	0.9047723952
783	0.9039081867
784	0.9030444348
785	0.9021815984
786	0.9013199599
787	0.9004595203
788	0.8996000882
789	0.8987413687
790	0.8978830669
791	0.8970249487
792	0.8961668385
793	0.8953085904
794	0.8944500502
795	0.8935911420
796	0.8927319335
797	0.8918725712
798	0.8910132903
799	0.8901544913
800	0.8892966553
801	0.8884401383
802	0.8875851209
803	0.8867316861
804	0.8858798104
805	0.8850293597
806	0.8841801709
807	0.8833320734
808	0.8824849146
809	0.8816385824
810	0.8807929718
811	0.8799480021
812	0.8791036218
813	0.8782598633
814	0.8774168768
815	0.8765748379
816	0.8757339991
817	0.8748947652
818	0.8740574937
819	0.8732223331
820	0.8723892985
821	0.8715583341
822	0.8707292971
823	0.8699019791
824	0.8690761918
825	0.8682518143
826	0.8674288286
827	0.8666073781
828	0.8657877195
829	0.8649700873
830	0.8641545833
831	0.8633412107
832	0.8625299627
833	0.8617208477
834	0.8609139100
835	0.8601091160
836	0.8593061958
837	0.8585048507
838	0.8577050502
839	0.8569069482
840	0.8561106692
841	0.8553161884
842	0.8545233549
843	0.8537319991
844	0.8529419876
845	0.8521532762
846	0.8513658256
847	0.8505794764
848	0.8497940347
849	0.8490093675
850	0.8482254106
851	0.8474422285
852	0.8466600298
853	0.8458790873
854	0.8450996633
855	0.8443219089
856	0.8435457775
857	0.8427711394
858	0.8419980414
859	0.8412267163
860	0.8404573924
861	0.8396902377
862	0.8389253801
863	0.8381628908
864	0.8374027235
865	0.8366447605
866	0.8358889430
867	0.8351352306
868	0.8343835346
869	0.8336337146
870	0.8328855075
871	0.8321386109
872	0.8313928730
873	0.8306482972
874	0.8299049995
875	0.8291631542
876	0.8284228997
877	0.8276843212
878	0.8269475117
879	0.8262126216
880	0.8254798151
881	0.8247492430
882	0.8240210461
883	0.8232952809
884	0.8225718811
885	0.8218507742
886	0.8211319304
887	0.8204151985
888	0.8197002760
889	0.8189869371
890	0.8182751159
891	0.8175647991
892	0.8168559965
893	0.8161487194
894	0.8154430176
895	0.8147390825
896	0.8140372376
897	0.8133378991
898	0.8126414831
899	0.8119482728
900	0.8112583169
901	0.8105713959
902	0.8098871423
903	0.8092051524
904	0.8085250660
905	0.8078467506
906	0.8071702952
907	0.8064958266
908	0.8058235003
909	0.8051534714
910	0.8044857802
911	0.8038203874
912	0.8031572626
913	0.8024963516
914	0.8018375433
915	0.8011807439
916	0.8005258629
917	0.7998727317
918	0.7992211530
919	0.7985710463
920	0.7979225160
921	0.7972757549
922	0.7966309409
923	0.7959882179
924	0.7953476724
925	0.7947093232
926	0.7940731102
927	0.7934389378
928	0.7928068413
929	0.7921769496
930	0.7915493327
931	0.7909240361
932	0.7903010564
933	0.7896802586
934	0.7890614114
935	0.7884442723
936	0.7878286419
937	0.7872144155
938	0.7866016743
939	0.7859906768
940	0.7853817329
941	0.7847751495
942	0.7841711785
943	0.7835698834
944	0.7829711323
945	0.7823747180
946	0.7817804419
947	0.7811881594
948	0.7805978080
949	0.7800093430
950	0.7794227007
951	0.7788378932
952	0.7782550235
953	0.7776742615
954	0.7770958038
955	0.7765197825
956	0.7759463152
957	0.7753755958
958	0.7748078630
959	0.7742433099
960	0.7736819663
961	0.7731235878
962	0.7725676564
963	0.7720136221
964	0.7714611828
965	0.7709101569
966	0.7703602930
967	0.7698114166
968	0.7692635955
969	0.7687172025
970	0.7681728204
971	0.7676309259
972	0.7670916558
973	0.7665548786
974	0.7660204265
975	0.7654882543
976	0.7649584128
977	0.7644308901
978	0.7639055536
979	0.7633822541
980	0.7628609046
981	0.7623414582
982	0.7618239093
983	0.7613083530
984	0.7607950320
985	0.7602842555
986	0.7597762174
987	0.7592708655
988	0.7587679656
989	0.7582673750
990	0.7577690818
991	0.7572730212
992	0.7567790934
993	0.7562872342
994	0.7557974396
995	0.7553097973
996	0.7548243868
997	0.7543411909
998	0.7538601657
999	0.7533812886
1000	0.7529044652
1001	0.7524294638
1002	0.7519560731
1003	0.7514842667
1004	0.7510141942
1005	0.7505461332
1006	0.7500803954
1007	0.7496172392
1008	0.7491568385
1009	0.7486992193
1010	0.7482441895
1011	0.7477914003
1012	0.7473405281
1013	0.7468913959
1014	0.7464439412
1015	0.7459980534
1016	0.7455535475
1017	0.7451103246
1018	0.7446683453
1019	0.7442274848
1020	0.7437875955
1021	0.7433485959
1022	0.7429104513
1023	0.7424731537
1024	0.7420367499
1025	0.7416014026
1026	0.7411674125
1027	0.7407351677
1028	0.7403049538
1029	0.7398768428
1030	0.7394507959
1031	0.7390266599
1032	0.7386041660
1033	0.7381830838
1034	0.7377632885
1035	0.7373447342
1036	0.7369273974
1037	0.7365112120
1038	0.7360961512
1039	0.7356823298
1040	0.7352699299
1041	0.7348590782
1042	0.7344498304
1043	0.7340422440
1044	0.7336364017
1045	0.7332323381
1046	0.7328299490
1047	0.7324290224
1048	0.7320293007
1049	0.7316304647
1050	0.7312321946
1051	0.7308343336
1052	0.7304369631
1053	0.7300402748
1054	0.7296444527
1055	0.7292496807
1056	0.7288561214
1057	0.7284638902
1058	0.7280729910
1059	0.7276832156
1060	0.7272942347
1061	0.7269057131
1062	0.7265172954
1063	0.7261287006
1064	0.7257398463
1065	0.7253508413
1066	0.7249619072
1067	0.7245733589
1068	0.7241856026
1069	0.7237990256
1070	0.7234138947
1071	0.7230303202
1072	0.7226482535
1073	0.7222675015
1074	0.7218877402
1075	0.7215086164
1076	0.7211299125
1077	0.7207516047
1078	0.7203738009
1079	0.7199966443
1080	0.7196202588
1081	0.7192447548
1082	0.7188701919
1083	0.7184965147
1084	0.7181236451
1085	0.7177516211
1086	0.7173805089
1087	0.7170103073
1088	0.7166410065
1089	0.7162726079
1090	0.7159051141
1091	0.7155385166
1092	0.7151728173
1093	0.7148080725
1094	0.7144443598
1095	0.7140817057
1096	0.7137200999
1097	0.7133596137
1098	0.7130003716
1099	0.7126423863
1100	0.7122855687
1101	0.7119297463
1102	0.7115746058
1103	0.7112198154
1104	0.7108651809
1105	0.7105106963
1106	0.7101565186
1107	0.7098028874
1108	0.7094501110
1109	0.7090985293
1110	0.7087483881
1111	0.7083997904
1112	0.7080527572
1113	0.7077072539
1114	0.7073631852
1115	0.7070204310
1116	0.7066788959
1117	0.7063385270
1118	0.7059992309
1119	0.7056607834
1120	0.7053228821
1121	0.7049852338
1122	0.7046475700
1123	0.7043097143
1124	0.7039716983
1125	0.7036337328
1126	0.7032960704
1127	0.7029589826
1128	0.7026227567
1129	0.7022876350
1130	0.7019538191
1131	0.7016214171
1132	0.7012904230
1133	0.7009607671
1134	0.7006322412
1135	0.7003045038
1136	0.6999772567
1137	0.6996503768
1138	0.6993239620
1139	0.6989983594
1140	0.6986741154
1141	0.6983517842
1142	0.6980317635
1143	0.6977142767
1144	0.6973993565
1145	0.6970868066
1146	0.6967762409
1147	0.6964672265
1148	0.6961593692
1149	0.6958522565
1150	0.6955455344
1151	0.6952390986
1152	0.6949331321
1153	0.6946280358
1154	0.6943243638
1155	0.6940227048
1156	0.6937235141
1157	0.6934269974
1158	0.6931330775
1159	0.6928414818
1160	0.6925517914
1161	0.6922634915
1162	0.6919762300
1163	0.6916899392
1164	0.6914047163
1165	0.6911207806
1166	0.6908384205
1167	0.6905578368
1168	0.6902791055
1169	0.6900023392
1170	0.6897277817
1171	0.6894556602
1172	0.6891860385
1173	0.6889187970
1174	0.6886537892
1175	0.6883910203
1176	0.6881305664
1177	0.6878725052
1178	0.6876169136
1179	0.6873638412
1180	0.6871134559
1181	0.6868661568
1182	0.6866223982
1183	0.6863823906
1184	0.6861459590
1185	0.6859127028
1186	0.6856822718
1187	0.6854545104
1188	0.6852294726
1189	0.6850072923
1190	0.6847880060
1191	0.6845715834
1192	0.6843580611
1193	0.6841474949
1194	0.6839399268
1195	0.6837355098
1196	0.6835345414
1197	0.6833373388
1198	0.6831440683
1199	0.6829547083
1200	0.6827691568
1201	0.6825872966
1202	0.6824089116
1203	0.6822336417
1204	0.6820611132
1205	0.6818909953
1206	0.6817231269
1207	0.6815577311
1208	0.6813952708
1209	0.6812362596
1210	0.6810812918
1211	0.6809309052
1212	0.6807853862
1213	0.6806447834
1214	0.6805090828
1215	0.6803783362
1216	0.6802526221
1217	0.6801319776
1218	0.6800163102
1219	0.6799053571
1220	0.6797988379
1221	0.6796967158
1222	0.6795992206
1223	0.6795065835
1224	0.6794189683
1225	0.6793365475
1226	0.6792593827
1227	0.6791873109
1228	0.6791200637
1229	0.6790574357
1230	0.6789992796
1231	0.6789454445
1232	0.6788958858
1233	0.6788507833
1234	0.6788104161
1235	0.6787750370
1236	0.6787448818
1237	0.6787201389
1238	0.6787010142
1239	0.6786877721
1240	0.6786804779
1241	0.6786789004
1242	0.6786826583
1243	0.6786913283
1244	0.6787045728
1245	0.6787221596
1246	0.6787439875
1247	0.6787701898
1248	0.6788010786
1249	0.6788369653
1250	0.6788780922
1251	0.6789246886
1252	0.6789769424
1253	0.6790350270
1254	0.6790991055
1255	0.6791690957
1256	0.6792446980
1257	0.6793256516
1258	0.6794116958
1259	0.6795025085
1260	0.6795978317
1261	0.6796976163
1262	0.6798020025
1263	0.6799111569
1264	0.6800252444
1265	0.6801443997
1266	0.6802686255
1267	0.6803978658
1268	0.6805321645
1269	0.6806716456
1270	0.6808163987
1271	0.6809664016
1272	0.6811215158
1273	0.6812816103
1274	0.6814466514
1275	0.6816167322
1276	0.6817920836
1277	0.6819730300
1278	0.6821599494
1279	0.6823531137
1280	0.6825524685
1281	0.6827577468
1282	0.6829687688
1283	0.6831854143
1284	0.6834074800
1285	0.6836348653
1286	0.6838676296
1287	0.6841057430
1288	0.6843490904
1289	0.6845975135
1290	0.6848507331
1291	0.6851084017
1292	0.6853701348
1293	0.6856356002
1294	0.6859046750
1295	0.6861775599
1296	0.6864547567
1297	0.6867367906
1298	0.6870239961
1299	0.6873166109
1300	0.6876148701
1301	0.6879189170
1302	0.6882287761
1303	0.6885443815
1304	0.6888655042
1305	0.6891918111
1306	0.6895230813
1307	0.6898592558
1308	0.6902003038
1309	0.6905460860
1310	0.6908964149
1311	0.6912513178
1312	0.6916111999
1313	0.6919766885
1314	0.6923482586
1315	0.6927260699
1316	0.6931101498
1317	0.6935005538
1318	0.6938973083
1319	0.6943003517
1320	0.6947094260
1321	0.6951239878
1322	0.6955434496
1323	0.6959674117
1324	0.6963956936
1325	0.6968283005
1326	0.6972654407
1327	0.6977076782
1328	0.6981557452
1329	0.6986101055
1330	0.6990709399
1331	0.6995382812
1332	0.7000119813
1333	0.7004917338
1334	0.7009771071
1335	0.7014674768
1336	0.7019621458
1337	0.7024606889
1338	0.7029630283
1339	0.7034693387
1340	0.7039799828
1341	0.7044953479
1342	0.7050158125
1343	0.7055417238
1344	0.7060732347
1345	0.7066102442
1346	0.7071525671
1347	0.7077001946
1348	0.7082532738
1349	0.7088118680
1350	0.7093759593
1351	0.7099455615
1352	0.7105206238
1353	0.7111009151
1354	0.7116860755
1355	0.7122758172
1356	0.7128701170
1357	0.7134691449
1358	0.7140729945
1359	0.7146815491
1360	0.7152945969
1361	0.7159119616
1362	0.7165333974
1363	0.7171585476
1364	0.7177871871
1365	0.7184193362
1366	0.7190552506
1367	0.7196954494
1368	0.7203405621
1369	0.7209910651
1370	0.7216472592
1371	0.7223092906
1372	0.7229769453
1373	0.7236496995
1374	0.7243270325
1375	0.7250086122
1376	0.7256943516
1377	0.7263843069
1378	0.7270786340
1379	0.7277776270
1380	0.7284815927
1381	0.7291907844
1382	0.7299054331
1383	0.7306257334
1384	0.7313517873
1385	0.7320834211
1386	0.7328201583
1387	0.7335615326
1388	0.7343073279
1389	0.7350574976
1390	0.7358120102
1391	0.7365707588
1392	0.7373335768
1393	0.7381004376
1394	0.7388714923
1395	0.7396468799
1396	0.7404266860
1397	0.7412110347
1398	0.7420000361
1399	0.7427936687
1400	0.7435918656
1401	0.7443946252
1402	0.7452018727
1403	0.7460133367
1404	0.7468287596
1405	0.7476481385
1406	0.7484716927
1407	0.7492997034
1408	0.7501323442
1409	0.7509696355
1410	0.7518114862
1411	0.7526576448
1412	0.7535077270
1413	0.7543613941
1414	0.7552185485
1415	0.7560792774
1416	0.7569435113
1417	0.7578110137
1418	0.7586815658
1419	0.7595549730
1420	0.7604311714
1421	0.7613103010
1422	0.7621926613
1423	0.7630787487
1424	0.7639691969
1425	0.7648644837
1426	0.7657648062
1427	0.7666702295
1428	0.7675807138
1429	0.7684960772
1430	0.7694159687
1431	0.7703398330
1432	0.7712670745
1433	0.7721972519
1434	0.7731301590
1435	0.7740658953
1436	0.7750047677
1437	0.7759470288
1438	0.7768926769
1439	0.7778415431
1440	0.7787935348
1441	0.7797486347
1442	0.7807068133
1443	0.7816681124
1444	0.7826326107
1445	0.7836002377
1446	0.7845708277
1447	0.7855442968
1448	0.7865206195
1449	0.7874996752
1450	0.7884812321
1451	0.7894650913
1452	0.7904511570
1453	0.7914394231
1454	0.7924298839
1455	0.7934224854
1456	0.7944172478
1457	0.7954142547
1458	0.7964134737
1459	0.7974147566
1460	0.7984179774
1461	0.7994230296
1462	0.8004297392
1463	0.8014378932
1464	0.8024473589
1465	0.8034582015
1466	0.8044706396
1467	0.8054849093
1468	0.8065013081
1469	0.8075201533
1470	0.8085415912
1471	0.8095655474
1472	0.8105917904
1473	0.8116200283
1474	0.8126499115
1475	0.8136810292
1476	0.8147130392
1477	0.8157457119
1478	0.8167788907
1479	0.8178125157
1480	0.8188466204
1481	0.8198813086
1482	0.8209167469
1483	0.8219530691
1484	0.8229903144
1485	0.8240284820
1486	0.8250675306
1487	0.8261073827
1488	0.8271480374
1489	0.8281896022
1490	0.8292321933
1491	0.8302758584
1492	0.8313205573
1493	0.8323661369
1494	0.8334123539
1495	0.8344590051
1496	0.8355060271
1497	0.8365534527
1498	0.8376013205
1499	0.8386496358
1500	0.8396983675
1501	0.8407475372
1502	0.8417972825
1503	0.8428478050
1504	0.8438993778
1505	0.8449522885
1506	0.8460066568
1507	0.8470623603
1508	0.8481191646
1509	0.8491768250
1510	0.8502350088
1511	0.8512933713
1512	0.8523517762
1513	0.8534103369
1514	0.8544693445
1515	0.8555291255
1516	0.8565899099
1517	0.8576518139
1518	0.8587148377
1519	0.8597789515
1520	0.8608442133
1521	0.8619106502
1522	0.8629780749
1523	0.8640462029
1524	0.8651148571
1525	0.8661839805
1526	0.8672535850
1527	0.8683236611
1528	0.8693941220
1529	0.8704648669
1530	0.8715358285
1531	0.8726069572
1532	0.8736781662
1533	0.8747492914
1534	0.8758201297
1535	0.8768905427
1536	0.8779605559
1537	0.8790303410
1538	0.8801001007
1539	0.8811700472
1540	0.8822403940
1541	0.8833112160
1542	0.8843823741
1543	0.8854536013
1544	0.8865246344
1545	0.8875953019
1546	0.8886655225
1547	0.8897352675
1548	0.8908045357
1549	0.8918733699
1550	0.8929419073
1551	0.8940103840
1552	0.8950790819
1553	0.8961482490
1554	0.8972180778
1555	0.8982887032
1556	0.8993601194
1557	0.9004321607
1558	0.9015046234
1559	0.9025773661
1560	0.9036502869
1561	0.9047232902
1562	0.9057962979
1563	0.9068692687
1564	0.9079422396
1565	0.9090153255
1566	0.9100886791
1567	0.9111624341
1568	0.9122366210
1569	0.9133111714
1570	0.9143859772
1571	0.9154608910
1572	0.9165357301
1573	0.9176103287
1574	0.9186845957
1575	0.9197584901
1576	0.9208319620
1577	0.9219049739
1578	0.9229775243
1579	0.9240496332
1580	0.9251213670
1581	0.9261928599
1582	0.9272642926
1583	0.9283358469
1584	0.9294076267
1585	0.9304796279
1586	0.9315517933
1587	0.9326240618
1588	0.9336964045
1589	0.9347688360
1590	0.9358413697
1591	0.9369139888
1592	0.9379866899
1593	0.9390594976
1594	0.9401324172
1595	0.9412054469
1596	0.9422786357
1597	0.9433520544
1598	0.9444257095
1599	0.9454995505
1600	0.9465735197
1601	0.9476475329
1602	0.9487214678
1603	0.9497951832
1604	0.9508685418
1605	0.9519414640
1606	0.9530139633
1607	0.9540861402
1608	0.9551581468
1609	0.9562301508
1610	0.9573023140
1611	0.9583747669
1612	0.9594475770
1613	0.9605207226
1614	0.9615941257
1615	0.9626676982
1616	0.9637413449
1617	0.9648149956
1618	0.9658886277
1619	0.9669622511
1620	0.9680358928
1621	0.9691095695
1622	0.9701832695
1623	0.9712569650
1624	0.9723306082
1625	0.9734041421
1626	0.9744775387
1627	0.9755507797
1628	0.9766238338
1629	0.9776966824
1630	0.9787693238
1631	0.9798417765
1632	0.9809141010
1633	0.9819863792
1634	0.9830586678
1635	0.9841309871
1636	0.9852033512
1637	0.9862757893
1638	0.9873483437
1639	0.9884210772
1640	0.9894940490
1641	0.9905672390
1642	0.9916405278
1643	0.9927137564
1644	0.9937867937
1645	0.9948595534
1646	0.9959319752
1647	0.9970040667
1648	0.9980759382
1649	0.9991477527
1650	1.0002196666
1651	1.0012917874
1652	1.0023641490
1653	1.0034367317
1654	1.0045095103
1655	1.0055824606
1656	1.0066555420
1657	1.0077287167
1658	1.0088019603
1659	1.0098752567
1660	1.0109486059
1661	1.0120220155
1662	1.0130954617
1663	1.0141688625
1664	1.0152421208
1665	1.0163151942
1666	1.0173880928
1667	1.0184608177
1668	1.0195333591
1669	1.0206057538
1670	1.0216780752
1671	1.0227504037
1672	1.0238228243
1673	1.0248954109
1674	1.0259682230
1675	1.0270412989
1676	1.0281146311
1677	1.0291881514
1678	1.0302617372
1679	1.0313352606
1680	1.0324086347
1681	1.0334818232
1682	1.0345548353
1683	1.0356277206
1684	1.0367005575
1685	1.0377734251
1686	1.0388463796
1687	1.0399194532
1688	1.0409926295
1689	1.0420658447
1690	1.0431390500
1691	1.0442122134
1692	1.0452852950
1693	1.0463582803
1694	1.0474311830
1695	1.0485040109
1696	1.0495767664
1697	1.0506494520
1698	1.0517220598
1699	1.0527945780
1700	1.0538669911
1701	1.0549392607
1702	1.0560113468
1703	1.0570832543
1704	1.0581550470
1705	1.0592268146
1706	1.0602986360
1707	1.0613705564
1708	1.0624425810
1709	1.0635147002
1710	1.0645868805
1711	1.0656590621
1712	1.0667311874
1713	1.0678031961
1714	1.0688750231
1715	1.0699465847
1716	1.0710177815
1717	1.0720885786
1718	1.0731590699
1719	1.0742294216
1720	1.0752997794
1721	1.0763702793
1722	1.0774410846
1723	1.0785123333
1724	1.0795840564
1725	1.0806561642
1726	1.0817285016
1727	1.0828008572
1728	1.0838729709
1729	1.0849446540
1730	1.0860158542
1731	1.0870865946
1732	1.0881569408
1733	1.0892269843
1734	1.0902968413
1735	1.0913667329
1736	1.0924369688
1737	1.0935078048
1738	1.0945793432
1739	1.0956514694
1740	1.0967238609
1741	1.0977961065
1742	1.0988678336
1743	1.0999387771
1744	1.1010087912
1745	1.1020778649
1746	1.1031461741
1747	1.1042140310
1748	1.1052817621
1749	1.1063496626
1750	1.1074179408
1751	1.1084866447
1752	1.1095556623
1753	1.1106248087
1754	1.1116938957
1755	1.1127627098
1756	1.1138310392
1757	1.1148987130
1758	1.1159655787
1759	1.1170315462
1760	1.1180966206
1761	1.1191609005
1762	1.1202246164
1763	1.1212880969
1764	1.1223516203
1765	1.1234153204
1766	1.1244792385
1767	1.1255433557
1768	1.1266075244
1769	1.1276714366
1770	1.1287347483
1771	1.1297972329
1772	1.1308587526
1773	1.1319191804
1774	1.1329784469
1775	1.1340366627
1776	1.1350941717
1777	1.1361514450
1778	1.1372088408
1779	1.1382664166
1780	1.1393239970
1781	1.1403813377
1782	1.1414381925
1783	1.1424943590
1784	1.1435497292
1785	1.1446042931
1786	1.1456580636
1787	1.1467110180
1788	1.1477631786
1789	1.1488146566
1790	1.1498655805
1791	1.1509160671
1792	1.1519662188
1793	1.1530161152
1794	1.1540658198
1795	1.1551153465
1796	1.1561646051
1797	1.1572134036
1798	1.1582615087
1799	1.1593086786
1800	1.1603546617
1801	1.1613992660
1802	1.1624423543
1803	1.1634837968
1804	1.1645235650
1805	1.1655617084
1806	1.1665982148
1807	1.1676329958
1808	1.1686659066
1809	1.1696967137
1810	1.1707250979
1811	1.1717507262
1812	1.1727733798
1813	1.1737930780
1814	1.1748100484
1815	1.1758246369
1816	1.1768372573
1817	1.1778483331
1818	1.1788582814
1819	1.1798674602
1820	1.1808760669
1821	1.1818841520
1822	1.1828917660
1823	1.1838989968
1824	1.1849058100
1825	1.1859120522
1826	1.1869175846
1827	1.1879222751
1828	1.1889259635
1829	1.1899284493
1830	1.1909295395
1831	1.1919291396
1832	1.1929272002
1833	1.1939235880
1834	1.1949180904
1835	1.1959105320
1836	1.1969008305
1837	1.1978889856
1838	1.1988751355
1839	1.1998596041
1840	1.2008427397
1841	1.2018246970
1842	1.2028054782
1843	1.2037850869
1844	1.2047635269
1845	1.2057407498
1846	1.2067166167
1847	1.2076908285
1848	1.2086629673
1849	1.2096325879
1850	1.2105992773
1851	1.2115627969
1852	1.2125231004
1853	1.2134801497
1854	1.2144338737
1855	1.2153842896
1856	1.2163315499
1857	1.2172758820
1858	1.2182174822
1859	1.2191564679
1860	1.2200928946
1861	1.2210267816
1862	1.2219581338
1863	1.2228868631
1864	1.2238127104
1865	1.2247353735
1866	1.2256546207
1867	1.2265702683
1868	1.2274821399
1869	1.2283900100
1870	1.2292936126
1871	1.2301927547
1872	1.2310874624
1873	1.2319779732
1874	1.2328645906
1875	1.2337476278
1876	1.2346273681
1877	1.2355039963
1878	1.2363775790
1879	1.2372480380
1880	1.2381151157
1881	1.2389784119
1882	1.2398375212
1883	1.2406921747
1884	1.2415422204
1885	1.2423875237
1886	1.2432280229
1887	1.2440638310
1888	1.2448951732
1889	1.2457222621
1890	1.2465452444
1891	1.2473642371
1892	1.2481793821
1893	1.2489908172
1894	1.2497986040
1895	1.2506026932
1896	1.2514029303
1897	1.2521990769
1898	1.2529908780
1899	1.2537781550
1900	1.2545608149
1901	1.2553388078
1902	1.2561121012
1903	1.2568806543
1904	1.2576443839
1905	1.2584031918
1906	1.2591570979
1907	1.2599063093
1908	1.2606511314
1909	1.2613918330
1910	1.2621285552
1911	1.2628613218
1912	1.2635901000
1913	1.2643147418
1914	1.2650349526
1915	1.2657504286
1916	1.2664609703
1917	1.2671665014
1918	1.2678670864
1919	1.2685629820
1920	1.2692545982
1921	1.2699423775
1922	1.2706267237
1923	1.2713079460
1924	1.2719861599
1925	1.2726611722
1926	1.2733324701
1927	1.2739993732
1928	1.2746612113
1929	1.2753174663
1930	1.2759678786
1931	1.2766124291
1932	1.2772511977
1933	1.2778842733
1934	1.2785117807
1935	1.2791339604
1936	1.2797512020
1937	1.2803639081
1938	1.2809723539
1939	1.2815766668
1940	1.2821768103
1941	1.2827726129
1942	1.2833638800
1943	1.2839504688
1944	1.2845322994
1945	1.2851093549
1946	1.2856816395
1947	1.2862491122
1948	1.2868117234
1949	1.2873694933
1950	1.2879225069
1951	1.2884708772
1952	1.2890147271
1953	1.2895542134
1954	1.2900895532
1955	1.2906209393
1956	1.2911484468
1957	1.2916720261
1958	1.2921915159
1959	1.2927066895
1960	1.2932173584
1961	1.2937234642
1962	1.2942250863
1963	1.2947223832
1964	1.2952155294
1965	1.2957046392
1966	1.2961896767
1967	1.2966704581
1968	1.2971467309
1969	1.2976182497
1970	1.2980848605
1971	1.2985465295
1972	1.2990032769
1973	1.2994551588
1974	1.2999022824
1975	1.3003447506
1976	1.3007826308
1977	1.3012159441
1978	1.3016446223
1979	1.3020685498
1980	1.3024876628
1981	1.3029019275
1982	1.3033112517
1983	1.3037154828
1984	1.3041144683
1985	1.3045080742
1986	1.3048961963
1987	1.3052788380
1988	1.3056561231
1989	1.3060282208
1990	1.3063953112
1991	1.3067575712
1992	1.3071151324
1993	1.3074680008
1994	1.3078160326
1995	1.3081590356
1996	1.3084968449
1997	1.3088293253
1998	1.3091563849
1999	1.3094779786
2000	1.3097940728
2001	1.3101046232
2002	1.3104096265
2003	1.3107091711
2004	1.3110034178
2005	1.3112925619
2006	1.3115768314
2007	1.3118565008
2008	1.3121318459
2009	1.3124030452
2010	1.3126701406
2011	1.3129330675
2012	1.3131916656
2013	1.3134457086
2014	1.3136949598
2015	1.3139391797
2016	1.3141781282
2017	1.3144115898
2018	1.3146394297
2019	1.3148616523
2020	1.3150783918
2021	1.3152898482
2022	1.3154962284
2023	1.3156976945
2024	1.3158942985
2025	1.3160859618
2026	1.3162725626
2027	1.3164540529
2028	1.3166304876
2029	1.3168019962
2030	1.3169687806
2031	1.3171311116
2032	1.3172892797
2033	1.3174435483
2034	1.3175941243
2035	1.3177411217
2036	1.3178845162
2037	1.3180240883
2038	1.3181594134
2039	1.3182899219
2040	1.3184149883
2041	1.3185340407
2042	1.3186466735
2043	1.3187527576
2044	1.3188524753
2045	1.3189462430
2046	1.3190345996
2047	1.3191180930
2048	1.3191971656
2049	1.3192720870
2050	1.3193429218
2051	1.3194094887
2052	1.3194713783
2053	1.3195280734
2054	1.3195791061
2055	1.3196241897
2056	1.3196632497
2057	1.3196963531
2058	1.3197236805
2059	1.3197455570
2060	1.3197624248
2061	1.3197747577
2062	1.3197829237
2063	1.3197870786
2064	1.3197872103
2065	1.3197832490
2066	1.3197751235
2067	1.3197627446
2068	1.3197459872
2069	1.3197247114
2070	1.3196987656
2071	1.3196680079
2072	1.3196323671
2073	1.3195918369
2074	1.3195464141
2075	1.3194961026
2076	1.3194409850
2077	1.3193812370
2078	1.3193170622
2079	1.3192486466
2080	1.3191761222
2081	1.3190995029
2082	1.3190186800
2083	1.3189334809
2084	1.3188436969
2085	1.3187490949
2086	1.3186494660
2087	1.3185446914
2088	1.3184347749
2089	1.3183198206
2090	1.3182000258
2091	1.3180757234
2092	1.3179473374
2093	1.3178152219
2094	1.3176795561
2095	1.3175403462
2096	1.3173974914
2097	1.3172508700
2098	1.3171003698
2099	1.3169458476
2100	1.3167871250
2101	1.3166240840
2102	1.3164566952
2103	1.3162849606
2104	1.3161089454
2105	1.3159288530
2106	1.3157450140
2107	1.3155578228
2108	1.3153676921
2109	1.3151750274
2110	1.3149801778
2111	1.3147833314
2112	1.3145844524
2113	1.3143833399
2114	1.3141797133
2115	1.3139732808
2116	1.3137638116
2117	1.3135511820
2118	1.3133353829
2119	1.3131164951
2120	1.3128946546
2121	1.3126699640
2122	1.3124424302
2123	1.3122120355
2124	1.3119788007
2125	1.3117428035
2126	1.3115041699
2127	1.3112630026
2128	1.3110194022
2129	1.3107735629
2130	1.3105257557
2131	1.3102762679
2132	1.3100253879
2133	1.3097733574
2134	1.3095202871
2135	1.3092661267
2136	1.3090107173
2137	1.3087538446
2138	1.3084952422
2139	1.3082346042
2140	1.3079716748
2141	1.3077063265
2142	1.3074385332
2143	1.3071683315
2144	1.3068958156
2145	1.3066211194
2146	1.3063444122
2147	1.3060658902
2148	1.3057857480
2149	1.3055041683
2150	1.3052212871
2151	1.3049371334
2152	1.3046516069
2153	1.3043645154
2154	1.3040757042
2155	1.3037851568
2156	1.3034929678
2157	1.3031993076
2158	1.3029043731
2159	1.3026083217
2160	1.3023112865
2161	1.3020134168
2162	1.3017148645
2163	1.3014157547
2164	1.3011162148
2165	1.3008163999
2166	1.3005164596
2167	1.3002164486
2168	1.2999162569
2169	1.2996156777
2170	1.2993144915
2171	1.2990125171
2172	1.2987096534
2173	1.2984058687
2174	1.2981011888
2175	1.2977957207
2176	1.2974896492
2177	1.2971831235
2178	1.2968761882
2179	1.2965688940
2180	1.2962613407
2181	1.2959535681
2182	1.2956455042
2183	1.2953370159
2184	1.2950279727
2185	1.2947182558
2186	1.2944077203
2187	1.2940962190
2188	1.2937836790
2189	1.2934701113
2190	1.2931555828
2191	1.2928402216
2192	1.2925242283
2193	1.2922078776
2194	1.2918914732
2195	1.2915752284
2196	1.2912591945
2197	1.2909433132
2198	1.2906274505
2199	1.2903114063
2200	1.2899949762
2201	1.2896780023
2202	1.2893604006
2203	1.2890421702
2204	1.2887233958
2205	1.2884041988
2206	1.2880846140
2207	1.2877645799
2208	1.2874440103
2209	1.2871227970
2210	1.2868008514
2211	1.2864781072
2212	1.2861544515
2213	1.2858298249
2214	1.2855043813
2215	1.2851784471
2216	1.2848523094
2217	1.2845260930
2218	1.2841998514
2219	1.2838736518
2220	1.2835475322
2221	1.2832214557
2222	1.2828953170
2223	1.2825689065
2224	1.2822418901
2225	1.2819139083
2226	1.2815846527
2227	1.2812538899
2228	1.2809215240
2229	1.2805876243
2230	1.2802523941
2231	1.2799161366
2232	1.2795791623
2233	1.2792416940
2234	1.2789039119
2235	1.2785660130
2236	1.2782281554
2237	1.2778904017
2238	1.2775527229
2239	1.2772150065
2240	1.2768770821
2241	1.2765388094
2242	1.2762001020
2243	1.2758608929
2244	1.2755211738
2245	1.2751810264
2246	1.2748405846
2247	1.2744999683
2248	1.2741592430
2249	1.2738184469
2250	1.2734775963
2251	1.2731365962
2252	1.2727952233
2253	1.2724532599
2254	1.2721105711
2255	1.2717671002
2256	1.2714228334
2257	1.2710777324
2258	1.2707317448
2259	1.2703848488
2260	1.2700370408
2261	1.2696883261
2262	1.2693387587
2263	1.2689884825
2264	1.2686376989
2265	1.2682866314
2266	1.2679355191
2267	1.2675845367
2268	1.2672337234
2269	1.2668829785
2270	1.2665320717
2271	1.2661807228
2272	1.2658286831
2273	1.2654757788
2274	1.2651219541
2275	1.2647672293
2276	1.2644116394
2277	1.2640552554
2278	1.2636982304
2279	1.2633407916
2280	1.2629831499
2281	1.2626253680
2282	1.2622673004
2283	1.2619086559
2284	1.2615490848
2285	1.2611882339
2286	1.2608258247
2287	1.2604617165
2288	1.2600958781
2289	1.2597283504
2290	1.2593592758
2291	1.2589889092
2292	1.2586175406
2293	1.2582453960
2294	1.2578726024
2295	1.2574991575
2296	1.2571249386
2297	1.2567497996
2298	1.2563736282
2299	1.2559963482
2300	1.2556178881
2301	1.2552381613
2302	1.2548571333
2303	1.2544748365
2304	1.2540913036
2305	1.2537065535
2306	1.2533206394
2307	1.2529336634
2308	1.2525457258
2309	1.2521568763
2310	1.2517671144
2311	1.2513764238
2312	1.2509847534
2313	1.2505919769
2314	1.2501979278
2315	1.2498024595
2316	1.2494054863
2317	1.2490069974
2318	1.2486070302
2319	1.2482056242
2320	1.2478027692
2321	1.2473983748
2322	1.2469922762
2323	1.2465842912
2324	1.2461742510
2325	1.2457619848
2326	1.2453473666
2327	1.2449303800
2328	1.2445110896
2329	1.2440895866
2330	1.2436659731
2331	1.2432403536
2332	1.2428128294
2333	1.2423835041
2334	1.2419524970
2335	1.2415199263
2336	1.2410858778
2337	1.2406504260
2338	1.2402136566
2339	1.2397756030
2340	1.2393361932
2341	1.2388952981
2342	1.2384527899
2343	1.2380085573
2344	1.2375625591
2345	1.2371148834
2346	1.2366656917
2347	1.2362151303
2348	1.2357632955
2349	1.2353102194
2350	1.2348558818
2351	1.2344002330
2352	1.2339432031
2353	1.2334846825
2354	1.2330245164
2355	1.2325625224
2356	1.2320985149
2357	1.2316324054
2358	1.2311642322
2359	1.2306940932
2360	1.2302221924
2361	1.2297488424
2362	1.2292743065
2363	1.2287986735
2364	1.2283218469
2365	1.2278436042
2366	1.2273636585
2367	1.2268817248
2368	1.2263976200
2369	1.2259113124
2370	1.2254228990
2371	1.2249325726
2372	1.2244405341
2373	1.2239469113
2374	1.2234517663
2375	1.2229550688
2376	1.2224566624
2377	1.2219563304
2378	1.2214538621
2379	1.2209490622
2380	1.2204417743
2381	1.2199319055
2382	1.2194194602
2383	1.2189045850
2384	1.2183875333
2385	1.2178686138
2386	1.2173481601
2387	1.2168264734
2388	1.2163037611
2389	1.2157801038
2390	1.2152554701
2391	1.2147297481
2392	1.2142027517
2393	1.2136742150
2394	1.2131438217
2395	1.2126112879
2396	1.2120764010
2397	1.2115390075
2398	1.2109990733
2399	1.2104567404
2400	1.2099122691
2401	1.2093659702
2402	1.2088181570
2403	1.2082690664
2404	1.2077188307
2405	1.2071675024
2406	1.2066150890
2407	1.2060615884
2408	1.2055069066
2409	1.2049507304
2410	1.2043926178
2411	1.2038321988
2412	1.2032692396
2413	1.2027035961
2414	1.2021351862
2415	1.2015639948
2416	1.2009900375
2417	1.2004133793
2418	1.1998341995
2419	1.1992527215
2420	1.1986691420
2421	1.1980836463
2422	1.1974963951
2423	1.1969074583
2424	1.1963168013
2425	1.1957243675
2426	1.1951300921
2427	1.1945338894
2428	1.1939358139
2429	1.1933361713
2430	1.1927353491
2431	1.1921336119
2432	1.1915310284
2433	1.1909274920
2434	1.1903228111
2435	1.1897167576
2436	1.1891090870
2437	1.1884996385
2438	1.1878884293
2439	1.1872756033
2440	1.1866613094
2441	1.1860456247
2442	1.1854285163
2443	1.1848098898
2444	1.1841896600
2445	1.1835677639
2446	1.1829441439
2447	1.1823187491
2448	1.1816916060
2449	1.1810628412
2450	1.1804326306
2451	1.1798011520
2452	1.1791685542
2453	1.1785349678
2454	1.1779004619
2455	1.1772649972
2456	1.1766284598
2457	1.1759907109
2458	1.1753516712
2459	1.1747113760
2460	1.1740698645
2461	1.1734270683
2462	1.1727828875
2463	1.1721373194
2464	1.1714904827
2465	1.1708425232
2466	1.1701935566
2467	1.1695437105
2468	1.1688930840
2469	1.1682417108
2470	1.1675896860
2471	1.1669371401
2472	1.1662840005
2473	1.1656299823
2474	1.1649747792
2475	1.1643181208
2476	1.1636597630
2477	1.1629995569
2478	1.1623375435
2479	1.1616739632
2480	1.1610091501
2481	1.1603434523
2482	1.1596772480
2483	1.1590109226
2484	1.1583447869
2485	1.1576790166
2486	1.1570136032
2487	1.1563483380
2488	1.1556828546
2489	1.1550166685
2490	1.1543492414
2491	1.1536800993
2492	1.1530088970
2493	1.1523354835
2494	1.1516599536
2495	1.1509825517
2496	1.1503036132
2497	1.1496235688
2498	1.1489428401
2499	1.1482617048
2500	1.1475802646
2501	1.1468984925
2502	1.1462163147
2503	1.1455336852
2504	1.1448505095
2505	1.1441666721
2506	1.1434822493
2507	1.1427974587
2508	1.1421124481
2509	1.1414272131
2510	1.1407416699
2511	1.1400557734
2512	1.1393695403
2513	1.1386830043
2514	1.1379961831
2515	1.1373091634
2516	1.1366221444
2517	1.1359352781
2518	1.1352486502
2519	1.1345624275
2520	1.1338768322
2521	1.1331920382
2522	1.1325081239
2523	1.1318250839
2524	1.1311429029
2525	1.1304616361
2526	1.1297814869
2527	1.1291026960
2528	1.1284253169
2529	1.1277492364
2530	1.1270742902
2531	1.1264003368
2532	1.1257273126
2533	1.1250551366
2534	1.1243836410
2535	1.1237126716
2536	1.1230421504
2537	1.1223720530
2538	1.1217024001
2539	1.1210332503
2540	1.1203646757
2541	1.1196966886
2542	1.1190291936
2543	1.1183621203
2544	1.1176955507
2545	1.1170296733
2546	1.1163647191
2547	1.1157009244
2548	1.1150384861
2549	1.1143775566
2550	1.1137182815
2551	1.1130608083
2552	1.1124052082
2553	1.1117514354
2554	1.1110994070
2555	1.1104490017
2556	1.1097999776
2557	1.1091520287
2558	1.1085049678
2559	1.1078587952
2560	1.1072136849
2561	1.1065700136
2562	1.1059282123
2563	1.1052885409
2564	1.1046511320
2565	1.1040161109
2566	1.1033834801
2567	1.1027530185
2568	1.1021243396
2569	1.1014969498
2570	1.1008704267
2571	1.1002445665
2572	1.0996193591
2573	1.0989950282
2574	1.0983720815
2575	1.0977512004
2576	1.0971329579
2577	1.0965175838
2578	1.0959049829
2579	1.0952948835
2580	1.0946869578
2581	1.0940809307
2582	1.0934766454
2583	1.0928740174
2584	1.0922729234
2585	1.0916731967
2586	1.0910747820
2587	1.0904778139
2588	1.0898825234
2589	1.0892890982
2590	1.0886976239
2591	1.0881080690
2592	1.0875202012
2593	1.0869336578
2594	1.0863481036
2595	1.0857632623
2596	1.0851790320
2597	1.0845955600
2598	1.0840131375
2599	1.0834321369
2600	1.0828530112
2601	1.0822761672
2602	1.0817017662
2603	1.0811297131
2604	1.0805598571
2605	1.0799921536
2606	1.0794265589
2607	1.0788628904
2608	1.0783009204
2609	1.0777404640
2610	1.0771813596
2611	1.0766235046
2612	1.0760669210
2613	1.0755117662
2614	1.0749583108
2615	1.0744068939
2616	1.0738577349
2617	1.0733107286
2618	1.0727655701
2619	1.0722220014
2620	1.0716798813
2621	1.0711391419
2622	1.0705996888
2623	1.0700613994
2624	1.0695242664
2625	1.0689884646
2626	1.0684542599
2627	1.0679218684
2628	1.0673913816
2629	1.0668627596
2630	1.0663358813
2631	1.0658107035
2632	1.0652873299
2633	1.0647658352
2634	1.0642461680
2635	1.0637282348
2636	1.0632119797
2637	1.0626974173
2638	1.0621845819
2639	1.0616735005
2640	1.0611642679
2641	1.0606570087
2642	1.0601518089
2643	1.0596487910
2644	1.0591480517
2645	1.0586494855
2646	1.0581528152
2647	1.0576577639
2648	1.0571641787
2649	1.0566719804
2650	1.0561810918
2651	1.0556915001
2652	1.0552032921
2653	1.0547166224
2654	1.0542316606
2655	1.0537485607
2656	1.0532674688
2657	1.0527885522
2658	1.0523119060
2659	1.0518373911
2660	1.0513646908
2661	1.0508934298
2662	1.0504232516
2663	1.0499538915
2664	1.0494851632
2665	1.0490170021
2666	1.0485495336
2667	1.0480829811
2668	1.0476175582
2669	1.0471534903
2670	1.0466910263
2671	1.0462304535
2672	1.0457721267
2673	1.0453163065
2674	1.0448630360
2675	1.0444122225
2676	1.0439636474
2677	1.0435169870
2678	1.0430719150
2679	1.0426281040
2680	1.0421852370
2681	1.0417431013
2682	1.0413016551
2683	1.0408610324
2684	1.0404215427
2685	1.0399835813
2686	1.0395473554
2687	1.0391128112
2688	1.0386798675
2689	1.0382485159
2690	1.0378187804
2691	1.0373906904
2692	1.0369642548
2693	1.0365393969
2694	1.0361158867
2695	1.0356934327
2696	1.0352718167
2697	1.0348509350
2698	1.0344308168
2699	1.0340115750
2700	1.0335933412
2701	1.0331762773
2702	1.0327605861
2703	1.0323465035
2704	1.0319342106
2705	1.0315237659
2706	1.0311151423
2707	1.0307081997
2708	1.0303026824
2709	1.0298983444
2710	1.0294950572
2711	1.0290928849
2712	1.0286921282
2713	1.0282931707
2714	1.0278963051
2715	1.0275017115
2716	1.0271093781
2717	1.0267190371
2718	1.0263302703
2719	1.0259426914
2720	1.0255560159
2721	1.0251700361
2722	1.0247846382
2723	1.0243997842
2724	1.0240154521
2725	1.0236316366
2726	1.0232483394
2727	1.0228655012
2728	1.0224830278
2729	1.0221008878
2730	1.0217190814
2731	1.0213375865
2732	1.0209564036
2733	1.0205756023
2734	1.0201953122
2735	1.0198156681
2736	1.0194367296
2737	1.0190584479
2738	1.0186807391
2739	1.0183035338
2740	1.0179267559
2741	1.0175503125
2742	1.0171741092
2743	1.0167981126
2744	1.0164223727
2745	1.0160469630
2746	1.0156719658
2747	1.0152974076
2748	1.0149230979
2749	1.0145487009
2750	1.0141739636
2751	1.0137987783
2752	1.0134231134
2753	1.0130469861
2754	1.0126705336
2755	1.0122939991
2756	1.0119176329
2757	1.0115416765
2758	1.0111663476
2759	1.0107917702
2760	1.0104179169
2761	1.0100446476
2762	1.0096717922
2763	1.0092991462
2764	1.0089263925
2765	1.0085530890
2766	1.0081788484
2767	1.0078035045
2768	1.0074270810
2769	1.0070497490
2770	1.0066717725
2771	1.0062934151
2772	1.0059148934
2773	1.0055363513
2774	1.0051578861
2775	1.0047795511
2776	1.0044012884
2777	1.0040229396
2778	1.0036442992
2779	1.0032651085
2780	1.0028850970
2781	1.0025040680
2782	1.0021219037
2783	1.0017385875
2784	1.0013542453
2785	1.0009690875
2786	1.0005833543
2787	1.0001973021
2788	0.9998111364
2789	0.9994248922
2790	0.9990383690
2791	0.9986511851
2792	0.9982629249
2793	0.9978733011
2794	0.9974821947
2795	0.9970895940
2796	0.9966955938
2797	0.9963003912
2798	0.9959041776
2799	0.9955070216
2800	0.9951088301
2801	0.9947094292
2802	0.9943086333
2803	0.9939062247
2804	0.9935020153
2805	0.9930959381
2806	0.9926880140
2807	0.9922783030
2808	0.9918669316
2809	0.9914540790
2810	0.9910398694
2811	0.9906243094
2812	0.9902073233
2813	0.9897888121
2814	0.9893687033
2815	0.9889469730
2816	0.9885235974
2817	0.9880985372
2818	0.9876717763
2819	0.9872433081
2820	0.9868131630
2821	0.9863814048
2822	0.9859480670
2823	0.9855131604
2824	0.9850766660
2825	0.9846385150
2826	0.9841985846
2827	0.9837566865
2828	0.9833125797
2829	0.9828659935
2830	0.9824166887
2831	0.9819645433
2832	0.9815095741
2833	0.9810518933
2834	0.9805916356
2835	0.9801288601
2836	0.9796635702
2837	0.9791958706
2838	0.9787260126
2839	0.9782543242
2840	0.9777811569
2841	0.9773068433
2842	0.9768316596
2843	0.9763557545
2844	0.9758791406
2845	0.9754017821
2846	0.9749235501
2847	0.9744441509
2848	0.9739632256
2849	0.9734804558
2850	0.9729956202
2851	0.9725086669
2852	0.9720196498
2853	0.9715286191
2854	0.9710357278
2855	0.9705412682
2856	0.9700455161
2857	0.9695486744
2858	0.9690508897
2859	0.9685522899
2860	0.9680529852
2861	0.9675529577
2862	0.9670520074
2863	0.9665497828
2864	0.9660458122
2865	0.9655395765
2866	0.9650306321
2867	0.9645187628
2868	0.9640040083
2869	0.9634866044
2870	0.9629669330
2871	0.9624453507
2872	0.9619220899
2873	0.9613973860
2874	0.9608716104
2875	0.9603451434
2876	0.9598181127
2877	0.9592904249
2878	0.9587619389
2879	0.9582324645
2880	0.9577017063
2881	0.9571693270
2882	0.9566351112
2883	0.9560990404
2884	0.9555612171
2885	0.9550217579
2886	0.9544807712
2887	0.9539383965
2888	0.9533947837
2889	0.9528500284
2890	0.9523041746
2891	0.9517571305
2892	0.9512085518
2893	0.9506580715
2894	0.9501055213
2895	0.9495508160
2896	0.9489939325
2897	0.9484350383
2898	0.9478744769
2899	0.9473126483
2900	0.9467499447
2901	0.9461867260
2902	0.9456232885
2903	0.9450598449
2904	0.9444964530
2905	0.9439328961
2906	0.9433687152
2907	0.9428034217
2908	0.9422366331
2909	0.9416680869
2910	0.9410976365
2911	0.9405252882
2912	0.9399512246
2913	0.9393757525
2914	0.9387992893
2915	0.9382223563
2916	0.9376454222
2917	0.9370687205
2918	0.9364922262
2919	0.9359156777
2920	0.9353386171
2921	0.9347605429
2922	0.9341811170
2923	0.9336003324
2924	0.9330184907
2925	0.9324359386
2926	0.9318528238
2927	0.9312691141
2928	0.9306846933
2929	0.9300994059
2930	0.9295131894
2931	0.9289260923
2932	0.9283380961
2933	0.9277490555
2934	0.9271587121
2935	0.9265667436
2936	0.9259728784
2937	0.9253769351
2938	0.9247788185
2939	0.9241784976
2940	0.9235760268
2941	0.9229716016
2942	0.9223655627
2943	0.9217583632
2944	0.9211504768
2945	0.9205423330
2946	0.9199342851
2947	0.9193265124
2948	0.9187189465
2949	0.9181113381
2950	0.9175033762
2951	0.9168947367
2952	0.9162851996
2953	0.9156748072
2954	0.9150638115
2955	0.9144524790
2956	0.9138409960
2957	0.9132295265
2958	0.9126182054
2959	0.9120069839
2960	0.9113956096
2961	0.9107838157
2962	0.9101715124
2963	0.9095588532
2964	0.9089460105
2965	0.9083328818
2966	0.9077192201
2967	0.9071049388
2968	0.9064902227
2969	0.9058754974
2970	0.9052612237
2971	0.9046476571
2972	0.9040348756
2973	0.9034228836
2974	0.9028116051
2975	0.9022008792
2976	0.9015904456
2977	0.9009800258
2978	0.9003694397
2979	0.8997586342
2980	0.8991477153
2981	0.8985368915
2982	0.8979263344
2983	0.8973161141
2984	0.8967063021
2985	0.8960970165
2986	0.8954882736
2987	0.8948799236
2988	0.8942717128
2989	0.8936633827
2990	0.8930547729
2991	0.8924458475
2992	0.8918367045
2993	0.8912275919
2994	0.8906188783
2995	0.8900110264
2996	0.8894045246
2997	0.8887997219
2998	0.8881967636
2999	0.8875955968
