0	1.2500000087
1	1.2501977704
2	1.2503933975
3	1.2505871870
4	1.2507795257
5	1.2509708190
6	1.2511614308
7	1.2513516409
8	1.2515416227
9	1.2517314427
10	1.2519210785
11	1.2521104491
12	1.2522994502
13	1.2524879868
14	1.2526759976
15	1.2528634663
16	1.2530504213
17	1.2532369237
18	1.2534230493
19	1.2536088689
20	1.2537944318
21	1.2539797554
22	1.2541648240
23	1.2543495948
24	1.2545340093
25	1.2547180086
26	1.2549015458
27	1.2550845961
28	1.2552671593
29	1.2554492577
30	1.2556309274
31	1.2558122077
32	1.2559931297
33	1.2561737080
34	1.2563539355
35	1.2565337849
36	1.2567132139
37	1.2568921736
38	1.2570706182
39	1.2572485136
40	1.2574258424
41	1.2576026052
42	1.2577788171
43	1.2579545011
44	1.2581296800
45	1.2583043678
46	1.2584785641
47	1.2586522511
48	1.2588253960
49	1.2589979551
50	1.2591698822
51	1.2593411349
52	1.2595116815
53	1.2596815034
54	1.2598505962
55	1.2600189664
56	1.2601866263
57	1.2603535869
58	1.2605198510
59	1.2606854088
60	1.2608502361
61	1.2610142961
62	1.2611775434
63	1.2613399304
64	1.2615014168
65	1.2616619780
66	1.2618216080
67	1.2619803130
68	1.2621381030
69	1.2622949861
70	1.2624509674
71	1.2626060456
72	1.2627602059
73	1.2629134201
74	1.2630656560
75	1.2632168871
76	1.2633670874
77	1.2635162204
78	1.2636642368
79	1.2638110897
80	1.2639567537
81	1.2641012358
82	1.2642445719
83	1.2643868030
84	1.2645279479
85	1.2646679995
86	1.2648069454
87	1.2649447721
88	1.2650814419
89	1.2652168857
90	1.2653510286
91	1.2654838104
92	1.2656151731
93	1.2657450497
94	1.2658733870
95	1.2660001750
96	1.2661254364
97	1.2662491803
98	1.2663713782
99	1.2664919824
100	1.2666109408
101	1.2667281800
102	1.2668436093
103	1.2669571551
104	1.2670687628
105	1.2671783670
106	1.2672858943
107	1.2673912821
108	1.2674944740
109	1.2675954211
110	1.2676941006
111	1.2677905065
112	1.2678846293
113	1.2679764523
114	1.2680659411
115	1.2681530284
116	1.2682376272
117	1.2683196554
118	1.2683990459
119	1.2684757557
120	1.2685497711
121	1.2686211011
122	1.2686897620
123	1.2687557630
124	1.2688191059
125	1.2688797783
126	1.2689377193
127	1.2689928073
128	1.2690449012
129	1.2690939093
130	1.2691398636
131	1.2691829198
132	1.2692232126
133	1.2692606940
134	1.2692951235
135	1.2693262187
136	1.2693538632
137	1.2693781879
138	1.2693994381
139	1.2694178141
140	1.2694334233
141	1.2694462541
142	1.2694561358
143	1.2694627372
144	1.2694656529
145	1.2694645981
146	1.2694595377
147	1.2694506278
148	1.2694381257
149	1.2694223536
150	1.2694036194
151	1.2693820834
152	1.2693576473
153	1.2693299629
154	1.2692985549
155	1.2692629188
156	1.2692226146
157	1.2691774239
158	1.2691274342
159	1.2690729830
160	1.2690145567
161	1.2689526937
162	1.2688878688
163	1.2688203397
164	1.2687500493
165	1.2686766624
166	1.2685996213
167	1.2685182026
168	1.2684316855
169	1.2683395458
170	1.2682415505
171	1.2681377762
172	1.2680286103
173	1.2679147080
174	1.2677968287
175	1.2676756496
176	1.2675516807
177	1.2674251814
178	1.2672960900
179	1.2671640691
180	1.2670285943
181	1.2668890328
182	1.2667447441
183	1.2665951965
184	1.2664400514
185	1.2662791677
186	1.2661126183
187	1.2659407053
188	1.2657638589
189	1.2655825508
190	1.2653972679
191	1.2652084289
192	1.2650163168
193	1.2648210779
194	1.2646227301
195	1.2644211689
196	1.2642162038
197	1.2640076553
198	1.2637954068
199	1.2635793847
200	1.2633595737
201	1.2631359711
202	1.2629085191
203	1.2626771372
204	1.2624417271
205	1.2622021469
206	1.2619582387
207	1.2617098668
208	1.2614569540
209	1.2611994860
210	1.2609374830
211	1.2606709475
212	1.2603998502
213	1.2601242720
214	1.2598444947
215	1.2595609061
216	1.2592738830
217	1.2589836906
218	1.2586904951
219	1.2583944937
220	1.2580959079
221	1.2577948321
222	1.2574911091
223	1.2571843762
224	1.2568742416
225	1.2565604155
226	1.2562427774
227	1.2559213747
228	1.2555963958
229	1.2552681248
230	1.2549367651
231	1.2546023312
232	1.2542647174
233	1.2539237436
234	1.2535791686
235	1.2532306905
236	1.2528779757
237	1.2525207567
238	1.2521588796
239	1.2517923188
240	1.2514212279
241	1.2510460058
242	1.2506672425
243	1.2502855165
244	1.2499012815
245	1.2495148052
246	1.2491260727
247	1.2487348036
248	1.2483405619
249	1.2479429304
250	1.2475416563
251	1.2471366774
252	1.2467281613
253	1.2463164937
254	1.2459021453
255	1.2454855396
256	1.2450670108
257	1.2446467987
258	1.2442249841
259	1.2438014915
260	1.2433761496
261	1.2429486683
262	1.2425186539
263	1.2420856863
264	1.2416494197
265	1.2412096469
266	1.2407662686
267	1.2403193050
268	1.2398688862
269	1.2394151795
270	1.2389583988
271	1.2384988159
272	1.2380366731
273	1.2375720544
274	1.2371048716
275	1.2366349652
276	1.2361621944
277	1.2356865182
278	1.2352079445
279	1.2347263705
280	1.2342415580
281	1.2337533191
282	1.2332617615
283	1.2327672289
284	1.2322699802
285	1.2317699962
286	1.2312670400
287	1.2307609489
288	1.2302518505
289	1.2297400460
290	1.2292257776
291	1.2287091798
292	1.2281903936
293	1.2276695645
294	1.2271467653
295	1.2266220641
296	1.2260956535
297	1.2255678479
298	1.2250388604
299	1.2245086213
300	1.2239768527
301	1.2234432633
302	1.2229076760
303	1.2223699756
304	1.2218301139
305	1.2212882237
306	1.2207445165
307	1.2201990664
308	1.2196517709
309	1.2191024971
310	1.2185511798
311	1.2179977862
312	1.2174423356
313	1.2168849621
314	1.2163258798
315	1.2157652159
316	1.2152029198
317	1.2146389073
318	1.2140731902
319	1.2135058510
320	1.2129369934
321	1.2123668047
322	1.2117955365
323	1.2112232526
324	1.2106497371
325	1.2100746278
326	1.2094975023
327	1.2089179229
328	1.2083355444
329	1.2077502963
330	1.2071624099
331	1.2065722651
332	1.2059802833
333	1.2053868727
334	1.2047923163
335	1.2041966259
336	1.2035995836
337	1.2030008997
338	1.2024002373
339	1.2017972180
340	1.2011915635
341	1.2005832376
342	1.1999723759
343	1.1993592241
344	1.1987441861
345	1.1981277064
346	1.1975101410
347	1.1968918213
348	1.1962731613
349	1.1956545815
350	1.1950363020
351	1.1944183038
352	1.1938003659
353	1.1931820644
354	1.1925628621
355	1.1919422809
356	1.1913199914
357	1.1906957718
358	1.1900695871
359	1.1894416989
360	1.1888125597
361	1.1881826756
362	1.1875525908
363	1.1869228105
364	1.1862935636
365	1.1856647382
366	1.1850360132
367	1.1844069374
368	1.1837770666
369	1.1831461366
370	1.1825141108
371	1.1818810947
372	1.1812472769
373	1.1806129181
374	1.1799782105
375	1.1793432063
376	1.1787079263
377	1.1780724117
378	1.1774366721
379	1.1768007175
380	1.1761646656
381	1.1755286729
382	1.1748928565
383	1.1742573634
384	1.1736223643
385	1.1729879843
386	1.1723543427
387	1.1717216023
388	1.1710898532
389	1.1704590705
390	1.1698291778
391	1.1691999692
392	1.1685710914
393	1.1679421692
394	1.1673128944
395	1.1666830255
396	1.1660524380
397	1.1654212030
398	1.1647894684
399	1.1641573684
400	1.1635250850
401	1.1628928341
402	1.1622608107
403	1.1616292048
404	1.1609981796
405	1.1603677434
406	1.1597377765
407	1.1591081621
408	1.1584787487
409	1.1578492942
410	1.1572194966
411	1.1565890617
412	1.1559578730
413	1.1553262197
414	1.1546947060
415	1.1540638843
416	1.1534340689
417	1.1528053004
418	1.1521773988
419	1.1515500937
420	1.1509230479
421	1.1502957682
422	1.1496676734
423	1.1490384033
424	1.1484079654
425	1.1477766705
426	1.1471451101
427	1.1465140812
428	1.1458844340
429	1.1452569031
430	1.1446319105
431	1.1440094301
432	1.1433891379
433	1.1427706396
434	1.1421534562
435	1.1415370620
436	1.1409210775
437	1.1403053501
438	1.1396898979
439	1.1390748267
440	1.1384602368
441	1.1378462336
442	1.1372330347
443	1.1366208431
444	1.1360096912
445	1.1353995565
446	1.1347904433
447	1.1341823005
448	1.1335749872
449	1.1329683710
450	1.1323623845
451	1.1317570142
452	1.1311522385
453	1.1305479196
454	1.1299438897
455	1.1293400717
456	1.1287364139
457	1.1281328747
458	1.1275295517
459	1.1269266845
460	1.1263245080
461	1.1257232049
462	1.1251229075
463	1.1245237076
464	1.1239256666
465	1.1233287686
466	1.1227329766
467	1.1221383443
468	1.1215449200
469	1.1209525844
470	1.1203611409
471	1.1197704157
472	1.1191802062
473	1.1185903238
474	1.1180006552
475	1.1174111596
476	1.1168218580
477	1.1162328272
478	1.1156442241
479	1.1150562871
480	1.1144692025
481	1.1138829400
482	1.1132973631
483	1.1127123989
484	1.1121280106
485	1.1115442105
486	1.1109611339
487	1.1103790255
488	1.1097981864
489	1.1092189349
490	1.1086414967
491	1.1080658932
492	1.1074919158
493	1.1069191846
494	1.1063473292
495	1.1057760436
496	1.1052049773
497	1.1046338168
498	1.1040625027
499	1.1034912553
500	1.1029204691
501	1.1023506037
502	1.1017819806
503	1.1012146578
504	1.1006484785
505	1.1000831798
506	1.0995185120
507	1.0989542559
508	1.0983901983
509	1.0978261761
510	1.0972620856
511	1.0966978117
512	1.0961332790
513	1.0955685775
514	1.0950038968
515	1.0944394353
516	1.0938753774
517	1.0933118090
518	1.0927486592
519	1.0921857446
520	1.0916228293
521	1.0910596502
522	1.0904959400
523	1.0899314685
524	1.0893661070
525	1.0887998194
526	1.0882326129
527	1.0876646048
528	1.0870960373
529	1.0865271616
530	1.0859581850
531	1.0853892693
532	1.0848204719
533	1.0842517385
534	1.0836829745
535	1.0831141043
536	1.0825451149
537	1.0819760136
538	1.0814067518
539	1.0808372010
540	1.0802671557
541	1.0796964051
542	1.0791247980
543	1.0785522233
544	1.0779785918
545	1.0774038697
546	1.0768280551
547	1.0762511480
548	1.0756732064
549	1.0750943300
550	1.0745145801
551	1.0739339797
552	1.0733525467
553	1.0727702797
554	1.0721871221
555	1.0716029710
556	1.0710177204
557	1.0704312592
558	1.0698434310
559	1.0692540933
560	1.0686632189
561	1.0680709209
562	1.0674774231
563	1.0668829418
564	1.0662875515
565	1.0656911856
566	1.0650937109
567	1.0644949776
568	1.0638948821
569	1.0632933976
570	1.0626905728
571	1.0620865731
572	1.0614816639
573	1.0608761081
574	1.0602700520
575	1.0596634857
576	1.0590562869
577	1.0584482212
578	1.0578389387
579	1.0572280853
580	1.0566154263
581	1.0560008597
582	1.0553843952
583	1.0547661437
584	1.0541462802
585	1.0535250212
586	1.0529026035
587	1.0522792294
588	1.0516550220
589	1.0510300172
590	1.0504041674
591	1.0497773409
592	1.0491493369
593	1.0485199543
594	1.0478890841
595	1.0472567231
596	1.0466229254
597	1.0459877678
598	1.0453513340
599	1.0447136806
600	1.0440747762
601	1.0434344808
602	1.0427926030
603	1.0421489394
604	1.0415032786
605	1.0408554587
606	1.0402054200
607	1.0395531828
608	1.0388988021
609	1.0382423287
610	1.0375838174
611	1.0369233690
612	1.0362611548
613	1.0355973834
614	1.0349322144
615	1.0342657272
616	1.0335979468
617	1.0329288444
618	1.0322583606
619	1.0315864530
620	1.0309130801
621	1.0302381636
622	1.0295616095
623	1.0288833745
624	1.0282035025
625	1.0275220764
626	1.0268391479
627	1.0261547298
628	1.0254688221
629	1.0247814246
630	1.0240925373
631	1.0234021302
632	1.0227101121
633	1.0220163723
634	1.0213208818
635	1.0206237547
636	1.0199251939
637	1.0192253888
638	1.0185244442
639	1.0178223613
640	1.0171190852
641	1.0164145525
642	1.0157087047
643	1.0150015348
644	1.0142931276
645	1.0135835744
646	1.0128728857
647	1.0121610266
648	1.0114479683
649	1.0107336960
650	1.0100181842
651	1.0093013849
652	1.0085832392
653	1.0078636681
654	1.0071425619
655	1.0064197764
656	1.0056951489
657	1.0049685924
658	1.0042401630
659	1.0035100058
660	1.0027782817
661	1.0020451269
662	1.0013106500
663	1.0005749220
664	0.9998379117
665	0.9990995104
666	0.9983596440
667	0.9976182924
668	0.9968754347
669	0.9961310403
670	0.9953851169
671	0.9946377715
672	0.9938891922
673	0.9931395525
674	0.9923889838
675	0.9916375746
676	0.9908852870
677	0.9901318767
678	0.9893769577
679	0.9886201334
680	0.9878610376
681	0.9870993737
682	0.9863349972
683	0.9855679425
684	0.9847984011
685	0.9840266641
686	0.9832530166
687	0.9824777129
688	0.9817010416
689	0.9809232893
690	0.9801446497
691	0.9793651704
692	0.9785847070
693	0.9778029303
694	0.9770194320
695	0.9762339146
696	0.9754463213
697	0.9746567585
698	0.9738653692
699	0.9730723390
700	0.9722779291
701	0.9714824254
702	0.9706860379
703	0.9698888935
704	0.9690910876
705	0.9682926299
706	0.9674934165
707	0.9666933058
708	0.9658921911
709	0.9650900227
710	0.9642867575
711	0.9634823131
712	0.9626765779
713	0.9618693915
714	0.9610605825
715	0.9602501189
716	0.9594381219
717	0.9586247499
718	0.9578101456
719	0.9569944290
720	0.9561776880
721	0.9553599424
722	0.9545411213
723	0.9537210941
724	0.9528997432
725	0.9520769660
726	0.9512526028
727	0.9504264979
728	0.9495986299
729	0.9487690773
730	0.9479379460
731	0.9471053929
732	0.9462715799
733	0.9454365933
734	0.9446004408
735	0.9437630705
736	0.9429244096
737	0.9420843977
738	0.9412430474
739	0.9404005394
740	0.9395571788
741	0.9387132801
742	0.9378691486
743	0.9370250064
744	0.9361808416
745	0.9353363783
746	0.9344911933
747	0.9336448509
748	0.9327969330
749	0.9319471057
750	0.9310952317
751	0.9302413592
752	0.9293856526
753	0.9285283705
754	0.9276698926
755	0.9268106519
756	0.9259509566
757	0.9250909532
758	0.9242306970
759	0.9233701111
760	0.9225089793
761	0.9216470277
762	0.9207840053
763	0.9199198343
764	0.9190546950
765	0.9181890126
766	0.9173233644
767	0.9164582429
768	0.9155939084
769	0.9147304391
770	0.9138677443
771	0.9130055254
772	0.9121434069
773	0.9112811100
774	0.9104184227
775	0.9095551457
776	0.9086911620
777	0.9078264419
778	0.9069610246
779	0.9060951014
780	0.9052289932
781	0.9043630271
782	0.9034974648
783	0.9026325428
784	0.9017685365
785	0.9009056124
786	0.9000436712
787	0.8991824639
788	0.8983216962
789	0.8974610141
790	0.8966000973
791	0.8957387515
792	0.8948769371
793	0.8940147748
794	0.8931524965
795	0.8922903789
796	0.8914286518
797	0.8905675244
798	0.8897072708
799	0.8888481474
800	0.8879902763
801	0.8871336906
802	0.8862784176
803	0.8854244042
804	0.8845714489
805	0.8837193333
806	0.8828679441
807	0.8820172685
808	0.8811674103
809	0.8803185331
810	0.8794707659
811	0.8786241959
812	0.8777788284
813	0.8769345963
814	0.8760914028
815	0.8752491932
816	0.8744080692
817	0.8735681908
818	0.8727296677
819	0.8718926952
820	0.8710575631
821	0.8702244705
822	0.8693935285
823	0.8685648529
824	0.8677385060
825	0.8669144110
826	0.8660923937
827	0.8652722355
828	0.8644537027
829	0.8636366419
830	0.8628210069
831	0.8620068417
832	0.8611943014
833	0.8603836941
834	0.8595754651
835	0.8587699983
836	0.8579674304
837	0.8571675939
838	0.8563699456
839	0.8555737465
840	0.8547785193
841	0.8539841494
842	0.8531906521
843	0.8523980408
844	0.8516063705
845	0.8508158488
846	0.8500267625
847	0.8492393030
848	0.8484534336
849	0.8476688487
850	0.8468851718
851	0.8461021936
852	0.8453199090
853	0.8445384938
854	0.8437582641
855	0.8429795243
856	0.8422024573
857	0.8414271417
858	0.8406535904
859	0.8398818115
860	0.8391119955
861	0.8383445287
862	0.8375796982
863	0.8368175487
864	0.8360579815
865	0.8353008620
866	0.8345459866
867	0.8337930229
868	0.8330416408
869	0.8322915981
870	0.8315427018
871	0.8307948594
872	0.8300480834
873	0.8293024898
874	0.8285583853
875	0.8278161446
876	0.8270760255
877	0.8263381693
878	0.8256026217
879	0.8248693283
880	0.8241382150
881	0.8234093095
882	0.8226827147
883	0.8219584884
884	0.8212365633
885	0.8205166912
886	0.8197985009
887	0.8190817321
888	0.8183664420
889	0.8176528888
890	0.8169412642
891	0.8162316770
892	0.8155242222
893	0.8148188983
894	0.8141156321
895	0.8134143661
896	0.8127150875
897	0.8120179067
898	0.8113230381
899	0.8106307457
900	0.8099413023
901	0.8092548711
902	0.8085714177
903	0.8078907215
904	0.8072125080
905	0.8065365206
906	0.8058624409
907	0.8051899950
908	0.8045191498
909	0.8038500351
910	0.8031828526
911	0.8025178683
912	0.8018553051
913	0.8011952729
914	0.8005377867
915	0.7998827090
916	0.7992296761
917	0.7985782435
918	0.7979280771
919	0.7972790145
920	0.7966311306
921	0.7959847854
922	0.7953405554
923	0.7946990061
924	0.7940604602
925	0.7934249520
926	0.7927922782
927	0.7921620830
928	0.7915339692
929	0.7909075704
930	0.7902827135
931	0.7896594710
932	0.7890379644
933	0.7884183130
934	0.7878006278
935	0.7871849066
936	0.7865710770
937	0.7859591453
938	0.7853492164
939	0.7847414134
940	0.7841358701
941	0.7835327261
942	0.7829320198
943	0.7823336495
944	0.7817374769
945	0.7811433904
946	0.7805512993
947	0.7799611365
948	0.7793728695
949	0.7787865097
950	0.7782021362
951	0.7776198658
952	0.7770398064
953	0.7764621685
954	0.7758872751
955	0.7753154072
956	0.7747467139
957	0.7741811351
958	0.7736184413
959	0.7730583886
960	0.7725007399
961	0.7719452124
962	0.7713914848
963	0.7708392509
964	0.7702882814
965	0.7697385188
966	0.7691901700
967	0.7686434906
968	0.7680984936
969	0.7675551181
970	0.7670135005
971	0.7664739962
972	0.7659370431
973	0.7654029004
974	0.7648714783
975	0.7643424815
976	0.7638156686
977	0.7632909227
978	0.7627681567
979	0.7622472232
980	0.7617279995
981	0.7612106023
982	0.7606954105
983	0.7601828497
984	0.7596732225
985	0.7591666414
986	0.7586630132
987	0.7581620634
988	0.7576633896
989	0.7571665784
990	0.7566713527
991	0.7561777836
992	0.7556862636
993	0.7551971167
994	0.7547104421
995	0.7542262384
996	0.7537444646
997	0.7532650568
998	0.7527878764
999	0.7523126730
1000	0.7518392132
1001	0.7513673785
1002	0.7508971097
1003	0.7504283734
1004	0.7499612976
1005	0.7494962589
1006	0.7490337063
1007	0.7485739592
1008	0.7481171303
1009	0.7476631542
1010	0.7472118706
1011	0.7467630490
1012	0.7463163471
1013	0.7458713205
1014	0.7454275507
1015	0.7449847416
1016	0.7445427275
1017	0.7441014150
1018	0.7436607614
1019	0.7432208948
1020	0.7427820906
1021	0.7423445647
1022	0.7419084754
1023	0.7414739928
1024	0.7410411988
1025	0.7406100247
1026	0.7401803376
1027	0.7397520770
1028	0.7393252902
1029	0.7389000811
1030	0.7384764820
1031	0.7380543682
1032	0.7376336192
1033	0.7372142010
1034	0.7367960851
1035	0.7363793058
1036	0.7359640080
1037	0.7355503588
1038	0.7351384475
1039	0.7347282290
1040	0.7343195998
1041	0.7339124873
1042	0.7335067697
1043	0.7331022386
1044	0.7326987397
1045	0.7322962829
1046	0.7318949883
1047	0.7314949665
1048	0.7310962174
1049	0.7306986657
1050	0.7303022842
1051	0.7299070759
1052	0.7295130018
1053	0.7291199869
1054	0.7287279617
1055	0.7283368486
1056	0.7279465496
1057	0.7275570089
1058	0.7271681783
1059	0.7267799394
1060	0.7263921173
1061	0.7260045151
1062	0.7256170305
1063	0.7252297251
1064	0.7248426955
1065	0.7244560612
1066	0.7240700484
1067	0.7236849142
1068	0.7233008262
1069	0.7229178742
1070	0.7225361479
1071	0.7221556739
1072	0.7217763235
1073	0.7213978719
1074	0.7210201248
1075	0.7206429771
1076	0.7202663807
1077	0.7198903296
1078	0.7195148850
1079	0.7191401445
1080	0.7187661936
1081	0.7183931119
1082	0.7180209999
1083	0.7176499804
1084	0.7172801347
1085	0.7169113918
1086	0.7165435451
1087	0.7161764090
1088	0.7158098344
1089	0.7154437110
1090	0.7150781355
1091	0.7147134114
1092	0.7143498771
1093	0.7139877854
1094	0.7136272513
1095	0.7132682504
1096	0.7129106261
1097	0.7125541427
1098	0.7121985664
1099	0.7118437437
1100	0.7114895723
1101	0.7111358496
1102	0.7107823063
1103	0.7104287739
1104	0.7100752386
1105	0.7097219181
1106	0.7093692808
1107	0.7090178880
1108	0.7086682133
1109	0.7083205163
1110	0.7079748779
1111	0.7076312933
1112	0.7072896197
1113	0.7069495414
1114	0.7066106741
1115	0.7062726340
1116	0.7059350611
1117	0.7055977279
1118	0.7052606144
1119	0.7049238683
1120	0.7045876740
1121	0.7042521302
1122	0.7039172634
1123	0.7035830502
1124	0.7032493807
1125	0.7029161316
1126	0.7025833035
1127	0.7022509993
1128	0.7019193010
1129	0.7015882938
1130	0.7012581174
1131	0.7009288610
1132	0.7006005500
1133	0.7002731876
1134	0.6999467594
1135	0.6996213065
1136	0.6992969153
1137	0.6989737002
1138	0.6986518611
1139	0.6983316247
1140	0.6980131329
1141	0.6976964468
1142	0.6973816082
1143	0.6970686029
1144	0.6967572961
1145	0.6964474883
1146	0.6961389784
1147	0.6958315475
1148	0.6955249860
1149	0.6952192009
1150	0.6949142539
1151	0.6946102648
1152	0.6943074162
1153	0.6940060300
1154	0.6937064609
1155	0.6934089451
1156	0.6931135849
1157	0.6928203441
1158	0.6925290157
1159	0.6922393054
1160	0.6919509391
1161	0.6916637558
1162	0.6913777610
1163	0.6910930651
1164	0.6908099047
1165	0.6905285951
1166	0.6902493084
1167	0.6899720680
1168	0.6896968871
1169	0.6894237716
1170	0.6891527105
1171	0.6888837287
1172	0.6886168588
1173	0.6883520180
1174	0.6880891035
1175	0.6878282465
1176	0.6875698740
1177	0.6873145335
1178	0.6870625763
1179	0.6868140867
1180	0.6865690471
1181	0.6863273720
1182	0.6860889381
1183	0.6858535898
1184	0.6856210349
1185	0.6853909178
1186	0.6851630795
1187	0.6849376841
1188	0.6847150587
1189	0.6844953992
1190	0.6842786962
1191	0.6840649190
1192	0.6838541790
1193	0.6836468138
1194	0.6834433195
1195	0.6832440196
1196	0.6830488660
1197	0.6828575829
1198	0.6826697667
1199	0.6824849140
1200	0.6823025522
1201	0.6821224399
1202	0.6819446797
1203	0.6817696066
1204	0.6815975671
1205	0.6814288409
1206	0.6812637614
1207	0.6811026341
1208	0.6809455278
1209	0.6807923487
1210	0.6806429010
1211	0.6804969924
1212	0.6803547591
1213	0.6802166648
1214	0.6800832308
1215	0.6799549457
1216	0.6798322415
1217	0.6797153604
1218	0.6796042184
1219	0.6794985209
1220	0.6793979686
1221	0.6793023059
1222	0.6792113234
1223	0.6791248753
1224	0.6790428193
1225	0.6789649455
1226	0.6788911595
1227	0.6788216785
1228	0.6787569137
1229	0.6786973026
1230	0.6786432397
1231	0.6785949141
1232	0.6785521009
1233	0.6785142492
1234	0.6784809069
1235	0.6784520330
1236	0.6784278587
1237	0.6784086446
1238	0.6783946709
1239	0.6783861883
1240	0.6783833353
1241	0.6783861583
1242	0.6783944777
1243	0.6784079143
1244	0.6784261832
1245	0.6784491197
1246	0.6784766039
1247	0.6785085827
1248	0.6785451636
1249	0.6785866985
1250	0.6786336606
1251	0.6786864618
1252	0.6787453744
1253	0.6788104926
1254	0.6788816399
1255	0.6789584335
1256	0.6790405043
1257	0.6791274922
1258	0.6792190738
1259	0.6793151385
1260	0.6794157106
1261	0.6795208400
1262	0.6796306248
1263	0.6797451627
1264	0.6798645095
1265	0.6799887356
1266	0.6801180787
1267	0.6802529262
1268	0.6803935663
1269	0.6805400736
1270	0.6806923226
1271	0.6808499284
1272	0.6810123343
1273	0.6811791128
1274	0.6813501788
1275	0.6815258406
1276	0.6817066417
1277	0.6818931590
1278	0.6820859562
1279	0.6822854848
1280	0.6824919578
1281	0.6827052844
1282	0.6829250714
1283	0.6831508389
1284	0.6833822268
1285	0.6836188637
1286	0.6838602437
1287	0.6841059854
1288	0.6843559466
1289	0.6846099594
1290	0.6848678875
1291	0.6851298174
1292	0.6853959471
1293	0.6856665568
1294	0.6859419925
1295	0.6862225905
1296	0.6865086428
1297	0.6868003581
1298	0.6870978406
1299	0.6874010418
1300	0.6877097960
1301	0.6880239515
1302	0.6883433303
1303	0.6886675822
1304	0.6889962887
1305	0.6893292329
1306	0.6896665437
1307	0.6900087096
1308	0.6903564144
1309	0.6907101671
1310	0.6910701044
1311	0.6914361431
1312	0.6918082125
1313	0.6921862982
1314	0.6925703119
1315	0.6929599999
1316	0.6933549791
1317	0.6937549266
1318	0.6941597771
1319	0.6945696677
1320	0.6949847198
1321	0.6954050275
1322	0.6958307611
1323	0.6962621329
1324	0.6966994190
1325	0.6971428105
1326	0.6975921468
1327	0.6980470363
1328	0.6985071510
1329	0.6989723911
1330	0.6994427491
1331	0.6999181024
1332	0.7003984222
1333	0.7008839124
1334	0.7013747267
1335	0.7018708152
1336	0.7023720276
1337	0.7028781777
1338	0.7033890723
1339	0.7039045626
1340	0.7044244523
1341	0.7049485116
1342	0.7054767279
1343	0.7060093660
1344	0.7065469263
1345	0.7070900335
1346	0.7076391780
1347	0.7081946068
1348	0.7087563737
1349	0.7093243519
1350	0.7098981744
1351	0.7104772976
1352	0.7110612970
1353	0.7116499782
1354	0.7122431394
1355	0.7128404977
1356	0.7134418843
1357	0.7140473577
1358	0.7146571319
1359	0.7152713636
1360	0.7158900021
1361	0.7165128749
1362	0.7171398556
1363	0.7177709326
1364	0.7184061112
1365	0.7190454078
1366	0.7196890594
1367	0.7203374419
1368	0.7209908203
1369	0.7216493386
1370	0.7223129986
1371	0.7229815760
1372	0.7236547372
1373	0.7243322175
1374	0.7250138380
1375	0.7256996788
1376	0.7263901894
1377	0.7270858423
1378	0.7277868899
1379	0.7284934001
1380	0.7292053302
1381	0.7299225776
1382	0.7306449168
1383	0.7313720566
1384	0.7321038157
1385	0.7328401316
1386	0.7335810074
1387	0.7343264468
1388	0.7350764186
1389	0.7358308918
1390	0.7365897964
1391	0.7373530084
1392	0.7381205211
1393	0.7388925375
1394	0.7396692862
1395	0.7404508169
1396	0.7412368971
1397	0.7420271214
1398	0.7428212646
1399	0.7436194209
1400	0.7444217277
1401	0.7452281525
1402	0.7460387010
1403	0.7468536029
1404	0.7476731409
1405	0.7484974748
1406	0.7493266767
1407	0.7501606959
1408	0.7509992221
1409	0.7518417964
1410	0.7526880505
1411	0.7535378062
1412	0.7543910290
1413	0.7552476691
1414	0.7561076306
1415	0.7569708333
1416	0.7578371918
1417	0.7587066463
1418	0.7595792049
1419	0.7604550569
1420	0.7613345425
1421	0.7622178855
1422	0.7631052561
1423	0.7639969615
1424	0.7648933751
1425	0.7657948202
1426	0.7667014289
1427	0.7676129818
1428	0.7685290155
1429	0.7694490603
1430	0.7703726316
1431	0.7712992616
1432	0.7722286992
1433	0.7731609384
1434	0.7740961619
1435	0.7750346623
1436	0.7759767032
1437	0.7769224588
1438	0.7778719508
1439	0.7788250032
1440	0.7797813290
1441	0.7807406787
1442	0.7817029003
1443	0.7826678284
1444	0.7836352780
1445	0.7846052417
1446	0.7855778891
1447	0.7865533499
1448	0.7875316508
1449	0.7885127048
1450	0.7894962688
1451	0.7904820794
1452	0.7914700920
1453	0.7924605114
1454	0.7934534906
1455	0.7944489071
1456	0.7954464049
1457	0.7964455507
1458	0.7974460726
1459	0.7984479184
1460	0.7994511677
1461	0.8004560810
1462	0.8014630378
1463	0.8024722229
1464	0.8034835002
1465	0.8044966488
1466	0.8055115801
1467	0.8065283686
1468	0.8075471827
1469	0.8085681802
1470	0.8095914908
1471	0.8106170982
1472	0.8116446964
1473	0.8126738722
1474	0.8137042764
1475	0.8147355717
1476	0.8157673973
1477	0.8167994714
1478	0.8178317302
1479	0.8188643141
1480	0.8198974912
1481	0.8209316180
1482	0.8219670188
1483	0.8230038708
1484	0.8240422068
1485	0.8250818930
1486	0.8261226485
1487	0.8271641841
1488	0.8282062625
1489	0.8292487146
1490	0.8302915205
1491	0.8313348137
1492	0.8323787779
1493	0.8334235647
1494	0.8344692476
1495	0.8355157887
1496	0.8365630746
1497	0.8376109977
1498	0.8386594615
1499	0.8397083582
1500	0.8407576196
1501	0.8418072996
1502	0.8428575718
1503	0.8439086835
1504	0.8449608974
1505	0.8460143933
1506	0.8470692406
1507	0.8481253476
1508	0.8491824168
1509	0.8502400672
1510	0.8512979780
1511	0.8523559379
1512	0.8534138556
1513	0.8544718596
1514	0.8555302980
1515	0.8565895010
1516	0.8576497012
1517	0.8587111189
1518	0.8597739339
1519	0.8608381966
1520	0.8619037399
1521	0.8629702382
1522	0.8640374143
1523	0.8651051143
1524	0.8661732849
1525	0.8672419845
1526	0.8683112369
1527	0.8693808271
1528	0.8704504224
1529	0.8715198184
1530	0.8725890039
1531	0.8736580962
1532	0.8747272280
1533	0.8757965186
1534	0.8768661119
1535	0.8779361406
1536	0.8790066343
1537	0.8800774754
1538	0.8811484286
1539	0.8822192096
1540	0.8832895742
1541	0.8843594236
1542	0.8854288005
1543	0.8864977695
1544	0.8875664065
1545	0.8886348239
1546	0.8897031039
1547	0.8907712762
1548	0.8918393806
1549	0.8929075197
1550	0.8939758341
1551	0.8950444341
1552	0.8961133535
1553	0.8971825477
1554	0.8982519790
1555	0.8993216829
1556	0.9003917216
1557	0.9014621159
1558	0.9025328054
1559	0.9036037054
1560	0.9046747804
1561	0.9057460126
1562	0.9068173788
1563	0.9078889114
1564	0.9089607204
1565	0.9100329141
1566	0.9111055350
1567	0.9121785190
1568	0.9132517013
1569	0.9143248907
1570	0.9153978927
1571	0.9164705208
1572	0.9175426357
1573	0.9186141603
1574	0.9196851164
1575	0.9207556401
1576	0.9218259162
1577	0.9228961003
1578	0.9239663017
1579	0.9250366016
1580	0.9261070170
1581	0.9271774878
1582	0.9282479662
1583	0.9293184545
1584	0.9303889436
1585	0.9314594005
1586	0.9325298084
1587	0.9336002006
1588	0.9346706591
1589	0.9357412725
1590	0.9368121343
1591	0.9378833661
1592	0.9389550882
1593	0.9400273745
1594	0.9411002238
1595	0.9421735258
1596	0.9432470712
1597	0.9443206590
1598	0.9453941691
1599	0.9464675223
1600	0.9475406521
1601	0.9486135478
1602	0.9496862641
1603	0.9507588725
1604	0.9518314539
1605	0.9529040920
1606	0.9539768262
1607	0.9550496400
1608	0.9561224887
1609	0.9571953408
1610	0.9582681932
1611	0.9593410529
1612	0.9604139304
1613	0.9614868451
1614	0.9625598401
1615	0.9636329787
1616	0.9647063176
1617	0.9657798701
1618	0.9668535760
1619	0.9679273344
1620	0.9690010370
1621	0.9700745783
1622	0.9711478937
1623	0.9722209733
1624	0.9732938412
1625	0.9743665452
1626	0.9754391377
1627	0.9765116672
1628	0.9775841859
1629	0.9786567234
1630	0.9797292900
1631	0.9808019123
1632	0.9818746096
1633	0.9829473854
1634	0.9840202588
1635	0.9850932566
1636	0.9861663997
1637	0.9872397097
1638	0.9883131894
1639	0.9893868032
1640	0.9904604867
1641	0.9915341672
1642	0.9926077588
1643	0.9936811628
1644	0.9947543204
1645	0.9958272407
1646	0.9968999739
1647	0.9979726069
1648	0.9990452826
1649	1.0001181933
1650	1.0011914923
1651	1.0022652223
1652	1.0033393726
1653	1.0044139239
1654	1.0054888228
1655	1.0065639596
1656	1.0076391824
1657	1.0087143379
1658	1.0097893221
1659	1.0108641240
1660	1.0119388042
1661	1.0130134375
1662	1.0140880821
1663	1.0151627555
1664	1.0162374270
1665	1.0173120376
1666	1.0183865310
1667	1.0194608743
1668	1.0205350608
1669	1.0216091224
1670	1.0226831488
1671	1.0237572445
1672	1.0248314406
1673	1.0259057120
1674	1.0269800612
1675	1.0280545075
1676	1.0291290465
1677	1.0302036399
1678	1.0312782115
1679	1.0323526670
1680	1.0334269277
1681	1.0345009600
1682	1.0355747819
1683	1.0366484549
1684	1.0377220819
1685	1.0387957790
1686	1.0398696263
1687	1.0409436501
1688	1.0420178446
1689	1.0430921985
1690	1.0441666728
1691	1.0452411734
1692	1.0463155658
1693	1.0473896772
1694	1.0484633450
1695	1.0495364999
1696	1.0506091568
1697	1.0516814075
1698	1.0527534626
1699	1.0538255913
1700	1.0548979778
1701	1.0559706679
1702	1.0570436164
1703	1.0581167447
1704	1.0591899918
1705	1.0602633190
1706	1.0613366766
1707	1.0624099891
1708	1.0634831749
1709	1.0645561695
1710	1.0656289292
1711	1.0667014466
1712	1.0677737514
1713	1.0688459164
1714	1.0699180684
1715	1.0709903436
1716	1.0720628506
1717	1.0731356390
1718	1.0742086816
1719	1.0752818963
1720	1.0763551552
1721	1.0774283099
1722	1.0785012524
1723	1.0795739348
1724	1.0806462917
1725	1.0817182009
1726	1.0827895947
1727	1.0838605539
1728	1.0849312482
1729	1.0860018196
1730	1.0870723511
1731	1.0881429136
1732	1.0892135498
1733	1.0902842477
1734	1.0913549795
1735	1.0924256594
1736	1.0934960942
1737	1.0945660873
1738	1.0956355168
1739	1.0967043580
1740	1.0977727190
1741	1.0988407431
1742	1.0999085053
1743	1.1009760724
1744	1.1020435588
1745	1.1031110960
1746	1.1041787602
1747	1.1052464957
1748	1.1063141352
1749	1.1073814934
1750	1.1084484634
1751	1.1095150725
1752	1.1105814032
1753	1.1116475153
1754	1.1127134514
1755	1.1137792012
1756	1.1148446512
1757	1.1159096242
1758	1.1169740270
1759	1.1180379066
1760	1.1191013675
1761	1.1201645572
1762	1.1212276369
1763	1.1222907112
1764	1.1233538254
1765	1.1244169484
1766	1.1254799357
1767	1.1265425522
1768	1.1276045590
1769	1.1286657924
1770	1.1297262193
1771	1.1307859671
1772	1.1318452439
1773	1.1329041851
1774	1.1339627765
1775	1.1350209574
1776	1.1360787279
1777	1.1371361091
1778	1.1381930940
1779	1.1392496599
1780	1.1403057637
1781	1.1413613267
1782	1.1424162493
1783	1.1434703986
1784	1.1445236550
1785	1.1455760714
1786	1.1466278962
1787	1.1476794362
1788	1.1487309397
1789	1.1497825206
1790	1.1508341110
1791	1.1518854629
1792	1.1529362839
1793	1.1539864488
1794	1.1550359726
1795	1.1560848326
1796	1.1571329628
1797	1.1581803308
1798	1.1592269523
1799	1.1602728391
1800	1.1613178900
1801	1.1623618259
1802	1.1634042422
1803	1.1644447516
1804	1.1654830626
1805	1.1665189933
1806	1.1675525058
1807	1.1685836276
1808	1.1696123998
1809	1.1706388998
1810	1.1716631309
1811	1.1726849891
1812	1.1737044631
1813	1.1747217603
1814	1.1757372019
1815	1.1767510976
1816	1.1777637051
1817	1.1787752776
1818	1.1797861389
1819	1.1807966680
1820	1.1818072397
1821	1.1828180854
1822	1.1838291596
1823	1.1848401531
1824	1.1858505762
1825	1.1868598701
1826	1.1878675769
1827	1.1888735141
1828	1.1898777200
1829	1.1908802345
1830	1.1918810956
1831	1.1928803935
1832	1.1938781793
1833	1.1948743926
1834	1.1958688711
1835	1.1968614566
1836	1.1978521102
1837	1.1988409113
1838	1.1998279998
1839	1.2008135643
1840	1.2017978125
1841	1.2027808558
1842	1.2037626282
1843	1.2047429915
1844	1.2057218528
1845	1.2066990590
1846	1.2076742726
1847	1.2086470820
1848	1.2096171445
1849	1.2105841660
1850	1.2115478870
1851	1.2125080983
1852	1.2134646604
1853	1.2144176169
1854	1.2153672032
1855	1.2163137653
1856	1.2172577763
1857	1.2181997241
1858	1.2191398708
1859	1.2200781970
1860	1.2210144561
1861	1.2219481938
1862	1.2228787902
1863	1.2238055711
1864	1.2247280000
1865	1.2256457973
1866	1.2265589151
1867	1.2274674885
1868	1.2283717561
1869	1.2292720423
1870	1.2301687933
1871	1.2310624279
1872	1.2319531474
1873	1.2328408970
1874	1.2337254600
1875	1.2346065815
1876	1.2354840327
1877	1.2363576292
1878	1.2372271592
1879	1.2380923569
1880	1.2389530038
1881	1.2398089873
1882	1.2406603014
1883	1.2415070384
1884	1.2423493350
1885	1.2431873102
1886	1.2440210890
1887	1.2448508652
1888	1.2456768575
1889	1.2464991827
1890	1.2473178379
1891	1.2481327758
1892	1.2489438517
1893	1.2497507334
1894	1.2505529991
1895	1.2513503388
1896	1.2521426745
1897	1.2529301317
1898	1.2537129246
1899	1.2544912791
1900	1.2552654213
1901	1.2560355364
1902	1.2568016699
1903	1.2575636994
1904	1.2583214089
1905	1.2590745839
1906	1.2598230657
1907	1.2605667582
1908	1.2613056116
1909	1.2620395888
1910	1.2627686586
1911	1.2634928404
1912	1.2642122059
1913	1.2649268393
1914	1.2656368718
1915	1.2663425432
1916	1.2670442262
1917	1.2677423192
1918	1.2684370100
1919	1.2691282260
1920	1.2698157827
1921	1.2704994580
1922	1.2711789807
1923	1.2718540840
1924	1.2725245966
1925	1.2731904428
1926	1.2738516143
1927	1.2745081345
1928	1.2751599821
1929	1.2758070238
1930	1.2764489887
1931	1.2770855593
1932	1.2777165495
1933	1.2783419945
1934	1.2789621165
1935	1.2795772576
1936	1.2801877749
1937	1.2807939218
1938	1.2813958421
1939	1.2819935994
1940	1.2825871584
1941	1.2831763488
1942	1.2837608758
1943	1.2843404818
1944	1.2849151151
1945	1.2854848820
1946	1.2860499055
1947	1.2866102767
1948	1.2871660702
1949	1.2877173628
1950	1.2882642519
1951	1.2888068345
1952	1.2893451750
1953	1.2898793315
1954	1.2904093567
1955	1.2909352662
1956	1.2914570592
1957	1.2919747275
1958	1.2924882431
1959	1.2929975387
1960	1.2935024891
1961	1.2940029720
1962	1.2944989338
1963	1.2949903699
1964	1.2954772900
1965	1.2959597081
1966	1.2964376090
1967	1.2969109074
1968	1.2973794811
1969	1.2978432776
1970	1.2983023419
1971	1.2987567664
1972	1.2992066616
1973	1.2996521002
1974	1.3000930511
1975	1.3005294120
1976	1.3009610573
1977	1.3013878514
1978	1.3018097022
1979	1.3022265528
1980	1.3026383035
1981	1.3030448112
1982	1.3034459227
1983	1.3038415144
1984	1.3042316113
1985	1.3046164433
1986	1.3049963351
1987	1.3053715824
1988	1.3057423930
1989	1.3061088300
1990	1.3064707416
1991	1.3068278095
1992	1.3071796952
1993	1.3075260841
1994	1.3078667091
1995	1.3082014272
1996	1.3085302657
1997	1.3088534090
1998	1.3091711110
1999	1.3094836247
2000	1.3097911949
2001	1.3100940257
2002	1.3103922459
2003	1.3106859165
2004	1.3109750436
2005	1.3112595744
2006	1.3115394133
2007	1.3118144690
2008	1.3120846829
2009	1.3123500327
2010	1.3126105416
2011	1.3128662969
2012	1.3131174129
2013	1.3133639317
2014	1.3136057829
2015	1.3138428660
2016	1.3140751071
2017	1.3143023944
2018	1.3145245114
2019	1.3147411506
2020	1.3149519952
2021	1.3151568243
2022	1.3153555837
2023	1.3155484070
2024	1.3157355905
2025	1.3159175693
2026	1.3160949030
2027	1.3162682079
2028	1.3164380144
2029	1.3166046201
2030	1.3167680302
2031	1.3169279987
2032	1.3170840734
2033	1.3172356479
2034	1.3173821108
2035	1.3175230262
2036	1.3176581999
2037	1.3177876484
2038	1.3179115495
2039	1.3180301598
2040	1.3181437162
2041	1.3182523715
2042	1.3183561823
2043	1.3184551334
2044	1.3185491513
2045	1.3186381434
2046	1.3187220501
2047	1.3188008416
2048	1.3188744807
2049	1.3189428878
2050	1.3190059546
2051	1.3190635930
2052	1.3191157473
2053	1.3191623667
2054	1.3192034162
2055	1.3192389216
2056	1.3192689964
2057	1.3192938634
2058	1.3193138625
2059	1.3193294074
2060	1.3193408999
2061	1.3193486091
2062	1.3193525709
2063	1.3193526000
2064	1.3193483526
2065	1.3193393913
2066	1.3193252955
2067	1.3193057866
2068	1.3192808383
2069	1.3192507076
2070	1.3192158361
2071	1.3191766797
2072	1.3191335596
2073	1.3190866340
2074	1.3190359234
2075	1.3189812843
2076	1.3189224147
2077	1.3188589243
2078	1.3187904172
2079	1.3187166193
2080	1.3186374924
2081	1.3185531960
2082	1.3184639398
2083	1.3183699322
2084	1.3182714315
2085	1.3181687139
2086	1.3180619606
2087	1.3179512080
2088	1.3178363576
2089	1.3177172310
2090	1.3175936868
2091	1.3174657089
2092	1.3173333792
2093	1.3171967837
2094	1.3170559515
2095	1.3169108873
2096	1.3167616418
2097	1.3166082781
2098	1.3164508252
2099	1.3162893297
2100	1.3161239050
2101	1.3159547119
2102	1.3157818980
2103	1.3156055501
2104	1.3154256966
2105	1.3152423963
2106	1.3150558270
2107	1.3148662434
2108	1.3146739266
2109	1.3144792023
2110	1.3142823900
2111	1.3140836839
2112	1.3138830991
2113	1.3136805096
2114	1.3134757211
2115	1.3132685018
2116	1.3130585497
2117	1.3128455207
2118	1.3126291229
2119	1.3124091746
2120	1.3121856554
2121	1.3119587363
2122	1.3117287302
2123	1.3114959932
2124	1.3112608649
2125	1.3110236486
2126	1.3107845516
2127	1.3105436839
2128	1.3103011123
2129	1.3100568582
2130	1.3098109235
2131	1.3095633092
2132	1.3093139971
2133	1.3090629904
2134	1.3088102831
2135	1.3085557526
2136	1.3082991928
2137	1.3080404335
2138	1.3077793919
2139	1.3075160782
2140	1.3072505896
2141	1.3069830570
2142	1.3067135685
2143	1.3064421648
2144	1.3061689224
2145	1.3058940019
2146	1.3056175432
2147	1.3053395633
2148	1.3050600171
2149	1.3047788543
2150	1.3044959847
2151	1.3042112853
2152	1.3039246681
2153	1.3036361503
2154	1.3033459005
2155	1.3030542138
2156	1.3027614260
2157	1.3024678320
2158	1.3021736725
2159	1.3018791521
2160	1.3015843793
2161	1.3012893327
2162	1.3009939154
2163	1.3006979678
2164	1.3004013047
2165	1.3001038058
2166	1.2998054402
2167	1.2995062174
2168	1.2992061567
2169	1.2989053006
2170	1.2986037255
2171	1.2983015712
2172	1.2979990340
2173	1.2976963352
2174	1.2973936612
2175	1.2970910511
2176	1.2967883490
2177	1.2964852334
2178	1.2961813137
2179	1.2958762688
2180	1.2955699439
2181	1.2952623592
2182	1.2949536531
2183	1.2946440879
2184	1.2943340255
2185	1.2940237341
2186	1.2937132602
2187	1.2934025074
2188	1.2930913230
2189	1.2927795165
2190	1.2924668920
2191	1.2921533297
2192	1.2918388595
2193	1.2915236214
2194	1.2912077908
2195	1.2908915822
2196	1.2905752531
2197	1.2902590392
2198	1.2899430856
2199	1.2896273938
2200	1.2893117759
2201	1.2889958957
2202	1.2886793722
2203	1.2883618568
2204	1.2880431182
2205	1.2877230741
2206	1.2874017421
2207	1.2870792071
2208	1.2867556336
2209	1.2864312982
2210	1.2861065580
2211	1.2857817821
2212	1.2854573229
2213	1.2851333799
2214	1.2848098837
2215	1.2844866252
2216	1.2841633655
2217	1.2838398708
2218	1.2835159809
2219	1.2831915704
2220	1.2828664435
2221	1.2825403571
2222	1.2822131548
2223	1.2818847915
2224	1.2815552260
2225	1.2812243998
2226	1.2808923507
2227	1.2805592544
2228	1.2802253087
2229	1.2798906932
2230	1.2795556145
2231	1.2792202627
2232	1.2788847591
2233	1.2785491593
2234	1.2782134337
2235	1.2778774720
2236	1.2775411536
2237	1.2772043929
2238	1.2768671772
2239	1.2765295955
2240	1.2761917611
2241	1.2758537381
2242	1.2755155775
2243	1.2751773467
2244	1.2748390862
2245	1.2745007920
2246	1.2741624283
2247	1.2738238997
2248	1.2734850732
2249	1.2731457998
2250	1.2728058687
2251	1.2724650462
2252	1.2721232001
2253	1.2717803538
2254	1.2714366289
2255	1.2710921501
2256	1.2707470192
2257	1.2704013937
2258	1.2700554548
2259	1.2697092596
2260	1.2693627503
2261	1.2690158565
2262	1.2686685492
2263	1.2683208432
2264	1.2679727136
2265	1.2676240464
2266	1.2672747242
2267	1.2669247423
2268	1.2665742214
2269	1.2662233058
2270	1.2658720980
2271	1.2655206251
2272	1.2651688093
2273	1.2648165636
2274	1.2644638754
2275	1.2641107642
2276	1.2637572311
2277	1.2634032170
2278	1.2630485960
2279	1.2626931948
2280	1.2623368275
2281	1.2619793773
2282	1.2616208193
2283	1.2612611504
2284	1.2609003480
2285	1.2605383914
2286	1.2601752800
2287	1.2598110086
2288	1.2594455201
2289	1.2590787161
2290	1.2587105734
2291	1.2583412369
2292	1.2579709461
2293	1.2575998910
2294	1.2572281567
2295	1.2568557215
2296	1.2564824541
2297	1.2561081534
2298	1.2557326303
2299	1.2553557553
2300	1.2549774608
2301	1.2545977796
2302	1.2542168409
2303	1.2538348063
2304	1.2534518321
2305	1.2530680011
2306	1.2526832813
2307	1.2522975592
2308	1.2519106751
2309	1.2515224809
2310	1.2511329116
2311	1.2507419865
2312	1.2503497439
2313	1.2499561977
2314	1.2495613386
2315	1.2491651347
2316	1.2487675123
2317	1.2483683439
2318	1.2479674955
2319	1.2475648486
2320	1.2471602417
2321	1.2467534570
2322	1.2463443061
2323	1.2459327220
2324	1.2455187545
2325	1.2451024978
2326	1.2446840528
2327	1.2442635374
2328	1.2438410883
2329	1.2434168237
2330	1.2429908583
2331	1.2425633588
2332	1.2421344721
2333	1.2417042096
2334	1.2412724652
2335	1.2408390800
2336	1.2404038788
2337	1.2399667350
2338	1.2395276522
2339	1.2390867921
2340	1.2386444138
2341	1.2382007855
2342	1.2377561206
2343	1.2373105098
2344	1.2368638901
2345	1.2364161002
2346	1.2359669232
2347	1.2355160824
2348	1.2350632931
2349	1.2346083805
2350	1.2341513205
2351	1.2336922024
2352	1.2332312267
2353	1.2327686633
2354	1.2323047479
2355	1.2318396106
2356	1.2313732691
2357	1.2309056557
2358	1.2304366357
2359	1.2299660327
2360	1.2294936208
2361	1.2290191455
2362	1.2285424561
2363	1.2280635559
2364	1.2275825712
2365	1.2270997151
2366	1.2266151863
2367	1.2261291355
2368	1.2256417004
2369	1.2251529610
2370	1.2246628692
2371	1.2241712693
2372	1.2236779518
2373	1.2231826413
2374	1.2226849549
2375	1.2221844763
2376	1.2216809206
2377	1.2211742353
2378	1.2206646416
2379	1.2201525806
2380	1.2196385453
2381	1.2191229667
2382	1.2186061600
2383	1.2180882607
2384	1.2175692643
2385	1.2170491291
2386	1.2165277689
2387	1.2160050328
2388	1.2154807194
2389	1.2149545872
2390	1.2144264118
2391	1.2138960275
2392	1.2133633207
2393	1.2128282320
2394	1.2122907847
2395	1.2117510950
2396	1.2112093467
2397	1.2106657858
2398	1.2101207327
2399	1.2095745529
2400	1.2090275380
2401	1.2084797541
2402	1.2079310295
2403	1.2073810578
2404	1.2068294442
2405	1.2062757794
2406	1.2057198018
2407	1.2051614500
2408	1.2046008028
2409	1.2040380220
2410	1.2034732633
2411	1.2029066064
2412	1.2023380464
2413	1.2017674549
2414	1.2011946077
2415	1.2006192803
2416	1.2000412564
2417	1.1994603640
2418	1.1988765983
2419	1.1982901624
2420	1.1977013525
2421	1.1971104601
2422	1.1965178349
2423	1.1959238587
2424	1.1953288176
2425	1.1947328574
2426	1.1941359204
2427	1.1935377164
2428	1.1929378570
2429	1.1923360742
2430	1.1917323506
2431	1.1911268716
2432	1.1905199066
2433	1.1899117071
2434	1.1893024080
2435	1.1886920403
2436	1.1880806176
2437	1.1874680860
2438	1.1868542676
2439	1.1862389182
2440	1.1856217960
2441	1.1850027229
2442	1.1843815988
2443	1.1837583592
2444	1.1831330027
2445	1.1825057051
2446	1.1818768078
2447	1.1812466995
2448	1.1806157559
2449	1.1799842733
2450	1.1793523746
2451	1.1787199235
2452	1.1780865380
2453	1.1774517276
2454	1.1768150509
2455	1.1761762756
2456	1.1755354385
2457	1.1748927621
2458	1.1742485296
2459	1.1736030490
2460	1.1729567300
2461	1.1723100328
2462	1.1716632629
2463	1.1710164648
2464	1.1703694596
2465	1.1697219637
2466	1.1690737464
2467	1.1684246343
2468	1.1677743756
2469	1.1671226318
2470	1.1664691041
2471	1.1658136305
2472	1.1651561860
2473	1.1644968731
2474	1.1638360025
2475	1.1631740629
2476	1.1625114882
2477	1.1618485885
2478	1.1611856416
2479	1.1605228012
2480	1.1598600038
2481	1.1591970910
2482	1.1585339246
2483	1.1578703465
2484	1.1572061281
2485	1.1565410069
2486	1.1558747374
2487	1.1552070892
2488	1.1545378841
2489	1.1538671026
2490	1.1531948828
2491	1.1525213850
2492	1.1518467057
2493	1.1511708646
2494	1.1504937950
2495	1.1498154036
2496	1.1491356350
2497	1.1484545074
2498	1.1477722308
2499	1.1470891923
2500	1.1464057840
2501	1.1457222950
2502	1.1450388317
2503	1.1443553236
2504	1.1436716417
2505	1.1429876586
2506	1.1423031767
2507	1.1416179332
2508	1.1409317347
2509	1.1402445770
2510	1.1395567252
2511	1.1388685537
2512	1.1381803355
2513	1.1374922987
2514	1.1368046767
2515	1.1361176406
2516	1.1354312755
2517	1.1347456605
2518	1.1340608674
2519	1.1333768352
2520	1.1326933764
2521	1.1320103073
2522	1.1313276355
2523	1.1306456679
2524	1.1299647581
2525	1.1292850630
2526	1.1286066478
2527	1.1279295627
2528	1.1272537999
2529	1.1265792706
2530	1.1259057964
2531	1.1252331131
2532	1.1245608681
2533	1.1238887350
2534	1.1232165442
2535	1.1225442458
2536	1.1218718945
2537	1.1211996534
2538	1.1205277254
2539	1.1198563575
2540	1.1191858306
2541	1.1185163940
2542	1.1178483007
2543	1.1171818053
2544	1.1165170449
2545	1.1158539678
2546	1.1151923260
2547	1.1145317626
2548	1.1138719842
2549	1.1132128621
2550	1.1125544882
2551	1.1118971563
2552	1.1112411864
2553	1.1105867964
2554	1.1099341409
2555	1.1092833585
2556	1.1086345403
2557	1.1079876805
2558	1.1073426738
2559	1.1066993048
2560	1.1060572697
2561	1.1054163074
2562	1.1047763102
2563	1.1041372876
2564	1.1034992911
2565	1.1028624914
2566	1.1022271669
2567	1.1015935219
2568	1.1009616674
2569	1.1003316841
2570	1.0997035562
2571	1.0990771905
2572	1.0984525838
2573	1.0978297688
2574	1.0972087029
2575	1.0965893578
2576	1.0959717939
2577	1.0953562331
2578	1.0947430100
2579	1.0941323331
2580	1.0935242129
2581	1.0929185784
2582	1.0923153248
2583	1.0917142479
2584	1.0911150274
2585	1.0905173356
2586	1.0899209130
2587	1.0893255410
2588	1.0887310455
2589	1.0881373901
2590	1.0875447600
2591	1.0869534523
2592	1.0863636767
2593	1.0857755552
2594	1.0851892060
2595	1.0846047456
2596	1.0840222084
2597	1.0834415303
2598	1.0828626249
2599	1.0822853105
2600	1.0817093224
2601	1.0811344860
2602	1.0805607628
2603	1.0799883054
2604	1.0794175043
2605	1.0788488066
2606	1.0782825162
2607	1.0777188041
2608	1.0771577095
2609	1.0765990039
2610	1.0760421735
2611	1.0754866949
2612	1.0749323424
2613	1.0743791141
2614	1.0738269861
2615	1.0732759399
2616	1.0727260778
2617	1.0721776056
2618	1.0716308152
2619	1.0710860639
2620	1.0705436531
2621	1.0700036536
2622	1.0694658805
2623	1.0689299601
2624	1.0683953718
2625	1.0678616572
2626	1.0673286683
2627	1.0667965626
2628	1.0662656378
2629	1.0657361982
2630	1.0652085206
2631	1.0646828598
2632	1.0641593861
2633	1.0636380960
2634	1.0631188487
2635	1.0626015466
2636	1.0620862424
2637	1.0615730030
2638	1.0610618144
2639	1.0605526641
2640	1.0600455301
2641	1.0595403496
2642	1.0590370601
2643	1.0585355206
2644	1.0580354307
2645	1.0575364224
2646	1.0570382739
2647	1.0565411456
2648	1.0560455812
2649	1.0555522433
2650	1.0550617084
2651	1.0545743050
2652	1.0540899843
2653	1.0536083813
2654	1.0531289903
2655	1.0526513080
2656	1.0521748405
2657	1.0516991499
2658	1.0512240037
2659	1.0507493798
2660	1.0502753248
2661	1.0498019108
2662	1.0493293242
2663	1.0488578462
2664	1.0483877852
2665	1.0479194247
2666	1.0474529778
2667	1.0469886475
2668	1.0465265725
2669	1.0460666692
2670	1.0456086311
2671	1.0451520604
2672	1.0446966660
2673	1.0442424101
2674	1.0437894144
2675	1.0433377796
2676	1.0428875972
2677	1.0424389816
2678	1.0419920280
2679	1.0415468166
2680	1.0411032938
2681	1.0406612003
2682	1.0402203078
2683	1.0397805654
2684	1.0393420039
2685	1.0389046629
2686	1.0384685982
2687	1.0380339166
2688	1.0376007745
2689	1.0371693360
2690	1.0367397094
2691	1.0363119458
2692	1.0358860444
2693	1.0354617866
2694	1.0350387402
2695	1.0346165638
2696	1.0341951306
2697	1.0337744452
2698	1.0333546171
2699	1.0329358893
2700	1.0325185833
2701	1.0321029306
2702	1.0316890133
2703	1.0312768203
2704	1.0308662597
2705	1.0304572102
2706	1.0300495734
2707	1.0296433099
2708	1.0292384775
2709	1.0288351858
2710	1.0284335620
2711	1.0280337268
2712	1.0276357656
2713	1.0272397254
2714	1.0268455480
2715	1.0264530342
2716	1.0260619827
2717	1.0256722365
2718	1.0252835628
2719	1.0248956967
2720	1.0245084558
2721	1.0241217911
2722	1.0237358019
2723	1.0233506127
2724	1.0229662117
2725	1.0225824236
2726	1.0221990018
2727	1.0218157090
2728	1.0214323895
2729	1.0210490460
2730	1.0206658196
2731	1.0202828857
2732	1.0199004027
2733	1.0195185261
2734	1.0191373767
2735	1.0187570421
2736	1.0183776108
2737	1.0179990777
2738	1.0176212881
2739	1.0172440472
2740	1.0168671868
2741	1.0164905203
2742	1.0161138327
2743	1.0157369140
2744	1.0153595628
2745	1.0149816096
2746	1.0146029760
2747	1.0142237573
2748	1.0138442421
2749	1.0134648046
2750	1.0130858073
2751	1.0127075323
2752	1.0123300646
2753	1.0119533354
2754	1.0115772323
2755	1.0112015407
2756	1.0108259753
2757	1.0104503080
2758	1.0100743612
2759	1.0096979704
2760	1.0093210732
2761	1.0089438327
2762	1.0085665261
2763	1.0081893304
2764	1.0078122929
2765	1.0074353990
2766	1.0070585907
2767	1.0066817622
2768	1.0063047826
2769	1.0059274835
2770	1.0055496161
2771	1.0051709263
2772	1.0047913011
2773	1.0044108670
2774	1.0040299054
2775	1.0036486124
2776	1.0032670265
2777	1.0028851222
2778	1.0025028732
2779	1.0021202519
2780	1.0017371652
2781	1.0013534288
2782	1.0009688149
2783	1.0005831104
2784	1.0001961969
2785	0.9998081022
2786	0.9994189700
2787	0.9990290577
2788	0.9986386928
2789	0.9982480849
2790	0.9978572216
2791	0.9974659154
2792	0.9970738592
2793	0.9966807171
2794	0.9962862428
2795	0.9958903055
2796	0.9954928061
2797	0.9950936428
2798	0.9946927676
2799	0.9942901923
2800	0.9938859520
2801	0.9934800993
2802	0.9930727149
2803	0.9926639288
2804	0.9922538769
2805	0.9918426086
2806	0.9914300964
2807	0.9910162818
2808	0.9906010820
2809	0.9901843460
2810	0.9897658130
2811	0.9893452121
2812	0.9889224183
2813	0.9884974828
2814	0.9880705703
2815	0.9876419361
2816	0.9872118685
2817	0.9867805628
2818	0.9863480904
2819	0.9859144699
2820	0.9854796528
2821	0.9850434615
2822	0.9846056434
2823	0.9841659104
2824	0.9837239591
2825	0.9832795415
2826	0.9828324755
2827	0.9823826460
2828	0.9819299902
2829	0.9814744735
2830	0.9810161175
2831	0.9805550306
2832	0.9800914361
2833	0.9796256336
2834	0.9791579103
2835	0.9786885376
2836	0.9782178128
2837	0.9777460130
2838	0.9772732763
2839	0.9767995347
2840	0.9763245808
2841	0.9758482228
2842	0.9753703396
2843	0.9748908393
2844	0.9744096499
2845	0.9739266804
2846	0.9734418129
2847	0.9729549752
2848	0.9724661824
2849	0.9719755699
2850	0.9714833829
2851	0.9709899528
2852	0.9704956789
2853	0.9700008305
2854	0.9695053268
2855	0.9690087924
2856	0.9685107568
2857	0.9680108143
2858	0.9675087802
2859	0.9670046572
2860	0.9664984652
2861	0.9659902823
2862	0.9654802442
2863	0.9649684067
2864	0.9644547805
2865	0.9639393806
2866	0.9634221703
2867	0.9629030554
2868	0.9623819540
2869	0.9618589196
2870	0.9613341692
2871	0.9608079538
2872	0.9602804346
2873	0.9597516775
2874	0.9592217703
2875	0.9586908296
2876	0.9581589517
2877	0.9576262182
2878	0.9570926098
2879	0.9565579728
2880	0.9560220940
2881	0.9554847820
2882	0.9549458802
2883	0.9544052567
2884	0.9538629122
2885	0.9533189758
2886	0.9527734815
2887	0.9522262571
2888	0.9516770593
2889	0.9511257382
2890	0.9505722679
2891	0.9500167056
2892	0.9494592190
2893	0.9489001397
2894	0.9483399142
2895	0.9477789923
2896	0.9472177403
2897	0.9466564173
2898	0.9460950279
2899	0.9455331587
2900	0.9449702563
2901	0.9444059354
2902	0.9438399268
2903	0.9432721158
2904	0.9427026851
2905	0.9421320018
2906	0.9415603947
2907	0.9409880908
2908	0.9404152199
2909	0.9398417903
2910	0.9392677366
2911	0.9386930248
2912	0.9381176566
2913	0.9375416316
2914	0.9369649192
2915	0.9363873705
2916	0.9358087109
2917	0.9352287122
2918	0.9346473780
2919	0.9340649648
2920	0.9334818811
2921	0.9328985914
2922	0.9323155207
2923	0.9317328790
2924	0.9311505610
2925	0.9305682336
2926	0.9299853686
2927	0.9294012538
2928	0.9288151801
2929	0.9282266546
2930	0.9276355134
2931	0.9270419549
2932	0.9264464356
2933	0.9258494823
2934	0.9252515694
2935	0.9246529803
2936	0.9240537255
2937	0.9234537062
2938	0.9228527730
2939	0.9222506131
2940	0.9216468651
2941	0.9210413118
2942	0.9204339962
2943	0.9198252597
2944	0.9192156231
2945	0.9186056358
2946	0.9179957718
2947	0.9173863828
2948	0.9167776222
2949	0.9161693770
2950	0.9155613608
2951	0.9149532344
2952	0.9143446615
2953	0.9137353252
2954	0.9131249406
2955	0.9125133189
2956	0.9119004705
2957	0.9112866150
2958	0.9106720623
2959	0.9100572022
2960	0.9094425373
2961	0.9088284687
2962	0.9082150426
2963	0.9076020251
2964	0.9069891771
2965	0.9063763516
2966	0.9057633670
2967	0.9051499953
2968	0.9045361063
2969	0.9039216901
2970	0.9033068279
2971	0.9026916806
2972	0.9020765287
2973	0.9014618881
2974	0.9008483498
2975	0.9002362041
2976	0.8996253910
2977	0.8990156996
2978	0.8984068617
2979	0.8977985874
2980	0.8971905125
2981	0.8965821778
2982	0.8959731866
2983	0.8953633199
2984	0.8947525577
2985	0.8941409952
2986	0.8935287897
2987	0.8929162936
2988	0.8923041425
2989	0.8916931113
2990	0.8910838472
2991	0.8904767011
2992	0.8898716303
2993	0.8892682152
2994	0.8886659377
2995	0.8880644194
2996	0.8874634065
2997	0.8868626987
2998	0.8862621287
2999	0.8856615756
