0	1.2500000087
1	1.2501981847
2	1.2503949710
3	1.2505904618
4	1.2507847872
5	1.2509780984
6	1.2511705558
7	1.2513623183
8	1.2515535331
9	1.2517443287
10	1.2519348095
11	1.2521250524
12	1.2523151062
13	1.2525049930
14	1.2526947111
15	1.2528842397
16	1.2530735440
17	1.2532625812
18	1.2534513055
19	1.2536396741
20	1.2538276503
21	1.2540152072
22	1.2542023288
23	1.2543890109
24	1.2545752598
25	1.2547610908
26	1.2549465255
27	1.2551315887
28	1.2553163051
29	1.2555006967
30	1.2556847800
31	1.2558685639
32	1.2560520492
33	1.2562352278
34	1.2564180831
35	1.2566005920
36	1.2567827260
37	1.2569644538
38	1.2571457433
39	1.2573265642
40	1.2575068897
41	1.2576866979
42	1.2578659727
43	1.2580447041
44	1.2582228881
45	1.2584005254
46	1.2585776206
47	1.2587541803
48	1.2589302113
49	1.2591057181
50	1.2592807018
51	1.2594551590
52	1.2596290805
53	1.2598024514
54	1.2599752505
55	1.2601474516
56	1.2603190241
57	1.2604899351
58	1.2606601503
59	1.2608296357
60	1.2609983594
61	1.2611662926
62	1.2613334103
63	1.2614996915
64	1.2616651213
65	1.2618296913
66	1.2619933982
67	1.2621562403
68	1.2623182132
69	1.2624793083
70	1.2626395149
71	1.2627988206
72	1.2629572092
73	1.2631146599
74	1.2632711491
75	1.2634266542
76	1.2635811494
77	1.2637345977
78	1.2638869498
79	1.2640381520
80	1.2641881578
81	1.2643369311
82	1.2644844445
83	1.2646306732
84	1.2647755936
85	1.2649191867
86	1.2650614418
87	1.2652023508
88	1.2653418997
89	1.2654800731
90	1.2656168615
91	1.2657522557
92	1.2658862326
93	1.2660187552
94	1.2661497822
95	1.2662792703
96	1.2664071700
97	1.2665334285
98	1.2666579999
99	1.2667808518
100	1.2669019586
101	1.2670212942
102	1.2671388368
103	1.2672545738
104	1.2673684890
105	1.2674805557
106	1.2675907510
107	1.2676990598
108	1.2678054597
109	1.2679099245
110	1.2680124382
111	1.2681129827
112	1.2682115237
113	1.2683080214
114	1.2684024311
115	1.2684946910
116	1.2685847276
117	1.2686724697
118	1.2687578465
119	1.2688407851
120	1.2689212190
121	1.2689990918
122	1.2690743569
123	1.2691469816
124	1.2692169562
125	1.2692842861
126	1.2693489675
127	1.2694109741
128	1.2694702636
129	1.2695267939
130	1.2695805553
131	1.2696315808
132	1.2696798939
133	1.2697254512
134	1.2697681452
135	1.2698078527
136	1.2698445037
137	1.2698781123
138	1.2699087273
139	1.2699363778
140	1.2699610674
141	1.2699827701
142	1.2700014182
143	1.2700168993
144	1.2700290749
145	1.2700378352
146	1.2700431320
147	1.2700449544
148	1.2700433208
149	1.2700382900
150	1.2700299409
151	1.2700183320
152	1.2700034684
153	1.2699853033
154	1.2699637631
155	1.2699387419
156	1.2699101008
157	1.2698777188
158	1.2698415247
159	1.2698014831
160	1.2697575897
161	1.2697098778
162	1.2696584134
163	1.2696032582
164	1.2695444394
165	1.2694819623
166	1.2694158074
167	1.2693459041
168	1.2692721459
169	1.2691944210
170	1.2691126188
171	1.2690266304
172	1.2689363696
173	1.2688418028
174	1.2687429405
175	1.2686398207
176	1.2685325316
177	1.2684212027
178	1.2683059658
179	1.2681869486
180	1.2680642683
181	1.2679380045
182	1.2678081788
183	1.2676747561
184	1.2675376556
185	1.2673967406
186	1.2672518309
187	1.2671027438
188	1.2669492984
189	1.2667913282
190	1.2666287216
191	1.2664614281
192	1.2662894589
193	1.2661128952
194	1.2659318845
195	1.2657466247
196	1.2655573361
197	1.2653642546
198	1.2651676160
199	1.2649676244
200	1.2647644591
201	1.2645582588
202	1.2643490789
203	1.2641368826
204	1.2639215354
205	1.2637028317
206	1.2634805585
207	1.2632545176
208	1.2630244979
209	1.2627902278
210	1.2625513865
211	1.2623076868
212	1.2620589530
213	1.2618051648
214	1.2615464129
215	1.2612828294
216	1.2610146062
217	1.2607420071
218	1.2604653426
219	1.2601849532
220	1.2599011921
221	1.2596144244
222	1.2593250014
223	1.2590331905
224	1.2587391260
225	1.2584428071
226	1.2581441405
227	1.2578429532
228	1.2575389986
229	1.2572320250
230	1.2569218045
231	1.2566081211
232	1.2562907609
233	1.2559694999
234	1.2556441322
235	1.2553144835
236	1.2549804007
237	1.2546417904
238	1.2542986599
239	1.2539511169
240	1.2535993265
241	1.2532434901
242	1.2528838468
243	1.2525206215
244	1.2521539943
245	1.2517841058
246	1.2514110591
247	1.2510349316
248	1.2506557672
249	1.2502735987
250	1.2498884843
251	1.2495004846
252	1.2491096524
253	1.2487160386
254	1.2483196841
255	1.2479206059
256	1.2475188006
257	1.2471142798
258	1.2467070702
259	1.2462972007
260	1.2458847125
261	1.2454696584
262	1.2450521096
263	1.2446321458
264	1.2442098441
265	1.2437852521
266	1.2433583147
267	1.2429288832
268	1.2424967949
269	1.2420619192
270	1.2416241603
271	1.2411833961
272	1.2407394248
273	1.2402920024
274	1.2398409850
275	1.2393864425
276	1.2389285822
277	1.2384675742
278	1.2380034503
279	1.2375361619
280	1.2370657065
281	1.2365921597
282	1.2361156423
283	1.2356362684
284	1.2351541424
285	1.2346693943
286	1.2341821085
287	1.2336922449
288	1.2331996886
289	1.2327043770
290	1.2322063562
291	1.2317057148
292	1.2312025308
293	1.2306968764
294	1.2301888274
295	1.2296784326
296	1.2291656745
297	1.2286505284
298	1.2281330610
299	1.2276134520
300	1.2270919281
301	1.2265687137
302	1.2260440672
303	1.2255182344
304	1.2249913348
305	1.2244633496
306	1.2239341878
307	1.2234037448
308	1.2228718841
309	1.2223384316
310	1.2218032360
311	1.2212661928
312	1.2207271985
313	1.2201861064
314	1.2196427705
315	1.2190970993
316	1.2185490335
317	1.2179985516
318	1.2174457353
319	1.2168908006
320	1.2163340198
321	1.2157756701
322	1.2152160597
323	1.2146554687
324	1.2140940529
325	1.2135318240
326	1.2129687008
327	1.2124045439
328	1.2118391302
329	1.2112722005
330	1.2107035558
331	1.2101330666
332	1.2095606259
333	1.2089861503
334	1.2084096309
335	1.2078310943
336	1.2072505367
337	1.2066679394
338	1.2060832768
339	1.2054964834
340	1.2049074755
341	1.2043162563
342	1.2037229302
343	1.2031276384
344	1.2025305573
345	1.2019319042
346	1.2013319049
347	1.2007307566
348	1.2001286462
349	1.1995257601
350	1.1989222118
351	1.1983180333
352	1.1977132374
353	1.1971078230
354	1.1965017448
355	1.1958949560
356	1.1952874824
357	1.1946793795
358	1.1940706856
359	1.1934614506
360	1.1928517176
361	1.1922414655
362	1.1916306139
363	1.1910190779
364	1.1904067519
365	1.1897935162
366	1.1891793121
367	1.1885641446
368	1.1879480517
369	1.1873311151
370	1.1867134840
371	1.1860953236
372	1.1854767630
373	1.1848579344
374	1.1842389603
375	1.1836198955
376	1.1830007406
377	1.1823814773
378	1.1817620434
379	1.1811423201
380	1.1805222019
381	1.1799016099
382	1.1792804809
383	1.1786588276
384	1.1780367604
385	1.1774144429
386	1.1767920859
387	1.1761699736
388	1.1755483891
389	1.1749275456
390	1.1743076054
391	1.1736886404
392	1.1730705996
393	1.1724533702
394	1.1718368561
395	1.1712209598
396	1.1706055417
397	1.1699904518
398	1.1693755303
399	1.1687606453
400	1.1681457820
401	1.1675310082
402	1.1669163294
403	1.1663016225
404	1.1656867047
405	1.1650714223
406	1.1644557508
407	1.1638398034
408	1.1632236632
409	1.1626072906
410	1.1619906180
411	1.1613736476
412	1.1607564488
413	1.1601391438
414	1.1595218786
415	1.1589047929
416	1.1582880693
417	1.1576719093
418	1.1570564151
419	1.1564415729
420	1.1558273621
421	1.1552138046
422	1.1546008937
423	1.1539885458
424	1.1533765760
425	1.1527647283
426	1.1521527584
427	1.1515404277
428	1.1509274933
429	1.1503138249
430	1.1496995137
431	1.1490848113
432	1.1484700422
433	1.1478555852
434	1.1472418335
435	1.1466291784
436	1.1460179705
437	1.1454084457
438	1.1448007523
439	1.1441950389
440	1.1435913984
441	1.1429897541
442	1.1423899131
443	1.1417916346
444	1.1411946117
445	1.1405984840
446	1.1400028900
447	1.1394075454
448	1.1388122979
449	1.1382171063
450	1.1376219790
451	1.1370269961
452	1.1364323324
453	1.1358381466
454	1.1352445337
455	1.1346515789
456	1.1340593630
457	1.1334679326
458	1.1328773075
459	1.1322875103
460	1.1316985876
461	1.1311106053
462	1.1305235723
463	1.1299374396
464	1.1293521876
465	1.1287678052
466	1.1281842433
467	1.1276014616
468	1.1270194494
469	1.1264381761
470	1.1258576084
471	1.1252777649
472	1.1246987204
473	1.1241205803
474	1.1235434139
475	1.1229672395
476	1.1223920676
477	1.1218178865
478	1.1212446409
479	1.1206722970
480	1.1201008787
481	1.1195303755
482	1.1189607061
483	1.1183917636
484	1.1178234405
485	1.1172556615
486	1.1166884041
487	1.1161216926
488	1.1155555750
489	1.1149900845
490	1.1144252303
491	1.1138610623
492	1.1132976820
493	1.1127351784
494	1.1121736723
495	1.1116133548
496	1.1110543900
497	1.1104968493
498	1.1099407433
499	1.1093860434
500	1.1088326774
501	1.1082805441
502	1.1077295280
503	1.1071795330
504	1.1066304810
505	1.1060822767
506	1.1055348328
507	1.1049880739
508	1.1044419122
509	1.1038962757
510	1.1033511274
511	1.1028064113
512	1.1022620407
513	1.1017179480
514	1.1011740617
515	1.1006302826
516	1.1000865193
517	1.0995427311
518	1.0989989389
519	1.0984551888
520	1.0979115417
521	1.0973681049
522	1.0968250007
523	1.0962822944
524	1.0957400073
525	1.0951981286
526	1.0946565681
527	1.0941151826
528	1.0935738206
529	1.0930323190
530	1.0924905098
531	1.0919482304
532	1.0914053219
533	1.0908616584
534	1.0903171918
535	1.0897719631
536	1.0892260758
537	1.0886796452
538	1.0881327919
539	1.0875856542
540	1.0870383626
541	1.0864910459
542	1.0859438384
543	1.0853968188
544	1.0848499677
545	1.0843032267
546	1.0837565343
547	1.0832097963
548	1.0826628765
549	1.0821155963
550	1.0815677381
551	1.0810190581
552	1.0804693061
553	1.0799182622
554	1.0793657508
555	1.0788116447
556	1.0782558935
557	1.0776985330
558	1.0771396570
559	1.0765794019
560	1.0760179231
561	1.0754553707
562	1.0748918934
563	1.0743276059
564	1.0737625526
565	1.0731967307
566	1.0726301196
567	1.0720626741
568	1.0714943288
569	1.0709250144
570	1.0703546637
571	1.0697832025
572	1.0692105376
573	1.0686365757
574	1.0680612327
575	1.0674844298
576	1.0669061328
577	1.0663263658
578	1.0657451836
579	1.0651626706
580	1.0645789480
581	1.0639941389
582	1.0634083354
583	1.0628215979
584	1.0622339519
585	1.0616453879
586	1.0610558619
587	1.0604652966
588	1.0598735905
589	1.0592806214
590	1.0586862543
591	1.0580903601
592	1.0574928407
593	1.0568936484
594	1.0562927804
595	1.0556902543
596	1.0550861071
597	1.0544803977
598	1.0538731997
599	1.0532645937
600	1.0526546320
601	1.0520433098
602	1.0514305873
603	1.0508164240
604	1.0502007985
605	1.0495837258
606	1.0489652320
607	1.0483452968
608	1.0477238373
609	1.0471007477
610	1.0464759487
611	1.0458493767
612	1.0452209518
613	1.0445905863
614	1.0439581998
615	1.0433237299
616	1.0426871407
617	1.0420484161
618	1.0414075508
619	1.0407645475
620	1.0401194212
621	1.0394722091
622	1.0388229752
623	1.0381718136
624	1.0375188544
625	1.0368642542
626	1.0362081653
627	1.0355507083
628	1.0348919681
629	1.0342320072
630	1.0335708764
631	1.0329086005
632	1.0322451527
633	1.0315804579
634	1.0309144185
635	1.0302469230
636	1.0295778353
637	1.0289070186
638	1.0282343834
639	1.0275598887
640	1.0268835237
641	1.0262053007
642	1.0255252411
643	1.0248433707
644	1.0241597335
645	1.0234743903
646	1.0227874193
647	1.0220989346
648	1.0214090899
649	1.0207180555
650	1.0200259762
651	1.0193329501
652	1.0186390328
653	1.0179442307
654	1.0172484971
655	1.0165517442
656	1.0158538696
657	1.0151547713
658	1.0144543207
659	1.0137523527
660	1.0130487035
661	1.0123432251
662	1.0116357854
663	1.0109262816
664	1.0102146618
665	1.0095009517
666	1.0087852357
667	1.0080676110
668	1.0073481898
669	1.0066271174
670	1.0059045377
671	1.0051805446
672	1.0044551825
673	1.0037284759
674	1.0030004555
675	1.0022711685
676	1.0015406683
677	1.0008089799
678	1.0000760912
679	0.9993419614
680	0.9986065093
681	0.9978696483
682	0.9971313334
683	0.9963915267
684	0.9956501557
685	0.9949071380
686	0.9941624040
687	0.9934158896
688	0.9926675292
689	0.9919172641
690	0.9911650736
691	0.9904109724
692	0.9896549788
693	0.9888971208
694	0.9881374567
695	0.9873760690
696	0.9866130431
697	0.9858484643
698	0.9850824193
699	0.9843149614
700	0.9835460898
701	0.9827757846
702	0.9820040284
703	0.9812308098
704	0.9804561325
705	0.9796800323
706	0.9789026006
707	0.9781239442
708	0.9773441396
709	0.9765632512
710	0.9757813344
711	0.9749984164
712	0.9742145039
713	0.9734296013
714	0.9726437278
715	0.9718569160
716	0.9710691780
717	0.9702804969
718	0.9694908430
719	0.9687001535
720	0.9679083111
721	0.9671151799
722	0.9663206502
723	0.9655246149
724	0.9647269655
725	0.9639276436
726	0.9631266412
727	0.9623239828
728	0.9615197313
729	0.9607139709
730	0.9599067796
731	0.9590982134
732	0.9582883110
733	0.9574771345
734	0.9566647539
735	0.9558511775
736	0.9550363592
737	0.9542202363
738	0.9534027504
739	0.9525838827
740	0.9517636680
741	0.9509421566
742	0.9501193636
743	0.9492952803
744	0.9484699407
745	0.9476434292
746	0.9468158228
747	0.9459871663
748	0.9451574992
749	0.9443268981
750	0.9434954808
751	0.9426634014
752	0.9418308344
753	0.9409978994
754	0.9401646452
755	0.9393310734
756	0.9384971102
757	0.9376625849
758	0.9368272514
759	0.9359908554
760	0.9351532128
761	0.9343141947
762	0.9334736924
763	0.9326316578
764	0.9317881043
765	0.9309430813
766	0.9300966859
767	0.9292490495
768	0.9284003095
769	0.9275506410
770	0.9267002981
771	0.9258495467
772	0.9249986044
773	0.9241476804
774	0.9232969965
775	0.9224467353
776	0.9215969847
777	0.9207477432
778	0.9198989837
779	0.9190506528
780	0.9182026205
781	0.9173547296
782	0.9165068263
783	0.9156587445
784	0.9148103532
785	0.9139615653
786	0.9131123094
787	0.9122625614
788	0.9114123755
789	0.9105618605
790	0.9097111306
791	0.9088603007
792	0.9080095421
793	0.9071590599
794	0.9063090193
795	0.9054595466
796	0.9046107299
797	0.9037625828
798	0.9029150307
799	0.9020679675
800	0.9012213079
801	0.9003749921
802	0.8995289928
803	0.8986832909
804	0.8978378738
805	0.8969928097
806	0.8961482604
807	0.8953043952
808	0.8944613031
809	0.8936189814
810	0.8927774136
811	0.8919365985
812	0.8910965487
813	0.8902573716
814	0.8894192169
815	0.8885821358
816	0.8877461109
817	0.8869111488
818	0.8860772998
819	0.8852446338
820	0.8844132053
821	0.8835830210
822	0.8827540544
823	0.8819262971
824	0.8810997685
825	0.8802744985
826	0.8794505450
827	0.8786280131
828	0.8778070171
829	0.8769876270
830	0.8761698916
831	0.8753539112
832	0.8745397871
833	0.8737275947
834	0.8729174558
835	0.8721094717
836	0.8713036276
837	0.8704998276
838	0.8696979529
839	0.8688979020
840	0.8680996014
841	0.8673030040
842	0.8665081292
843	0.8657150496
844	0.8649238449
845	0.8641345747
846	0.8633472411
847	0.8625618357
848	0.8617783671
849	0.8609967835
850	0.8602169589
851	0.8594387463
852	0.8586619680
853	0.8578863817
854	0.8571117509
855	0.8563379236
856	0.8555648076
857	0.8547923548
858	0.8540205852
859	0.8532495616
860	0.8524793528
861	0.8517100367
862	0.8509417338
863	0.8501745867
864	0.8494086973
865	0.8486441625
866	0.8478811013
867	0.8471196341
868	0.8463598910
869	0.8456019523
870	0.8448458293
871	0.8440915540
872	0.8433391974
873	0.8425888535
874	0.8418406826
875	0.8410948824
876	0.8403515667
877	0.8396107022
878	0.8388721679
879	0.8381358033
880	0.8374013834
881	0.8366686587
882	0.8359374491
883	0.8352076609
884	0.8344792310
885	0.8337521188
886	0.8330263156
887	0.8323018191
888	0.8315786737
889	0.8308569867
890	0.8301368810
891	0.8294184968
892	0.8287019761
893	0.8279874419
894	0.8272750298
895	0.8265648520
896	0.8258569555
897	0.8251513599
898	0.8244480768
899	0.8237470858
900	0.8230482966
901	0.8223516060
902	0.8216569582
903	0.8209642862
904	0.8202735291
905	0.8195846832
906	0.8188977349
907	0.8182126419
908	0.8175294082
909	0.8168480903
910	0.8161687579
911	0.8154915072
912	0.8148164871
913	0.8141438594
914	0.8134737285
915	0.8128060947
916	0.8121408564
917	0.8114778658
918	0.8108169530
919	0.8101579491
920	0.8095007490
921	0.8088453493
922	0.8081918238
923	0.8075402451
924	0.8068906744
925	0.8062431644
926	0.8055976829
927	0.8049541241
928	0.8043123530
929	0.8036721795
930	0.8030334360
931	0.8023960797
932	0.8017601543
933	0.8011257146
934	0.8004927968
935	0.7998614332
936	0.7992316799
937	0.7986036653
938	0.7979776041
939	0.7973536918
940	0.7967320013
941	0.7961125089
942	0.7954952069
943	0.7948801830
944	0.7942675917
945	0.7936575096
946	0.7930498075
947	0.7924442062
948	0.7918404482
949	0.7912384381
950	0.7906382497
951	0.7900399578
952	0.7894435261
953	0.7888488972
954	0.7882560361
955	0.7876649156
956	0.7870755447
957	0.7864879607
958	0.7859022055
959	0.7853183356
960	0.7847364470
961	0.7841566210
962	0.7835788775
963	0.7830033026
964	0.7824301267
965	0.7818596192
966	0.7812919769
967	0.7807272392
968	0.7801652930
969	0.7796059922
970	0.7790491940
971	0.7784947242
972	0.7779423868
973	0.7773920092
974	0.7768434665
975	0.7762966528
976	0.7757514263
977	0.7752076149
978	0.7746651251
979	0.7741239852
980	0.7735842674
981	0.7730460280
982	0.7725093122
983	0.7719741729
984	0.7714406731
985	0.7709088968
986	0.7703789611
987	0.7698510345
988	0.7693254069
989	0.7688024389
990	0.7682823606
991	0.7677652444
992	0.7672510815
993	0.7667397742
994	0.7662311544
995	0.7657250117
996	0.7652211302
997	0.7647193392
998	0.7642195185
999	0.7637215552
1000	0.7632253116
1001	0.7627306764
1002	0.7622376355
1003	0.7617462433
1004	0.7612565679
1005	0.7607687151
1006	0.7602828745
1007	0.7597992768
1008	0.7593180739
1009	0.7588393101
1010	0.7583630022
1011	0.7578891619
1012	0.7574177331
1013	0.7569485914
1014	0.7564815849
1015	0.7560165312
1016	0.7555532619
1017	0.7550916180
1018	0.7546314052
1019	0.7541724809
1020	0.7537148241
1021	0.7532584985
1022	0.7528036348
1023	0.7523504410
1024	0.7518991510
1025	0.7514499124
1026	0.7510027393
1027	0.7505575446
1028	0.7501141664
1029	0.7496724125
1030	0.7492320606
1031	0.7487928600
1032	0.7483546362
1033	0.7479173138
1034	0.7474808532
1035	0.7470452293
1036	0.7466104444
1037	0.7461765484
1038	0.7457436082
1039	0.7453116566
1040	0.7448807332
1041	0.7444509476
1042	0.7440224370
1043	0.7435953158
1044	0.7431696981
1045	0.7427456969
1046	0.7423233930
1047	0.7419028364
1048	0.7414840571
1049	0.7410670919
1050	0.7406520015
1051	0.7402388220
1052	0.7398275036
1053	0.7394179219
1054	0.7390099174
1055	0.7386032457
1056	0.7381975949
1057	0.7377927218
1058	0.7373884685
1059	0.7369847227
1060	0.7365814342
1061	0.7361786176
1062	0.7357763371
1063	0.7353746574
1064	0.7349735974
1065	0.7345731556
1066	0.7341733476
1067	0.7337742134
1068	0.7333757981
1069	0.7329781467
1070	0.7325813206
1071	0.7321853725
1072	0.7317903184
1073	0.7313961638
1074	0.7310029436
1075	0.7306106752
1076	0.7302192693
1077	0.7298285558
1078	0.7294383725
1079	0.7290485831
1080	0.7286590665
1081	0.7282697600
1082	0.7278806705
1083	0.7274918555
1084	0.7271034342
1085	0.7267155568
1086	0.7263283682
1087	0.7259419889
1088	0.7255564616
1089	0.7251717870
1090	0.7247880024
1091	0.7244051417
1092	0.7240231971
1093	0.7236421734
1094	0.7232621340
1095	0.7228831402
1096	0.7225051833
1097	0.7221282034
1098	0.7217521028
1099	0.7213767694
1100	0.7210021055
1101	0.7206280363
1102	0.7202545315
1103	0.7198815821
1104	0.7195091842
1105	0.7191373704
1106	0.7187661796
1107	0.7183956213
1108	0.7180257062
1109	0.7176564824
1110	0.7172880526
1111	0.7169205274
1112	0.7165539705
1113	0.7161884457
1114	0.7158240624
1115	0.7154608983
1116	0.7150989570
1117	0.7147382170
1118	0.7143786257
1119	0.7140200802
1120	0.7136624403
1121	0.7133055423
1122	0.7129492273
1123	0.7125933866
1124	0.7122379816
1125	0.7118830264
1126	0.7115285849
1127	0.7111747515
1128	0.7108216251
1129	0.7104693326
1130	0.7101179834
1131	0.7097675977
1132	0.7094181780
1133	0.7090697535
1134	0.7087223177
1135	0.7083758054
1136	0.7080301296
1137	0.7076852129
1138	0.7073409502
1139	0.7069972051
1140	0.7066538770
1141	0.7063109184
1142	0.7059683012
1143	0.7056260134
1144	0.7052840899
1145	0.7049426349
1146	0.7046018381
1147	0.7042619640
1148	0.7039232741
1149	0.7035859492
1150	0.7032500949
1151	0.7029158084
1152	0.7025832174
1153	0.7022524264
1154	0.7019234521
1155	0.7015962593
1156	0.7012708024
1157	0.7009470016
1158	0.7006248032
1159	0.7003042508
1160	0.6999853686
1161	0.6996680754
1162	0.6993522298
1163	0.6990376686
1164	0.6987242472
1165	0.6984118521
1166	0.6981004237
1167	0.6977900032
1168	0.6974807093
1169	0.6971726526
1170	0.6968658763
1171	0.6965603822
1172	0.6962561849
1173	0.6959533541
1174	0.6956520405
1175	0.6953524104
1176	0.6950546190
1177	0.6947588666
1178	0.6944653703
1179	0.6941743121
1180	0.6938858310
1181	0.6936000607
1182	0.6933171391
1183	0.6930371213
1184	0.6927599615
1185	0.6924855742
1186	0.6922138316
1187	0.6919445798
1188	0.6916777268
1189	0.6914132525
1190	0.6911511485
1191	0.6908913822
1192	0.6906338923
1193	0.6903786438
1194	0.6901256667
1195	0.6898750548
1196	0.6896270384
1197	0.6893819954
1198	0.6891403091
1199	0.6889022967
1200	0.6886682398
1201	0.6884383593
1202	0.6882127686
1203	0.6879914944
1204	0.6877744312
1205	0.6875613242
1206	0.6873519529
1207	0.6871461749
1208	0.6869437896
1209	0.6867445055
1210	0.6865480044
1211	0.6863540227
1212	0.6861623783
1213	0.6859730040
1214	0.6857860302
1215	0.6856017372
1216	0.6854204310
1217	0.6852424225
1218	0.6850680540
1219	0.6848976755
1220	0.6847316015
1221	0.6845701230
1222	0.6844135100
1223	0.6842619503
1224	0.6841154998
1225	0.6839740826
1226	0.6838375011
1227	0.6837054707
1228	0.6835777507
1229	0.6834542307
1230	0.6833348925
1231	0.6832198043
1232	0.6831091461
1233	0.6830031496
1234	0.6829020391
1235	0.6828060449
1236	0.6827153583
1237	0.6826301319
1238	0.6825505463
1239	0.6824767391
1240	0.6824087365
1241	0.6823464595
1242	0.6822897442
1243	0.6822384239
1244	0.6821922891
1245	0.6821510488
1246	0.6821144980
1247	0.6820825733
1248	0.6820552373
1249	0.6820324527
1250	0.6820142660
1251	0.6820007790
1252	0.6819920599
1253	0.6819881890
1254	0.6819892752
1255	0.6819954183
1256	0.6820067055
1257	0.6820232264
1258	0.6820451206
1259	0.6820725638
1260	0.6821057223
1261	0.6821447067
1262	0.6821894929
1263	0.6822399333
1264	0.6822958365
1265	0.6823570150
1266	0.6824233574
1267	0.6824948318
1268	0.6825713927
1269	0.6826529548
1270	0.6827394708
1271	0.6828310111
1272	0.6829276982
1273	0.6830294979
1274	0.6831361704
1275	0.6832474438
1276	0.6833631313
1277	0.6834832607
1278	0.6836081201
1279	0.6837379928
1280	0.6838729434
1281	0.6840129168
1282	0.6841579003
1283	0.6843079716
1284	0.6844633205
1285	0.6846241424
1286	0.6847904473
1287	0.6849621173
1288	0.6851391037
1289	0.6853214969
1290	0.6855094368
1291	0.6857029568
1292	0.6859020245
1293	0.6861066530
1294	0.6863168395
1295	0.6865325237
1296	0.6867536004
1297	0.6869799736
1298	0.6872116368
1299	0.6874486259
1300	0.6876908794
1301	0.6879381831
1302	0.6881902593
1303	0.6884468933
1304	0.6887080295
1305	0.6889737836
1306	0.6892443210
1307	0.6895197280
1308	0.6898000402
1309	0.6900853009
1310	0.6903754550
1311	0.6906702929
1312	0.6909696074
1313	0.6912733130
1314	0.6915814120
1315	0.6918939612
1316	0.6922110726
1317	0.6925329096
1318	0.6928597260
1319	0.6931918862
1320	0.6935297598
1321	0.6938735886
1322	0.6942234466
1323	0.6945793406
1324	0.6949412557
1325	0.6953090162
1326	0.6956823695
1327	0.6960611926
1328	0.6964455102
1329	0.6968354700
1330	0.6972312108
1331	0.6976327266
1332	0.6980399406
1333	0.6984527855
1334	0.6988711453
1335	0.6992948400
1336	0.6997237451
1337	0.7001578460
1338	0.7005971697
1339	0.7010417074
1340	0.7014913662
1341	0.7019460342
1342	0.7024056721
1343	0.7028703073
1344	0.7033399952
1345	0.7038147977
1346	0.7042948260
1347	0.7047802018
1348	0.7052709355
1349	0.7057669629
1350	0.7062682478
1351	0.7067747930
1352	0.7072866078
1353	0.7078036733
1354	0.7083259106
1355	0.7088532124
1356	0.7093855231
1357	0.7099228377
1358	0.7104650474
1359	0.7110119038
1360	0.7115632477
1361	0.7121190701
1362	0.7126793863
1363	0.7132442634
1364	0.7138138445
1365	0.7143882783
1366	0.7149676721
1367	0.7155520493
1368	0.7161413853
1369	0.7167357129
1370	0.7173351315
1371	0.7179397247
1372	0.7185495505
1373	0.7191646491
1374	0.7197849748
1375	0.7204103749
1376	0.7210405879
1377	0.7216753069
1378	0.7223142853
1379	0.7229573171
1380	0.7236042236
1381	0.7242548867
1382	0.7249093028
1383	0.7255676209
1384	0.7262300185
1385	0.7268966205
1386	0.7275676139
1387	0.7282432507
1388	0.7289236964
1389	0.7296090211
1390	0.7302993201
1391	0.7309947412
1392	0.7316954295
1393	0.7324015145
1394	0.7331131246
1395	0.7338304110
1396	0.7345535728
1397	0.7352827976
1398	0.7360181438
1399	0.7367595534
1400	0.7375068996
1401	0.7382599051
1402	0.7390180967
1403	0.7397809070
1404	0.7405478077
1405	0.7413183582
1406	0.7420922559
1407	0.7428694067
1408	0.7436499238
1409	0.7444340513
1410	0.7452220598
1411	0.7460142059
1412	0.7468107330
1413	0.7476119136
1414	0.7484180365
1415	0.7492292730
1416	0.7500457026
1417	0.7508673776
1418	0.7516942233
1419	0.7525260511
1420	0.7533626140
1421	0.7542036115
1422	0.7550487414
1423	0.7558977047
1424	0.7567502444
1425	0.7576062468
1426	0.7584657100
1427	0.7593286013
1428	0.7601948763
1429	0.7610645864
1430	0.7619378104
1431	0.7628145676
1432	0.7636948752
1433	0.7645788335
1434	0.7654665778
1435	0.7663581771
1436	0.7672536518
1437	0.7681530000
1438	0.7690561891
1439	0.7699632076
1440	0.7708740803
1441	0.7717888471
1442	0.7727075724
1443	0.7736302945
1444	0.7745569523
1445	0.7754874225
1446	0.7764215960
1447	0.7773593664
1448	0.7783006127
1449	0.7792452901
1450	0.7801934672
1451	0.7811451918
1452	0.7821004256
1453	0.7830590922
1454	0.7840210952
1455	0.7849863455
1456	0.7859547368
1457	0.7869261555
1458	0.7879005562
1459	0.7888778873
1460	0.7898579840
1461	0.7908406075
1462	0.7918255165
1463	0.7928124885
1464	0.7938013617
1465	0.7947920607
1466	0.7957845694
1467	0.7967789353
1468	0.7977752678
1469	0.7987737231
1470	0.7997744851
1471	0.8007776735
1472	0.8017832807
1473	0.8027911928
1474	0.8038012786
1475	0.8048134717
1476	0.8058277093
1477	0.8068439032
1478	0.8078619936
1479	0.8088818966
1480	0.8099034951
1481	0.8109267546
1482	0.8119517193
1483	0.8129783646
1484	0.8140065164
1485	0.8150358945
1486	0.8160662417
1487	0.8170974308
1488	0.8181294479
1489	0.8191623060
1490	0.8201960069
1491	0.8212305699
1492	0.8222660306
1493	0.8233024504
1494	0.8243399432
1495	0.8253786191
1496	0.8264185175
1497	0.8274596339
1498	0.8285019518
1499	0.8295453915
1500	0.8305897945
1501	0.8316350043
1502	0.8326808938
1503	0.8337273271
1504	0.8347741420
1505	0.8358211813
1506	0.8368683289
1507	0.8379155186
1508	0.8389627674
1509	0.8400101830
1510	0.8410579208
1511	0.8421061105
1512	0.8431548392
1513	0.8442042487
1514	0.8452545239
1515	0.8463058150
1516	0.8473582565
1517	0.8484119550
1518	0.8494669622
1519	0.8505232615
1520	0.8515807212
1521	0.8526391298
1522	0.8536983194
1523	0.8547581993
1524	0.8558187242
1525	0.8568798906
1526	0.8579417022
1527	0.8590041235
1528	0.8600670999
1529	0.8611305924
1530	0.8621945771
1531	0.8632590407
1532	0.8643240111
1533	0.8653895497
1534	0.8664556787
1535	0.8675223898
1536	0.8685897079
1537	0.8696576782
1538	0.8707263186
1539	0.8717956043
1540	0.8728654859
1541	0.8739359299
1542	0.8750069229
1543	0.8760784416
1544	0.8771504486
1545	0.8782228821
1546	0.8792956516
1547	0.8803686593
1548	0.8814418230
1549	0.8825150507
1550	0.8835881973
1551	0.8846611056
1552	0.8857336583
1553	0.8868057803
1554	0.8878774396
1555	0.8889486477
1556	0.8900194664
1557	0.8910899903
1558	0.8921603021
1559	0.8932304800
1560	0.8943006132
1561	0.8953707861
1562	0.8964410909
1563	0.8975116500
1564	0.8985825821
1565	0.8996539640
1566	0.9007258302
1567	0.9017981509
1568	0.9028708270
1569	0.9039437297
1570	0.9050167417
1571	0.9060897754
1572	0.9071627690
1573	0.9082357096
1574	0.9093086435
1575	0.9103816416
1576	0.9114547754
1577	0.9125281174
1578	0.9136017607
1579	0.9146758173
1580	0.9157503531
1581	0.9168253735
1582	0.9179008717
1583	0.9189768077
1584	0.9200530750
1585	0.9211295415
1586	0.9222060851
1587	0.9232825963
1588	0.9243589880
1589	0.9254352031
1590	0.9265111946
1591	0.9275869114
1592	0.9286623232
1593	0.9297374320
1594	0.9308122580
1595	0.9318868319
1596	0.9329611927
1597	0.9340353859
1598	0.9351094617
1599	0.9361834795
1600	0.9372575102
1601	0.9383316279
1602	0.9394058891
1603	0.9404803197
1604	0.9415549341
1605	0.9426297536
1606	0.9437048162
1607	0.9447801632
1608	0.9458558003
1609	0.9469316836
1610	0.9480077496
1611	0.9490839648
1612	0.9501603328
1613	0.9512368603
1614	0.9523135267
1615	0.9533902756
1616	0.9544670448
1617	0.9555437888
1618	0.9566204851
1619	0.9576971315
1620	0.9587737039
1621	0.9598501460
1622	0.9609264172
1623	0.9620025113
1624	0.9630784544
1625	0.9641543049
1626	0.9652301320
1627	0.9663059915
1628	0.9673819212
1629	0.9684579402
1630	0.9695340552
1631	0.9706102640
1632	0.9716865670
1633	0.9727629878
1634	0.9738395637
1635	0.9749163122
1636	0.9759932135
1637	0.9770702285
1638	0.9781473265
1639	0.9792244897
1640	0.9803016980
1641	0.9813789190
1642	0.9824561140
1643	0.9835332577
1644	0.9846103435
1645	0.9856873599
1646	0.9867642917
1647	0.9878411367
1648	0.9889178972
1649	0.9899945716
1650	0.9910711603
1651	0.9921476805
1652	0.9932241673
1653	0.9943006690
1654	0.9953772399
1655	0.9964539136
1656	0.9975306900
1657	0.9986075491
1658	0.9996844716
1659	1.0007614399
1660	1.0018384237
1661	1.0029154021
1662	1.0039923823
1663	1.0050693840
1664	1.0061464254
1665	1.0072235098
1666	1.0083006205
1667	1.0093777413
1668	1.0104548672
1669	1.0115319855
1670	1.0126090579
1671	1.0136860195
1672	1.0147628081
1673	1.0158393970
1674	1.0169157776
1675	1.0179919413
1676	1.0190678977
1677	1.0201436772
1678	1.0212193171
1679	1.0222948562
1680	1.0233703359
1681	1.0244457933
1682	1.0255212602
1683	1.0265967752
1684	1.0276723745
1685	1.0287480813
1686	1.0298239180
1687	1.0308998866
1688	1.0319759463
1689	1.0330520475
1690	1.0341281574
1691	1.0352042598
1692	1.0362803523
1693	1.0373564228
1694	1.0384324430
1695	1.0395083879
1696	1.0405842472
1697	1.0416600121
1698	1.0427356635
1699	1.0438111915
1700	1.0448866190
1701	1.0459619972
1702	1.0470373838
1703	1.0481128394
1704	1.0491884303
1705	1.0502642030
1706	1.0513401578
1707	1.0524162587
1708	1.0534924596
1709	1.0545687090
1710	1.0556449586
1711	1.0567211781
1712	1.0577973363
1713	1.0588733920
1714	1.0599493058
1715	1.0610250465
1716	1.0621005818
1717	1.0631758721
1718	1.0642508929
1719	1.0653256400
1720	1.0664001189
1721	1.0674743578
1722	1.0685484189
1723	1.0696223841
1724	1.0706963340
1725	1.0717703475
1726	1.0728444864
1727	1.0739187793
1728	1.0749932309
1729	1.0760678067
1730	1.0771424462
1731	1.0782171144
1732	1.0792917913
1733	1.0803664385
1734	1.0814410115
1735	1.0825154730
1736	1.0835897979
1737	1.0846639586
1738	1.0857379047
1739	1.0868115852
1740	1.0878849542
1741	1.0889579478
1742	1.0900304956
1743	1.0911025464
1744	1.0921741078
1745	1.0932452842
1746	1.0943162391
1747	1.0953871258
1748	1.0964580888
1749	1.0975292783
1750	1.0986007983
1751	1.0996726562
1752	1.1007448056
1753	1.1018171952
1754	1.1028897327
1755	1.1039622788
1756	1.1050346805
1757	1.1061067869
1758	1.1071784709
1759	1.1082496342
1760	1.1093202090
1761	1.1103901662
1762	1.1114595188
1763	1.1125283231
1764	1.1135966453
1765	1.1146645509
1766	1.1157321351
1767	1.1167995228
1768	1.1178668292
1769	1.1189341460
1770	1.1200015699
1771	1.1210691846
1772	1.1221370174
1773	1.1232050345
1774	1.1242731447
1775	1.1253412104
1776	1.1264090580
1777	1.1274765037
1778	1.1285434092
1779	1.1296097036
1780	1.1306753510
1781	1.1317403260
1782	1.1328046002
1783	1.1338681324
1784	1.1349308742
1785	1.1359927719
1786	1.1370538150
1787	1.1381141060
1788	1.1391738246
1789	1.1402331675
1790	1.1412923395
1791	1.1423515064
1792	1.1434107362
1793	1.1444700023
1794	1.1455292033
1795	1.1465881957
1796	1.1476468486
1797	1.1487050547
1798	1.1497626618
1799	1.1508194448
1800	1.1518751891
1801	1.1529297265
1802	1.1539829435
1803	1.1550348403
1804	1.1560855229
1805	1.1571351470
1806	1.1581838642
1807	1.1592318088
1808	1.1602791489
1809	1.1613260420
1810	1.1623725317
1811	1.1634185558
1812	1.1644640136
1813	1.1655087958
1814	1.1665528030
1815	1.1675959454
1816	1.1686380875
1817	1.1696790220
1818	1.1707184865
1819	1.1717562119
1820	1.1727920274
1821	1.1738259086
1822	1.1748578763
1823	1.1758878670
1824	1.1769157679
1825	1.1779415144
1826	1.1789650917
1827	1.1799865035
1828	1.1810057512
1829	1.1820228291
1830	1.1830377322
1831	1.1840504677
1832	1.1850610800
1833	1.1860696547
1834	1.1870763153
1835	1.1880812148
1836	1.1890845113
1837	1.1900863603
1838	1.1910868899
1839	1.1920861855
1840	1.1930843644
1841	1.1940816413
1842	1.1950782453
1843	1.1960743208
1844	1.1970699358
1845	1.1980650774
1846	1.1990596380
1847	1.2000534790
1848	1.2010464534
1849	1.2020383816
1850	1.2030290721
1851	1.2040183293
1852	1.2050059646
1853	1.2059918109
1854	1.2069757079
1855	1.2079575144
1856	1.2089371125
1857	1.2099144193
1858	1.2108893928
1859	1.2118619429
1860	1.2128319008
1861	1.2137991350
1862	1.2147635785
1863	1.2157251575
1864	1.2166837944
1865	1.2176394282
1866	1.2185919980
1867	1.2195414375
1868	1.2204877209
1869	1.2214309185
1870	1.2223711907
1871	1.2233087614
1872	1.2242438711
1873	1.2251766951
1874	1.2261072973
1875	1.2270356136
1876	1.2279614802
1877	1.2288846593
1878	1.2298048262
1879	1.2307216119
1880	1.2316346791
1881	1.2325437768
1882	1.2334487280
1883	1.2343493758
1884	1.2352455943
1885	1.2361373382
1886	1.2370246390
1887	1.2379075588
1888	1.2387861830
1889	1.2396606273
1890	1.2405310148
1891	1.2413974503
1892	1.2422600161
1893	1.2431187842
1894	1.2439738272
1895	1.2448252143
1896	1.2456730138
1897	1.2465172912
1898	1.2473580755
1899	1.2481953207
1900	1.2490289147
1901	1.2498587210
1902	1.2506845772
1903	1.2515062623
1904	1.2523235397
1905	1.2531362257
1906	1.2539441722
1907	1.2547472619
1908	1.2555454491
1909	1.2563387568
1910	1.2571272547
1911	1.2579110500
1912	1.2586902582
1913	1.2594649910
1914	1.2602353471
1915	1.2610013852
1916	1.2617631443
1917	1.2625206772
1918	1.2632740463
1919	1.2640233021
1920	1.2647684763
1921	1.2655095816
1922	1.2662465898
1923	1.2669794399
1924	1.2677080496
1925	1.2684323096
1926	1.2691520994
1927	1.2698673014
1928	1.2705778067
1929	1.2712834866
1930	1.2719841756
1931	1.2726797489
1932	1.2733701815
1933	1.2740555081
1934	1.2747357917
1935	1.2754111371
1936	1.2760816800
1937	1.2767475716
1938	1.2774089814
1939	1.2780660950
1940	1.2787191139
1941	1.2793682189
1942	1.2800135162
1943	1.2806550302
1944	1.2812927210
1945	1.2819264977
1946	1.2825562295
1947	1.2831817463
1948	1.2838028275
1949	1.2844192372
1950	1.2850307856
1951	1.2856373350
1952	1.2862387727
1953	1.2868349890
1954	1.2874258577
1955	1.2880112503
1956	1.2885910798
1957	1.2891653332
1958	1.2897340774
1959	1.2902974327
1960	1.2908555307
1961	1.2914084801
1962	1.2919563858
1963	1.2924993853
1964	1.2930376329
1965	1.2935713002
1966	1.2941006030
1967	1.2946257479
1968	1.2951468629
1969	1.2956640227
1970	1.2961772724
1971	1.2966865967
1972	1.2971919279
1973	1.2976931843
1974	1.2981902679
1975	1.2986830437
1976	1.2991713468
1977	1.2996550253
1978	1.3001339865
1979	1.3006082111
1980	1.3010777524
1981	1.3015427123
1982	1.3020032037
1983	1.3024593252
1984	1.3029111490
1985	1.3033587229
1986	1.3038020596
1987	1.3042411164
1988	1.3046758228
1989	1.3051060973
1990	1.3055318093
1991	1.3059527827
1992	1.3063688300
1993	1.3067797786
1994	1.3071854932
1995	1.3075858809
1996	1.3079809112
1997	1.3083706228
1998	1.3087550859
1999	1.3091343693
2000	1.3095085412
2001	1.3098776849
2002	1.3102418911
2003	1.3106012280
2004	1.3109557149
2005	1.3113053249
2006	1.3116500265
2007	1.3119898154
2008	1.3123247136
2009	1.3126547388
2010	1.3129798520
2011	1.3132999359
2012	1.3136148357
2013	1.3139244158
2014	1.3142285899
2015	1.3145273186
2016	1.3148205787
2017	1.3151083444
2018	1.3153906194
2019	1.3156674785
2020	1.3159390577
2021	1.3162055080
2022	1.3164669625
2023	1.3167235271
2024	1.3169752895
2025	1.3172223375
2026	1.3174647567
2027	1.3177026087
2028	1.3179359251
2029	1.3181647229
2030	1.3183890085
2031	1.3186087557
2032	1.3188238859
2033	1.3190342830
2034	1.3192398210
2035	1.3194403689
2036	1.3196357952
2037	1.3198259774
2038	1.3200108062
2039	1.3201902017
2040	1.3203641516
2041	1.3205327338
2042	1.3206960968
2043	1.3208544130
2044	1.3210078401
2045	1.3211565143
2046	1.3213005571
2047	1.3214400770
2048	1.3215751587
2049	1.3217058584
2050	1.3218322168
2051	1.3219542498
2052	1.3220719153
2053	1.3221851048
2054	1.3222936859
2055	1.3223975317
2056	1.3224965177
2057	1.3225905298
2058	1.3226794839
2059	1.3227633335
2060	1.3228420681
2061	1.3229157172
2062	1.3229843443
2063	1.3230480208
2064	1.3231068201
2065	1.3231608368
2066	1.3232101680
2067	1.3232548704
2068	1.3232949379
2069	1.3233303099
2070	1.3233609108
2071	1.3233866677
2072	1.3234074882
2073	1.3234232239
2074	1.3234336523
2075	1.3234385171
2076	1.3234376006
2077	1.3234307733
2078	1.3234180273
2079	1.3233994975
2080	1.3233754447
2081	1.3233461836
2082	1.3233120071
2083	1.3232731837
2084	1.3232299815
2085	1.3231826408
2086	1.3231313493
2087	1.3230762566
2088	1.3230174765
2089	1.3229550805
2090	1.3228891005
2091	1.3228195013
2092	1.3227461494
2093	1.3226688392
2094	1.3225873483
2095	1.3225014587
2096	1.3224109467
2097	1.3223155909
2098	1.3222152018
2099	1.3221096472
2100	1.3219988598
2101	1.3218828237
2102	1.3217615741
2103	1.3216352105
2104	1.3215038723
2105	1.3213677191
2106	1.3212269285
2107	1.3210816899
2108	1.3209322027
2109	1.3207786713
2110	1.3206213022
2111	1.3204603005
2112	1.3202958362
2113	1.3201279971
2114	1.3199567943
2115	1.3197822008
2116	1.3196041494
2117	1.3194225268
2118	1.3192372287
2119	1.3190481954
2120	1.3188553762
2121	1.3186587347
2122	1.3184582840
2123	1.3182540643
2124	1.3180461341
2125	1.3178345804
2126	1.3176195201
2127	1.3174011177
2128	1.3171795761
2129	1.3169551171
2130	1.3167279755
2131	1.3164983727
2132	1.3162665044
2133	1.3160325307
2134	1.3157965522
2135	1.3155586216
2136	1.3153187726
2137	1.3150769993
2138	1.3148332129
2139	1.3145872549
2140	1.3143389537
2141	1.3140881771
2142	1.3138348636
2143	1.3135789981
2144	1.3133205719
2145	1.3130595762
2146	1.3127960113
2147	1.3125298943
2148	1.3122612574
2149	1.3119901607
2150	1.3117167083
2151	1.3114410382
2152	1.3111633223
2153	1.3108837772
2154	1.3106026469
2155	1.3103201373
2156	1.3100363404
2157	1.3097512300
2158	1.3094647422
2159	1.3091768234
2160	1.3088874127
2161	1.3085964511
2162	1.3083038971
2163	1.3080097187
2164	1.3077139000
2165	1.3074164552
2166	1.3071174193
2167	1.3068168296
2168	1.3065147231
2169	1.3062111244
2170	1.3059060502
2171	1.3055995289
2172	1.3052915829
2173	1.3049822090
2174	1.3046714182
2175	1.3043592830
2176	1.3040458953
2177	1.3037313158
2178	1.3034155885
2179	1.3030987783
2180	1.3027810151
2181	1.3024624651
2182	1.3021432745
2183	1.3018235629
2184	1.3015034073
2185	1.3011828406
2186	1.3008618750
2187	1.3005405001
2188	1.3002186941
2189	1.2998964590
2190	1.2995738274
2191	1.2992508418
2192	1.2989275535
2193	1.2986040244
2194	1.2982803058
2195	1.2979564493
2196	1.2976325476
2197	1.2973086973
2198	1.2969849063
2199	1.2966610918
2200	1.2963371665
2201	1.2960130481
2202	1.2956886196
2203	1.2953637695
2204	1.2950384190
2205	1.2947124856
2206	1.2943858870
2207	1.2940585585
2208	1.2937304544
2209	1.2934015482
2210	1.2930718316
2211	1.2927413329
2212	1.2924101062
2213	1.2920782055
2214	1.2917457147
2215	1.2914127671
2216	1.2910795296
2217	1.2907461697
2218	1.2904128015
2219	1.2900794976
2220	1.2897463383
2221	1.2894133688
2222	1.2890805259
2223	1.2887476729
2224	1.2884146848
2225	1.2880814559
2226	1.2877478893
2227	1.2874138935
2228	1.2870793574
2229	1.2867441556
2230	1.2864081643
2231	1.2860712607
2232	1.2857333394
2233	1.2853943584
2234	1.2850543615
2235	1.2847134701
2236	1.2843718640
2237	1.2840297466
2238	1.2836873185
2239	1.2833447624
2240	1.2830022265
2241	1.2826598124
2242	1.2823175501
2243	1.2819753784
2244	1.2816331773
2245	1.2812908150
2246	1.2809481181
2247	1.2806048617
2248	1.2802608498
2249	1.2799159487
2250	1.2795700678
2251	1.2792231764
2252	1.2788753206
2253	1.2785266096
2254	1.2781771972
2255	1.2778272505
2256	1.2774769210
2257	1.2771263427
2258	1.2767756190
2259	1.2764248036
2260	1.2760739036
2261	1.2757229059
2262	1.2753717771
2263	1.2750204448
2264	1.2746688359
2265	1.2743169119
2266	1.2739646671
2267	1.2736121289
2268	1.2732593388
2269	1.2729063328
2270	1.2725531123
2271	1.2721996291
2272	1.2718458675
2273	1.2714918741
2274	1.2711376853
2275	1.2707833071
2276	1.2704287258
2277	1.2700739052
2278	1.2697187804
2279	1.2693632615
2280	1.2690072644
2281	1.2686507152
2282	1.2682935183
2283	1.2679355481
2284	1.2675766934
2285	1.2672168983
2286	1.2668561440
2287	1.2664944052
2288	1.2661316469
2289	1.2657678733
2290	1.2654031648
2291	1.2650376667
2292	1.2646715562
2293	1.2643049899
2294	1.2639380817
2295	1.2635709250
2296	1.2632036009
2297	1.2628361509
2298	1.2624685658
2299	1.2621007997
2300	1.2617327819
2301	1.2613644106
2302	1.2609955425
2303	1.2606260247
2304	1.2602557220
2305	1.2598845177
2306	1.2595123138
2307	1.2591390124
2308	1.2587645052
2309	1.2583886765
2310	1.2580113967
2311	1.2576325488
2312	1.2572520922
2313	1.2568700698
2314	1.2564865506
2315	1.2561016120
2316	1.2557153463
2317	1.2553278383
2318	1.2549391516
2319	1.2545493452
2320	1.2541584809
2321	1.2537666104
2322	1.2533737780
2323	1.2529800314
2324	1.2525854095
2325	1.2521899284
2326	1.2517935889
2327	1.2513964034
2328	1.2509983785
2329	1.2505994853
2330	1.2501996830
2331	1.2497989213
2332	1.2493971218
2333	1.2489941891
2334	1.2485900081
2335	1.2481844433
2336	1.2477773704
2337	1.2473686837
2338	1.2469582815
2339	1.2465460680
2340	1.2461319696
2341	1.2457159546
2342	1.2452980491
2343	1.2448783341
2344	1.2444568980
2345	1.2440338110
2346	1.2436091643
2347	1.2431830808
2348	1.2427556530
2349	1.2423268963
2350	1.2418967430
2351	1.2414650563
2352	1.2410316869
2353	1.2405965316
2354	1.2401595275
2355	1.2397206249
2356	1.2392797941
2357	1.2388370312
2358	1.2383923689
2359	1.2379458728
2360	1.2374976089
2361	1.2370476331
2362	1.2365959909
2363	1.2361427413
2364	1.2356879845
2365	1.2352318519
2366	1.2347744844
2367	1.2343159811
2368	1.2338563799
2369	1.2333957177
2370	1.2329340448
2371	1.2324713850
2372	1.2320077384
2373	1.2315430911
2374	1.2310773925
2375	1.2306105455
2376	1.2301424034
2377	1.2296727788
2378	1.2292014789
2379	1.2287283284
2380	1.2282532024
2381	1.2277760570
2382	1.2272968906
2383	1.2268156909
2384	1.2263324492
2385	1.2258471906
2386	1.2253599705
2387	1.2248708461
2388	1.2243798529
2389	1.2238870323
2390	1.2233924688
2391	1.2228962744
2392	1.2223985462
2393	1.2218993587
2394	1.2213987740
2395	1.2208968387
2396	1.2203935840
2397	1.2198889822
2398	1.2193829086
2399	1.2188752076
2400	1.2183657581
2401	1.2178544371
2402	1.2173410861
2403	1.2168255541
2404	1.2163077320
2405	1.2157875524
2406	1.2152649950
2407	1.2147401022
2408	1.2142129781
2409	1.2136837713
2410	1.2131526636
2411	1.2126198454
2412	1.2120854850
2413	1.2115497443
2414	1.2110127959
2415	1.2104747908
2416	1.2099358153
2417	1.2093958606
2418	1.2088548368
2419	1.2083126049
2420	1.2077689933
2421	1.2072238377
2422	1.2066770030
2423	1.2061283968
2424	1.2055779870
2425	1.2050257879
2426	1.2044718809
2427	1.2039163984
2428	1.2033594414
2429	1.2028010546
2430	1.2022412273
2431	1.2016798811
2432	1.2011168792
2433	1.2005520591
2434	1.1999852725
2435	1.1994164118
2436	1.1988454073
2437	1.1982722148
2438	1.1976968043
2439	1.1971191389
2440	1.1965391915
2441	1.1959569867
2442	1.1953725893
2443	1.1947860625
2444	1.1941974879
2445	1.1936070056
2446	1.1930147665
2447	1.1924208758
2448	1.1918254189
2449	1.1912285038
2450	1.1906302189
2451	1.1900305848
2452	1.1894295946
2453	1.1888272437
2454	1.1882235256
2455	1.1876184379
2456	1.1870119901
2457	1.1864041899
2458	1.1857950268
2459	1.1851845012
2460	1.1845726156
2461	1.1839593501
2462	1.1833447153
2463	1.1827287755
2464	1.1821116051
2465	1.1814932755
2466	1.1808738569
2467	1.1802533947
2468	1.1796318961
2469	1.1790093069
2470	1.1783855095
2471	1.1777603994
2472	1.1771339468
2473	1.1765061787
2474	1.1758771149
2475	1.1752467174
2476	1.1746149233
2477	1.1739816997
2478	1.1733470376
2479	1.1727109455
2480	1.1720734594
2481	1.1714346257
2482	1.1707944646
2483	1.1701529667
2484	1.1695101528
2485	1.1688661365
2486	1.1682210840
2487	1.1675750962
2488	1.1669282246
2489	1.1662805851
2490	1.1656323343
2491	1.1649836061
2492	1.1643345074
2493	1.1636850934
2494	1.1630353752
2495	1.1623853633
2496	1.1617350736
2497	1.1610845363
2498	1.1604337431
2499	1.1597825268
2500	1.1591305632
2501	1.1584775102
2502	1.1578231097
2503	1.1571671934
2504	1.1565096900
2505	1.1558506335
2506	1.1551901287
2507	1.1545283267
2508	1.1538653785
2509	1.1532014100
2510	1.1525365743
2511	1.1518710965
2512	1.1512052354
2513	1.1505392124
2514	1.1498731914
2515	1.1492072369
2516	1.1485412905
2517	1.1478752282
2518	1.1472088880
2519	1.1465420835
2520	1.1458746047
2521	1.1452062457
2522	1.1445368707
2523	1.1438664189
2524	1.1431949013
2525	1.1425223888
2526	1.1418489653
2527	1.1411747300
2528	1.1404997925
2529	1.1398242413
2530	1.1391481421
2531	1.1384715479
2532	1.1377945827
2533	1.1371174976
2534	1.1364405600
2535	1.1357639728
2536	1.1350878848
2537	1.1344123755
2538	1.1337374665
2539	1.1330631845
2540	1.1323895858
2541	1.1317167283
2542	1.1310446439
2543	1.1303733661
2544	1.1297029487
2545	1.1290334147
2546	1.1283647663
2547	1.1276970247
2548	1.1270301890
2549	1.1263642321
2550	1.1256991459
2551	1.1250349267
2552	1.1243715953
2553	1.1237092645
2554	1.1230480647
2555	1.1223880341
2556	1.1217291880
2557	1.1210716049
2558	1.1204153605
2559	1.1197604464
2560	1.1191067565
2561	1.1184541281
2562	1.1178024312
2563	1.1171515963
2564	1.1165015900
2565	1.1158524195
2566	1.1152040933
2567	1.1145565786
2568	1.1139098498
2569	1.1132639295
2570	1.1126188586
2571	1.1119747157
2572	1.1113316457
2573	1.1106898029
2574	1.1100492973
2575	1.1094101833
2576	1.1087725115
2577	1.1081363618
2578	1.1075018358
2579	1.1068690488
2580	1.1062380578
2581	1.1056088417
2582	1.1049813624
2583	1.1043555810
2584	1.1037314218
2585	1.1031088082
2586	1.1024877820
2587	1.1018684819
2588	1.1012510243
2589	1.1006354956
2590	1.1000219800
2591	1.0994105454
2592	1.0988012157
2593	1.0981939572
2594	1.0975887265
2595	1.0969854787
2596	1.0963841389
2597	1.0957846584
2598	1.0951870165
2599	1.0945911722
2600	1.0939970712
2601	1.0934046305
2602	1.0928137555
2603	1.0922243811
2604	1.0916364695
2605	1.0910500268
2606	1.0904651461
2607	1.0898819662
2608	1.0893005660
2609	1.0887209745
2610	1.0881432677
2611	1.0875675516
2612	1.0869938427
2613	1.0864220648
2614	1.0858521479
2615	1.0852840364
2616	1.0847176721
2617	1.0841530123
2618	1.0835900211
2619	1.0830286645
2620	1.0824689048
2621	1.0819106949
2622	1.0813539973
2623	1.0807987621
2624	1.0802448776
2625	1.0796921703
2626	1.0791404768
2627	1.0785897195
2628	1.0780399336
2629	1.0774912601
2630	1.0769438703
2631	1.0763979357
2632	1.0758536927
2633	1.0753114273
2634	1.0747713746
2635	1.0742336965
2636	1.0736984997
2637	1.0731658373
2638	1.0726357419
2639	1.0721082007
2640	1.0715831003
2641	1.0710602551
2642	1.0705394907
2643	1.0700207059
2644	1.0695038253
2645	1.0689887338
2646	1.0684753033
2647	1.0679634062
2648	1.0674528985
2649	1.0669436312
2650	1.0664354674
2651	1.0659283170
2652	1.0654221681
2653	1.0649170723
2654	1.0644131579
2655	1.0639106518
2656	1.0634098139
2657	1.0629108610
2658	1.0624139699
2659	1.0619192923
2660	1.0614269357
2661	1.0609369477
2662	1.0604492917
2663	1.0599639240
2664	1.0594808803
2665	1.0590001800
2666	1.0585217914
2667	1.0580456653
2668	1.0575717053
2669	1.0570997982
2670	1.0566298489
2671	1.0561617119
2672	1.0556951576
2673	1.0552299959
2674	1.0547661583
2675	1.0543036349
2676	1.0538424226
2677	1.0533825355
2678	1.0529240302
2679	1.0524669875
2680	1.0520114700
2681	1.0515575266
2682	1.0511052349
2683	1.0506547204
2684	1.0502060955
2685	1.0497593762
2686	1.0493144568
2687	1.0488711338
2688	1.0484291969
2689	1.0479885116
2690	1.0475490316
2691	1.0471107638
2692	1.0466736902
2693	1.0462377882
2694	1.0458031144
2695	1.0453697689
2696	1.0449378246
2697	1.0445073232
2698	1.0440783005
2699	1.0436507802
2700	1.0432247830
2701	1.0428003873
2702	1.0423776847
2703	1.0419566933
2704	1.0415373916
2705	1.0411197306
2706	1.0407036309
2707	1.0402890744
2708	1.0398761276
2709	1.0394648732
2710	1.0390553527
2711	1.0386475358
2712	1.0382413444
2713	1.0378366880
2714	1.0374334862
2715	1.0370316752
2716	1.0366312201
2717	1.0362321431
2718	1.0358344677
2719	1.0354380968
2720	1.0350428435
2721	1.0346485878
2722	1.0342553194
2723	1.0338630974
2724	1.0334720183
2725	1.0330822104
2726	1.0326938244
2727	1.0323069712
2728	1.0319216988
2729	1.0315380194
2730	1.0311558921
2731	1.0307752174
2732	1.0303959439
2733	1.0300180897
2734	1.0296416144
2735	1.0292664087
2736	1.0288923818
2737	1.0285195089
2738	1.0281478409
2739	1.0277774590
2740	1.0274084060
2741	1.0270406827
2742	1.0266742921
2743	1.0263092459
2744	1.0259455673
2745	1.0255832793
2746	1.0252223555
2747	1.0248626990
2748	1.0245041216
2749	1.0241463680
2750	1.0237892174
2751	1.0234325512
2752	1.0230763297
2753	1.0227204859
2754	1.0223648741
2755	1.0220093571
2756	1.0216538434
2757	1.0212982334
2758	1.0209424233
2759	1.0205863457
2760	1.0202299740
2761	1.0198732949
2762	1.0195163065
2763	1.0191590360
2764	1.0188015394
2765	1.0184438951
2766	1.0180861996
2767	1.0177285957
2768	1.0173712786
2769	1.0170144445
2770	1.0166582420
2771	1.0163027566
2772	1.0159480546
2773	1.0155941738
2774	1.0152410200
2775	1.0148883833
2776	1.0145360214
2777	1.0141836804
2778	1.0138311306
2779	1.0134782010
2780	1.0131247840
2781	1.0127708449
2782	1.0124164269
2783	1.0120616236
2784	1.0117065225
2785	1.0113511656
2786	1.0109955667
2787	1.0106397389
2788	1.0102836840
2789	1.0099273952
2790	1.0095708826
2791	1.0092141830
2792	1.0088573340
2793	1.0085003362
2794	1.0081431584
2795	1.0077857448
2796	1.0074280335
2797	1.0070699822
2798	1.0067115109
2799	1.0063524681
2800	1.0059926935
2801	1.0056320546
2802	1.0052704350
2803	1.0049077413
2804	1.0045439123
2805	1.0041789220
2806	1.0038127877
2807	1.0034455706
2808	1.0030773816
2809	1.0027083722
2810	1.0023386616
2811	1.0019682519
2812	1.0015970564
2813	1.0012249919
2814	1.0008520000
2815	1.0004780351
2816	1.0001030456
2817	0.9997269369
2818	0.9993495797
2819	0.9989708704
2820	0.9985907670
2821	0.9982092711
2822	0.9978263967
2823	0.9974421646
2824	0.9970565959
2825	0.9966696960
2826	0.9962814792
2827	0.9958919527
2828	0.9955010726
2829	0.9951087578
2830	0.9947149249
2831	0.9943195097
2832	0.9939224348
2833	0.9935235751
2834	0.9931227806
2835	0.9927199003
2836	0.9923148146
2837	0.9919074758
2838	0.9914978964
2839	0.9910861057
2840	0.9906721551
2841	0.9902561325
2842	0.9898381434
2843	0.9894182968
2844	0.9889966724
2845	0.9885733227
2846	0.9881483109
2847	0.9877216649
2848	0.9872933499
2849	0.9868633032
2850	0.9864314169
2851	0.9859975569
2852	0.9855616605
2853	0.9851237612
2854	0.9846839075
2855	0.9842421141
2856	0.9837983839
2857	0.9833527222
2858	0.9829050968
2859	0.9824554052
2860	0.9820035274
2861	0.9815493730
2862	0.9810928681
2863	0.9806339341
2864	0.9801724887
2865	0.9797084907
2866	0.9792419692
2867	0.9787730267
2868	0.9783018529
2869	0.9778287151
2870	0.9773539048
2871	0.9768776941
2872	0.9764003627
2873	0.9759222073
2874	0.9754434589
2875	0.9749642267
2876	0.9744845020
2877	0.9740041817
2878	0.9735231802
2879	0.9730414711
2880	0.9725589786
2881	0.9720755401
2882	0.9715909733
2883	0.9711050890
2884	0.9706176267
2885	0.9701283041
2886	0.9696369229
2887	0.9691433558
2888	0.9686475409
2889	0.9681495021
2890	0.9676493247
2891	0.9671471503
2892	0.9666431639
2893	0.9661375318
2894	0.9656303299
2895	0.9651215165
2896	0.9646110260
2897	0.9640988896
2898	0.9635852201
2899	0.9630701508
2900	0.9625537927
2901	0.9620362047
2902	0.9615173904
2903	0.9609972914
2904	0.9604758057
2905	0.9599527940
2906	0.9594280940
2907	0.9589015632
2908	0.9583731012
2909	0.9578426883
2910	0.9573104132
2911	0.9567764543
2912	0.9562410831
2913	0.9557046125
2914	0.9551672529
2915	0.9546290845
2916	0.9540901531
2917	0.9535504907
2918	0.9530101052
2919	0.9524689811
2920	0.9519270452
2921	0.9513841816
2922	0.9508402515
2923	0.9502950526
2924	0.9497483701
2925	0.9492000783
2926	0.9486501452
2927	0.9480986051
2928	0.9475455392
2929	0.9469910162
2930	0.9464350677
2931	0.9458777442
2932	0.9453191367
2933	0.9447593593
2934	0.9441985363
2935	0.9436367924
2936	0.9430742631
2937	0.9425110833
2938	0.9419473708
2939	0.9413832222
2940	0.9408187187
2941	0.9402539637
2942	0.9396890309
2943	0.9391238792
2944	0.9385584283
2945	0.9379926249
2946	0.9374263882
2947	0.9368595642
2948	0.9362919605
2949	0.9357234020
2950	0.9351537352
2951	0.9345828399
2952	0.9340106267
2953	0.9334370179
2954	0.9328619698
2955	0.9322854955
2956	0.9317076358
2957	0.9311283933
2958	0.9305477411
2959	0.9299656691
2960	0.9293822077
2961	0.9287974793
2962	0.9282116809
2963	0.9276250022
2964	0.9270375934
2965	0.9264495557
2966	0.9258609483
2967	0.9252717884
2968	0.9246820260
2969	0.9240915756
2970	0.9235003412
2971	0.9229081823
2972	0.9223149660
2973	0.9217206220
2974	0.9211251014
2975	0.9205283509
2976	0.9199303457
2977	0.9193311683
2978	0.9187310342
2979	0.9181302009
2980	0.9175288917
2981	0.9169273301
2982	0.9163257991
2983	0.9157246305
2984	0.9151241048
2985	0.9145243789
2986	0.9139255325
2987	0.9133276172
2988	0.9127305904
2989	0.9121342213
2990	0.9115381978
2991	0.9109422565
2992	0.9103461221
2993	0.9097495318
2994	0.9091523569
2995	0.9085545639
2996	0.9079561292
2997	0.9073570782
2998	0.9067575141
2999	0.9061575672
