0	1.2500000087
1	1.2501981276
2	1.2503947508
3	1.2505899924
4	1.2507840090
5	1.2509769811
6	1.2511690969
7	1.2513605381
8	1.2515514683
9	1.2517420239
10	1.2519323083
11	1.2521223897
12	1.2523123020
13	1.2525020484
14	1.2526916071
15	1.2528809389
16	1.2530699941
17	1.2532587210
18	1.2534470717
19	1.2536350081
20	1.2538225047
21	1.2540095508
22	1.2541961499
23	1.2543823176
24	1.2545680787
25	1.2547534632
26	1.2549385019
27	1.2551232221
28	1.2553076445
29	1.2554917805
30	1.2556756307
31	1.2558591848
32	1.2560424228
33	1.2562253169
34	1.2564078342
35	1.2565899398
36	1.2567715998
37	1.2569527845
38	1.2571334700
39	1.2573136401
40	1.2574932865
41	1.2576724083
42	1.2578510105
43	1.2580291021
44	1.2582066938
45	1.2583837955
46	1.2585604140
47	1.2587365510
48	1.2589122020
49	1.2590873547
50	1.2592619895
51	1.2594360804
52	1.2596095964
53	1.2597825035
54	1.2599547666
55	1.2601263514
56	1.2602972267
57	1.2604673659
58	1.2606367479
59	1.2608053572
60	1.2609731839
61	1.2611402223
62	1.2613064694
63	1.2614719235
64	1.2616365830
65	1.2618004471
66	1.2619635131
67	1.2621257723
68	1.2622872061
69	1.2624477865
70	1.2626074791
71	1.2627662463
72	1.2629240484
73	1.2630808453
74	1.2632366021
75	1.2633912912
76	1.2635448870
77	1.2636973576
78	1.2638486653
79	1.2639987783
80	1.2641476796
81	1.2642953634
82	1.2644418257
83	1.2645870575
84	1.2647310444
85	1.2648737744
86	1.2650152423
87	1.2651554431
88	1.2652943576
89	1.2654319533
90	1.2655681931
91	1.2657030346
92	1.2658364190
93	1.2659682777
94	1.2660985500
95	1.2662271907
96	1.2663541634
97	1.2664794357
98	1.2666029864
99	1.2667248085
100	1.2668448988
101	1.2669632473
102	1.2670798449
103	1.2671946943
104	1.2673077971
105	1.2674191424
106	1.2675287210
107	1.2676365267
108	1.2677425338
109	1.2678466950
110	1.2679489583
111	1.2680492585
112	1.2681475078
113	1.2682436130
114	1.2683374883
115	1.2684290496
116	1.2685182212
117	1.2686049503
118	1.2686892036
119	1.2687709576
120	1.2688501936
121	1.2689268953
122	1.2690010424
123	1.2690726099
124	1.2691415796
125	1.2692079403
126	1.2692716652
127	1.2693326995
128	1.2693909731
129	1.2694464249
130	1.2694990400
131	1.2695488602
132	1.2695959196
133	1.2696401724
134	1.2696814892
135	1.2697197180
136	1.2697547693
137	1.2697866504
138	1.2698154097
139	1.2698410806
140	1.2698636817
141	1.2698832182
142	1.2698996666
143	1.2699129598
144	1.2699229967
145	1.2699297040
146	1.2699330748
147	1.2699331352
148	1.2699299239
149	1.2699234995
150	1.2699139132
151	1.2699011637
152	1.2698851679
153	1.2698657768
154	1.2698428223
155	1.2698161280
156	1.2697855153
157	1.2697508613
158	1.2697121345
159	1.2696693736
160	1.2696226643
161	1.2695721347
162	1.2695179432
163	1.2694602295
164	1.2693990676
165	1.2693344750
166	1.2692664091
167	1.2691947412
168	1.2691192765
169	1.2690397986
170	1.2689560933
171	1.2688679677
172	1.2687752836
173	1.2686779969
174	1.2685761546
175	1.2684698708
176	1.2683593327
177	1.2682447752
178	1.2681264270
179	1.2680044879
180	1.2678791082
181	1.2677503610
182	1.2676182268
183	1.2674826012
184	1.2673433156
185	1.2672001425
186	1.2670528234
187	1.2669011176
188	1.2667448061
189	1.2665837119
190	1.2664177415
191	1.2662468821
192	1.2660712005
193	1.2658908528
194	1.2657060673
195	1.2655171152
196	1.2653242809
197	1.2651278555
198	1.2649281168
199	1.2647252941
200	1.2645195646
201	1.2643110117
202	1.2640995769
203	1.2638850915
204	1.2636673167
205	1.2634459810
206	1.2632208145
207	1.2629915291
208	1.2627577937
209	1.2625192681
210	1.2622757062
211	1.2620270330
212	1.2617733114
213	1.2615146799
214	1.2612512928
215	1.2609833078
216	1.2607109606
217	1.2604345791
218	1.2601545260
219	1.2598711698
220	1.2595848597
221	1.2592958913
222	1.2590044531
223	1.2587105966
224	1.2584142744
225	1.2581153909
226	1.2578138380
227	1.2575094804
228	1.2572021436
229	1.2568916504
230	1.2565777990
231	1.2562603340
232	1.2559389822
233	1.2556134956
234	1.2552837002
235	1.2549495032
236	1.2546108803
237	1.2542678979
238	1.2539207002
239	1.2535694572
240	1.2532143290
241	1.2528554776
242	1.2524930745
243	1.2521272577
244	1.2517581408
245	1.2513858393
246	1.2510104537
247	1.2506320617
248	1.2502507017
249	1.2498663775
250	1.2494790704
251	1.2490887149
252	1.2486952308
253	1.2482985771
254	1.2478987619
255	1.2474958455
256	1.2470899570
257	1.2466813030
258	1.2462701163
259	1.2458566181
260	1.2454410076
261	1.2450234154
262	1.2446038811
263	1.2441823460
264	1.2437586563
265	1.2433325805
266	1.2429038275
267	1.2424721346
268	1.2420373308
269	1.2415992947
270	1.2411579028
271	1.2407130077
272	1.2402644879
273	1.2398123501
274	1.2393567831
275	1.2388980559
276	1.2384363147
277	1.2379715299
278	1.2375036331
279	1.2370326812
280	1.2365588847
281	1.2360824721
282	1.2356035809
283	1.2351222382
284	1.2346384027
285	1.2341519989
286	1.2336628672
287	1.2331707979
288	1.2326756719
289	1.2321775071
290	1.2316763653
291	1.2311722622
292	1.2306652057
293	1.2301552679
294	1.2296425989
295	1.2291274025
296	1.2286099307
297	1.2280905287
298	1.2275695949
299	1.2270474423
300	1.2265242118
301	1.2259999071
302	1.2254744765
303	1.2249477883
304	1.2244196251
305	1.2238898074
306	1.2233582611
307	1.2228249726
308	1.2222899100
309	1.2217530144
310	1.2212142306
311	1.2206734739
312	1.2201306022
313	1.2195854636
314	1.2190379921
315	1.2184882216
316	1.2179362382
317	1.2173822051
318	1.2168263766
319	1.2162690201
320	1.2157103210
321	1.2151504032
322	1.2145893765
323	1.2140272685
324	1.2134640107
325	1.2128995233
326	1.2123337571
327	1.2117666628
328	1.2111981470
329	1.2106281084
330	1.2100564517
331	1.2094830196
332	1.2089075835
333	1.2083299274
334	1.2077499096
335	1.2071674273
336	1.2065824294
337	1.2059949823
338	1.2054052470
339	1.2048134366
340	1.2042198294
341	1.2036247529
342	1.2030284542
343	1.2024310255
344	1.2018324731
345	1.2012327510
346	1.2006317667
347	1.2000294251
348	1.1994256851
349	1.1988205684
350	1.1982141247
351	1.1976064736
352	1.1969978218
353	1.1963883830
354	1.1957783347
355	1.1951678496
356	1.1945570739
357	1.1939460297
358	1.1933346374
359	1.1927227914
360	1.1921103484
361	1.1914971469
362	1.1908830874
363	1.1902681625
364	1.1896524036
365	1.1890358829
366	1.1884187236
367	1.1878010157
368	1.1871827862
369	1.1865640413
370	1.1859447790
371	1.1853249653
372	1.1847045612
373	1.1840835898
374	1.1834621012
375	1.1828401378
376	1.1822177749
377	1.1815951098
378	1.1809722134
379	1.1803491498
380	1.1797260143
381	1.1791028801
382	1.1784797910
383	1.1778568087
384	1.1772339688
385	1.1766112539
386	1.1759886507
387	1.1753661806
388	1.1747438579
389	1.1741217190
390	1.1734998788
391	1.1728784804
392	1.1722576812
393	1.1716376758
394	1.1710186350
395	1.1704005971
396	1.1697834515
397	1.1691670035
398	1.1685509941
399	1.1679351609
400	1.1673192866
401	1.1667031175
402	1.1660863371
403	1.1654686958
404	1.1648501389
405	1.1642308113
406	1.1636109957
407	1.1629909658
408	1.1623708556
409	1.1617507527
410	1.1611308300
411	1.1605113115
412	1.1598923723
413	1.1592740995
414	1.1586564757
415	1.1580394016
416	1.1574227641
417	1.1568064077
418	1.1561901253
419	1.1555737825
420	1.1549573828
421	1.1543409685
422	1.1537245074
423	1.1531079148
424	1.1524911101
425	1.1518740781
426	1.1512568930
427	1.1506396430
428	1.1500224363
429	1.1494054767
430	1.1487890044
431	1.1481731622
432	1.1475580107
433	1.1469436205
434	1.1463300928
435	1.1457175715
436	1.1451062044
437	1.1444961161
438	1.1438874690
439	1.1432804403
440	1.1426750849
441	1.1420713191
442	1.1414690428
443	1.1408681320
444	1.1402683778
445	1.1396695240
446	1.1390713201
447	1.1384735633
448	1.1378760967
449	1.1372787781
450	1.1366815028
451	1.1360842827
452	1.1354872336
453	1.1348904814
454	1.1342941992
455	1.1336986407
456	1.1331040539
457	1.1325106180
458	1.1319184412
459	1.1313275586
460	1.1307379213
461	1.1301493771
462	1.1295616719
463	1.1289745672
464	1.1283879247
465	1.1278016468
466	1.1272156833
467	1.1266300908
468	1.1260449991
469	1.1254605669
470	1.1248770099
471	1.1242945765
472	1.1237134552
473	1.1231337162
474	1.1225553057
475	1.1219781414
476	1.1214021809
477	1.1208273641
478	1.1202535835
479	1.1196807166
480	1.1191086056
481	1.1185370292
482	1.1179657958
483	1.1173948065
484	1.1168240074
485	1.1162533703
486	1.1156829059
487	1.1151126899
488	1.1145428777
489	1.1139736846
490	1.1134053851
491	1.1128383048
492	1.1122727200
493	1.1117087913
494	1.1111466330
495	1.1105862972
496	1.1100277055
497	1.1094707128
498	1.1089151732
499	1.1083609138
500	1.1078077180
501	1.1072553623
502	1.1067036511
503	1.1061524378
504	1.1056016087
505	1.1050510804
506	1.1045008387
507	1.1039509022
508	1.1034012911
509	1.1028520574
510	1.1023032746
511	1.1017550058
512	1.1012073337
513	1.1006603621
514	1.1001141395
515	1.0995686495
516	1.0990238371
517	1.0984795970
518	1.0979357650
519	1.0973921308
520	1.0968485118
521	1.0963048002
522	1.0957609133
523	1.0952167694
524	1.0946723311
525	1.0941275794
526	1.0935824713
527	1.0930369827
528	1.0924911158
529	1.0919448716
530	1.0913982557
531	1.0908512844
532	1.0903039872
533	1.0897564117
534	1.0892085994
535	1.0886605497
536	1.0881122139
537	1.0875635251
538	1.0870144641
539	1.0864650744
540	1.0859154187
541	1.0853655797
542	1.0848156398
543	1.0842656320
544	1.0837155535
545	1.0831653916
546	1.0826150669
547	1.0820643998
548	1.0815131794
549	1.0809612217
550	1.0804083739
551	1.0798544934
552	1.0792994370
553	1.0787430780
554	1.0781853154
555	1.0776260895
556	1.0770653994
557	1.0765032824
558	1.0759398001
559	1.0753750557
560	1.0748091708
561	1.0742422588
562	1.0736744244
563	1.0731057403
564	1.0725362474
565	1.0719659661
566	1.0713948578
567	1.0708227992
568	1.0702496203
569	1.0696751507
570	1.0690992372
571	1.0685217598
572	1.0679426623
573	1.0673619787
574	1.0667797977
575	1.0661962251
576	1.0656113844
577	1.0650253830
578	1.0644382948
579	1.0638501892
580	1.0632611309
581	1.0626711533
582	1.0620802686
583	1.0614884789
584	1.0608957475
585	1.0603019862
586	1.0597070686
587	1.0591108480
588	1.0585131719
589	1.0579138946
590	1.0573129055
591	1.0567101491
592	1.0561056180
593	1.0554993339
594	1.0548913360
595	1.0542816899
596	1.0536705000
597	1.0530578865
598	1.0524439656
599	1.0518288475
600	1.0512126112
601	1.0505952994
602	1.0499769332
603	1.0493574920
604	1.0487368861
605	1.0481149585
606	1.0474915029
607	1.0468663006
608	1.0462391642
609	1.0456099469
610	1.0449785181
611	1.0443447534
612	1.0437085803
613	1.0430700119
614	1.0424291125
615	1.0417859619
616	1.0411406477
617	1.0404932657
618	1.0398439277
619	1.0391927608
620	1.0385398933
621	1.0378854353
622	1.0372294624
623	1.0365720194
624	1.0359131323
625	1.0352528132
626	1.0345910766
627	1.0339279639
628	1.0332635397
629	1.0325978473
630	1.0319308666
631	1.0312625146
632	1.0305926782
633	1.0299212462
634	1.0292481145
635	1.0285731815
636	1.0278963646
637	1.0272176342
638	1.0265370033
639	1.0258544892
640	1.0251701340
641	1.0244840370
642	1.0237963394
643	1.0231071994
644	1.0224167725
645	1.0217251860
646	1.0210325298
647	1.0203388541
648	1.0196441609
649	1.0189484107
650	1.0182515478
651	1.0175535251
652	1.0168542933
653	1.0161537785
654	1.0154519021
655	1.0147485973
656	1.0140438040
657	1.0133374602
658	1.0126295078
659	1.0119199298
660	1.0112087461
661	1.0104959546
662	1.0097815220
663	1.0090654137
664	1.0083476005
665	1.0076280615
666	1.0069067881
667	1.0061838085
668	1.0054592030
669	1.0047330604
670	1.0040054372
671	1.0032763801
672	1.0025459562
673	1.0018142217
674	1.0010811806
675	1.0003467906
676	0.9996109958
677	0.9988737544
678	0.9981350613
679	0.9973949373
680	0.9966533934
681	0.9959104333
682	0.9951660373
683	0.9944201434
684	0.9936727061
685	0.9929237331
686	0.9921732290
687	0.9914211621
688	0.9906674904
689	0.9899121695
690	0.9891551337
691	0.9883962840
692	0.9876355252
693	0.9868728098
694	0.9861081274
695	0.9853414950
696	0.9845729742
697	0.9838026773
698	0.9830307422
699	0.9822573105
700	0.9814825426
701	0.9807066036
702	0.9799296059
703	0.9791516071
704	0.9783726387
705	0.9775927115
706	0.9768118201
707	0.9760299458
708	0.9752470927
709	0.9744633035
710	0.9736785995
711	0.9728929531
712	0.9721063033
713	0.9713185512
714	0.9705295613
715	0.9697391910
716	0.9689473350
717	0.9681539702
718	0.9673591527
719	0.9665629783
720	0.9657655726
721	0.9649670796
722	0.9641676045
723	0.9633671753
724	0.9625657931
725	0.9617634494
726	0.9609600696
727	0.9601555349
728	0.9593497215
729	0.9585424836
730	0.9577336684
731	0.9569231618
732	0.9561109001
733	0.9552968611
734	0.9544810523
735	0.9536635372
736	0.9528444611
737	0.9520239924
738	0.9512022748
739	0.9503794305
740	0.9495555513
741	0.9487307074
742	0.9479049913
743	0.9470785316
744	0.9462514270
745	0.9454236737
746	0.9445951938
747	0.9437659107
748	0.9429357607
749	0.9421046720
750	0.9412725622
751	0.9404393820
752	0.9396051503
753	0.9387699409
754	0.9379338805
755	0.9370970845
756	0.9362595839
757	0.9354213526
758	0.9345823266
759	0.9337423823
760	0.9329013234
761	0.9320589145
762	0.9312149872
763	0.9303695102
764	0.9295225465
765	0.9286742399
766	0.9278248162
767	0.9269745284
768	0.9261236296
769	0.9252723692
770	0.9244209378
771	0.9235694363
772	0.9227179702
773	0.9218666866
774	0.9210156674
775	0.9201648997
776	0.9193143446
777	0.9184639604
778	0.9176136752
779	0.9167633634
780	0.9159128835
781	0.9150621406
782	0.9142110557
783	0.9133595573
784	0.9125076191
785	0.9116552358
786	0.9108024507
787	0.9099493941
788	0.9090962267
789	0.9082431004
790	0.9073901762
791	0.9065376180
792	0.9056855260
793	0.9048338751
794	0.9039825620
795	0.9031314895
796	0.9022805721
797	0.9014297516
798	0.9005790358
799	0.8997285013
800	0.8988782545
801	0.8980284186
802	0.8971791525
803	0.8963306249
804	0.8954829986
805	0.8946363931
806	0.8937907983
807	0.8929461143
808	0.8921022654
809	0.8912592133
810	0.8904168877
811	0.8895751398
812	0.8887338249
813	0.8878929187
814	0.8870524945
815	0.8862127254
816	0.8853738858
817	0.8845362137
818	0.8836998569
819	0.8828649570
820	0.8820316825
821	0.8812001766
822	0.8803705056
823	0.8795426167
824	0.8787163528
825	0.8778915593
826	0.8770681400
827	0.8762460034
828	0.8754250497
829	0.8746052382
830	0.8737866202
831	0.8729692962
832	0.8721533736
833	0.8713390490
834	0.8705266246
835	0.8697163756
836	0.8689085185
837	0.8681031874
838	0.8673003532
839	0.8664998662
840	0.8657015508
841	0.8649052569
842	0.8641108835
843	0.8633183518
844	0.8625275935
845	0.8617385540
846	0.8609511622
847	0.8601653228
848	0.8593808951
849	0.8585977282
850	0.8578157355
851	0.8570348456
852	0.8562549387
853	0.8554759067
854	0.8546977204
855	0.8539203768
856	0.8531438810
857	0.8523683265
858	0.8515938850
859	0.8508207162
860	0.8500489271
861	0.8492785496
862	0.8485095455
863	0.8477418605
864	0.8469754963
865	0.8462105673
866	0.8454472550
867	0.8446857679
868	0.8439263163
869	0.8431690422
870	0.8424140524
871	0.8416614332
872	0.8409111790
873	0.8401632227
874	0.8394174845
875	0.8386738382
876	0.8379321588
877	0.8371924080
878	0.8364545770
879	0.8357185773
880	0.8349842662
881	0.8342515428
882	0.8335203528
883	0.8327906724
884	0.8320625407
885	0.8313360703
886	0.8306113703
887	0.8298884775
888	0.8291673827
889	0.8284480447
890	0.8277304375
891	0.8270146189
892	0.8263007059
893	0.8255888553
894	0.8248792317
895	0.8241719128
896	0.8234669074
897	0.8227642082
898	0.8220637612
899	0.8213654873
900	0.8206693417
901	0.8199753365
902	0.8192834846
903	0.8185937578
904	0.8179061283
905	0.8172205356
906	0.8165368680
907	0.8158550492
908	0.8151750430
909	0.8144968131
910	0.8138203888
911	0.8131459060
912	0.8124735332
913	0.8118034188
914	0.8111357083
915	0.8104705379
916	0.8098079973
917	0.8091481027
918	0.8084907802
919	0.8078359186
920	0.8071834006
921	0.8065330660
922	0.8058847244
923	0.8052381905
924	0.8045933005
925	0.8039498857
926	0.8033077886
927	0.8026669397
928	0.8020273273
929	0.8013889696
930	0.8007519710
931	0.8001164862
932	0.7994827002
933	0.7988508964
934	0.7982214047
935	0.7975944667
936	0.7969701632
937	0.7963484496
938	0.7957292372
939	0.7951124570
940	0.7944980794
941	0.7938860417
942	0.7932761708
943	0.7926682085
944	0.7920619342
945	0.7914572637
946	0.7908542287
947	0.7902528500
948	0.7896530251
949	0.7890545964
950	0.7884575424
951	0.7878620704
952	0.7872685569
953	0.7866773378
954	0.7860885330
955	0.7855021557
956	0.7849182409
957	0.7843368123
958	0.7837578803
959	0.7831814580
960	0.7826075471
961	0.7820361267
962	0.7814671704
963	0.7809006327
964	0.7803363833
965	0.7797742695
966	0.7792142363
967	0.7786562646
968	0.7781002704
969	0.7775461015
970	0.7769935941
971	0.7764426918
972	0.7758934810
973	0.7753461015
974	0.7748006754
975	0.7742572870
976	0.7737159617
977	0.7731766407
978	0.7726391647
979	0.7721032943
980	0.7715688578
981	0.7710358633
982	0.7705044063
983	0.7699745708
984	0.7694464490
985	0.7689201792
986	0.7683959164
987	0.7678737921
988	0.7673539168
989	0.7668363722
990	0.7663212362
991	0.7658086069
992	0.7652984875
993	0.7647907698
994	0.7642853791
995	0.7637822962
996	0.7632815238
997	0.7627830751
998	0.7622869546
999	0.7617931553
1000	0.7613016371
1001	0.7608122825
1002	0.7603248917
1003	0.7598392693
1004	0.7593553349
1005	0.7588731210
1006	0.7583926793
1007	0.7579140425
1008	0.7574372638
1009	0.7569624162
1010	0.7564895077
1011	0.7560184649
1012	0.7555492475
1013	0.7550819207
1014	0.7546165846
1015	0.7541533238
1016	0.7536922370
1017	0.7532333842
1018	0.7527767470
1019	0.7523222388
1020	0.7518696728
1021	0.7514188380
1022	0.7509696000
1023	0.7505218469
1024	0.7500754320
1025	0.7496302125
1026	0.7491860867
1027	0.7487429590
1028	0.7483007262
1029	0.7478593461
1030	0.7474188528
1031	0.7469793181
1032	0.7465408142
1033	0.7461033852
1034	0.7456671026
1035	0.7452320672
1036	0.7447983269
1037	0.7443658615
1038	0.7439346197
1039	0.7435045691
1040	0.7430757313
1041	0.7426481687
1042	0.7422220026
1043	0.7417974631
1044	0.7413748101
1045	0.7409541897
1046	0.7405356240
1047	0.7401190477
1048	0.7397042992
1049	0.7392911513
1050	0.7388793595
1051	0.7384687031
1052	0.7380590216
1053	0.7376501925
1054	0.7372420962
1055	0.7368346343
1056	0.7364277855
1057	0.7360215781
1058	0.7356160541
1059	0.7352113417
1060	0.7348076245
1061	0.7344050218
1062	0.7340035799
1063	0.7336032965
1064	0.7332041176
1065	0.7328059264
1066	0.7324085494
1067	0.7320118188
1068	0.7316156172
1069	0.7312198695
1070	0.7308245295
1071	0.7304295723
1072	0.7300349976
1073	0.7296408062
1074	0.7292469780
1075	0.7288535009
1076	0.7284604256
1077	0.7280678425
1078	0.7276758012
1079	0.7272843391
1080	0.7268935690
1081	0.7265036582
1082	0.7261147418
1083	0.7257269166
1084	0.7253402385
1085	0.7249546729
1086	0.7245701390
1087	0.7241865649
1088	0.7238038785
1089	0.7234220212
1090	0.7230409287
1091	0.7226605235
1092	0.7222807724
1093	0.7219016640
1094	0.7215231642
1095	0.7211452588
1096	0.7207679999
1097	0.7203914714
1098	0.7200157311
1099	0.7196408391
1100	0.7192668702
1101	0.7188938891
1102	0.7185219443
1103	0.7181510616
1104	0.7177812550
1105	0.7174125106
1106	0.7170447784
1107	0.7166780399
1108	0.7163123032
1109	0.7159475297
1110	0.7155836487
1111	0.7152205974
1112	0.7148583207
1113	0.7144967497
1114	0.7141357877
1115	0.7137753706
1116	0.7134155364
1117	0.7130563650
1118	0.7126979179
1119	0.7123402865
1120	0.7119835792
1121	0.7116278739
1122	0.7112732363
1123	0.7109197238
1124	0.7105673689
1125	0.7102161783
1126	0.7098661341
1127	0.7095171613
1128	0.7091691249
1129	0.7088218650
1130	0.7084752211
1131	0.7081290917
1132	0.7077834612
1133	0.7074383448
1134	0.7070938097
1135	0.7067499751
1136	0.7064068946
1137	0.7060644981
1138	0.7057226442
1139	0.7053812069
1140	0.7050400970
1141	0.7046992745
1142	0.7043588034
1143	0.7040188407
1144	0.7036795822
1145	0.7033412814
1146	0.7030042841
1147	0.7026689719
1148	0.7023356783
1149	0.7020046285
1150	0.7016758888
1151	0.7013493851
1152	0.7010250038
1153	0.7007026528
1154	0.7003822158
1155	0.7000634631
1156	0.6997460445
1157	0.6994296179
1158	0.6991139770
1159	0.6987990261
1160	0.6984847359
1161	0.6981711785
1162	0.6978584586
1163	0.6975466652
1164	0.6972359669
1165	0.6969266270
1166	0.6966189489
1167	0.6963132153
1168	0.6960096393
1169	0.6957083513
1170	0.6954093635
1171	0.6951125673
1172	0.6948178004
1173	0.6945249275
1174	0.6942338711
1175	0.6939445805
1176	0.6936570121
1177	0.6933711109
1178	0.6930868439
1179	0.6928043059
1180	0.6925236939
1181	0.6922452158
1182	0.6919690778
1183	0.6916954991
1184	0.6914246845
1185	0.6911567298
1186	0.6908916300
1187	0.6906293955
1188	0.6903700511
1189	0.6901135731
1190	0.6898599294
1191	0.6896091005
1192	0.6893610577
1193	0.6891158053
1194	0.6888733989
1195	0.6886339524
1196	0.6883976419
1197	0.6881646292
1198	0.6879350232
1199	0.6877088664
1200	0.6874860585
1201	0.6872664160
1202	0.6870498594
1203	0.6868364694
1204	0.6866264037
1205	0.6864198381
1206	0.6862168808
1207	0.6860174685
1208	0.6858214753
1209	0.6856287917
1210	0.6854392388
1211	0.6852526123
1212	0.6850687925
1213	0.6848877771
1214	0.6847096484
1215	0.6845345701
1216	0.6843628324
1217	0.6841947691
1218	0.6840306320
1219	0.6838706365
1220	0.6837150299
1221	0.6835640361
1222	0.6834177718
1223	0.6832762565
1224	0.6831394837
1225	0.6830074404
1226	0.6828800851
1227	0.6827573644
1228	0.6826392633
1229	0.6825258298
1230	0.6824172152
1231	0.6823136310
1232	0.6822152029
1233	0.6821219628
1234	0.6820339600
1235	0.6819512760
1236	0.6818739876
1237	0.6818022190
1238	0.6817360959
1239	0.6816756224
1240	0.6816207041
1241	0.6815711236
1242	0.6815265056
1243	0.6814864389
1244	0.6814506018
1245	0.6814188664
1246	0.6813912901
1247	0.6813680207
1248	0.6813493297
1249	0.6813355573
1250	0.6813269467
1251	0.6813236355
1252	0.6813257461
1253	0.6813333807
1254	0.6813465737
1255	0.6813653787
1256	0.6813898885
1257	0.6814201329
1258	0.6814560560
1259	0.6814975527
1260	0.6815445073
1261	0.6815967702
1262	0.6816541299
1263	0.6817163706
1264	0.6817833280
1265	0.6818549317
1266	0.6819312097
1267	0.6820122032
1268	0.6820979491
1269	0.6821885037
1270	0.6822839057
1271	0.6823842125
1272	0.6824895935
1273	0.6826002947
1274	0.6827164772
1275	0.6828380723
1276	0.6829648712
1277	0.6830967863
1278	0.6832338497
1279	0.6833760839
1280	0.6835234890
1281	0.6836759624
1282	0.6838333445
1283	0.6839956717
1284	0.6841632233
1285	0.6843362620
1286	0.6845148601
1287	0.6846989126
1288	0.6848882028
1289	0.6850826119
1290	0.6852822626
1291	0.6854873695
1292	0.6856980651
1293	0.6859143707
1294	0.6861363137
1295	0.6863640170
1296	0.6865975723
1297	0.6868369488
1298	0.6870820106
1299	0.6873325414
1300	0.6875882854
1301	0.6878489178
1302	0.6881140360
1303	0.6883833026
1304	0.6886566147
1305	0.6889340989
1306	0.6892159568
1307	0.6895023152
1308	0.6897931774
1309	0.6900884869
1310	0.6903882635
1311	0.6906926680
1312	0.6910018860
1313	0.6913160956
1314	0.6916355960
1315	0.6919607420
1316	0.6922917303
1317	0.6926285896
1318	0.6929713200
1319	0.6933199451
1320	0.6936744999
1321	0.6940350085
1322	0.6944014081
1323	0.6947735425
1324	0.6951512540
1325	0.6955344541
1326	0.6959231184
1327	0.6963171405
1328	0.6967163605
1329	0.6971207300
1330	0.6975302452
1331	0.6979448840
1332	0.6983646241
1333	0.6987894755
1334	0.6992195757
1335	0.6996551410
1336	0.7000962928
1337	0.7005430470
1338	0.7009954290
1339	0.7014534413
1340	0.7019169537
1341	0.7023857615
1342	0.7028597254
1343	0.7033388587
1344	0.7038232975
1345	0.7043131419
1346	0.7048083580
1347	0.7053088096
1348	0.7058143591
1349	0.7063248801
1350	0.7068401810
1351	0.7073600735
1352	0.7078844666
1353	0.7084133141
1354	0.7089465595
1355	0.7094841758
1356	0.7100262039
1357	0.7105727594
1358	0.7111240226
1359	0.7116802259
1360	0.7122416228
1361	0.7128084868
1362	0.7133811681
1363	0.7139599319
1364	0.7145447459
1365	0.7151354399
1366	0.7157318626
1367	0.7163338021
1368	0.7169409648
1369	0.7175529884
1370	0.7181694543
1371	0.7187899589
1372	0.7194141517
1373	0.7200417542
1374	0.7206726660
1375	0.7213070348
1376	0.7219451521
1377	0.7225873663
1378	0.7232340329
1379	0.7238854599
1380	0.7245419030
1381	0.7252035085
1382	0.7258703111
1383	0.7265423077
1384	0.7272194851
1385	0.7279018187
1386	0.7285892249
1387	0.7292816150
1388	0.7299790555
1389	0.7306816822
1390	0.7313894811
1391	0.7321023398
1392	0.7328201942
1393	0.7335429752
1394	0.7342705338
1395	0.7350027586
1396	0.7357397021
1397	0.7364815358
1398	0.7372284413
1399	0.7379805263
1400	0.7387377661
1401	0.7395000592
1402	0.7402672778
1403	0.7410392122
1404	0.7418156182
1405	0.7425963313
1406	0.7433812731
1407	0.7441703682
1408	0.7449635135
1409	0.7457606241
1410	0.7465616580
1411	0.7473666281
1412	0.7481756087
1413	0.7489887650
1414	0.7498063285
1415	0.7506284893
1416	0.7514553257
1417	0.7522867632
1418	0.7531226669
1419	0.7539629491
1420	0.7548074949
1421	0.7556561840
1422	0.7565089420
1423	0.7573656703
1424	0.7582262725
1425	0.7590906879
1426	0.7599588775
1427	0.7608308217
1428	0.7617064551
1429	0.7625856056
1430	0.7634680958
1431	0.7643538412
1432	0.7652427639
1433	0.7661347786
1434	0.7670299289
1435	0.7679284157
1436	0.7688304709
1437	0.7697362913
1438	0.7706461130
1439	0.7715602081
1440	0.7724787764
1441	0.7734019218
1442	0.7743296649
1443	0.7752619310
1444	0.7761985756
1445	0.7771393904
1446	0.7780841153
1447	0.7790325130
1448	0.7799843778
1449	0.7809394543
1450	0.7818974438
1451	0.7828581238
1452	0.7838213764
1453	0.7847870831
1454	0.7857551549
1455	0.7867256402
1456	0.7876986438
1457	0.7886742400
1458	0.7896524561
1459	0.7906332939
1460	0.7916167927
1461	0.7926029708
1462	0.7935917830
1463	0.7945831973
1464	0.7955771803
1465	0.7965736081
1466	0.7975722934
1467	0.7985730473
1468	0.7995756854
1469	0.8005800923
1470	0.8015862642
1471	0.8025942522
1472	0.8036041207
1473	0.8046159108
1474	0.8056296199
1475	0.8066451989
1476	0.8076625250
1477	0.8086814100
1478	0.8097016281
1479	0.8107230220
1480	0.8117456289
1481	0.8127696074
1482	0.8137951181
1483	0.8148222977
1484	0.8158511927
1485	0.8168817276
1486	0.8179138201
1487	0.8189474443
1488	0.8199825530
1489	0.8210189873
1490	0.8220564768
1491	0.8230947418
1492	0.8241336003
1493	0.8251729905
1494	0.8262128844
1495	0.8272532419
1496	0.8282940504
1497	0.8293353381
1498	0.8303771919
1499	0.8314197675
1500	0.8324632063
1501	0.8335075424
1502	0.8345527258
1503	0.8355987039
1504	0.8366454125
1505	0.8376927443
1506	0.8387406111
1507	0.8397890168
1508	0.8408380379
1509	0.8418877326
1510	0.8429381310
1511	0.8439892749
1512	0.8450412266
1513	0.8460940671
1514	0.8471478788
1515	0.8482027400
1516	0.8492586465
1517	0.8503154675
1518	0.8513730699
1519	0.8524313686
1520	0.8534902882
1521	0.8545497852
1522	0.8556098548
1523	0.8566705258
1524	0.8577318543
1525	0.8587938637
1526	0.8598565354
1527	0.8609198809
1528	0.8619839374
1529	0.8630487188
1530	0.8641142238
1531	0.8651804422
1532	0.8662473390
1533	0.8673148730
1534	0.8683830316
1535	0.8694518201
1536	0.8705212376
1537	0.8715913232
1538	0.8726621540
1539	0.8737337327
1540	0.8748059426
1541	0.8758786218
1542	0.8769516245
1543	0.8780248245
1544	0.8790980920
1545	0.8801712814
1546	0.8812442570
1547	0.8823169153
1548	0.8833892016
1549	0.8844611244
1550	0.8855327475
1551	0.8866041637
1552	0.8876754663
1553	0.8887467464
1554	0.8898180588
1555	0.8908893932
1556	0.8919607232
1557	0.8930320308
1558	0.8941033021
1559	0.8951745298
1560	0.8962456988
1561	0.8973168021
1562	0.8983878459
1563	0.8994588196
1564	0.9005297185
1565	0.9016005747
1566	0.9026714307
1567	0.9037423370
1568	0.9048133889
1569	0.9058847065
1570	0.9069563957
1571	0.9080285315
1572	0.9091011357
1573	0.9101741756
1574	0.9112476003
1575	0.9123213926
1576	0.9133955661
1577	0.9144701141
1578	0.9155450088
1579	0.9166202205
1580	0.9176956999
1581	0.9187713555
1582	0.9198470518
1583	0.9209226599
1584	0.9219981155
1585	0.9230733881
1586	0.9241484470
1587	0.9252232897
1588	0.9262979355
1589	0.9273723916
1590	0.9284466579
1591	0.9295207448
1592	0.9305946736
1593	0.9316684763
1594	0.9327422006
1595	0.9338158889
1596	0.9348895681
1597	0.9359632712
1598	0.9370370487
1599	0.9381109654
1600	0.9391850854
1601	0.9402594583
1602	0.9413341017
1603	0.9424089908
1604	0.9434840795
1605	0.9445593266
1606	0.9456347008
1607	0.9467101614
1608	0.9477856600
1609	0.9488611630
1610	0.9499366644
1611	0.9510121921
1612	0.9520877927
1613	0.9531634892
1614	0.9542392468
1615	0.9553149884
1616	0.9563906511
1617	0.9574662180
1618	0.9585417063
1619	0.9596171283
1620	0.9606924686
1621	0.9617677052
1622	0.9628428230
1623	0.9639178210
1624	0.9649927053
1625	0.9660674551
1626	0.9671420469
1627	0.9682165142
1628	0.9692909446
1629	0.9703654517
1630	0.9714401592
1631	0.9725151684
1632	0.9735905338
1633	0.9746662616
1634	0.9757423170
1635	0.9768186347
1636	0.9778951248
1637	0.9789716862
1638	0.9800482261
1639	0.9811246653
1640	0.9822009288
1641	0.9832769407
1642	0.9843526396
1643	0.9854280039
1644	0.9865030559
1645	0.9875778467
1646	0.9886524394
1647	0.9897269105
1648	0.9908013699
1649	0.9918759427
1650	0.9929507187
1651	0.9940257520
1652	0.9951010828
1653	0.9961767306
1654	0.9972526677
1655	0.9983288156
1656	0.9994050764
1657	1.0004813471
1658	1.0015575300
1659	1.0026335431
1660	1.0037093156
1661	1.0047847843
1662	1.0058599115
1663	1.0069347156
1664	1.0080092537
1665	1.0090835856
1666	1.0101577882
1667	1.0112319590
1668	1.0123061842
1669	1.0133805262
1670	1.0144550156
1671	1.0155296460
1672	1.0166043977
1673	1.0176792562
1674	1.0187542113
1675	1.0198292566
1676	1.0209043851
1677	1.0219795933
1678	1.0230548850
1679	1.0241302404
1680	1.0252056085
1681	1.0262809390
1682	1.0273561970
1683	1.0284313571
1684	1.0295064061
1685	1.0305813516
1686	1.0316562138
1687	1.0327310181
1688	1.0338057957
1689	1.0348805630
1690	1.0359553113
1691	1.0370300380
1692	1.0381047515
1693	1.0391794579
1694	1.0402541700
1695	1.0413289061
1696	1.0424036860
1697	1.0434785250
1698	1.0445534204
1699	1.0456283536
1700	1.0467033016
1701	1.0477782373
1702	1.0488531113
1703	1.0499278587
1704	1.0510024438
1705	1.0520768873
1706	1.0531512295
1707	1.0542254801
1708	1.0552996335
1709	1.0563737076
1710	1.0574477365
1711	1.0585217483
1712	1.0595957748
1713	1.0606698601
1714	1.0617440252
1715	1.0628182485
1716	1.0638924799
1717	1.0649666539
1718	1.0660407106
1719	1.0671146264
1720	1.0681884330
1721	1.0692621853
1722	1.0703359233
1723	1.0714096724
1724	1.0724834417
1725	1.0735572248
1726	1.0746310153
1727	1.0757048136
1728	1.0767786056
1729	1.0778523530
1730	1.0789260104
1731	1.0799995276
1732	1.0810728640
1733	1.0821460111
1734	1.0832189705
1735	1.0842917624
1736	1.0853644522
1737	1.0864370983
1738	1.0875097223
1739	1.0885823383
1740	1.0896549695
1741	1.0907276557
1742	1.0918004283
1743	1.0928732868
1744	1.0939462305
1745	1.0950192497
1746	1.0960922804
1747	1.0971652066
1748	1.0982378919
1749	1.0993102300
1750	1.1003821935
1751	1.1014538099
1752	1.1025251024
1753	1.1035960980
1754	1.1046668633
1755	1.1057374815
1756	1.1068080175
1757	1.1078785618
1758	1.1089492372
1759	1.1100201076
1760	1.1110911303
1761	1.1121621692
1762	1.1132330488
1763	1.1143036193
1764	1.1153737808
1765	1.1164434864
1766	1.1175127203
1767	1.1185814913
1768	1.1196498306
1769	1.1207177503
1770	1.1217852457
1771	1.1228523425
1772	1.1239191005
1773	1.1249855697
1774	1.1260517873
1775	1.1271178056
1776	1.1281836544
1777	1.1292493098
1778	1.1303147053
1779	1.1313797331
1780	1.1324442555
1781	1.1335081256
1782	1.1345712254
1783	1.1356335210
1784	1.1366950613
1785	1.1377559363
1786	1.1388162668
1787	1.1398761724
1788	1.1409357293
1789	1.1419949592
1790	1.1430538134
1791	1.1441122114
1792	1.1451700860
1793	1.1462273412
1794	1.1472838478
1795	1.1483395183
1796	1.1493943138
1797	1.1504482226
1798	1.1515012872
1799	1.1525536043
1800	1.1536052882
1801	1.1546564488
1802	1.1557071672
1803	1.1567574279
1804	1.1578071385
1805	1.1588562383
1806	1.1599046862
1807	1.1609524258
1808	1.1619994201
1809	1.1630456413
1810	1.1640910388
1811	1.1651355054
1812	1.1661789130
1813	1.1672211871
1814	1.1682622531
1815	1.1693019438
1816	1.1703400391
1817	1.1713763678
1818	1.1724108241
1819	1.1734433291
1820	1.1744737896
1821	1.1755020838
1822	1.1765281224
1823	1.1775519044
1824	1.1785735291
1825	1.1795931786
1826	1.1806110467
1827	1.1816272165
1828	1.1826416257
1829	1.1836541928
1830	1.1846649079
1831	1.1856737910
1832	1.1866808307
1833	1.1876859857
1834	1.1886892472
1835	1.1896906879
1836	1.1906904732
1837	1.1916888416
1838	1.1926860782
1839	1.1936825127
1840	1.1946784790
1841	1.1956742583
1842	1.1966700489
1843	1.1976659029
1844	1.1986616796
1845	1.1996571167
1846	1.2006519018
1847	1.2016456215
1848	1.2026377588
1849	1.2036278292
1850	1.2046154621
1851	1.2056004008
1852	1.2065825061
1853	1.2075616946
1854	1.2085378902
1855	1.2095110559
1856	1.2104812130
1857	1.2114484661
1858	1.2124129880
1859	1.2133749890
1860	1.2143347263
1861	1.2152924658
1862	1.2162484276
1863	1.2172027477
1864	1.2181554084
1865	1.2191062683
1866	1.2200551647
1867	1.2210018805
1868	1.2219461008
1869	1.2228874954
1870	1.2238257868
1871	1.2247607367
1872	1.2256921244
1873	1.2266197732
1874	1.2275435690
1875	1.2284634340
1876	1.2293793250
1877	1.2302912204
1878	1.2311991021
1879	1.2321029845
1880	1.2330029510
1881	1.2338991693
1882	1.2347918342
1883	1.2356810951
1884	1.2365670431
1885	1.2374497370
1886	1.2383292221
1887	1.2392054815
1888	1.2400783908
1889	1.2409477562
1890	1.2418133749
1891	1.2426750403
1892	1.2435325321
1893	1.2443856631
1894	1.2452343255
1895	1.2460784765
1896	1.2469180964
1897	1.2477531743
1898	1.2485837242
1899	1.2494097886
1900	1.2502314216
1901	1.2510486970
1902	1.2518617149
1903	1.2526705625
1904	1.2534752802
1905	1.2542758771
1906	1.2550723714
1907	1.2558647827
1908	1.2566530999
1909	1.2574373110
1910	1.2582174084
1911	1.2589933329
1912	1.2597649871
1913	1.2605322845
1914	1.2612951284
1915	1.2620533940
1916	1.2628069402
1917	1.2635556270
1918	1.2642993756
1919	1.2650381890
1920	1.2657721194
1921	1.2665012723
1922	1.2672258029
1923	1.2679458582
1924	1.2686615093
1925	1.2693727565
1926	1.2700795643
1927	1.2707818804
1928	1.2714796696
1929	1.2721729250
1930	1.2728616680
1931	1.2735459521
1932	1.2742258417
1933	1.2749013796
1934	1.2755725518
1935	1.2762393085
1936	1.2769016488
1937	1.2775596337
1938	1.2782133090
1939	1.2788626728
1940	1.2795076948
1941	1.2801483250
1942	1.2807845186
1943	1.2814162665
1944	1.2820435919
1945	1.2826665149
1946	1.2832850037
1947	1.2838989787
1948	1.2845083614
1949	1.2851130903
1950	1.2857130895
1951	1.2863082363
1952	1.2868983392
1953	1.2874831566
1954	1.2880624985
1955	1.2886363054
1956	1.2892046101
1957	1.2897674824
1958	1.2903250220
1959	1.2908773631
1960	1.2914246833
1961	1.2919672085
1962	1.2925051931
1963	1.2930388754
1964	1.2935684497
1965	1.2940940724
1966	1.2946158627
1967	1.2951338988
1968	1.2956481992
1969	1.2961586885
1970	1.2966652241
1971	1.2971676440
1972	1.2976657623
1973	1.2981593882
1974	1.2986483820
1975	1.2991326453
1976	1.2996120858
1977	1.3000866319
1978	1.3005562489
1979	1.3010209358
1980	1.3014807364
1981	1.3019357502
1982	1.3023861290
1983	1.3028320348
1984	1.3032735918
1985	1.3037108644
1986	1.3041438429
1987	1.3045724533
1988	1.3049965874
1989	1.3054161267
1990	1.3058309610
1991	1.3062409818
1992	1.3066460697
1993	1.3070461181
1994	1.3074410137
1995	1.3078306065
1996	1.3082147601
1997	1.3085934059
1998	1.3089665646
1999	1.3093343358
2000	1.3096968793
2001	1.3100544053
2002	1.3104071072
2003	1.3107550725
2004	1.3110982682
2005	1.3114365919
2006	1.3117699208
2007	1.3120981243
2008	1.3124210735
2009	1.3127386629
2010	1.3130508317
2011	1.3133575701
2012	1.3136589067
2013	1.3139549036
2014	1.3142456452
2015	1.3145312226
2016	1.3148117452
2017	1.3150873661
2018	1.3153582658
2019	1.3156245809
2020	1.3158863394
2021	1.3161434478
2022	1.3163957365
2023	1.3166430418
2024	1.3168852503
2025	1.3171222785
2026	1.3173540573
2027	1.3175805567
2028	1.3178018191
2029	1.3180179731
2030	1.3182292112
2031	1.3184357323
2032	1.3186376859
2033	1.3188351530
2034	1.3190281407
2035	1.3192165779
2036	1.3194003254
2037	1.3195792191
2038	1.3197531267
2039	1.3199219611
2040	1.3200856542
2041	1.3202441470
2042	1.3203973980
2043	1.3205453928
2044	1.3206881622
2045	1.3208257883
2046	1.3209583803
2047	1.3210860447
2048	1.3212088724
2049	1.3213269505
2050	1.3214403833
2051	1.3215493000
2052	1.3216538335
2053	1.3217540864
2054	1.3218501209
2055	1.3219419640
2056	1.3220295970
2057	1.3221129437
2058	1.3221918924
2059	1.3222663258
2060	1.3223360993
2061	1.3224010031
2062	1.3224607669
2063	1.3225150959
2064	1.3225637110
2065	1.3226063947
2066	1.3226430212
2067	1.3226735296
2068	1.3226978942
2069	1.3227161776
2070	1.3227285825
2071	1.3227354057
2072	1.3227369844
2073	1.3227336664
2074	1.3227257783
2075	1.3227136086
2076	1.3226973844
2077	1.3226772405
2078	1.3226532202
2079	1.3226253173
2080	1.3225935153
2081	1.3225577820
2082	1.3225180465
2083	1.3224741985
2084	1.3224260982
2085	1.3223735782
2086	1.3223164468
2087	1.3222545267
2088	1.3221877162
2089	1.3221159907
2090	1.3220393565
2091	1.3219578508
2092	1.3218715640
2093	1.3217806140
2094	1.3216851070
2095	1.3215851249
2096	1.3214807269
2097	1.3213719716
2098	1.3212589386
2099	1.3211417109
2100	1.3210203433
2101	1.3208948475
2102	1.3207652114
2103	1.3206314178
2104	1.3204934352
2105	1.3203511991
2106	1.3202046127
2107	1.3200535913
2108	1.3198980855
2109	1.3197380728
2110	1.3195735716
2111	1.3194046505
2112	1.3192314171
2113	1.3190540189
2114	1.3188726468
2115	1.3186875275
2116	1.3184988939
2117	1.3183069429
2118	1.3181118255
2119	1.3179136799
2120	1.3177126291
2121	1.3175087297
2122	1.3173019724
2123	1.3170923454
2124	1.3168798391
2125	1.3166644109
2126	1.3164460340
2127	1.3162247293
2128	1.3160005352
2129	1.3157735151
2130	1.3155437495
2131	1.3153113099
2132	1.3150762510
2133	1.3148386099
2134	1.3145984379
2135	1.3143558192
2136	1.3141108503
2137	1.3138636357
2138	1.3136142763
2139	1.3133628405
2140	1.3131093594
2141	1.3128538195
2142	1.3125961379
2143	1.3123361881
2144	1.3120738700
2145	1.3118091274
2146	1.3115419306
2147	1.3112722776
2148	1.3110001956
2149	1.3107257632
2150	1.3104491177
2151	1.3101704181
2152	1.3098898041
2153	1.3096074024
2154	1.3093233570
2155	1.3090378129
2156	1.3087508977
2157	1.3084627352
2158	1.3081734305
2159	1.3078830294
2160	1.3075915130
2161	1.3072988371
2162	1.3070049738
2163	1.3067098862
2164	1.3064134390
2165	1.3061153994
2166	1.3058155514
2167	1.3055137639
2168	1.3052099926
2169	1.3049042731
2170	1.3045966954
2171	1.3042873602
2172	1.3039763687
2173	1.3036638548
2174	1.3033499969
2175	1.3030350125
2176	1.3027191445
2177	1.3024026393
2178	1.3020857273
2179	1.3017686096
2180	1.3014514136
2181	1.3011341572
2182	1.3008168205
2183	1.3004993942
2184	1.3001818634
2185	1.2998641878
2186	1.2995462891
2187	1.2992281144
2188	1.2989096856
2189	1.2985910475
2190	1.2982722198
2191	1.2979531743
2192	1.2976338227
2193	1.2973140549
2194	1.2969937669
2195	1.2966728477
2196	1.2963511850
2197	1.2960287025
2198	1.2957053666
2199	1.2953811687
2200	1.2950561465
2201	1.2947304023
2202	1.2944040668
2203	1.2940772752
2204	1.2937501890
2205	1.2934229676
2206	1.2930956714
2207	1.2927682597
2208	1.2924406789
2209	1.2921128745
2210	1.2917847771
2211	1.2914563319
2212	1.2911275068
2213	1.2907982783
2214	1.2904686036
2215	1.2901384045
2216	1.2898075967
2217	1.2894761123
2218	1.2891439420
2219	1.2888111780
2220	1.2884779698
2221	1.2881444705
2222	1.2878108219
2223	1.2874771453
2224	1.2871435477
2225	1.2868100893
2226	1.2864767253
2227	1.2861433269
2228	1.2858097628
2229	1.2854758907
2230	1.2851415099
2231	1.2848064187
2232	1.2844704812
2233	1.2841336370
2234	1.2837958904
2235	1.2834572775
2236	1.2831178334
2237	1.2827776057
2238	1.2824366869
2239	1.2820952099
2240	1.2817533376
2241	1.2814112353
2242	1.2810690215
2243	1.2807267484
2244	1.2803844007
2245	1.2800419057
2246	1.2796991584
2247	1.2793560398
2248	1.2790124292
2249	1.2786682368
2250	1.2783234117
2251	1.2779779248
2252	1.2776318008
2253	1.2772851157
2254	1.2769379128
2255	1.2765901863
2256	1.2762419377
2257	1.2758931736
2258	1.2755438883
2259	1.2751941050
2260	1.2748439139
2261	1.2744934679
2262	1.2741429436
2263	1.2737925014
2264	1.2734422759
2265	1.2730923779
2266	1.2727428885
2267	1.2723938045
2268	1.2720450162
2269	1.2716963537
2270	1.2713475955
2271	1.2709984770
2272	1.2706487347
2273	1.2702981338
2274	1.2699465055
2275	1.2695937616
2276	1.2692398865
2277	1.2688849104
2278	1.2685288277
2279	1.2681716067
2280	1.2678132852
2281	1.2674539942
2282	1.2670939272
2283	1.2667332908
2284	1.2663722599
2285	1.2660109545
2286	1.2656494313
2287	1.2652876989
2288	1.2649257579
2289	1.2645636366
2290	1.2642013598
2291	1.2638389024
2292	1.2634761999
2293	1.2631131871
2294	1.2627497951
2295	1.2623859017
2296	1.2620213192
2297	1.2616558449
2298	1.2612893107
2299	1.2609216061
2300	1.2605526757
2301	1.2601825014
2302	1.2598110799
2303	1.2594384218
2304	1.2590645573
2305	1.2586895349
2306	1.2583134039
2307	1.2579361992
2308	1.2575579425
2309	1.2571786423
2310	1.2567983076
2311	1.2564169515
2312	1.2560345821
2313	1.2556512067
2314	1.2552668242
2315	1.2548814074
2316	1.2544949191
2317	1.2541073283
2318	1.2537185885
2319	1.2533286620
2320	1.2529375754
2321	1.2525453917
2322	1.2521521477
2323	1.2517578500
2324	1.2513624955
2325	1.2509660643
2326	1.2505685123
2327	1.2501697936
2328	1.2497698649
2329	1.2493686744
2330	1.2489661625
2331	1.2485622728
2332	1.2481569520
2333	1.2477501241
2334	1.2473417098
2335	1.2469316682
2336	1.2465199684
2337	1.2461065639
2338	1.2456913983
2339	1.2452743942
2340	1.2448554625
2341	1.2444345300
2342	1.2440115508
2343	1.2435865222
2344	1.2431595000
2345	1.2427305945
2346	1.2422999437
2347	1.2418676738
2348	1.2414338556
2349	1.2409984843
2350	1.2405615128
2351	1.2401228855
2352	1.2396825237
2353	1.2392403382
2354	1.2387962921
2355	1.2383504123
2356	1.2379027469
2357	1.2374533489
2358	1.2370022832
2359	1.2365496334
2360	1.2360955320
2361	1.2356401605
2362	1.2351836924
2363	1.2347262584
2364	1.2342679255
2365	1.2338086933
2366	1.2333485072
2367	1.2328872536
2368	1.2324247765
2369	1.2319608980
2370	1.2314954396
2371	1.2310282504
2372	1.2305592062
2373	1.2300882136
2374	1.2296152067
2375	1.2291401176
2376	1.2286629178
2377	1.2281836889
2378	1.2277025863
2379	1.2272197724
2380	1.2267354088
2381	1.2262496392
2382	1.2257625649
2383	1.2252742330
2384	1.2247846324
2385	1.2242937104
2386	1.2238013743
2387	1.2233074810
2388	1.2228118792
2389	1.2223144551
2390	1.2218151241
2391	1.2213138260
2392	1.2208105457
2393	1.2203053200
2394	1.2197982107
2395	1.2192892550
2396	1.2187784452
2397	1.2182657725
2398	1.2177512674
2399	1.2172349602
2400	1.2167168480
2401	1.2161969029
2402	1.2156750811
2403	1.2151513713
2404	1.2146258246
2405	1.2140984764
2406	1.2135692954
2407	1.2130382571
2408	1.2125053852
2409	1.2119707098
2410	1.2114342655
2411	1.2108961339
2412	1.2103564503
2413	1.2098153689
2414	1.2092730216
2415	1.2087294926
2416	1.2081848065
2417	1.2076389374
2418	1.2070918222
2419	1.2065433432
2420	1.2059933428
2421	1.2054416817
2422	1.2048882822
2423	1.2043331369
2424	1.2037762360
2425	1.2032174990
2426	1.2026567992
2427	1.2020940094
2428	1.2015290538
2429	1.2009619248
2430	1.2003926766
2431	1.1998214105
2432	1.1992481867
2433	1.1986729899
2434	1.1980957838
2435	1.1975165338
2436	1.1969352300
2437	1.1963519275
2438	1.1957667473
2439	1.1951798329
2440	1.1945912944
2441	1.1940011722
2442	1.1934094612
2443	1.1928161413
2444	1.1922211824
2445	1.1916245553
2446	1.1910262221
2447	1.1904261181
2448	1.1898241895
2449	1.1892204528
2450	1.1886149740
2451	1.1880078414
2452	1.1873991966
2453	1.1867892212
2454	1.1861780555
2455	1.1855657635
2456	1.1849524033
2457	1.1843380627
2458	1.1837228072
2459	1.1831066688
2460	1.1824896710
2461	1.1818718122
2462	1.1812530221
2463	1.1806331692
2464	1.1800120829
2465	1.1793895434
2466	1.1787653425
2467	1.1781393478
2468	1.1775114546
2469	1.1768815632
2470	1.1762496468
2471	1.1756157762
2472	1.1749800764
2473	1.1743426895
2474	1.1737037629
2475	1.1730634811
2476	1.1724220785
2477	1.1717797888
2478	1.1711368313
2479	1.1704934362
2480	1.1698498441
2481	1.1692062405
2482	1.1685626303
2483	1.1679188266
2484	1.1672745846
2485	1.1666296873
2486	1.1659839280
2487	1.1653370807
2488	1.1646889261
2489	1.1640392893
2490	1.1633880634
2491	1.1627352304
2492	1.1620808791
2493	1.1614252099
2494	1.1607684230
2495	1.1601106172
2496	1.1594518914
2497	1.1587924366
2498	1.1581324751
2499	1.1574721807
2500	1.1568116020
2501	1.1561506441
2502	1.1554891453
2503	1.1548269300
2504	1.1541638544
2505	1.1534998438
2506	1.1528348578
2507	1.1521688490
2508	1.1515018028
2509	1.1508337998
2510	1.1501649703
2511	1.1494954289
2512	1.1488252608
2513	1.1481545009
2514	1.1474831382
2515	1.1468111150
2516	1.1461383158
2517	1.1454646122
2518	1.1447899829
2519	1.1441145522
2520	1.1434384834
2521	1.1427619161
2522	1.1420849283
2523	1.1414075090
2524	1.1407296163
2525	1.1400512265
2526	1.1393723534
2527	1.1386930339
2528	1.1380133263
2529	1.1373333591
2530	1.1366533253
2531	1.1359734444
2532	1.1352939403
2533	1.1346150060
2534	1.1339368324
2535	1.1332596257
2536	1.1325835372
2537	1.1319086307
2538	1.1312348814
2539	1.1305622196
2540	1.1298906078
2541	1.1292199821
2542	1.1285501753
2543	1.1278810139
2544	1.1272124093
2545	1.1265443410
2546	1.1258768445
2547	1.1252100254
2548	1.1245440404
2549	1.1238790050
2550	1.1232149531
2551	1.1225519101
2552	1.1218899092
2553	1.1212289714
2554	1.1205691522
2555	1.1199105354
2556	1.1192531653
2557	1.1185970502
2558	1.1179421716
2559	1.1172884588
2560	1.1166358456
2561	1.1159843018
2562	1.1153337490
2563	1.1146840714
2564	1.1140352206
2565	1.1133871929
2566	1.1127399401
2567	1.1120933399
2568	1.1114472534
2569	1.1108016737
2570	1.1101567724
2571	1.1095127920
2572	1.1088699857
2573	1.1082286316
2574	1.1075890171
2575	1.1069514359
2576	1.1063161973
2577	1.1056835425
2578	1.1050536124
2579	1.1044264835
2580	1.1038021362
2581	1.1031804145
2582	1.1025610308
2583	1.1019436343
2584	1.1013278557
2585	1.1007133541
2586	1.1000999271
2587	1.0994875229
2588	1.0988761853
2589	1.0982660404
2590	1.0976572901
2591	1.0970501290
2592	1.0964446508
2593	1.0958409159
2594	1.0952390216
2595	1.0946390349
2596	1.0940409853
2597	1.0934449334
2598	1.0928509805
2599	1.0922592163
2600	1.0916696613
2601	1.0910823201
2602	1.0904972240
2603	1.0899143497
2604	1.0893336048
2605	1.0887548474
2606	1.0881778994
2607	1.0876026132
2608	1.0870288798
2609	1.0864566044
2610	1.0858857338
2611	1.0853162490
2612	1.0847481051
2613	1.0841812251
2614	1.0836155168
2615	1.0830508591
2616	1.0824871429
2617	1.0819243892
2618	1.0813627860
2619	1.0808025491
2620	1.0802438367
2621	1.0796868376
2622	1.0791317672
2623	1.0785787686
2624	1.0780279107
2625	1.0774792234
2626	1.0769326966
2627	1.0763882542
2628	1.0758457483
2629	1.0753050123
2630	1.0747659282
2631	1.0742284479
2632	1.0736925628
2633	1.0731583110
2634	1.0726257743
2635	1.0720950244
2636	1.0715661091
2637	1.0710390451
2638	1.0705138008
2639	1.0699903622
2640	1.0694688004
2641	1.0689491899
2642	1.0684315082
2643	1.0679156188
2644	1.0674012967
2645	1.0668883224
2646	1.0663765602
2647	1.0658659709
2648	1.0653565978
2649	1.0648485531
2650	1.0643420186
2651	1.0638371740
2652	1.0633341154
2653	1.0628329039
2654	1.0623336238
2655	1.0618363607
2656	1.0613411842
2657	1.0608481484
2658	1.0603572971
2659	1.0598686627
2660	1.0593822427
2661	1.0588980136
2662	1.0584159723
2663	1.0579361141
2664	1.0574583617
2665	1.0569825966
2666	1.0565087192
2667	1.0560366142
2668	1.0555661442
2669	1.0550971524
2670	1.0546295283
2671	1.0541633010
2672	1.0536985424
2673	1.0532352766
2674	1.0527735093
2675	1.0523132324
2676	1.0518544385
2677	1.0513971632
2678	1.0509414325
2679	1.0504871657
2680	1.0500342347
2681	1.0495825771
2682	1.0491322007
2683	1.0486831535
2684	1.0482355062
2685	1.0477893195
2686	1.0473446031
2687	1.0469013136
2688	1.0464593907
2689	1.0460187911
2690	1.0455794962
2691	1.0451414668
2692	1.0447046310
2693	1.0442689581
2694	1.0438345154
2695	1.0434014843
2696	1.0429700906
2697	1.0425405030
2698	1.0421128022
2699	1.0416869670
2700	1.0412629246
2701	1.0408406533
2702	1.0404201640
2703	1.0400013974
2704	1.0395842064
2705	1.0391684695
2706	1.0387541612
2707	1.0383412921
2708	1.0379298795
2709	1.0375199364
2710	1.0371114260
2711	1.0367043130
2712	1.0362985918
2713	1.0358942330
2714	1.0354912137
2715	1.0350895374
2716	1.0346891796
2717	1.0342900569
2718	1.0338920486
2719	1.0334950553
2720	1.0330990453
2721	1.0327040610
2722	1.0323101866
2723	1.0319175072
2724	1.0315261239
2725	1.0311361789
2726	1.0307477813
2727	1.0303609947
2728	1.0299759328
2729	1.0295927311
2730	1.0292114342
2731	1.0288319659
2732	1.0284542139
2733	1.0280781120
2734	1.0277036238
2735	1.0273306903
2736	1.0269592283
2737	1.0265891154
2738	1.0262201309
2739	1.0258520480
2740	1.0254847519
2741	1.0251181716
2742	1.0247522409
2743	1.0243869467
2744	1.0240223187
2745	1.0236583869
2746	1.0232951624
2747	1.0229326109
2748	1.0225706510
2749	1.0222091793
2750	1.0218480650
2751	1.0214871775
2752	1.0211264298
2753	1.0207657587
2754	1.0204051059
2755	1.0200443926
2756	1.0196835099
2757	1.0193223735
2758	1.0189609655
2759	1.0185993271
2760	1.0182375074
2761	1.0178755515
2762	1.0175135927
2763	1.0171518644
2764	1.0167905776
2765	1.0164298457
2766	1.0160697149
2767	1.0157101919
2768	1.0153512318
2769	1.0149927825
2770	1.0146348276
2771	1.0142773522
2772	1.0139203032
2773	1.0135635614
2774	1.0132069467
2775	1.0128502407
2776	1.0124932191
2777	1.0121357113
2778	1.0117776401
2779	1.0114190486
2780	1.0110600534
2781	1.0107006974
2782	1.0103409370
2783	1.0099807508
2784	1.0096201801
2785	1.0092593333
2786	1.0088983661
2787	1.0085374237
2788	1.0081765964
2789	1.0078159150
2790	1.0074553538
2791	1.0070948200
2792	1.0067341475
2793	1.0063731579
2794	1.0060117240
2795	1.0056497380
2796	1.0052870727
2797	1.0049235968
2798	1.0045592216
2799	1.0041939045
2800	1.0038275895
2801	1.0034601954
2802	1.0030916346
2803	1.0027218290
2804	1.0023507583
2805	1.0019784622
2806	1.0016050013
2807	1.0012304645
2808	1.0008549742
2809	1.0004786489
2810	1.0001016100
2811	0.9997239975
2812	0.9993459154
2813	0.9989673713
2814	0.9985882808
2815	0.9982085028
2816	0.9978278503
2817	0.9974460706
2818	0.9970628357
2819	0.9966778261
2820	0.9962908319
2821	0.9959017382
2822	0.9955104781
2823	0.9951170378
2824	0.9947214734
2825	0.9943239054
2826	0.9939244896
2827	0.9935233598
2828	0.9931205855
2829	0.9927161679
2830	0.9923100913
2831	0.9919023539
2832	0.9914929513
2833	0.9910818905
2834	0.9906691714
2835	0.9902547499
2836	0.9898385500
2837	0.9894204986
2838	0.9890005563
2839	0.9885787118
2840	0.9881549749
2841	0.9877293936
2842	0.9873020534
2843	0.9868730555
2844	0.9864424718
2845	0.9860102751
2846	0.9855763015
2847	0.9851403182
2848	0.9847021101
2849	0.9842615037
2850	0.9838183949
2851	0.9833727454
2852	0.9829245731
2853	0.9824739629
2854	0.9820209922
2855	0.9815656872
2856	0.9811080813
2857	0.9806482311
2858	0.9801862119
2859	0.9797221548
2860	0.9792562272
2861	0.9787885604
2862	0.9783192652
2863	0.9778484994
2864	0.9773764644
2865	0.9769033053
2866	0.9764290446
2867	0.9759536577
2868	0.9754771312
2869	0.9749994220
2870	0.9745204239
2871	0.9740400132
2872	0.9735581317
2873	0.9730747929
2874	0.9725900262
2875	0.9721038442
2876	0.9716162560
2877	0.9711272849
2878	0.9706369711
2879	0.9701453860
2880	0.9696526213
2881	0.9691587004
2882	0.9686635537
2883	0.9681670656
2884	0.9676690768
2885	0.9671694175
2886	0.9666679104
2887	0.9661643110
2888	0.9656583454
2889	0.9651498432
2890	0.9646387775
2891	0.9641251843
2892	0.9636091916
2893	0.9630910673
2894	0.9625710850
2895	0.9620494546
2896	0.9615263976
2897	0.9610021551
2898	0.9604769272
2899	0.9599508269
2900	0.9594238695
2901	0.9588960231
2902	0.9583672430
2903	0.9578374935
2904	0.9573067315
2905	0.9567748139
2906	0.9562415089
2907	0.9557066095
2908	0.9551700165
2909	0.9546317409
2910	0.9540918253
2911	0.9535502823
2912	0.9530070727
2913	0.9524621593
2914	0.9519155939
2915	0.9513674988
2916	0.9508180031
2917	0.9502672299
2918	0.9497152977
2919	0.9491623247
2920	0.9486084046
2921	0.9480535365
2922	0.9474976736
2923	0.9469408503
2924	0.9463831442
2925	0.9458245805
2926	0.9452651446
2927	0.9447047953
2928	0.9441434891
2929	0.9435811840
2930	0.9430177879
2931	0.9424532199
2932	0.9418875064
2933	0.9413207322
2934	0.9407529954
2935	0.9401844580
2936	0.9396153207
2937	0.9390457489
2938	0.9384758769
2939	0.9379058148
2940	0.9373356367
2941	0.9367653666
2942	0.9361949569
2943	0.9356242775
2944	0.9350530962
2945	0.9344811128
2946	0.9339080336
2947	0.9333335899
2948	0.9327575840
2949	0.9321799116
2950	0.9316005227
2951	0.9310194489
2952	0.9304367974
2953	0.9298526656
2954	0.9292671171
2955	0.9286802610
2956	0.9280922862
2957	0.9275033982
2958	0.9269137894
2959	0.9263236061
2960	0.9257329149
2961	0.9251417041
2962	0.9245498892
2963	0.9239573224
2964	0.9233638202
2965	0.9227692423
2966	0.9221735093
2967	0.9215765344
2968	0.9209782361
2969	0.9203786069
2970	0.9197777408
2971	0.9191758233
2972	0.9185730896
2973	0.9179697921
2974	0.9173661723
2975	0.9167624031
2976	0.9161586253
2977	0.9155550091
2978	0.9149517325
2979	0.9143490035
2980	0.9137470377
2981	0.9131459330
2982	0.9125456237
2983	0.9119459428
2984	0.9113467229
2985	0.9107478491
2986	0.9101492134
2987	0.9095506651
2988	0.9089520188
2989	0.9083530741
2990	0.9077536139
2991	0.9071533983
2992	0.9065522614
2993	0.9059502163
2994	0.9053474129
2995	0.9047440187
2996	0.9041401572
2997	0.9035360015
2998	0.9029318415
2999	0.9023279927
