0	1.2500000087
1	1.2501983880
2	1.2503957630
3	1.2505921746
4	1.2507876800
5	1.2509823480
6	1.2511762547
7	1.2513694802
8	1.2515621056
9	1.2517542098
10	1.2519458673
11	1.2521371459
12	1.2523281050
13	1.2525187946
14	1.2527092544
15	1.2528995135
16	1.2530895906
17	1.2532794945
18	1.2534692249
19	1.2536587735
20	1.2538481253
21	1.2540372601
22	1.2542261540
23	1.2544147809
24	1.2546031139
25	1.2547911267
26	1.2549787947
27	1.2551660958
28	1.2553530115
29	1.2555395270
30	1.2557256318
31	1.2559113191
32	1.2560965864
33	1.2562814342
34	1.2564658660
35	1.2566498876
36	1.2568335058
37	1.2570167282
38	1.2571995620
39	1.2573820133
40	1.2575640860
41	1.2577457820
42	1.2579270998
43	1.2581080348
44	1.2582885789
45	1.2584687205
46	1.2586484448
47	1.2588277338
48	1.2590065667
49	1.2591849204
50	1.2593627703
51	1.2595400907
52	1.2597168554
53	1.2598930383
54	1.2600686140
55	1.2602435582
56	1.2604178484
57	1.2605914636
58	1.2607643851
59	1.2609365963
60	1.2611080828
61	1.2612788317
62	1.2614488317
63	1.2616180728
64	1.2617865461
65	1.2619542442
66	1.2621211610
67	1.2622872893
68	1.2624526184
69	1.2626171343
70	1.2627808205
71	1.2629436590
72	1.2631056305
73	1.2632667136
74	1.2634268865
75	1.2635861269
76	1.2637444089
77	1.2639016991
78	1.2640579579
79	1.2642131447
80	1.2643672218
81	1.2645201535
82	1.2646719058
83	1.2648224458
84	1.2649717409
85	1.2651197600
86	1.2652664751
87	1.2654118596
88	1.2655558854
89	1.2656985240
90	1.2658397519
91	1.2659795478
92	1.2661178872
93	1.2662547430
94	1.2663900898
95	1.2665239012
96	1.2666561468
97	1.2667867942
98	1.2669158123
99	1.2670431723
100	1.2671688456
101	1.2672928048
102	1.2674150252
103	1.2675354862
104	1.2676541663
105	1.2677710411
106	1.2678860873
107	1.2679992810
108	1.2681105905
109	1.2682199793
110	1.2683274106
111	1.2684328418
112	1.2685362223
113	1.2686375039
114	1.2687366392
115	1.2688335777
116	1.2689282720
117	1.2690206799
118	1.2691107574
119	1.2691984597
120	1.2692837457
121	1.2693665743
122	1.2694469037
123	1.2695246963
124	1.2695999202
125	1.2696725459
126	1.2697425431
127	1.2698098769
128	1.2698745084
129	1.2699364043
130	1.2699955576
131	1.2700519901
132	1.2701057252
133	1.2701567583
134	1.2702050522
135	1.2702505570
136	1.2702932506
137	1.2703331528
138	1.2703702907
139	1.2704046712
140	1.2704362850
141	1.2704651067
142	1.2704910914
143	1.2705141693
144	1.2705342459
145	1.2705512342
146	1.2705650796
147	1.2705757421
148	1.2705831886
149	1.2705874044
150	1.2705883853
151	1.2705861206
152	1.2705805773
153	1.2705716995
154	1.2705594261
155	1.2705436892
156	1.2705244078
157	1.2705015117
158	1.2704749581
159	1.2704447236
160	1.2704107989
161	1.2703731916
162	1.2703319260
163	1.2702870253
164	1.2702384937
165	1.2701863235
166	1.2701304954
167	1.2700709636
168	1.2700076633
169	1.2699405263
170	1.2698694852
171	1.2697944752
172	1.2697154419
173	1.2696323579
174	1.2695452186
175	1.2694540312
176	1.2693588266
177	1.2692596546
178	1.2691565650
179	1.2690496072
180	1.2689388288
181	1.2688242643
182	1.2687059267
183	1.2685838083
184	1.2684578869
185	1.2683281172
186	1.2681944341
187	1.2680567703
188	1.2679150527
189	1.2677692043
190	1.2676191638
191	1.2674648874
192	1.2673063519
193	1.2671435649
194	1.2669765653
195	1.2668054167
196	1.2666301943
197	1.2664509912
198	1.2662679237
199	1.2660811220
200	1.2658907283
201	1.2656968673
202	1.2654996079
203	1.2652989747
204	1.2650949724
205	1.2648876061
206	1.2646768800
207	1.2644627599
208	1.2642451489
209	1.2640238990
210	1.2637988558
211	1.2635698944
212	1.2633369115
213	1.2630998232
214	1.2628585706
215	1.2626131164
216	1.2623634510
217	1.2621095772
218	1.2618515070
219	1.2615892952
220	1.2613230496
221	1.2610529174
222	1.2607790628
223	1.2605016546
224	1.2602208646
225	1.2599368454
226	1.2596497182
227	1.2593595757
228	1.2590664913
229	1.2587705357
230	1.2584717599
231	1.2581701906
232	1.2578658459
233	1.2575587199
234	1.2572487697
235	1.2569359116
236	1.2566200229
237	1.2563009556
238	1.2559785346
239	1.2556525768
240	1.2553229206
241	1.2549894377
242	1.2546520334
243	1.2543106383
244	1.2539652195
245	1.2536157763
246	1.2532623168
247	1.2529048688
248	1.2525434803
249	1.2521782127
250	1.2518091459
251	1.2514363808
252	1.2510600541
253	1.2506803319
254	1.2502973956
255	1.2499114481
256	1.2495227062
257	1.2491313815
258	1.2487376556
259	1.2483416739
260	1.2479435475
261	1.2475433527
262	1.2471411518
263	1.2467369804
264	1.2463308081
265	1.2459225366
266	1.2455120348
267	1.2450992076
268	1.2446840210
269	1.2442664491
270	1.2438464046
271	1.2434236978
272	1.2429980961
273	1.2425694354
274	1.2421376574
275	1.2417027442
276	1.2412646352
277	1.2408232246
278	1.2403784046
279	1.2399301010
280	1.2394782806
281	1.2390229347
282	1.2385641099
283	1.2381019417
284	1.2376366128
285	1.2371682732
286	1.2366969909
287	1.2362227992
288	1.2357457483
289	1.2352658897
290	1.2347832656
291	1.2342979381
292	1.2338100213
293	1.2333196584
294	1.2328269632
295	1.2323320008
296	1.2318348202
297	1.2313354890
298	1.2308340685
299	1.2303306043
300	1.2298251826
301	1.2293179457
302	1.2288090484
303	1.2282986042
304	1.2277866916
305	1.2272733715
306	1.2267586440
307	1.2262424298
308	1.2257246111
309	1.2252050823
310	1.2246837587
311	1.2241605565
312	1.2236354173
313	1.2231083374
314	1.2225793416
315	1.2220484358
316	1.2215156150
317	1.2209808968
318	1.2204442893
319	1.2199057727
320	1.2193653418
321	1.2188230334
322	1.2182789081
323	1.2177330273
324	1.2171854804
325	1.2166363825
326	1.2160858229
327	1.2155338504
328	1.2149804925
329	1.2144257595
330	1.2138696072
331	1.2133119358
332	1.2127526476
333	1.2121916619
334	1.2116289002
335	1.2110643084
336	1.2104978860
337	1.2099296474
338	1.2093595803
339	1.2087876827
340	1.2082139756
341	1.2076384657
342	1.2070611280
343	1.2064819246
344	1.2059008126
345	1.2053177279
346	1.2047326204
347	1.2041454900
348	1.2035563769
349	1.2029653615
350	1.2023725868
351	1.2017782586
352	1.2011825905
353	1.2005857832
354	1.1999880500
355	1.1993895888
356	1.1987905431
357	1.1981910204
358	1.1975911137
359	1.1969908688
360	1.1963902858
361	1.1957893628
362	1.1951880807
363	1.1945863931
364	1.1939842627
365	1.1933816826
366	1.1927786487
367	1.1921751505
368	1.1915712084
369	1.1909668509
370	1.1903620707
371	1.1897568419
372	1.1891511335
373	1.1885448910
374	1.1879380316
375	1.1873304875
376	1.1867222149
377	1.1861131773
378	1.1855033788
379	1.1848928718
380	1.1842817302
381	1.1836700530
382	1.1830579764
383	1.1824456336
384	1.1818331373
385	1.1812206172
386	1.1806082025
387	1.1799959938
388	1.1793840776
389	1.1787725223
390	1.1781613452
391	1.1775505266
392	1.1769400773
393	1.1763300312
394	1.1757204024
395	1.1751111759
396	1.1745022954
397	1.1738936933
398	1.1732853773
399	1.1726774759
400	1.1720701506
401	1.1714634909
402	1.1708574987
403	1.1702521090
404	1.1696472702
405	1.1690430091
406	1.1684393621
407	1.1678362662
408	1.1672335697
409	1.1666311008
410	1.1660286763
411	1.1654261181
412	1.1648232769
413	1.1642200403
414	1.1636163749
415	1.1630123367
416	1.1624079985
417	1.1618033808
418	1.1611984979
419	1.1605934122
420	1.1599882223
421	1.1593830475
422	1.1587780123
423	1.1581732511
424	1.1575689174
425	1.1569651410
426	1.1563619576
427	1.1557593318
428	1.1551572490
429	1.1545557133
430	1.1539547153
431	1.1533542549
432	1.1527543548
433	1.1521550577
434	1.1515564090
435	1.1509584131
436	1.1503610302
437	1.1497642618
438	1.1491681653
439	1.1485727902
440	1.1479782031
441	1.1473845325
442	1.1467919375
443	1.1462005479
444	1.1456104457
445	1.1450216717
446	1.1444342373
447	1.1438481212
448	1.1432632353
449	1.1426794664
450	1.1420967488
451	1.1415150383
452	1.1409342734
453	1.1403544057
454	1.1397754176
455	1.1391972810
456	1.1386199486
457	1.1380433748
458	1.1374675333
459	1.1368924330
460	1.1363180767
461	1.1357444440
462	1.1351715514
463	1.1345994632
464	1.1340282348
465	1.1334579138
466	1.1328885563
467	1.1323201639
468	1.1317526663
469	1.1311859775
470	1.1306200408
471	1.1300548350
472	1.1294903411
473	1.1289265255
474	1.1283633696
475	1.1278008895
476	1.1272391125
477	1.1266780883
478	1.1261179112
479	1.1255586649
480	1.1250003952
481	1.1244431339
482	1.1238869030
483	1.1233317011
484	1.1227775160
485	1.1222243492
486	1.1216722271
487	1.1211211827
488	1.1205712173
489	1.1200223226
490	1.1194745056
491	1.1189277396
492	1.1183819682
493	1.1178371587
494	1.1172932858
495	1.1167502933
496	1.1162081267
497	1.1156667485
498	1.1151261189
499	1.1145862051
500	1.1140469948
501	1.1135085125
502	1.1129708118
503	1.1124339488
504	1.1118979922
505	1.1113630277
506	1.1108291174
507	1.1102962919
508	1.1097645861
509	1.1092340185
510	1.1087045705
511	1.1081762212
512	1.1076489495
513	1.1071227124
514	1.1065974468
515	1.1060730854
516	1.1055495536
517	1.1050267530
518	1.1045045575
519	1.1039828404
520	1.1034614868
521	1.1029403602
522	1.1024193187
523	1.1018982446
524	1.1013770157
525	1.1008555106
526	1.1003336534
527	1.0998114105
528	1.0992887702
529	1.0987657477
530	1.0982423732
531	1.0977186855
532	1.0971947409
533	1.0966706107
534	1.0961463672
535	1.0956220485
536	1.0950976510
537	1.0945731605
538	1.0940485601
539	1.0935238211
540	1.0929989139
541	1.0924738017
542	1.0919484231
543	1.0914227251
544	1.0908966844
545	1.0903702795
546	1.0898434813
547	1.0893162694
548	1.0887886373
549	1.0882605820
550	1.0877320973
551	1.0872031747
552	1.0866738003
553	1.0861439437
554	1.0856135596
555	1.0850825881
556	1.0845509309
557	1.0840184695
558	1.0834851007
559	1.0829507284
560	1.0824152638
561	1.0818786401
562	1.0813408057
563	1.0808017218
564	1.0802613649
565	1.0797197066
566	1.0791767123
567	1.0786323589
568	1.0780866366
569	1.0775395406
570	1.0769910631
571	1.0764412093
572	1.0758900028
573	1.0753374672
574	1.0747836276
575	1.0742285250
576	1.0736722087
577	1.0731147313
578	1.0725561572
579	1.0719965396
580	1.0714359071
581	1.0708742716
582	1.0703116215
583	1.0697479171
584	1.0691831065
585	1.0686171457
586	1.0680499985
587	1.0674816304
588	1.0669120163
589	1.0663411555
590	1.0657690651
591	1.0651957600
592	1.0646212408
593	1.0640454813
594	1.0634684379
595	1.0628900733
596	1.0623103615
597	1.0617292880
598	1.0611468436
599	1.0605630042
600	1.0599777381
601	1.0593910340
602	1.0588028999
603	1.0582133399
604	1.0576223308
605	1.0570298184
606	1.0564357463
607	1.0558400854
608	1.0552428323
609	1.0546439791
610	1.0540434940
611	1.0534413320
612	1.0528374446
613	1.0522317793
614	1.0516242901
615	1.0510149406
616	1.0504036969
617	1.0497905408
618	1.0491754793
619	1.0485585235
620	1.0479396696
621	1.0473189076
622	1.0466962397
623	1.0460716795
624	1.0454452337
625	1.0448168968
626	1.0441866609
627	1.0435545217
628	1.0429204797
629	1.0422845479
630	1.0416467652
631	1.0410071936
632	1.0403659035
633	1.0397229611
634	1.0390784218
635	1.0384323301
636	1.0377847237
637	1.0371356268
638	1.0364850505
639	1.0358330129
640	1.0351795453
641	1.0345246761
642	1.0338684268
643	1.0332108074
644	1.0325518134
645	1.0318914352
646	1.0312296579
647	1.0305664578
648	1.0299018096
649	1.0292357000
650	1.0285681250
651	1.0278990687
652	1.0272285052
653	1.0265564175
654	1.0258827963
655	1.0252076328
656	1.0245309248
657	1.0238526853
658	1.0231729432
659	1.0224917262
660	1.0218090550
661	1.0211249548
662	1.0204394455
663	1.0197525212
664	1.0190641587
665	1.0183743398
666	1.0176830684
667	1.0169903718
668	1.0162962811
669	1.0156008176
670	1.0149039950
671	1.0142058168
672	1.0135062670
673	1.0128053107
674	1.0121029055
675	1.0113989962
676	1.0106935085
677	1.0099863669
678	1.0092775106
679	1.0085668982
680	1.0078545054
681	1.0071403111
682	1.0064242989
683	1.0057064781
684	1.0049868639
685	1.0042654547
686	1.0035422638
687	1.0028173359
688	1.0020907309
689	1.0013625134
690	1.0006327527
691	0.9999015199
692	0.9991688665
693	0.9984348140
694	0.9976993673
695	0.9969625197
696	0.9962242482
697	0.9954845199
698	0.9947433042
699	0.9940005775
700	0.9932563072
701	0.9925104497
702	0.9917629701
703	0.9910138373
704	0.9902630151
705	0.9895104725
706	0.9887561955
707	0.9880001964
708	0.9872425023
709	0.9864831423
710	0.9857221648
711	0.9849596415
712	0.9841956439
713	0.9834302422
714	0.9826635105
715	0.9818955195
716	0.9811263215
717	0.9803559525
718	0.9795844458
719	0.9788118357
720	0.9780381505
721	0.9772634086
722	0.9764876336
723	0.9757108683
724	0.9749331647
725	0.9741545813
726	0.9733751810
727	0.9725949826
728	0.9718139361
729	0.9710319716
730	0.9702490225
731	0.9694650126
732	0.9686798530
733	0.9678934357
734	0.9671056405
735	0.9663163527
736	0.9655254852
737	0.9647329960
738	0.9639388563
739	0.9631430045
740	0.9623453676
741	0.9615459002
742	0.9607445898
743	0.9599414436
744	0.9591364913
745	0.9583298032
746	0.9575214847
747	0.9567116654
748	0.9559004820
749	0.9550880551
750	0.9542744909
751	0.9534598970
752	0.9526443891
753	0.9518280721
754	0.9510109995
755	0.9501931822
756	0.9493746291
757	0.9485553337
758	0.9477352641
759	0.9469143864
760	0.9460926789
761	0.9452701463
762	0.9444468130
763	0.9436227052
764	0.9427978390
765	0.9419722209
766	0.9411458705
767	0.9403188249
768	0.9394910979
769	0.9386626561
770	0.9378334669
771	0.9370035206
772	0.9361727750
773	0.9353411423
774	0.9345085591
775	0.9336750041
776	0.9328404776
777	0.9320050145
778	0.9311686757
779	0.9303315386
780	0.9294936919
781	0.9286552091
782	0.9278161350
783	0.9269764890
784	0.9261362967
785	0.9252956345
786	0.9244546004
787	0.9236132837
788	0.9227718140
789	0.9219303635
790	0.9210891003
791	0.9202481675
792	0.9194076842
793	0.9185677406
794	0.9177283771
795	0.9168895920
796	0.9160513698
797	0.9152136933
798	0.9143765326
799	0.9135398147
800	0.9127034134
801	0.9118671904
802	0.9110310524
803	0.9101949672
804	0.9093589114
805	0.9085228457
806	0.9076867746
807	0.9068507469
808	0.9060148151
809	0.9051790508
810	0.9043435379
811	0.9035083365
812	0.9026734657
813	0.9018389343
814	0.9010047856
815	0.9001710787
816	0.8993378644
817	0.8985052151
818	0.8976732303
819	0.8968420160
820	0.8960116833
821	0.8951823274
822	0.8943540308
823	0.8935269155
824	0.8927011495
825	0.8918768668
826	0.8910541553
827	0.8902331181
828	0.8894138461
829	0.8885963705
830	0.8877806744
831	0.8869667150
832	0.8861544294
833	0.8853437180
834	0.8845344562
835	0.8837265357
836	0.8829198566
837	0.8821143393
838	0.8813099675
839	0.8805067654
840	0.8797047910
841	0.8789041282
842	0.8781048438
843	0.8773070037
844	0.8765106845
845	0.8757159432
846	0.8749228258
847	0.8741314155
848	0.8733418378
849	0.8725541988
850	0.8717685618
851	0.8709849996
852	0.8702035948
853	0.8694243801
854	0.8686473346
855	0.8678724279
856	0.8670996167
857	0.8663288144
858	0.8655599285
859	0.8647928795
860	0.8640275617
861	0.8632638358
862	0.8625015178
863	0.8617403928
864	0.8609802815
865	0.8602210614
866	0.8594626477
867	0.8587049843
868	0.8579480381
869	0.8571918004
870	0.8564362875
871	0.8556815710
872	0.8549277946
873	0.8541751195
874	0.8534237189
875	0.8526737970
876	0.8519255289
877	0.8511790246
878	0.8504343710
879	0.8496916391
880	0.8489508415
881	0.8482119474
882	0.8474749182
883	0.8467397105
884	0.8460062862
885	0.8452746310
886	0.8445447756
887	0.8438168041
888	0.8430908116
889	0.8423668749
890	0.8416450574
891	0.8409254021
892	0.8402079250
893	0.8394925993
894	0.8387793939
895	0.8380683175
896	0.8373593549
897	0.8366524542
898	0.8359475671
899	0.8352446091
900	0.8345434430
901	0.8338439230
902	0.8331459174
903	0.8324493152
904	0.8317540454
905	0.8310600987
906	0.8303675121
907	0.8296763381
908	0.8289866583
909	0.8282985770
910	0.8276121881
911	0.8269275740
912	0.8262448183
913	0.8255640076
914	0.8248852334
915	0.8242085973
916	0.8235341885
917	0.8228620770
918	0.8221923102
919	0.8215248908
920	0.8208598230
921	0.8201971560
922	0.8195369287
923	0.8188791347
924	0.8182237317
925	0.8175706353
926	0.8169197512
927	0.8162710357
928	0.8156245056
929	0.8149801339
930	0.8143377685
931	0.8136972104
932	0.8130582983
933	0.8124209366
934	0.8117851018
935	0.8111507736
936	0.8105178542
937	0.8098861972
938	0.8092557082
939	0.8086264174
940	0.8079984617
941	0.8073719835
942	0.8067470610
943	0.8061237319
944	0.8055020316
945	0.8048819972
946	0.8042636706
947	0.8036470877
948	0.8030322862
949	0.8024193405
950	0.8018083384
951	0.8011993191
952	0.8005922541
953	0.7999871232
954	0.7993839672
955	0.7987828333
956	0.7981837416
957	0.7975866594
958	0.7969914746
959	0.7963980738
960	0.7958064022
961	0.7952164337
962	0.7946281759
963	0.7940416999
964	0.7934571390
965	0.7928746294
966	0.7922942422
967	0.7917159830
968	0.7911398319
969	0.7905657947
970	0.7899939130
971	0.7894242237
972	0.7888567389
973	0.7882914564
974	0.7877283638
975	0.7871674181
976	0.7866085125
977	0.7860514953
978	0.7854962596
979	0.7849427722
980	0.7843909959
981	0.7838408694
982	0.7832923654
983	0.7827454814
984	0.7822002197
985	0.7816566032
986	0.7811146721
987	0.7805745066
988	0.7800362353
989	0.7794999843
990	0.7789658168
991	0.7784337376
992	0.7779037401
993	0.7773757919
994	0.7768498177
995	0.7763257483
996	0.7758035551
997	0.7752832546
998	0.7747648858
999	0.7742484532
1000	0.7737339296
1001	0.7732212870
1002	0.7727104914
1003	0.7722014940
1004	0.7716942370
1005	0.7711886874
1006	0.7706848682
1007	0.7701828259
1008	0.7696825701
1009	0.7691841022
1010	0.7686874577
1011	0.7681926642
1012	0.7676997261
1013	0.7672086637
1014	0.7667195414
1015	0.7662324592
1016	0.7657475301
1017	0.7652648556
1018	0.7647845028
1019	0.7643065118
1020	0.7638308848
1021	0.7633575271
1022	0.7628862966
1023	0.7624170951
1024	0.7619498334
1025	0.7614844116
1026	0.7610207468
1027	0.7605587802
1028	0.7600984562
1029	0.7596396798
1030	0.7591823224
1031	0.7587262643
1032	0.7582714053
1033	0.7578176598
1034	0.7573649572
1035	0.7569132537
1036	0.7564625377
1037	0.7560128127
1038	0.7555640816
1039	0.7551163442
1040	0.7546696238
1041	0.7542239766
1042	0.7537794514
1043	0.7533360907
1044	0.7528939762
1045	0.7524532094
1046	0.7520138618
1047	0.7515759909
1048	0.7511396435
1049	0.7507048210
1050	0.7502714919
1051	0.7498396001
1052	0.7494090780
1053	0.7489798724
1054	0.7485519189
1055	0.7481251292
1056	0.7476994470
1057	0.7472748806
1058	0.7468514587
1059	0.7464291769
1060	0.7460079986
1061	0.7455878547
1062	0.7451686374
1063	0.7447502567
1064	0.7443326877
1065	0.7439159614
1066	0.7435001208
1067	0.7430851942
1068	0.7426712403
1069	0.7422583752
1070	0.7418467283
1071	0.7414363842
1072	0.7410273537
1073	0.7406195863
1074	0.7402130011
1075	0.7398074945
1076	0.7394029509
1077	0.7389992782
1078	0.7385963893
1079	0.7381941688
1080	0.7377925076
1081	0.7373913110
1082	0.7369904531
1083	0.7365897924
1084	0.7361892340
1085	0.7357887454
1086	0.7353883253
1087	0.7349879880
1088	0.7345877603
1089	0.7341876810
1090	0.7337878229
1091	0.7333882673
1092	0.7329890847
1093	0.7325903632
1094	0.7321921921
1095	0.7317946503
1096	0.7313978196
1097	0.7310017783
1098	0.7306066059
1099	0.7302123976
1100	0.7298192778
1101	0.7294273846
1102	0.7290368007
1103	0.7286475400
1104	0.7282595901
1105	0.7278729093
1106	0.7274873912
1107	0.7271028787
1108	0.7267192271
1109	0.7263363230
1110	0.7259540699
1111	0.7255723860
1112	0.7251912132
1113	0.7248105314
1114	0.7244303550
1115	0.7240507107
1116	0.7236716397
1117	0.7232931980
1118	0.7229154177
1119	0.7225383095
1120	0.7221618876
1121	0.7217861368
1122	0.7214110234
1123	0.7210365554
1124	0.7206627643
1125	0.7202896696
1126	0.7199172919
1127	0.7195456793
1128	0.7191749238
1129	0.7188051185
1130	0.7184363129
1131	0.7180685175
1132	0.7177017300
1133	0.7173359408
1134	0.7169711325
1135	0.7166073137
1136	0.7162445116
1137	0.7158827139
1138	0.7155218546
1139	0.7151618423
1140	0.7148025883
1141	0.7144440224
1142	0.7140860913
1143	0.7137287425
1144	0.7133718924
1145	0.7130154386
1146	0.7126593149
1147	0.7123034860
1148	0.7119479290
1149	0.7115926709
1150	0.7112378046
1151	0.7108834453
1152	0.7105297070
1153	0.7101767016
1154	0.7098245527
1155	0.7094734016
1156	0.7091233674
1157	0.7087745376
1158	0.7084269918
1159	0.7080807854
1160	0.7077359334
1161	0.7073924537
1162	0.7070504096
1163	0.7067098733
1164	0.7063709091
1165	0.7060335883
1166	0.7056979424
1167	0.7053639471
1168	0.7050315428
1169	0.7047006313
1170	0.7043711075
1171	0.7040428924
1172	0.7037159583
1173	0.7033903201
1174	0.7030659819
1175	0.7027429552
1176	0.7024212939
1177	0.7021010620
1178	0.7017823107
1179	0.7014651069
1180	0.7011495546
1181	0.7008357509
1182	0.7005237340
1183	0.7002135043
1184	0.6999050787
1185	0.6995984858
1186	0.6992937374
1187	0.6989908564
1188	0.6986898965
1189	0.6983909119
1190	0.6980939707
1191	0.6977991713
1192	0.6975065958
1193	0.6972162851
1194	0.6969282565
1195	0.6966425112
1196	0.6963590756
1197	0.6960780458
1198	0.6957995393
1199	0.6955236639
1200	0.6952505123
1201	0.6949801550
1202	0.6947126881
1203	0.6944482286
1204	0.6941868796
1205	0.6939287513
1206	0.6936739369
1207	0.6934224546
1208	0.6931742732
1209	0.6929293632
1210	0.6926876695
1211	0.6924490967
1212	0.6922135999
1213	0.6919812243
1214	0.6917520393
1215	0.6915260961
1216	0.6913034414
1217	0.6910841415
1218	0.6908682588
1219	0.6906558364
1220	0.6904469111
1221	0.6902415129
1222	0.6900396789
1223	0.6898414549
1224	0.6896468686
1225	0.6894559282
1226	0.6892686287
1227	0.6890849432
1228	0.6889048349
1229	0.6887282589
1230	0.6885551679
1231	0.6883855475
1232	0.6882194084
1233	0.6880568052
1234	0.6878978970
1235	0.6877428828
1236	0.6875919376
1237	0.6874452659
1238	0.6873030904
1239	0.6871655721
1240	0.6870328216
1241	0.6869049776
1242	0.6867821903
1243	0.6866645735
1244	0.6865522255
1245	0.6864452149
1246	0.6863435767
1247	0.6862473215
1248	0.6861564500
1249	0.6860709756
1250	0.6859908585
1251	0.6859160117
1252	0.6858464072
1253	0.6857820860
1254	0.6857231096
1255	0.6856695063
1256	0.6856212219
1257	0.6855781316
1258	0.6855400950
1259	0.6855070549
1260	0.6854790840
1261	0.6854563195
1262	0.6854388550
1263	0.6854266677
1264	0.6854196694
1265	0.6854178512
1266	0.6854213175
1267	0.6854301237
1268	0.6854441632
1269	0.6854632258
1270	0.6854870874
1271	0.6855156120
1272	0.6855488286
1273	0.6855868631
1274	0.6856297951
1275	0.6856776268
1276	0.6857303475
1277	0.6857879905
1278	0.6858506173
1279	0.6859182689
1280	0.6859910199
1281	0.6860690089
1282	0.6861523495
1283	0.6862411138
1284	0.6863353172
1285	0.6864348757
1286	0.6865397161
1287	0.6866498605
1288	0.6867653600
1289	0.6868862108
1290	0.6870123278
1291	0.6871435872
1292	0.6872799116
1293	0.6874213215
1294	0.6875678739
1295	0.6877196142
1296	0.6878766163
1297	0.6880389805
1298	0.6882067581
1299	0.6883798891
1300	0.6885582367
1301	0.6887416798
1302	0.6889301600
1303	0.6891236784
1304	0.6893222394
1305	0.6895257880
1306	0.6897342530
1307	0.6899476193
1308	0.6901659053
1309	0.6903891051
1310	0.6906172304
1311	0.6908503988
1312	0.6910887874
1313	0.6913325114
1314	0.6915816307
1315	0.6918361805
1316	0.6920961421
1317	0.6923615247
1318	0.6926323971
1319	0.6929087833
1320	0.6931906592
1321	0.6934779880
1322	0.6937706829
1323	0.6940685548
1324	0.6943713324
1325	0.6946787699
1326	0.6949907363
1327	0.6953072086
1328	0.6956282014
1329	0.6959537602
1330	0.6962839978
1331	0.6966190579
1332	0.6969590632
1333	0.6973040783
1334	0.6976541476
1335	0.6980093799
1336	0.6983699162
1337	0.6987358987
1338	0.6991074654
1339	0.6994847111
1340	0.6998677047
1341	0.7002564820
1342	0.7006510004
1343	0.7010511662
1344	0.7014569345
1345	0.7018683346
1346	0.7022853748
1347	0.7027080162
1348	0.7031362631
1349	0.7035701703
1350	0.7040097656
1351	0.7044550488
1352	0.7049060254
1353	0.7053627070
1354	0.7058251092
1355	0.7062932128
1356	0.7067669170
1357	0.7072460708
1358	0.7077305231
1359	0.7082201237
1360	0.7087147100
1361	0.7092141423
1362	0.7097183731
1363	0.7102274485
1364	0.7107414279
1365	0.7112603450
1366	0.7117842211
1367	0.7123130151
1368	0.7128466029
1369	0.7133848012
1370	0.7139273855
1371	0.7144742040
1372	0.7150252174
1373	0.7155804364
1374	0.7161399471
1375	0.7167039123
1376	0.7172725116
1377	0.7178459208
1378	0.7184242996
1379	0.7190077869
1380	0.7195965404
1381	0.7201907310
1382	0.7207904636
1383	0.7213957775
1384	0.7220067269
1385	0.7226233527
1386	0.7232455704
1387	0.7238731592
1388	0.7245058850
1389	0.7251435513
1390	0.7257859497
1391	0.7264328916
1392	0.7270842491
1393	0.7277399006
1394	0.7283997032
1395	0.7290635448
1396	0.7297313759
1397	0.7304032091
1398	0.7310790988
1399	0.7317590830
1400	0.7324431674
1401	0.7331314141
1402	0.7338239991
1403	0.7345211167
1404	0.7352229261
1405	0.7359295902
1406	0.7366412459
1407	0.7373579961
1408	0.7380799196
1409	0.7388070524
1410	0.7395394234
1411	0.7402770484
1412	0.7410199166
1413	0.7417680512
1414	0.7425215069
1415	0.7432802978
1416	0.7440443745
1417	0.7448136787
1418	0.7455881578
1419	0.7463677126
1420	0.7471521739
1421	0.7479413377
1422	0.7487350501
1423	0.7495332255
1424	0.7503358212
1425	0.7511428147
1426	0.7519541652
1427	0.7527698408
1428	0.7535898012
1429	0.7544139228
1430	0.7552420563
1431	0.7560740896
1432	0.7569099217
1433	0.7577494716
1434	0.7585927156
1435	0.7594396599
1436	0.7602902762
1437	0.7611445143
1438	0.7620023589
1439	0.7628638289
1440	0.7637289513
1441	0.7645977628
1442	0.7654703363
1443	0.7663468070
1444	0.7672273343
1445	0.7681120086
1446	0.7690008531
1447	0.7698938797
1448	0.7707910716
1449	0.7716923390
1450	0.7725975419
1451	0.7735065651
1452	0.7744193299
1453	0.7753357549
1454	0.7762557689
1455	0.7771793650
1456	0.7781066000
1457	0.7790375475
1458	0.7799722698
1459	0.7809107755
1460	0.7818530024
1461	0.7827988461
1462	0.7837482007
1463	0.7847010037
1464	0.7856571662
1465	0.7866164984
1466	0.7875788160
1467	0.7885439936
1468	0.7895119388
1469	0.7904826125
1470	0.7914560028
1471	0.7924320761
1472	0.7934107846
1473	0.7943920802
1474	0.7953759212
1475	0.7963623118
1476	0.7973512902
1477	0.7983428501
1478	0.7993369256
1479	0.8003334586
1480	0.8013324319
1481	0.8023338211
1482	0.8033375858
1483	0.8043437057
1484	0.8053521522
1485	0.8063628507
1486	0.8073756992
1487	0.8083905580
1488	0.8094072498
1489	0.8104256286
1490	0.8114456072
1491	0.8124671180
1492	0.8134900760
1493	0.8145143650
1494	0.8155398678
1495	0.8165664989
1496	0.8175941823
1497	0.8186228273
1498	0.8196523634
1499	0.8206827852
1500	0.8217141108
1501	0.8227463477
1502	0.8237795220
1503	0.8248136758
1504	0.8258488687
1505	0.8268851566
1506	0.8279225777
1507	0.8289611762
1508	0.8300009642
1509	0.8310418963
1510	0.8320839303
1511	0.8331270683
1512	0.8341713293
1513	0.8352167283
1514	0.8362632892
1515	0.8373110243
1516	0.8383598908
1517	0.8394097851
1518	0.8404605759
1519	0.8415121319
1520	0.8425643212
1521	0.8436170216
1522	0.8446701156
1523	0.8457234903
1524	0.8467770831
1525	0.8478308831
1526	0.8488849142
1527	0.8499392257
1528	0.8509938752
1529	0.8520489541
1530	0.8531045977
1531	0.8541609212
1532	0.8552179939
1533	0.8562758781
1534	0.8573346307
1535	0.8583942710
1536	0.8594548014
1537	0.8605162613
1538	0.8615787220
1539	0.8626422471
1540	0.8637068889
1541	0.8647726822
1542	0.8658396257
1543	0.8669076751
1544	0.8679767528
1545	0.8690467719
1546	0.8701176468
1547	0.8711892914
1548	0.8722616160
1549	0.8733345111
1550	0.8744078478
1551	0.8754815036
1552	0.8765553866
1553	0.8776294368
1554	0.8787036209
1555	0.8797779291
1556	0.8808523654
1557	0.8819269342
1558	0.8830016205
1559	0.8840763916
1560	0.8851512087
1561	0.8862260368
1562	0.8873008542
1563	0.8883756417
1564	0.8894503894
1565	0.8905250950
1566	0.8915997425
1567	0.8926743328
1568	0.8937488889
1569	0.8948234119
1570	0.8958978982
1571	0.8969723699
1572	0.8980468400
1573	0.8991212907
1574	0.9001957014
1575	0.9012700703
1576	0.9023444029
1577	0.9034186897
1578	0.9044929061
1579	0.9055670325
1580	0.9066410657
1581	0.9077150174
1582	0.9087889055
1583	0.9098627495
1584	0.9109365636
1585	0.9120103516
1586	0.9130841330
1587	0.9141579672
1588	0.9152319279
1589	0.9163060756
1590	0.9173804606
1591	0.9184551280
1592	0.9195301426
1593	0.9206056060
1594	0.9216816141
1595	0.9227582028
1596	0.9238353286
1597	0.9249128897
1598	0.9259907725
1599	0.9270688896
1600	0.9281471939
1601	0.9292256498
1602	0.9303041979
1603	0.9313827526
1604	0.9324612396
1605	0.9335396257
1606	0.9346178914
1607	0.9356960110
1608	0.9367739668
1609	0.9378517532
1610	0.9389293795
1611	0.9400068688
1612	0.9410842493
1613	0.9421615517
1614	0.9432388089
1615	0.9443160515
1616	0.9453932955
1617	0.9464705335
1618	0.9475477446
1619	0.9486249236
1620	0.9497020883
1621	0.9507792661
1622	0.9518564815
1623	0.9529337482
1624	0.9540110661
1625	0.9550884275
1626	0.9561658340
1627	0.9572432998
1628	0.9583208344
1629	0.9593984513
1630	0.9604761779
1631	0.9615540325
1632	0.9626320169
1633	0.9637101181
1634	0.9647883108
1635	0.9658665779
1636	0.9669449208
1637	0.9680233399
1638	0.9691018234
1639	0.9701803554
1640	0.9712589270
1641	0.9723375304
1642	0.9734161488
1643	0.9744947592
1644	0.9755733403
1645	0.9766518713
1646	0.9777303236
1647	0.9788086627
1648	0.9798868584
1649	0.9809648919
1650	0.9820427613
1651	0.9831204812
1652	0.9841980700
1653	0.9852755426
1654	0.9863529186
1655	0.9874302287
1656	0.9885075034
1657	0.9895847670
1658	0.9906620549
1659	0.9917394236
1660	0.9928169276
1661	0.9938946001
1662	0.9949724620
1663	0.9960505224
1664	0.9971287725
1665	0.9982071869
1666	0.9992857294
1667	1.0003643562
1668	1.0014430221
1669	1.0025216923
1670	1.0036003347
1671	1.0046789140
1672	1.0057574030
1673	1.0068357821
1674	1.0079140397
1675	1.0089921737
1676	1.0100701793
1677	1.0111480489
1678	1.0122257788
1679	1.0133033595
1680	1.0143807776
1681	1.0154580279
1682	1.0165351216
1683	1.0176120960
1684	1.0186889999
1685	1.0197658706
1686	1.0208427375
1687	1.0219196366
1688	1.0229965994
1689	1.0240736375
1690	1.0251507539
1691	1.0262279572
1692	1.0273052609
1693	1.0283826797
1694	1.0294602221
1695	1.0305378834
1696	1.0316156585
1697	1.0326935515
1698	1.0337715512
1699	1.0348496204
1700	1.0359277206
1701	1.0370058220
1702	1.0380838989
1703	1.0391619241
1704	1.0402398808
1705	1.0413177694
1706	1.0423955889
1707	1.0434733289
1708	1.0445509777
1709	1.0456285257
1710	1.0467059661
1711	1.0477832983
1712	1.0488605290
1713	1.0499376672
1714	1.0510147266
1715	1.0520917228
1716	1.0531686703
1717	1.0542455866
1718	1.0553224944
1719	1.0563994221
1720	1.0574763973
1721	1.0585534421
1722	1.0596305812
1723	1.0607078371
1724	1.0617852163
1725	1.0628627113
1726	1.0639403160
1727	1.0650180408
1728	1.0660959124
1729	1.0671739409
1730	1.0682520968
1731	1.0693303266
1732	1.0704085600
1733	1.0714867028
1734	1.0725646546
1735	1.0736423383
1736	1.0747196995
1737	1.0757966915
1738	1.0768732863
1739	1.0779494826
1740	1.0790252934
1741	1.0801007500
1742	1.0811758955
1743	1.0822507713
1744	1.0833254336
1745	1.0843999621
1746	1.0854744487
1747	1.0865489816
1748	1.0876236337
1749	1.0886984814
1750	1.0897735972
1751	1.0908490040
1752	1.0919246758
1753	1.0930005732
1754	1.0940766514
1755	1.0951528445
1756	1.0962290707
1757	1.0973052473
1758	1.0983812920
1759	1.0994571280
1760	1.1005326959
1761	1.1016079591
1762	1.1026829013
1763	1.1037575173
1764	1.1048317991
1765	1.1059057303
1766	1.1069792952
1767	1.1080524719
1768	1.1091252265
1769	1.1101975446
1770	1.1112694616
1771	1.1123410370
1772	1.1134123158
1773	1.1144833416
1774	1.1155541628
1775	1.1166248144
1776	1.1176953160
1777	1.1187656744
1778	1.1198358986
1779	1.1209060083
1780	1.1219760196
1781	1.1230459320
1782	1.1241157344
1783	1.1251854139
1784	1.1262549394
1785	1.1273242659
1786	1.1283933698
1787	1.1294622488
1788	1.1305309093
1789	1.1315993571
1790	1.1326675725
1791	1.1337355051
1792	1.1348030631
1793	1.1358701145
1794	1.1369365398
1795	1.1380022382
1796	1.1390671008
1797	1.1401310344
1798	1.1411939845
1799	1.1422559583
1800	1.1433170500
1801	1.1443773939
1802	1.1454370900
1803	1.1464962110
1804	1.1475548397
1805	1.1486130455
1806	1.1496708684
1807	1.1507283465
1808	1.1517855184
1809	1.1528423828
1810	1.1538988913
1811	1.1549549813
1812	1.1560105871
1813	1.1570656411
1814	1.1581200558
1815	1.1591737328
1816	1.1602265979
1817	1.1612785942
1818	1.1623296761
1819	1.1633798035
1820	1.1644289464
1821	1.1654771051
1822	1.1665242838
1823	1.1675704593
1824	1.1686155788
1825	1.1696595680
1826	1.1707023578
1827	1.1717439172
1828	1.1727842558
1829	1.1738233959
1830	1.1748613543
1831	1.1758981279
1832	1.1769336920
1833	1.1779680094
1834	1.1790010092
1835	1.1800325914
1836	1.1810626743
1837	1.1820912159
1838	1.1831181755
1839	1.1841434713
1840	1.1851670006
1841	1.1861886844
1842	1.1872084468
1843	1.1882261989
1844	1.1892418910
1845	1.1902555088
1846	1.1912670285
1847	1.1922764315
1848	1.1932837214
1849	1.1942889039
1850	1.1952919938
1851	1.1962930384
1852	1.1972921119
1853	1.1982892840
1854	1.1992846032
1855	1.2002781078
1856	1.2012698415
1857	1.2022598538
1858	1.2032481783
1859	1.2042348232
1860	1.2052197949
1861	1.2062030987
1862	1.2071847398
1863	1.2081647341
1864	1.2091431061
1865	1.2101199035
1866	1.2110951848
1867	1.2120690146
1868	1.2130414934
1869	1.2140127015
1870	1.2149826466
1871	1.2159513040
1872	1.2169186319
1873	1.2178845287
1874	1.2188488223
1875	1.2198113177
1876	1.2207718423
1877	1.2217302607
1878	1.2226864507
1879	1.2236402793
1880	1.2245916099
1881	1.2255403144
1882	1.2264862579
1883	1.2274292803
1884	1.2283692291
1885	1.2293059879
1886	1.2302394493
1887	1.2311694895
1888	1.2320959769
1889	1.2330187847
1890	1.2339377924
1891	1.2348528885
1892	1.2357639793
1893	1.2366709979
1894	1.2375739045
1895	1.2384726647
1896	1.2393672439
1897	1.2402576215
1898	1.2411437949
1899	1.2420257981
1900	1.2429037186
1901	1.2437776762
1902	1.2446477866
1903	1.2455141489
1904	1.2463768458
1905	1.2472359222
1906	1.2480913714
1907	1.2489431707
1908	1.2497913089
1909	1.2506357637
1910	1.2514764808
1911	1.2523133965
1912	1.2531464738
1913	1.2539756906
1914	1.2548010156
1915	1.2556223903
1916	1.2564397000
1917	1.2572528072
1918	1.2580615982
1919	1.2588659767
1920	1.2596658580
1921	1.2604611554
1922	1.2612517568
1923	1.2620375535
1924	1.2628184893
1925	1.2635945503
1926	1.2643657444
1927	1.2651320807
1928	1.2658935318
1929	1.2666500378
1930	1.2674015650
1931	1.2681481544
1932	1.2688899022
1933	1.2696269011
1934	1.2703592131
1935	1.2710868898
1936	1.2718100088
1937	1.2725286726
1938	1.2732429888
1939	1.2739530532
1940	1.2746589260
1941	1.2753606373
1942	1.2760581969
1943	1.2767515819
1944	1.2774407373
1945	1.2781256003
1946	1.2788061317
1947	1.2794823120
1948	1.2801541142
1949	1.2808215008
1950	1.2814844195
1951	1.2821427895
1952	1.2827965328
1953	1.2834455983
1954	1.2840899235
1955	1.2847294082
1956	1.2853639490
1957	1.2859934698
1958	1.2866179177
1959	1.2872372510
1960	1.2878514465
1961	1.2884605177
1962	1.2890645152
1963	1.2896635167
1964	1.2902576206
1965	1.2908469429
1966	1.2914316119
1967	1.2920117520
1968	1.2925874717
1969	1.2931588589
1970	1.2937259563
1971	1.2942887504
1972	1.2948472019
1973	1.2954012683
1974	1.2959509083
1975	1.2964960918
1976	1.2970367990
1977	1.2975730122
1978	1.2981047106
1979	1.2986318576
1980	1.2991543875
1981	1.2996722083
1982	1.3001852230
1983	1.3006933461
1984	1.3011964910
1985	1.3016945645
1986	1.3021874827
1987	1.3026752011
1988	1.3031577230
1989	1.3036350692
1990	1.3041072524
1991	1.3045742860
1992	1.3050362213
1993	1.3054931591
1994	1.3059452196
1995	1.3063925324
1996	1.3068352370
1997	1.3072734609
1998	1.3077073173
1999	1.3081369160
2000	1.3085623632
2001	1.3089837564
2002	1.3094011682
2003	1.3098146349
2004	1.3102241635
2005	1.3106297424
2006	1.3110313474
2007	1.3114289376
2008	1.3118224439
2009	1.3122117680
2010	1.3125967792
2011	1.3129773046
2012	1.3133531319
2013	1.3137240245
2014	1.3140897463
2015	1.3144500817
2016	1.3148048463
2017	1.3151538819
2018	1.3154970517
2019	1.3158342543
2020	1.3161654487
2021	1.3164906609
2022	1.3168099645
2023	1.3171234599
2024	1.3174312649
2025	1.3177335128
2026	1.3180303491
2027	1.3183219151
2028	1.3186083399
2029	1.3188897479
2030	1.3191662531
2031	1.3194379439
2032	1.3197048695
2033	1.3199670351
2034	1.3202244187
2035	1.3204769908
2036	1.3207247320
2037	1.3209676414
2038	1.3212057186
2039	1.3214389516
2040	1.3216673200
2041	1.3218907957
2042	1.3221093408
2043	1.3223229202
2044	1.3225315167
2045	1.3227351402
2046	1.3229338334
2047	1.3231276545
2048	1.3233166506
2049	1.3235008557
2050	1.3236802914
2051	1.3238549592
2052	1.3240248434
2053	1.3241899219
2054	1.3243501649
2055	1.3245055322
2056	1.3246559861
2057	1.3248014977
2058	1.3249420355
2059	1.3250775662
2060	1.3252080770
2061	1.3253335903
2062	1.3254541478
2063	1.3255697797
2064	1.3256804981
2065	1.3257863083
2066	1.3258872204
2067	1.3259832594
2068	1.3260744643
2069	1.3261608845
2070	1.3262425814
2071	1.3263196160
2072	1.3263920277
2073	1.3264598430
2074	1.3265231021
2075	1.3265818525
2076	1.3266361192
2077	1.3266859003
2078	1.3267311796
2079	1.3267719250
2080	1.3268080793
2081	1.3268395627
2082	1.3268662876
2083	1.3268881741
2084	1.3269051505
2085	1.3269171465
2086	1.3269240937
2087	1.3269259249
2088	1.3269225737
2089	1.3269139843
2090	1.3269001171
2091	1.3268809503
2092	1.3268564902
2093	1.3268267748
2094	1.3267918729
2095	1.3267518805
2096	1.3267069071
2097	1.3266570534
2098	1.3266024037
2099	1.3265430340
2100	1.3264790100
2101	1.3264103872
2102	1.3263372211
2103	1.3262595633
2104	1.3261774553
2105	1.3260909366
2106	1.3260000364
2107	1.3259047630
2108	1.3258051200
2109	1.3257011216
2110	1.3255927948
2111	1.3254801820
2112	1.3253633436
2113	1.3252423606
2114	1.3251173097
2115	1.3249882277
2116	1.3248551127
2117	1.3247179474
2118	1.3245767172
2119	1.3244314118
2120	1.3242820245
2121	1.3241285568
2122	1.3239710104
2123	1.3238093781
2124	1.3236436549
2125	1.3234738529
2126	1.3232999968
2127	1.3231221136
2128	1.3229402323
2129	1.3227543876
2130	1.3225646350
2131	1.3223710630
2132	1.3221737624
2133	1.3219727935
2134	1.3217681932
2135	1.3215599915
2136	1.3213482197
2137	1.3211329099
2138	1.3209141025
2139	1.3206918645
2140	1.3204662740
2141	1.3202373961
2142	1.3200052976
2143	1.3197700584
2144	1.3195317692
2145	1.3192905350
2146	1.3190464590
2147	1.3187996328
2148	1.3185501513
2149	1.3182980960
2150	1.3180435111
2151	1.3177864361
2152	1.3175269478
2153	1.3172651422
2154	1.3170011078
2155	1.3167349285
2156	1.3164666809
2157	1.3161964264
2158	1.3159242100
2159	1.3156500657
2160	1.3153740229
2161	1.3150961027
2162	1.3148163054
2163	1.3145346134
2164	1.3142510169
2165	1.3139655136
2166	1.3136780954
2167	1.3133887644
2168	1.3130975363
2169	1.3128044309
2170	1.3125094540
2171	1.3122125814
2172	1.3119137742
2173	1.3116130126
2174	1.3113103083
2175	1.3110056928
2176	1.3106992196
2177	1.3103909629
2178	1.3100809855
2179	1.3097693191
2180	1.3094559952
2181	1.3091410760
2182	1.3088246458
2183	1.3085068098
2184	1.3081876974
2185	1.3078674243
2186	1.3075460700
2187	1.3072237007
2188	1.3069003735
2189	1.3065761261
2190	1.3062509774
2191	1.3059249205
2192	1.3055979385
2193	1.3052700213
2194	1.3049411677
2195	1.3046113924
2196	1.3042807050
2197	1.3039491226
2198	1.3036167107
2199	1.3032835589
2200	1.3029497576
2201	1.3026154020
2202	1.3022805806
2203	1.3019453578
2204	1.3016097703
2205	1.3012738370
2206	1.3009375602
2207	1.3006009117
2208	1.3002638473
2209	1.2999263389
2210	1.2995883839
2211	1.2992499840
2212	1.2989111358
2213	1.2985718571
2214	1.2982322028
2215	1.2978922540
2216	1.2975520946
2217	1.2972117969
2218	1.2968714194
2219	1.2965309935
2220	1.2961905184
2221	1.2958499735
2222	1.2955093367
2223	1.2951685904
2224	1.2948277154
2225	1.2944866910
2226	1.2941454992
2227	1.2938041015
2228	1.2934624256
2229	1.2931203959
2230	1.2927779422
2231	1.2924350003
2232	1.2920915344
2233	1.2917475207
2234	1.2914029257
2235	1.2910577111
2236	1.2907118321
2237	1.2903652476
2238	1.2900179530
2239	1.2896699907
2240	1.2893214284
2241	1.2889723503
2242	1.2886228468
2243	1.2882729831
2244	1.2879227892
2245	1.2875722916
2246	1.2872215398
2247	1.2868705775
2248	1.2865194007
2249	1.2861679765
2250	1.2858163168
2251	1.2854644844
2252	1.2851125198
2253	1.2847604274
2254	1.2844081891
2255	1.2840557565
2256	1.2837030868
2257	1.2833501805
2258	1.2829970550
2259	1.2826436920
2260	1.2822900179
2261	1.2819359314
2262	1.2815813425
2263	1.2812261971
2264	1.2808704735
2265	1.2805141526
2266	1.2801572056
2267	1.2797996012
2268	1.2794413212
2269	1.2790823912
2270	1.2787228853
2271	1.2783628846
2272	1.2780024431
2273	1.2776416077
2274	1.2772804381
2275	1.2769189892
2276	1.2765573028
2277	1.2761954100
2278	1.2758333414
2279	1.2754711414
2280	1.2751088451
2281	1.2747464463
2282	1.2743838934
2283	1.2740211123
2284	1.2736580483
2285	1.2732946786
2286	1.2729309905
2287	1.2725669763
2288	1.2722026239
2289	1.2718379244
2290	1.2714728946
2291	1.2711075536
2292	1.2707419051
2293	1.2703759519
2294	1.2700096994
2295	1.2696431511
2296	1.2692763024
2297	1.2689091341
2298	1.2685416095
2299	1.2681736889
2300	1.2678053413
2301	1.2674365430
2302	1.2670672652
2303	1.2666974548
2304	1.2663270580
2305	1.2659560517
2306	1.2655844319
2307	1.2652121883
2308	1.2648393040
2309	1.2644657736
2310	1.2640916106
2311	1.2637168443
2312	1.2633414952
2313	1.2629655675
2314	1.2625890806
2315	1.2622120608
2316	1.2618345089
2317	1.2614564075
2318	1.2610777269
2319	1.2606984079
2320	1.2603183777
2321	1.2599375892
2322	1.2595560141
2323	1.2591736238
2324	1.2587903990
2325	1.2584063292
2326	1.2580213956
2327	1.2576355684
2328	1.2572488044
2329	1.2568610440
2330	1.2564722380
2331	1.2560823694
2332	1.2556914384
2333	1.2552994433
2334	1.2549063844
2335	1.2545122779
2336	1.2541171499
2337	1.2537210106
2338	1.2533238449
2339	1.2529256392
2340	1.2525263991
2341	1.2521261314
2342	1.2517248304
2343	1.2513224764
2344	1.2509190436
2345	1.2505145078
2346	1.2501088283
2347	1.2497019550
2348	1.2492938497
2349	1.2488844724
2350	1.2484737783
2351	1.2480617255
2352	1.2476482782
2353	1.2472334220
2354	1.2468171666
2355	1.2463995404
2356	1.2459805722
2357	1.2455602694
2358	1.2451386266
2359	1.2447156369
2360	1.2442912749
2361	1.2438654945
2362	1.2434382604
2363	1.2430095609
2364	1.2425793949
2365	1.2421477564
2366	1.2417146316
2367	1.2412800090
2368	1.2408438794
2369	1.2404062292
2370	1.2399670460
2371	1.2395263233
2372	1.2390840519
2373	1.2386402342
2374	1.2381949065
2375	1.2377481185
2376	1.2372998971
2377	1.2368502507
2378	1.2363991920
2379	1.2359467123
2380	1.2354927546
2381	1.2350372373
2382	1.2345800746
2383	1.2341211879
2384	1.2336605180
2385	1.2331980261
2386	1.2327336999
2387	1.2322675637
2388	1.2317996724
2389	1.2313300951
2390	1.2308589016
2391	1.2303861698
2392	1.2299120084
2393	1.2294365500
2394	1.2289599217
2395	1.2284822261
2396	1.2280035210
2397	1.2275238147
2398	1.2270430882
2399	1.2265613096
2400	1.2260784413
2401	1.2255944602
2402	1.2251093602
2403	1.2246231218
2404	1.2241357067
2405	1.2236470783
2406	1.2231571921
2407	1.2226659925
2408	1.2221734267
2409	1.2216794248
2410	1.2211838958
2411	1.2206867489
2412	1.2201878914
2413	1.2196872218
2414	1.2191846391
2415	1.2186800624
2416	1.2181734409
2417	1.2176647359
2418	1.2171539089
2419	1.2166409338
2420	1.2161258096
2421	1.2156085462
2422	1.2150891530
2423	1.2145676553
2424	1.2140441014
2425	1.2135185400
2426	1.2129910221
2427	1.2124616296
2428	1.2119304706
2429	1.2113976417
2430	1.2108632172
2431	1.2103272643
2432	1.2097898471
2433	1.2092510210
2434	1.2087108282
2435	1.2081693123
2436	1.2076265397
2437	1.2070825923
2438	1.2065375412
2439	1.2059914104
2440	1.2054441788
2441	1.2048958202
2442	1.2043463084
2443	1.2037956182
2444	1.2032437111
2445	1.2026905096
2446	1.2021359186
2447	1.2015798296
2448	1.2010221069
2449	1.2004626224
2450	1.1999012834
2451	1.1993380219
2452	1.1987727883
2453	1.1982055566
2454	1.1976363197
2455	1.1970651025
2456	1.1964919579
2457	1.1959169198
2458	1.1953399726
2459	1.1947610892
2460	1.1941803017
2461	1.1935977053
2462	1.1930134054
2463	1.1924274945
2464	1.1918400469
2465	1.1912510954
2466	1.1906606579
2467	1.1900687989
2468	1.1894756189
2469	1.1888812031
2470	1.1882856059
2471	1.1876888432
2472	1.1870908975
2473	1.1864917505
2474	1.1858913721
2475	1.1852896899
2476	1.1846866148
2477	1.1840820708
2478	1.1834759884
2479	1.1828682856
2480	1.1822588579
2481	1.1816476149
2482	1.1810345364
2483	1.1804196639
2484	1.1798030599
2485	1.1791848099
2486	1.1785650305
2487	1.1779438454
2488	1.1773213839
2489	1.1766977957
2490	1.1760732318
2491	1.1754478086
2492	1.1748215948
2493	1.1741946455
2494	1.1735670306
2495	1.1729388208
2496	1.1723100847
2497	1.1716808865
2498	1.1710512760
2499	1.1704212742
2500	1.1697908513
2501	1.1691599074
2502	1.1685282675
2503	1.1678957426
2504	1.1672621785
2505	1.1666274525
2506	1.1659914797
2507	1.1653541918
2508	1.1647155359
2509	1.1640754825
2510	1.1634340136
2511	1.1627911445
2512	1.1621469203
2513	1.1615013805
2514	1.1608545757
2515	1.1602065777
2516	1.1595574542
2517	1.1589072667
2518	1.1582561009
2519	1.1576040998
2520	1.1569514226
2521	1.1562981748
2522	1.1556444040
2523	1.1549901220
2524	1.1543353424
2525	1.1536801057
2526	1.1530244404
2527	1.1523683577
2528	1.1517119220
2529	1.1510552485
2530	1.1503984185
2531	1.1497414538
2532	1.1490843429
2533	1.1484270498
2534	1.1477695226
2535	1.1471117099
2536	1.1464535785
2537	1.1457951078
2538	1.1451362701
2539	1.1444770272
2540	1.1438173439
2541	1.1431571865
2542	1.1424964914
2543	1.1418351791
2544	1.1411732212
2545	1.1405106311
2546	1.1398474118
2547	1.1391835611
2548	1.1385190772
2549	1.1378539517
2550	1.1371881888
2551	1.1365218226
2552	1.1358549237
2553	1.1351876040
2554	1.1345200218
2555	1.1338523657
2556	1.1331848094
2557	1.1325175123
2558	1.1318506544
2559	1.1311843990
2560	1.1305188735
2561	1.1298542247
2562	1.1291906103
2563	1.1285281581
2564	1.1278669601
2565	1.1272070856
2566	1.1265485922
2567	1.1258915300
2568	1.1252359383
2569	1.1245818322
2570	1.1239292045
2571	1.1232779934
2572	1.1226280734
2573	1.1219793321
2574	1.1213317019
2575	1.1206851467
2576	1.1200396716
2577	1.1193952921
2578	1.1187520026
2579	1.1181097792
2580	1.1174685650
2581	1.1168282893
2582	1.1161889187
2583	1.1155504337
2584	1.1149127831
2585	1.1142759235
2586	1.1136399058
2587	1.1130048692
2588	1.1123709511
2589	1.1117382312
2590	1.1111067427
2591	1.1104765346
2592	1.1098477168
2593	1.1092204578
2594	1.1085949466
2595	1.1079713388
2596	1.1073497273
2597	1.1067301432
2598	1.1061125821
2599	1.1054970007
2600	1.1048833149
2601	1.1042714160
2602	1.1036611588
2603	1.1030523920
2604	1.1024450057
2605	1.1018389403
2606	1.1012341853
2607	1.1006307638
2608	1.1000287139
2609	1.0994280827
2610	1.0988289506
2611	1.0982314297
2612	1.0976355858
2613	1.0970414565
2614	1.0964491558
2615	1.0958588316
2616	1.0952705681
2617	1.0946843932
2618	1.0941003108
2619	1.0935183212
2620	1.0929384544
2621	1.0923607853
2622	1.0917854088
2623	1.0912123849
2624	1.0906417231
2625	1.0900734117
2626	1.0895074026
2627	1.0889436021
2628	1.0883818946
2629	1.0878221579
2630	1.0872643059
2631	1.0867083067
2632	1.0861541226
2633	1.0856016954
2634	1.0850509928
2635	1.0845020170
2636	1.0839547835
2637	1.0834092826
2638	1.0828654514
2639	1.0823232105
2640	1.0817824926
2641	1.0812432228
2642	1.0807053222
2643	1.0801687172
2644	1.0796333193
2645	1.0790990748
2646	1.0785660392
2647	1.0780343267
2648	1.0775040354
2649	1.0769752432
2650	1.0764480400
2651	1.0759225402
2652	1.0753988487
2653	1.0748770433
2654	1.0743571743
2655	1.0738392652
2656	1.0733233061
2657	1.0728092774
2658	1.0722971885
2659	1.0717870717
2660	1.0712789532
2661	1.0707728079
2662	1.0702685544
2663	1.0697660877
2664	1.0692653039
2665	1.0687661491
2666	1.0682686376
2667	1.0677728015
2668	1.0672786473
2669	1.0667861758
2670	1.0662954227
2671	1.0658064338
2672	1.0653192429
2673	1.0648338959
2674	1.0643504528
2675	1.0638689714
2676	1.0633895027
2677	1.0629120915
2678	1.0624367421
2679	1.0619633862
2680	1.0614919513
2681	1.0610224002
2682	1.0605546757
2683	1.0600887025
2684	1.0596244133
2685	1.0591617701
2686	1.0587007844
2687	1.0582414559
2688	1.0577837220
2689	1.0573275029
2690	1.0568727648
2691	1.0564195147
2692	1.0559677515
2693	1.0555174838
2694	1.0550687717
2695	1.0546217000
2696	1.0541763334
2697	1.0537327039
2698	1.0532908293
2699	1.0528507404
2700	1.0524124683
2701	1.0519760338
2702	1.0515414596
2703	1.0511087561
2704	1.0506779237
2705	1.0502489880
2706	1.0498219687
2707	1.0493968448
2708	1.0489736012
2709	1.0485522307
2710	1.0481326801
2711	1.0477148336
2712	1.0472985395
2713	1.0468836395
2714	1.0464699995
2715	1.0460575397
2716	1.0456462195
2717	1.0452360232
2718	1.0448269581
2719	1.0444190260
2720	1.0440122178
2721	1.0436065473
2722	1.0432020655
2723	1.0427988577
2724	1.0423970379
2725	1.0419967143
2726	1.0415979733
2727	1.0412008946
2728	1.0408055600
2729	1.0404120193
2730	1.0400202351
2731	1.0396301187
2732	1.0392415905
2733	1.0388545726
2734	1.0384689941
2735	1.0380848144
2736	1.0377020467
2737	1.0373207562
2738	1.0369410131
2739	1.0365628663
2740	1.0361863432
2741	1.0358114296
2742	1.0354380811
2743	1.0350662540
2744	1.0346958875
2745	1.0343269068
2746	1.0339592617
2747	1.0335929284
2748	1.0332278828
2749	1.0328640992
2750	1.0325015483
2751	1.0321402101
2752	1.0317800748
2753	1.0314210907
2754	1.0310632028
2755	1.0307064211
2756	1.0303507732
2757	1.0299962711
2758	1.0296429421
2759	1.0292908432
2760	1.0289400341
2761	1.0285905466
2762	1.0282423893
2763	1.0278955530
2764	1.0275500023
2765	1.0272056796
2766	1.0268625133
2767	1.0265204029
2768	1.0261792184
2769	1.0258388577
2770	1.0254992656
2771	1.0251604012
2772	1.0248222299
2773	1.0244847202
2774	1.0241478233
2775	1.0238114612
2776	1.0234755480
2777	1.0231400128
2778	1.0228048262
2779	1.0224700000
2780	1.0221355149
2781	1.0218013067
2782	1.0214673314
2783	1.0211335731
2784	1.0208000064
2785	1.0204666001
2786	1.0201333383
2787	1.0198002064
2788	1.0194671832
2789	1.0191342636
2790	1.0188014405
2791	1.0184686688
2792	1.0181358594
2793	1.0178028699
2794	1.0174695374
2795	1.0171357590
2796	1.0168015114
2797	1.0164667966
2798	1.0161315821
2799	1.0157958130
2800	1.0154594726
2801	1.0151225840
2802	1.0147851860
2803	1.0144473505
2804	1.0141091889
2805	1.0137708155
2806	1.0134323238
2807	1.0130938038
2808	1.0127553628
2809	1.0124170957
2810	1.0120790755
2811	1.0117413783
2812	1.0114040517
2813	1.0110670922
2814	1.0107304457
2815	1.0103939962
2816	1.0100576021
2817	1.0097211255
2818	1.0093844174
2819	1.0090473152
2820	1.0087096478
2821	1.0083712408
2822	1.0080319576
2823	1.0076917175
2824	1.0073504428
2825	1.0070080444
2826	1.0066644435
2827	1.0063195567
2828	1.0059732980
2829	1.0056256042
2830	1.0052764479
2831	1.0049258379
2832	1.0045738157
2833	1.0042204496
2834	1.0038658125
2835	1.0035099569
2836	1.0031529080
2837	1.0027946789
2838	1.0024352919
2839	1.0020747880
2840	1.0017132055
2841	1.0013505552
2842	1.0009868386
2843	1.0006220641
2844	1.0002562311
2845	0.9998893253
2846	0.9995213129
2847	0.9991521320
2848	0.9987816936
2849	0.9984098754
2850	0.9980365201
2851	0.9976614592
2852	0.9972845652
2853	0.9969057557
2854	0.9965249527
2855	0.9961420902
2856	0.9957571338
2857	0.9953700666
2858	0.9949808837
2859	0.9945896013
2860	0.9941962547
2861	0.9938008849
2862	0.9934035373
2863	0.9930042454
2864	0.9926029996
2865	0.9921997681
2866	0.9917945175
2867	0.9913872280
2868	0.9909779169
2869	0.9905666157
2870	0.9901533422
2871	0.9897380905
2872	0.9893208397
2873	0.9889015823
2874	0.9884803089
2875	0.9880569753
2876	0.9876315179
2877	0.9872038899
2878	0.9867740602
2879	0.9863419909
2880	0.9859076355
2881	0.9854709665
2882	0.9850319958
2883	0.9845907693
2884	0.9841473600
2885	0.9837018671
2886	0.9832544005
2887	0.9828050331
2888	0.9823537914
2889	0.9819006858
2890	0.9814456943
2891	0.9809887718
2892	0.9805299076
2893	0.9800691360
2894	0.9796065274
2895	0.9791421963
2896	0.9786762701
2897	0.9782088446
2898	0.9777399954
2899	0.9772697899
2900	0.9767982731
2901	0.9763254718
2902	0.9758514261
2903	0.9753761843
2904	0.9748997555
2905	0.9744220948
2906	0.9739431416
2907	0.9734628622
2908	0.9729812315
2909	0.9724982060
2910	0.9720137529
2911	0.9715278476
2912	0.9710404325
2913	0.9705514335
2914	0.9700608142
2915	0.9695685878
2916	0.9690747691
2917	0.9685793319
2918	0.9680822397
2919	0.9675834782
2920	0.9670830532
2921	0.9665809774
2922	0.9660772425
2923	0.9655718326
2924	0.9650647614
2925	0.9645560892
2926	0.9640459200
2927	0.9635343528
2928	0.9630214449
2929	0.9625072068
2930	0.9619916241
2931	0.9614747119
2932	0.9609565016
2933	0.9604369829
2934	0.9599161239
2935	0.9593939044
2936	0.9588702655
2937	0.9583450933
2938	0.9578182787
2939	0.9572897423
2940	0.9567594622
2941	0.9562274841
2942	0.9556938892
2943	0.9551588103
2944	0.9546224097
2945	0.9540847927
2946	0.9535459945
2947	0.9530060257
2948	0.9524649043
2949	0.9519226453
2950	0.9513792401
2951	0.9508346804
2952	0.9502890059
2953	0.9497423183
2954	0.9491947586
2955	0.9486464444
2956	0.9480974273
2957	0.9475477482
2958	0.9469974623
2959	0.9464465948
2960	0.9458951739
2961	0.9453432750
2962	0.9447909727
2963	0.9442383136
2964	0.9436853307
2965	0.9431319971
2966	0.9425781904
2967	0.9420237633
2968	0.9414685996
2969	0.9409125737
2970	0.9403555256
2971	0.9397972891
2972	0.9392377423
2973	0.9386768363
2974	0.9381145498
2975	0.9375508618
2976	0.9369857540
2977	0.9364192260
2978	0.9358513444
2979	0.9352822715
2980	0.9347122143
2981	0.9341413321
2982	0.9335697189
2983	0.9329974467
2984	0.9324246036
2985	0.9318513127
2986	0.9312776918
2987	0.9307037932
2988	0.9301296150
2989	0.9295551267
2990	0.9289802578
2991	0.9284049150
2992	0.9278290059
2993	0.9272524287
2994	0.9266750524
2995	0.9260967080
2996	0.9255172617
2997	0.9249366788
2998	0.9243549963
2999	0.9237722902
