0	1.2500000087
1	1.2501977969
2	1.2503934964
3	1.2505873868
4	1.2507798342
5	1.2509712257
6	1.2511619137
7	1.2513521761
8	1.2515421927
9	1.2517320431
10	1.2519217197
11	1.2521111543
12	1.2523002493
13	1.2524889093
14	1.2526770644
15	1.2528646852
16	1.2530517849
17	1.2532384119
18	1.2534246351
19	1.2536105257
20	1.2537961405
21	1.2539815104
22	1.2541666347
23	1.2543514841
24	1.2545360085
25	1.2547201500
26	1.2549038552
27	1.2550870867
28	1.2552698289
29	1.2554520893
30	1.2556338939
31	1.2558152787
32	1.2559962794
33	1.2561769218
34	1.2563572145
35	1.2565371462
36	1.2567166871
37	1.2568957944
38	1.2570744206
39	1.2572525221
40	1.2574300667
41	1.2576070380
42	1.2577834364
43	1.2579592755
44	1.2581345765
45	1.2583093602
46	1.2584836394
47	1.2586574139
48	1.2588306676
49	1.2590033700
50	1.2591754805
51	1.2593469537
52	1.2595177465
53	1.2596878238
54	1.2598571626
55	1.2600257537
56	1.2601935996
57	1.2603607100
58	1.2605270952
59	1.2606927603
60	1.2608577000
61	1.2610218966
62	1.2611853185
63	1.2613479243
64	1.2615096705
65	1.2616705204
66	1.2618304488
67	1.2619894406
68	1.2621474868
69	1.2623045830
70	1.2624607312
71	1.2626159361
72	1.2627701980
73	1.2629235090
74	1.2630758579
75	1.2632272334
76	1.2633776162
77	1.2635269654
78	1.2636752199
79	1.2638223162
80	1.2639682094
81	1.2641128848
82	1.2642563562
83	1.2643986506
84	1.2645397922
85	1.2646797978
86	1.2648186838
87	1.2649564558
88	1.2650930866
89	1.2652285160
90	1.2653626790
91	1.2654955205
92	1.2656269758
93	1.2657569582
94	1.2658853854
95	1.2660122169
96	1.2661374573
97	1.2662611210
98	1.2663832093
99	1.2665037189
100	1.2666226389
101	1.2667399199
102	1.2668554759
103	1.2669692243
104	1.2670810965
105	1.2671910138
106	1.2672988922
107	1.2674046591
108	1.2675082419
109	1.2676095655
110	1.2677085753
111	1.2678052418
112	1.2678995521
113	1.2679915117
114	1.2680811297
115	1.2681683919
116	1.2682532547
117	1.2683356504
118	1.2684154897
119	1.2684926787
120	1.2685671425
121	1.2686388389
122	1.2687077600
123	1.2687739277
124	1.2688373870
125	1.2688981825
126	1.2689563077
127	1.2690116777
128	1.2690641611
129	1.2691136460
130	1.2691601220
131	1.2692036981
132	1.2692444794
133	1.2692824173
134	1.2693172960
135	1.2693488618
136	1.2693770053
137	1.2694018323
138	1.2694235451
139	1.2694423070
140	1.2694582110
141	1.2694712647
142	1.2694813540
143	1.2694882294
144	1.2694915680
145	1.2694911357
146	1.2694868941
147	1.2694789398
148	1.2694674307
149	1.2694525740
150	1.2694345790
151	1.2694135580
152	1.2693894418
153	1.2693619880
154	1.2693308716
155	1.2692957316
156	1.2692562203
157	1.2692121341
158	1.2691634956
159	1.2691105177
160	1.2690535360
161	1.2689929500
162	1.2689291451
163	1.2688623705
164	1.2687926495
165	1.2687197953
166	1.2686434301
167	1.2685629976
168	1.2684778811
169	1.2683875586
170	1.2682916906
171	1.2681901695
172	1.2680831729
173	1.2679711752
174	1.2678548300
175	1.2677348114
176	1.2676117271
177	1.2674860037
178	1.2673577643
179	1.2672268238
180	1.2670927474
181	1.2669549167
182	1.2668126303
183	1.2666652406
184	1.2665122711
185	1.2663534504
186	1.2661887464
187	1.2660183947
188	1.2658428118
189	1.2656625061
190	1.2654780380
191	1.2652899241
192	1.2650985531
193	1.2649041633
194	1.2647068307
195	1.2645064661
196	1.2643028529
197	1.2640957536
198	1.2638849761
199	1.2636703763
200	1.2634518913
201	1.2632295050
202	1.2630031754
203	1.2627728576
204	1.2625385020
205	1.2623000143
206	1.2620572569
207	1.2618100748
208	1.2615583515
209	1.2613020509
210	1.2610412211
211	1.2607759336
212	1.2605062126
213	1.2602321185
214	1.2599538530
215	1.2596717459
216	1.2593861773
217	1.2590974169
218	1.2588055538
219	1.2585106332
220	1.2582127715
221	1.2579121248
222	1.2576087609
223	1.2573025850
224	1.2569933918
225	1.2566809427
226	1.2563650357
227	1.2560455274
228	1.2557223603
229	1.2553956103
230	1.2550653787
231	1.2547316677
232	1.2543943970
233	1.2540534561
234	1.2537087532
235	1.2533602017
236	1.2530076915
237	1.2526511356
238	1.2522904735
239	1.2519256255
240	1.2515565057
241	1.2511831386
242	1.2508057334
243	1.2504246093
244	1.2500401533
245	1.2496527878
246	1.2492628503
247	1.2488704984
248	1.2484756659
249	1.2480781321
250	1.2476776337
251	1.2472739076
252	1.2468667912
253	1.2464563208
254	1.2460427079
255	1.2456262597
256	1.2452073316
257	1.2447862989
258	1.2443634556
259	1.2439389549
260	1.2435128243
261	1.2430849394
262	1.2426550264
263	1.2422226985
264	1.2417875407
265	1.2413491936
266	1.2409073451
267	1.2404617747
268	1.2400124054
269	1.2395592803
270	1.2391025861
271	1.2386426871
272	1.2381800667
273	1.2377151483
274	1.2372481453
275	1.2367790310
276	1.2363075884
277	1.2358335592
278	1.2353567336
279	1.2348768766
280	1.2343936328
281	1.2339066144
282	1.2334157153
283	1.2329212553
284	1.2324237651
285	1.2319236591
286	1.2314210196
287	1.2309157035
288	1.2304076234
289	1.2298968485
290	1.2293835047
291	1.2288677059
292	1.2283496323
293	1.2278295192
294	1.2273075157
295	1.2267836536
296	1.2262579839
297	1.2257307067
298	1.2252020634
299	1.2246721296
300	1.2241407582
301	1.2236076950
302	1.2230727390
303	1.2225357273
304	1.2219965289
305	1.2214551994
306	1.2209119900
307	1.2203671377
308	1.2198206796
309	1.2192724819
310	1.2187223513
311	1.2181700564
312	1.2176153919
313	1.2170583281
314	1.2164991009
315	1.2159380947
316	1.2153756420
317	1.2148119768
318	1.2142472548
319	1.2136815057
320	1.2131145710
321	1.2125462299
322	1.2119763817
323	1.2114049622
324	1.2108318392
325	1.2102568669
326	1.2096799214
327	1.2091008512
328	1.2085194477
329	1.2079355822
330	1.2073493121
331	1.2067608245
332	1.2061703750
333	1.2055782763
334	1.2049848349
335	1.2043901734
336	1.2037941693
337	1.2031965767
338	1.2025970942
339	1.2019953611
340	1.2013910623
341	1.2007841179
342	1.2001746823
343	1.1995630741
344	1.1989498011
345	1.1983354305
346	1.1977203649
347	1.1971047852
348	1.1964887890
349	1.1958724830
350	1.1952559027
351	1.1946390048
352	1.1940217134
353	1.1934038911
354	1.1927853299
355	1.1921658354
356	1.1915452771
357	1.1909234848
358	1.1903002501
359	1.1896754795
360	1.1890492238
361	1.1884216186
362	1.1877929423
363	1.1871636816
364	1.1865343561
365	1.1859053338
366	1.1852767811
367	1.1846485817
368	1.1840203459
369	1.1833915794
370	1.1827618689
371	1.1821309409
372	1.1814986930
373	1.1808652708
374	1.1802309636
375	1.1795960406
376	1.1789607428
377	1.1783252996
378	1.1776898465
379	1.1770544023
380	1.1764189978
381	1.1757836914
382	1.1751485198
383	1.1745135741
384	1.1738790317
385	1.1732450656
386	1.1726118219
387	1.1719794717
388	1.1713481118
389	1.1707176977
390	1.1700881316
391	1.1694592354
392	1.1688307030
393	1.1682021769
394	1.1675733467
395	1.1669439518
396	1.1663138211
397	1.1656830023
398	1.1650516963
399	1.1644201210
400	1.1637885026
401	1.1631570447
402	1.1625258511
403	1.1618949358
404	1.1612642810
405	1.1606337747
406	1.1600032457
407	1.1593726495
408	1.1587421051
409	1.1581117926
410	1.1574818310
411	1.1568521377
412	1.1562224124
413	1.1555924085
414	1.1549621312
415	1.1543317144
416	1.1537012975
417	1.1530709722
418	1.1524407852
419	1.1518108326
420	1.1511812839
421	1.1505522005
422	1.1499233790
423	1.1492945028
424	1.1486652981
425	1.1480355488
426	1.1474051894
427	1.1467744141
428	1.1461437013
429	1.1455137504
430	1.1448853029
431	1.1442588819
432	1.1436347508
433	1.1430130426
434	1.1423936797
435	1.1417762770
436	1.1411602684
437	1.1405450873
438	1.1399302692
439	1.1393155053
440	1.1387006184
441	1.1380855651
442	1.1374705781
443	1.1368561034
444	1.1362425682
445	1.1356303458
446	1.1350197793
447	1.1344110575
448	1.1338040844
449	1.1331985366
450	1.1325939878
451	1.1319900424
452	1.1313864265
453	1.1307829288
454	1.1301794209
455	1.1295759398
456	1.1289725983
457	1.1283694683
458	1.1277666526
459	1.1271643632
460	1.1265628529
461	1.1259623701
462	1.1253631283
463	1.1247652728
464	1.1241688593
465	1.1235737732
466	1.1229797457
467	1.1223865474
468	1.1217940735
469	1.1212022418
470	1.1206110260
471	1.1200205271
472	1.1194308727
473	1.1188421504
474	1.1182543853
475	1.1176675006
476	1.1170813007
477	1.1164955008
478	1.1159098338
479	1.1153242042
480	1.1147387105
481	1.1141534802
482	1.1135686529
483	1.1129844847
484	1.1124012881
485	1.1118193383
486	1.1112388472
487	1.1106599154
488	1.1100825034
489	1.1095065148
490	1.1089318673
491	1.1083584912
492	1.1077862816
493	1.1072150464
494	1.1066446281
495	1.1060750144
496	1.1055062096
497	1.1049381203
498	1.1043706158
499	1.1038035695
500	1.1032368983
501	1.1026706844
502	1.1021051503
503	1.1015405124
504	1.1009768742
505	1.1004141915
506	1.0998523447
507	1.0992911885
508	1.0987305526
509	1.0981702994
510	1.0976103747
511	1.0970507132
512	1.0964911748
513	1.0959316312
514	1.0953719811
515	1.0948121633
516	1.0942522332
517	1.0936923293
518	1.0931325675
519	1.0925729982
520	1.0920136087
521	1.0914543063
522	1.0908949151
523	1.0903352015
524	1.0897749519
525	1.0892139908
526	1.0886521069
527	1.0880891105
528	1.0875249508
529	1.0869597153
530	1.0863936164
531	1.0858270018
532	1.0852602657
533	1.0846937370
534	1.0841276146
535	1.0835619141
536	1.0829964975
537	1.0824311240
538	1.0818654757
539	1.0812992052
540	1.0807319854
541	1.0801635862
542	1.0795939306
543	1.0790230522
544	1.0784510326
545	1.0778780099
546	1.0773041385
547	1.0767295033
548	1.0761541460
549	1.0755780828
550	1.0750012444
551	1.0744234735
552	1.0738446031
553	1.0732645136
554	1.0726831408
555	1.0721004899
556	1.0715166736
557	1.0709318922
558	1.0703462997
559	1.0697598982
560	1.0691725317
561	1.0685839405
562	1.0679938910
563	1.0674022635
564	1.0668090197
565	1.0662141726
566	1.0656177886
567	1.0650199640
568	1.0644208347
569	1.0638205657
570	1.0632192830
571	1.0626170700
572	1.0620140005
573	1.0614101374
574	1.0608054818
575	1.0601999456
576	1.0595934174
577	1.0589857880
578	1.0583768968
579	1.0577665386
580	1.0571545432
581	1.0565408115
582	1.0559253208
583	1.0553081252
584	1.0546893091
585	1.0540689538
586	1.0534471429
587	1.0528239565
588	1.0521994544
589	1.0515736799
590	1.0509466880
591	1.0503185567
592	1.0496893435
593	1.0490590429
594	1.0484276044
595	1.0477949520
596	1.0471609745
597	1.0465255302
598	1.0458884793
599	1.0452497301
600	1.0446092501
601	1.0439670374
602	1.0433231103
603	1.0426774910
604	1.0420301583
605	1.0413810600
606	1.0407301505
607	1.0400773880
608	1.0394227330
609	1.0387661383
610	1.0381075437
611	1.0374469120
612	1.0367842937
613	1.0361198553
614	1.0354538151
615	1.0347863711
616	1.0341176816
617	1.0334478268
618	1.0327767901
619	1.0321045140
620	1.0314309423
621	1.0307560027
622	1.0300795738
623	1.0294014897
624	1.0287216080
625	1.0280398674
626	1.0273562799
627	1.0266709006
628	1.0259838053
629	1.0252950826
630	1.0246048569
631	1.0239132939
632	1.0232205328
633	1.0225265983
634	1.0218313854
635	1.0211347351
636	1.0204365188
637	1.0197366849
638	1.0190352582
639	1.0183323061
640	1.0176279371
641	1.0169222960
642	1.0162154972
643	1.0155075921
644	1.0147986429
645	1.0140887381
646	1.0133779057
647	1.0126660708
648	1.0119530837
649	1.0112387808
650	1.0105230201
651	1.0098056887
652	1.0090867223
653	1.0083661168
654	1.0076439293
655	1.0069202423
656	1.0061950790
657	1.0054683934
658	1.0047401452
659	1.0040103341
660	1.0032789858
661	1.0025461128
662	1.0018117188
663	1.0010758435
664	1.0003385068
665	0.9995996377
666	0.9988591404
667	0.9981169953
668	0.9973732827
669	0.9966281372
670	0.9958816927
671	0.9951340938
672	0.9943855006
673	0.9936359980
674	0.9928855574
675	0.9921341073
676	0.9913815753
677	0.9906278314
678	0.9898726622
679	0.9891158391
680	0.9883571441
681	0.9875963555
682	0.9868332733
683	0.9860677614
684	0.9852998166
685	0.9845296200
686	0.9837574426
687	0.9829835122
688	0.9822080136
689	0.9814311076
690	0.9806529222
691	0.9798735738
692	0.9790931603
693	0.9783117016
694	0.9775290652
695	0.9767449946
696	0.9759592694
697	0.9751717944
698	0.9743825427
699	0.9735915197
700	0.9727988109
701	0.9720046258
702	0.9712092233
703	0.9704128256
704	0.9696156382
705	0.9688178300
706	0.9680194606
707	0.9672204508
708	0.9664206108
709	0.9656197257
710	0.9648176171
711	0.9640141770
712	0.9632094100
713	0.9624033557
714	0.9615959501
715	0.9607870674
716	0.9599766277
717	0.9591646288
718	0.9583511459
719	0.9575363051
720	0.9567202585
721	0.9559031448
722	0.9550850153
723	0.9542657835
724	0.9534453023
725	0.9526234781
726	0.9518002399
727	0.9509754975
728	0.9501492062
729	0.9493213611
730	0.9484919198
731	0.9476608318
732	0.9468280850
733	0.9459937076
734	0.9451577842
735	0.9443204635
736	0.9434819613
737	0.9426425152
738	0.9418023267
739	0.9409616038
740	0.9401205532
741	0.9392792571
742	0.9384376637
743	0.9375956608
744	0.9367530843
745	0.9359096916
746	0.9350652001
747	0.9342194064
748	0.9333722083
749	0.9325235620
750	0.9316734985
751	0.9308221223
752	0.9299695389
753	0.9291157666
754	0.9282607707
755	0.9274045590
756	0.9265471385
757	0.9256884763
758	0.9248286042
759	0.9239676715
760	0.9231059379
761	0.9222437363
762	0.9213813407
763	0.9205188953
764	0.9196563876
765	0.9187936853
766	0.9179306882
767	0.9170673699
768	0.9162037391
769	0.9153399100
770	0.9144761371
771	0.9136126420
772	0.9127494692
773	0.9118865325
774	0.9110236629
775	0.9101606167
776	0.9092971759
777	0.9084332108
778	0.9075686501
779	0.9067035365
780	0.9058380837
781	0.9049726155
782	0.9041073987
783	0.9032425403
784	0.9023781152
785	0.9015142476
786	0.9006510152
787	0.8997884704
788	0.8989266965
789	0.8980657121
790	0.8972054049
791	0.8963455155
792	0.8954856723
793	0.8946255097
794	0.8937648046
795	0.8929035955
796	0.8920421238
797	0.8911807104
798	0.8903197606
799	0.8894597249
800	0.8886009305
801	0.8877435078
802	0.8868875203
803	0.8860330318
804	0.8851800076
805	0.8843282984
806	0.8834777105
807	0.8826280134
808	0.8817790062
809	0.8809305820
810	0.8800827289
811	0.8792355554
812	0.8783892453
813	0.8775440040
814	0.8766999797
815	0.8758571960
816	0.8750156870
817	0.8741755552
818	0.8733368556
819	0.8724996706
820	0.8716642359
821	0.8708308182
822	0.8699995659
823	0.8691705058
824	0.8683435681
825	0.8675185794
826	0.8666953200
827	0.8658736104
828	0.8650533343
829	0.8642345004
830	0.8634173016
831	0.8626020854
832	0.8617891978
833	0.8609788122
834	0.8601709098
835	0.8593653041
836	0.8585617500
837	0.8577601661
838	0.8569605517
839	0.8561626991
840	0.8553662721
841	0.8545710661
842	0.8537770969
843	0.8529844898
844	0.8521932892
845	0.8514034211
846	0.8506147368
847	0.8498271288
848	0.8490406518
849	0.8482554164
850	0.8474714428
851	0.8466886574
852	0.8459068951
853	0.8451259428
854	0.8443456877
855	0.8435662247
856	0.8427878897
857	0.8420112474
858	0.8412369218
859	0.8404652730
860	0.8396963225
861	0.8389299755
862	0.8381661191
863	0.8374045862
864	0.8366451546
865	0.8358876494
866	0.8351319947
867	0.8343781085
868	0.8336259025
869	0.8328753392
870	0.8321263987
871	0.8313791121
872	0.8306335162
873	0.8298895057
874	0.8291469143
875	0.8284056611
876	0.8276657932
877	0.8269275209
878	0.8261911874
879	0.8254571253
880	0.8247254964
881	0.8239962849
882	0.8232693728
883	0.8225446230
884	0.8218220034
885	0.8211016180
886	0.8203835340
887	0.8196676282
888	0.8189537118
889	0.8182416754
890	0.8175313819
891	0.8168226170
892	0.8161152480
893	0.8154093018
894	0.8147049974
895	0.8140027208
896	0.8133028875
897	0.8126058723
898	0.8119119327
899	0.8112211487
900	0.8105334556
901	0.8098486946
902	0.8091666504
903	0.8084870177
904	0.8078094506
905	0.8071337188
906	0.8064596790
907	0.8057872454
908	0.8051165259
909	0.8044477814
910	0.8037812912
911	0.8031173096
912	0.8024559630
913	0.8017971414
914	0.8011405747
915	0.8004859843
916	0.7998331060
917	0.7991817333
918	0.7985318193
919	0.7978834461
920	0.7972366928
921	0.7965915647
922	0.7959480865
923	0.7953064103
924	0.7946667895
925	0.7940295182
926	0.7933948655
927	0.7927630277
928	0.7921340902
929	0.7915078742
930	0.7908839618
931	0.7902619305
932	0.7896414072
933	0.7890221215
934	0.7884040426
935	0.7877873608
936	0.7871723632
937	0.7865593599
938	0.7859486403
939	0.7853403730
940	0.7847345754
941	0.7841312198
942	0.7835302669
943	0.7829316156
944	0.7823351338
945	0.7817406902
946	0.7811481374
947	0.7805573269
948	0.7799681596
949	0.7793806230
950	0.7787948651
951	0.7782112052
952	0.7776299564
953	0.7770513327
954	0.7764754643
955	0.7759024159
956	0.7753322702
957	0.7747650895
958	0.7742007932
959	0.7736391712
960	0.7730799598
961	0.7725229032
962	0.7719678029
963	0.7714145340
964	0.7708629410
965	0.7703127157
966	0.7697636366
967	0.7692158586
968	0.7686697575
969	0.7681256683
970	0.7675837486
971	0.7670439719
972	0.7665063064
973	0.7659708432
974	0.7654376733
975	0.7649067080
976	0.7643776871
977	0.7638503828
978	0.7633248366
979	0.7628013712
980	0.7622803567
981	0.7617620274
982	0.7612464608
983	0.7607335758
984	0.7602231364
985	0.7597148026
986	0.7592082631
987	0.7587034090
988	0.7582004114
989	0.7576996225
990	0.7572012766
991	0.7567054173
992	0.7562121299
993	0.7557215492
994	0.7552337204
995	0.7547485396
996	0.7542657287
997	0.7537849388
998	0.7533058791
999	0.7528283119
1000	0.7523520764
1001	0.7518772253
1002	0.7514040878
1003	0.7509330863
1004	0.7504645349
1005	0.7499986347
1006	0.7495354909
1007	0.7490751132
1008	0.7486174082
1009	0.7481621544
1010	0.7477090507
1011	0.7472578349
1012	0.7468083278
1013	0.7463603647
1014	0.7459137607
1015	0.7454683678
1016	0.7450241905
1017	0.7445813685
1018	0.7441399461
1019	0.7436998166
1020	0.7432608662
1021	0.7428229593
1022	0.7423859178
1023	0.7419496619
1024	0.7415143173
1025	0.7410801830
1026	0.7406476069
1027	0.7402168830
1028	0.7397881889
1029	0.7393616381
1030	0.7389373060
1031	0.7385150732
1032	0.7380946379
1033	0.7376756710
1034	0.7372578390
1035	0.7368408649
1036	0.7364246585
1037	0.7360093829
1038	0.7355954265
1039	0.7351831993
1040	0.7347729334
1041	0.7343647071
1042	0.7339585155
1043	0.7335542316
1044	0.7331515558
1045	0.7327500755
1046	0.7323494163
1047	0.7319493919
1048	0.7315499987
1049	0.7311513141
1050	0.7307534838
1051	0.7303567058
1052	0.7299611417
1053	0.7295668596
1054	0.7291738859
1055	0.7287822180
1056	0.7283917198
1057	0.7280021232
1058	0.7276131164
1059	0.7272244403
1060	0.7268359920
1061	0.7264477626
1062	0.7260597606
1063	0.7256720839
1064	0.7252848774
1065	0.7248982397
1066	0.7245122645
1067	0.7241271092
1068	0.7237429444
1069	0.7233598494
1070	0.7229778398
1071	0.7225969239
1072	0.7222170825
1073	0.7218382380
1074	0.7214602627
1075	0.7210830334
1076	0.7207064436
1077	0.7203303847
1078	0.7199547999
1079	0.7195797619
1080	0.7192054671
1081	0.7188321368
1082	0.7184598811
1083	0.7180886620
1084	0.7177183841
1085	0.7173489188
1086	0.7169800773
1087	0.7166117670
1088	0.7162440946
1089	0.7158772234
1090	0.7155112809
1091	0.7151463553
1092	0.7147825051
1093	0.7144197689
1094	0.7140581646
1095	0.7136977210
1096	0.7133384948
1097	0.7129805138
1098	0.7126236531
1099	0.7122676537
1100	0.7119123159
1101	0.7115575345
1102	0.7112032547
1103	0.7108495072
1104	0.7104963238
1105	0.7101436599
1106	0.7097914593
1107	0.7094397644
1108	0.7090888075
1109	0.7087389445
1110	0.7083905267
1111	0.7080438720
1112	0.7076992069
1113	0.7073565508
1114	0.7070157219
1115	0.7066764319
1116	0.7063383265
1117	0.7060010060
1118	0.7056640707
1119	0.7053272166
1120	0.7049903141
1121	0.7046533582
1122	0.7043164225
1123	0.7039796954
1124	0.7036434370
1125	0.7033078618
1126	0.7029731386
1127	0.7026394550
1128	0.7023069253
1129	0.7019754966
1130	0.7016450201
1131	0.7013152952
1132	0.7009861484
1133	0.7006575223
1134	0.7003294662
1135	0.7000021841
1136	0.6996760056
1137	0.6993512270
1138	0.6990280565
1139	0.6987066546
1140	0.6983871161
1141	0.6980694270
1142	0.6977535186
1143	0.6974393270
1144	0.6971267375
1145	0.6968155611
1146	0.6965056075
1147	0.6961967309
1148	0.6958887992
1149	0.6955817151
1150	0.6952755398
1151	0.6949704587
1152	0.6946666236
1153	0.6943641483
1154	0.6940631622
1155	0.6937637795
1156	0.6934660859
1157	0.6931701678
1158	0.6928760879
1159	0.6925838568
1160	0.6922933902
1161	0.6920045410
1162	0.6917172038
1163	0.6914312595
1164	0.6911465987
1165	0.6908633103
1166	0.6905816454
1167	0.6903018552
1168	0.6900241316
1169	0.6897485440
1170	0.6894749507
1171	0.6892030983
1172	0.6889329366
1173	0.6886647551
1174	0.6883990341
1175	0.6881361886
1176	0.6878764074
1177	0.6876197717
1178	0.6873663190
1179	0.6871159822
1180	0.6868686243
1181	0.6866240223
1182	0.6863819210
1183	0.6861422837
1184	0.6859054119
1185	0.6856717540
1186	0.6854415702
1187	0.6852147668
1188	0.6849910435
1189	0.6847701167
1190	0.6845518655
1191	0.6843363818
1192	0.6841238282
1193	0.6839142843
1194	0.6837078501
1195	0.6835047258
1196	0.6833050768
1197	0.6831089794
1198	0.6829164817
1199	0.6827276320
1200	0.6825423946
1201	0.6823605447
1202	0.6821817290
1203	0.6820056816
1204	0.6818323304
1205	0.6816616596
1206	0.6814936864
1207	0.6813285148
1208	0.6811662812
1209	0.6810073067
1210	0.6808521597
1211	0.6807013736
1212	0.6805553459
1213	0.6804144042
1214	0.6802787357
1215	0.6801483028
1216	0.6800229300
1217	0.6799025236
1218	0.6797871328
1219	0.6796768695
1220	0.6795718095
1221	0.6794718462
1222	0.6793766088
1223	0.6792856531
1224	0.6791988266
1225	0.6791163215
1226	0.6790384955
1227	0.6789658042
1228	0.6788986726
1229	0.6788372290
1230	0.6787812132
1231	0.6787302035
1232	0.6786838702
1233	0.6786419819
1234	0.6786043555
1235	0.6785710261
1236	0.6785423613
1237	0.6785189049
1238	0.6785012086
1239	0.6784896417
1240	0.6784842376
1241	0.6784848704
1242	0.6784913254
1243	0.6785031649
1244	0.6785198273
1245	0.6785408190
1246	0.6785659045
1247	0.6785951603
1248	0.6786288487
1249	0.6786673541
1250	0.6787111479
1251	0.6787606552
1252	0.6788161129
1253	0.6788776209
1254	0.6789451745
1255	0.6790186269
1256	0.6790978408
1257	0.6791826683
1258	0.6792727570
1259	0.6793676611
1260	0.6794669885
1261	0.6795703995
1262	0.6796776705
1263	0.6797888584
1264	0.6799044068
1265	0.6800249734
1266	0.6801511983
1267	0.6802835851
1268	0.6804223056
1269	0.6805670811
1270	0.6807173873
1271	0.6808727279
1272	0.6810327477
1273	0.6811972486
1274	0.6813661467
1275	0.6815395252
1276	0.6817176982
1277	0.6819011363
1278	0.6820903726
1279	0.6822858931
1280	0.6824880955
1281	0.6826973036
1282	0.6829135734
1283	0.6831365106
1284	0.6833655155
1285	0.6836000893
1286	0.6838397017
1287	0.6840837266
1288	0.6843317408
1289	0.6845835538
1290	0.6848391251
1291	0.6850986421
1292	0.6853624480
1293	0.6856309505
1294	0.6859045260
1295	0.6861834040
1296	0.6864676357
1297	0.6867571485
1298	0.6870519066
1299	0.6873519377
1300	0.6876571505
1301	0.6879673163
1302	0.6882822974
1303	0.6886021637
1304	0.6889271277
1305	0.6892574534
1306	0.6895932603
1307	0.6899343616
1308	0.6902804253
1309	0.6906312639
1310	0.6909869567
1311	0.6913477552
1312	0.6917139232
1313	0.6920857018
1314	0.6924633797
1315	0.6928473227
1316	0.6932377784
1317	0.6936345901
1318	0.6940372136
1319	0.6944450562
1320	0.6948577229
1321	0.6952751103
1322	0.6956974036
1323	0.6961248097
1324	0.6965574474
1325	0.6969954970
1326	0.6974392245
1327	0.6978888512
1328	0.6983443439
1329	0.6988055135
1330	0.6992722928
1331	0.6997445846
1332	0.7002220902
1333	0.7007045117
1334	0.7011917199
1335	0.7016837462
1336	0.7021807398
1337	0.7026828060
1338	0.7031897941
1339	0.7037014152
1340	0.7042174502
1341	0.7047377722
1342	0.7052624096
1343	0.7057915082
1344	0.7063252769
1345	0.7068640741
1346	0.7074083774
1347	0.7079585956
1348	0.7085149191
1349	0.7090774032
1350	0.7096460806
1351	0.7102207722
1352	0.7108009515
1353	0.7113859981
1354	0.7119754620
1355	0.7125690879
1356	0.7131667331
1357	0.7137683187
1358	0.7143739084
1359	0.7149837662
1360	0.7155981945
1361	0.7162172766
1362	0.7168408013
1363	0.7174685116
1364	0.7181003081
1365	0.7187361466
1366	0.7193760550
1367	0.7200202019
1368	0.7206687649
1369	0.7213218767
1370	0.7219796970
1371	0.7226423461
1372	0.7233098691
1373	0.7239824144
1374	0.7246601428
1375	0.7253429849
1376	0.7260307250
1377	0.7267231559
1378	0.7274201737
1379	0.7281217667
1380	0.7288279391
1381	0.7295387949
1382	0.7302545507
1383	0.7309754320
1384	0.7317016423
1385	0.7324333239
1386	0.7331705382
1387	0.7339131799
1388	0.7346608476
1389	0.7354129864
1390	0.7361692207
1391	0.7369294477
1392	0.7376936939
1393	0.7384619866
1394	0.7392342915
1395	0.7400106594
1396	0.7407913870
1397	0.7415768255
1398	0.7423670998
1399	0.7431621546
1400	0.7439619449
1401	0.7447663924
1402	0.7455752995
1403	0.7463884800
1404	0.7472058496
1405	0.7480272900
1406	0.7488526365
1407	0.7496819060
1408	0.7505153738
1409	0.7513534186
1410	0.7521962740
1411	0.7530438579
1412	0.7538958424
1413	0.7547517501
1414	0.7556110361
1415	0.7564732458
1416	0.7573381728
1417	0.7582059491
1418	0.7590767897
1419	0.7599507665
1420	0.7608279783
1421	0.7617086331
1422	0.7625930371
1423	0.7634816125
1424	0.7643747677
1425	0.7652727999
1426	0.7661759612
1427	0.7670843620
1428	0.7679977693
1429	0.7689157191
1430	0.7698377210
1431	0.7707633256
1432	0.7716921868
1433	0.7726240299
1434	0.7735586387
1435	0.7744959368
1436	0.7754359842
1437	0.7763789742
1438	0.7773252289
1439	0.7782750895
1440	0.7792287117
1441	0.7801859618
1442	0.7811466211
1443	0.7821105674
1444	0.7830776556
1445	0.7840476388
1446	0.7850202449
1447	0.7859951447
1448	0.7869719921
1449	0.7879506772
1450	0.7889314766
1451	0.7899148723
1452	0.7909012323
1453	0.7918906989
1454	0.7928831982
1455	0.7938784960
1456	0.7948762694
1457	0.7958760902
1458	0.7968775555
1459	0.7978804853
1460	0.7988848260
1461	0.7998904718
1462	0.8008973445
1463	0.8019055415
1464	0.8029153038
1465	0.8039269255
1466	0.8049407000
1467	0.8059569220
1468	0.8069758588
1469	0.8079975492
1470	0.8090217817
1471	0.8100482796
1472	0.8110766899
1473	0.8121065302
1474	0.8131372760
1475	0.8141685362
1476	0.8152001512
1477	0.8162321249
1478	0.8172645782
1479	0.8182977077
1480	0.8193316746
1481	0.8203665716
1482	0.8214024429
1483	0.8224392699
1484	0.8234770284
1485	0.8245157247
1486	0.8255553360
1487	0.8265958315
1488	0.8276372084
1489	0.8286794235
1490	0.8297223679
1491	0.8307659263
1492	0.8318100048
1493	0.8328545441
1494	0.8338995653
1495	0.8349451710
1496	0.8359914659
1497	0.8370385232
1498	0.8380864146
1499	0.8391351923
1500	0.8401848181
1501	0.8412351619
1502	0.8422860440
1503	0.8433373203
1504	0.8443890057
1505	0.8454412589
1506	0.8464943424
1507	0.8475486007
1508	0.8486043144
1509	0.8496615220
1510	0.8507200096
1511	0.8517794596
1512	0.8528394611
1513	0.8538995091
1514	0.8549592604
1515	0.8560187225
1516	0.8570782138
1517	0.8581382050
1518	0.8591991222
1519	0.8602612889
1520	0.8613249185
1521	0.8623900795
1522	0.8634567717
1523	0.8645249469
1524	0.8655943215
1525	0.8666643447
1526	0.8677344709
1527	0.8688043395
1528	0.8698737831
1529	0.8709427728
1530	0.8720113510
1531	0.8730796548
1532	0.8741479386
1533	0.8752165056
1534	0.8762855989
1535	0.8773553125
1536	0.8784255652
1537	0.8794961467
1538	0.8805668161
1539	0.8816373786
1540	0.8827076348
1541	0.8837773604
1542	0.8848464243
1543	0.8859148233
1544	0.8869826140
1545	0.8880499010
1546	0.8891168630
1547	0.8901837440
1548	0.8912507730
1549	0.8923180701
1550	0.8933856139
1551	0.8944532937
1552	0.8955210316
1553	0.8965888510
1554	0.8976568541
1555	0.8987251522
1556	0.8997938198
1557	0.9008629257
1558	0.9019325078
1559	0.9030025079
1560	0.9040728214
1561	0.9051434076
1562	0.9062142936
1563	0.9072854996
1564	0.9083570027
1565	0.9094287324
1566	0.9105006243
1567	0.9115726644
1568	0.9126448608
1569	0.9137172139
1570	0.9147896729
1571	0.9158621219
1572	0.9169344417
1573	0.9180065389
1574	0.9190783310
1575	0.9201497528
1576	0.9212207951
1577	0.9222915041
1578	0.9233619170
1579	0.9244320660
1580	0.9255020346
1581	0.9265719401
1582	0.9276418981
1583	0.9287120248
1584	0.9297824245
1585	0.9308531661
1586	0.9319242386
1587	0.9329955238
1588	0.9340668728
1589	0.9351381984
1590	0.9362095072
1591	0.9372808900
1592	0.9383524621
1593	0.9394242863
1594	0.9404963804
1595	0.9415687699
1596	0.9426414578
1597	0.9437143790
1598	0.9447874524
1599	0.9458606391
1600	0.9469338991
1601	0.9480071500
1602	0.9490803176
1603	0.9501533608
1604	0.9512262480
1605	0.9522989610
1606	0.9533715141
1607	0.9544439797
1608	0.9555164788
1609	0.9565891375
1610	0.9576620435
1611	0.9587352285
1612	0.9598086922
1613	0.9608824217
1614	0.9619563998
1615	0.9630305849
1616	0.9641048991
1617	0.9651792593
1618	0.9662535882
1619	0.9673278263
1620	0.9684019584
1621	0.9694760061
1622	0.9705500136
1623	0.9716240317
1624	0.9726980915
1625	0.9737722078
1626	0.9748463733
1627	0.9759205298
1628	0.9769946021
1629	0.9780685414
1630	0.9791423221
1631	0.9802159679
1632	0.9812895713
1633	0.9823632744
1634	0.9834372497
1635	0.9845116526
1636	0.9855865462
1637	0.9866618735
1638	0.9877374988
1639	0.9888132671
1640	0.9898890288
1641	0.9909646730
1642	0.9920401655
1643	0.9931155115
1644	0.9941906957
1645	0.9952656889
1646	0.9963404897
1647	0.9974151327
1648	0.9984896378
1649	0.9995640166
1650	1.0006383428
1651	1.0017127547
1652	1.0027874036
1653	1.0038624072
1654	1.0049378177
1655	1.0060136053
1656	1.0070896760
1657	1.0081659008
1658	1.0092421170
1659	1.0103181576
1660	1.0113939118
1661	1.0124693534
1662	1.0135445434
1663	1.0146196061
1664	1.0156946798
1665	1.0167698603
1666	1.0178451853
1667	1.0189206715
1668	1.0199963318
1669	1.0210721188
1670	1.0221478935
1671	1.0232235238
1672	1.0242989689
1673	1.0253742668
1674	1.0264495105
1675	1.0275248101
1676	1.0286002512
1677	1.0296758749
1678	1.0307516647
1679	1.0318275435
1680	1.0329033881
1681	1.0339790755
1682	1.0350545373
1683	1.0361297628
1684	1.0372047711
1685	1.0382796019
1686	1.0393543321
1687	1.0404290859
1688	1.0415040063
1689	1.0425792214
1690	1.0436547899
1691	1.0447306455
1692	1.0458066367
1693	1.0468825613
1694	1.0479581607
1695	1.0490332077
1696	1.0501076100
1697	1.0511813946
1698	1.0522546559
1699	1.0533275462
1700	1.0544002605
1701	1.0554730087
1702	1.0565459828
1703	1.0576192990
1704	1.0586929701
1705	1.0597669332
1706	1.0608410902
1707	1.0619153179
1708	1.0629894656
1709	1.0640633768
1710	1.0651369132
1711	1.0662100136
1712	1.0672827277
1713	1.0683551861
1714	1.0694275629
1715	1.0705000201
1716	1.0715726738
1717	1.0726455739
1718	1.0737186762
1719	1.0747918842
1720	1.0758651346
1721	1.0769383933
1722	1.0780115599
1723	1.0790844745
1724	1.0801570449
1725	1.0812292935
1726	1.0823012833
1727	1.0833730433
1728	1.0844445795
1729	1.0855158975
1730	1.0865869816
1731	1.0876578477
1732	1.0887285990
1733	1.0897993365
1734	1.0908700895
1735	1.0919408378
1736	1.0930115126
1737	1.0940820524
1738	1.0951524454
1739	1.0962226330
1740	1.0972924718
1741	1.0983618067
1742	1.0994305391
1743	1.1004986848
1744	1.1015663751
1745	1.1026337885
1746	1.1037010795
1747	1.1047683311
1748	1.1058355838
1749	1.1069028637
1750	1.1079701324
1751	1.1090373106
1752	1.1101043361
1753	1.1111711402
1754	1.1122376102
1755	1.1133036214
1756	1.1143691115
1757	1.1154340575
1758	1.1164984465
1759	1.1175623279
1760	1.1186258031
1761	1.1196890182
1762	1.1207521693
1763	1.1218154189
1764	1.1228788153
1765	1.1239422698
1766	1.1250055611
1767	1.1260683879
1768	1.1271305204
1769	1.1281919333
1770	1.1292527532
1771	1.1303130988
1772	1.1313730078
1773	1.1324324990
1774	1.1334915728
1775	1.1345501439
1776	1.1356080749
1777	1.1366652870
1778	1.1377218267
1779	1.1387778357
1780	1.1398334283
1781	1.1408885554
1782	1.1419430668
1783	1.1429969056
1784	1.1440501449
1785	1.1451029051
1786	1.1461552798
1787	1.1472072830
1788	1.1482588150
1789	1.1493096742
1790	1.1503597097
1791	1.1514089612
1792	1.1524575728
1793	1.1535056782
1794	1.1545533924
1795	1.1556008102
1796	1.1566480103
1797	1.1576950291
1798	1.1587417777
1799	1.1597879944
1800	1.1608332888
1801	1.1618772325
1802	1.1629194026
1803	1.1639594573
1804	1.1649972083
1805	1.1660325865
1806	1.1670656730
1807	1.1680966567
1808	1.1691256249
1809	1.1701525208
1810	1.1711772808
1811	1.1721998849
1812	1.1732203175
1813	1.1742385531
1814	1.1752545647
1815	1.1762683841
1816	1.1772801468
1817	1.1782901061
1818	1.1792986747
1819	1.1803063918
1820	1.1813138412
1821	1.1823215381
1822	1.1833297601
1823	1.1843384573
1824	1.1853473432
1825	1.1863560366
1826	1.1873640095
1827	1.1883705913
1828	1.1893752405
1829	1.1903777049
1830	1.1913779753
1831	1.1923761793
1832	1.1933724870
1833	1.1943671014
1834	1.1953602262
1835	1.1963519561
1836	1.1973422554
1837	1.1983310704
1838	1.1993183918
1839	1.2003041847
1840	1.2012883638
1841	1.2022708986
1842	1.2032518236
1843	1.2042310804
1844	1.2052085035
1845	1.2061840012
1846	1.2071576048
1847	1.2081293513
1848	1.2090991863
1849	1.2100668696
1850	1.2110319865
1851	1.2119940811
1852	1.2129527112
1853	1.2139075611
1854	1.2148586053
1855	1.2158060420
1856	1.2167501666
1857	1.2176913725
1858	1.2186301041
1859	1.2195667128
1860	1.2205013155
1861	1.2214337709
1862	1.2223637947
1863	1.2232910579
1864	1.2242152348
1865	1.2251359969
1866	1.2260529494
1867	1.2269657210
1868	1.2278741099
1869	1.2287780605
1870	1.2296776132
1871	1.2305728933
1872	1.2314641303
1873	1.2323516804
1874	1.2332360103
1875	1.2341175744
1876	1.2349965834
1877	1.2358729254
1878	1.2367462511
1879	1.2376160547
1880	1.2384817786
1881	1.2393429144
1882	1.2401990535
1883	1.2410499466
1884	1.2418955932
1885	1.2427362748
1886	1.2435724272
1887	1.2444044461
1888	1.2452326540
1889	1.2460573686
1890	1.2468788262
1891	1.2476970428
1892	1.2485118011
1893	1.2493227510
1894	1.2501295299
1895	1.2509318078
1896	1.2517292905
1897	1.2525217648
1898	1.2533091698
1899	1.2540916106
1900	1.2548693034
1901	1.2556425255
1902	1.2564115452
1903	1.2571765387
1904	1.2579375448
1905	1.2586944625
1906	1.2594470705
1907	1.2601950798
1908	1.2609382559
1909	1.2616765143
1910	1.2624098623
1911	1.2631382950
1912	1.2638617848
1913	1.2645803570
1914	1.2652942022
1915	1.2660036249
1916	1.2667088659
1917	1.2674100906
1918	1.2681074595
1919	1.2688011107
1920	1.2694911167
1921	1.2701775113
1922	1.2708603051
1923	1.2715394288
1924	1.2722147144
1925	1.2728859060
1926	1.2735526608
1927	1.2742145577
1928	1.2748711555
1929	1.2755221476
1930	1.2761674919
1931	1.2768073982
1932	1.2774422266
1933	1.2780723407
1934	1.2786979281
1935	1.2793189466
1936	1.2799352583
1937	1.2805467845
1938	1.2811535712
1939	1.2817556945
1940	1.2823531301
1941	1.2829458139
1942	1.2835337500
1943	1.2841170131
1944	1.2846957265
1945	1.2852700239
1946	1.2858399702
1947	1.2864055184
1948	1.2869665229
1949	1.2875227673
1950	1.2880740576
1951	1.2886203514
1952	1.2891617684
1953	1.2896985319
1954	1.2902309265
1955	1.2907592500
1956	1.2912837702
1957	1.2918046351
1958	1.2923217896
1959	1.2928350206
1960	1.2933440450
1961	1.2938485836
1962	1.2943484570
1963	1.2948436463
1964	1.2953342392
1965	1.2958203157
1966	1.2963019021
1967	1.2967789916
1968	1.2972515403
1969	1.2977194847
1970	1.2981828041
1971	1.2986415215
1972	1.2990956690
1973	1.2995452702
1974	1.2999903002
1975	1.3004306945
1976	1.3008664197
1977	1.3012974570
1978	1.3017237555
1979	1.3021452351
1980	1.3025617572
1981	1.3029731347
1982	1.3033792434
1983	1.3037800640
1984	1.3041756142
1985	1.3045659253
1986	1.3049510753
1987	1.3053311764
1988	1.3057063189
1989	1.3060765920
1990	1.3064420951
1991	1.3068028551
1992	1.3071587992
1993	1.3075097975
1994	1.3078557047
1995	1.3081963642
1996	1.3085315794
1997	1.3088611573
1998	1.3091849781
1999	1.3095030035
2000	1.3098152953
2001	1.3101220467
2002	1.3104235569
2003	1.3107201572
2004	1.3110121501
2005	1.3112997575
2006	1.3115830548
2007	1.3118619545
2008	1.3121362870
2009	1.3124059162
2010	1.3126707773
2011	1.3129308237
2012	1.3131860055
2013	1.3134363344
2014	1.3136818960
2015	1.3139227639
2016	1.3141589227
2017	1.3143902360
2018	1.3146164724
2019	1.3148373787
2020	1.3150527607
2021	1.3152625305
2022	1.3154666884
2023	1.3156652857
2024	1.3158584197
2025	1.3160462390
2026	1.3162289230
2027	1.3164066612
2028	1.3165796904
2029	1.3167483498
2030	1.3169130410
2031	1.3170741071
2032	1.3172317383
2033	1.3173859225
2034	1.3175364211
2035	1.3176828075
2036	1.3178245682
2037	1.3179612030
2038	1.3180923018
2039	1.3182175806
2040	1.3183368906
2041	1.3184502249
2042	1.3185577037
2043	1.3186595581
2044	1.3187561077
2045	1.3188477189
2046	1.3189347302
2047	1.3190173368
2048	1.3190955320
2049	1.3191691421
2050	1.3192378832
2051	1.3193014131
2052	1.3193593905
2053	1.3194115111
2054	1.3194575402
2055	1.3194973875
2056	1.3195311822
2057	1.3195592983
2058	1.3195823003
2059	1.3196007884
2060	1.3196152448
2061	1.3196259704
2062	1.3196330397
2063	1.3196362768
2064	1.3196353120
2065	1.3196297012
2066	1.3196191050
2067	1.3196034197
2068	1.3195827596
2069	1.3195573124
2070	1.3195272080
2071	1.3194925175
2072	1.3194532939
2073	1.3194095867
2074	1.3193614675
2075	1.3193090019
2076	1.3192521767
2077	1.3191909225
2078	1.3191252108
2079	1.3190550607
2080	1.3189804436
2081	1.3189012548
2082	1.3188173747
2083	1.3187287005
2084	1.3186351582
2085	1.3185367265
2086	1.3184334182
2087	1.3183252604
2088	1.3182123461
2089	1.3180948969
2090	1.3179732341
2091	1.3178476598
2092	1.3177183555
2093	1.3175853875
2094	1.3174487337
2095	1.3173082410
2096	1.3171636403
2097	1.3170146532
2098	1.3168610896
2099	1.3167029064
2100	1.3165402143
2101	1.3163732237
2102	1.3162021844
2103	1.3160273973
2104	1.3158491956
2105	1.3156678400
2106	1.3154835060
2107	1.3152963592
2108	1.3151065541
2109	1.3149141790
2110	1.3147192491
2111	1.3145217507
2112	1.3143216918
2113	1.3141190982
2114	1.3139139767
2115	1.3137063278
2116	1.3134961446
2117	1.3132833655
2118	1.3130678687
2119	1.3128495032
2120	1.3126281247
2121	1.3124036203
2122	1.3121759503
2123	1.3119451694
2124	1.3117113881
2125	1.3114747734
2126	1.3112355506
2127	1.3109939721
2128	1.3107503149
2129	1.3105048527
2130	1.3102578661
2131	1.3100096947
2132	1.3097606243
2133	1.3095107033
2134	1.3092597179
2135	1.3090072699
2136	1.3087528684
2137	1.3084960601
2138	1.3082365754
2139	1.3079743806
2140	1.3077096072
2141	1.3074424624
2142	1.3071732145
2143	1.3069021709
2144	1.3066295606
2145	1.3063554614
2146	1.3060798652
2147	1.3058027320
2148	1.3055239953
2149	1.3052435634
2150	1.3049613144
2151	1.3046771325
2152	1.3043909745
2153	1.3041028938
2154	1.3038130219
2155	1.3035215322
2156	1.3032286328
2157	1.3029345612
2158	1.3026395244
2159	1.3023436964
2160	1.3020472475
2161	1.3017502994
2162	1.3014529120
2163	1.3011551096
2164	1.3008568818
2165	1.3005581700
2166	1.3002588987
2167	1.2999590069
2168	1.2996584342
2169	1.2993571082
2170	1.2990549407
2171	1.2987518945
2172	1.2984480285
2173	1.2981434570
2174	1.2978383116
2175	1.2975327153
2176	1.2972267850
2177	1.2969206373
2178	1.2966143558
2179	1.2963078988
2180	1.2960010446
2181	1.2956935272
2182	1.2953851671
2183	1.2950758282
2184	1.2947654063
2185	1.2944539068
2186	1.2941414594
2187	1.2938282458
2188	1.2935144156
2189	1.2932000801
2190	1.2928853566
2191	1.2925703361
2192	1.2922550308
2193	1.2919394005
2194	1.2916233967
2195	1.2913069842
2196	1.2909901674
2197	1.2906729811
2198	1.2903554544
2199	1.2900376266
2200	1.2897195431
2201	1.2894012094
2202	1.2890826060
2203	1.2887637052
2204	1.2884444464
2205	1.2881247016
2206	1.2878042674
2207	1.2874829010
2208	1.2871603449
2209	1.2868364283
2210	1.2865112060
2211	1.2861849029
2212	1.2858578128
2213	1.2855302660
2214	1.2852025475
2215	1.2848749100
2216	1.2845476428
2217	1.2842209671
2218	1.2838948500
2219	1.2835689888
2220	1.2832429986
2221	1.2829165352
2222	1.2825892461
2223	1.2822607546
2224	1.2819307836
2225	1.2815992464
2226	1.2812662170
2227	1.2809319170
2228	1.2805966665
2229	1.2802607592
2230	1.2799244099
2231	1.2795877668
2232	1.2792509080
2233	1.2789138556
2234	1.2785765855
2235	1.2782390189
2236	1.2779010920
2237	1.2775628210
2238	1.2772242353
2239	1.2768853305
2240	1.2765461196
2241	1.2762066595
2242	1.2758670099
2243	1.2755272242
2244	1.2751873368
2245	1.2748473281
2246	1.2745071773
2247	1.2741668923
2248	1.2738264413
2249	1.2734857153
2250	1.2731445663
2251	1.2728028709
2252	1.2724605459
2253	1.2721174853
2254	1.2717735485
2255	1.2714286764
2256	1.2710829112
2257	1.2707362953
2258	1.2703888405
2259	1.2700405613
2260	1.2696915588
2261	1.2693420694
2262	1.2689923650
2263	1.2686426198
2264	1.2682928684
2265	1.2679430445
2266	1.2675930148
2267	1.2672426016
2268	1.2668916575
2269	1.2665400805
2270	1.2661877811
2271	1.2658347235
2272	1.2654809404
2273	1.2651265200
2274	1.2647715972
2275	1.2644163092
2276	1.2640607637
2277	1.2637049882
2278	1.2633488990
2279	1.2629923596
2280	1.2626352185
2281	1.2622772717
2282	1.2619182356
2283	1.2615578030
2284	1.2611957673
2285	1.2608321197
2286	1.2604670203
2287	1.2601006794
2288	1.2597332825
2289	1.2593649697
2290	1.2589957998
2291	1.2586257504
2292	1.2582547952
2293	1.2578829372
2294	1.2575101539
2295	1.2571363593
2296	1.2567614523
2297	1.2563853706
2298	1.2560081044
2299	1.2556297220
2300	1.2552503397
2301	1.2548700665
2302	1.2544889772
2303	1.2541070800
2304	1.2537243348
2305	1.2533406562
2306	1.2529558748
2307	1.2525697809
2308	1.2521822366
2309	1.2517932252
2310	1.2514028115
2311	1.2510110934
2312	1.2506181788
2313	1.2502241632
2314	1.2498290802
2315	1.2494328650
2316	1.2490354096
2317	1.2486366226
2318	1.2482364083
2319	1.2478346121
2320	1.2474309971
2321	1.2470252858
2322	1.2466172262
2323	1.2462066488
2324	1.2457935029
2325	1.2453778790
2326	1.2449599763
2327	1.2445400094
2328	1.2441181790
2329	1.2436946969
2330	1.2432697232
2331	1.2428432918
2332	1.2424153310
2333	1.2419857094
2334	1.2415542682
2335	1.2411208702
2336	1.2406854691
2337	1.2402481462
2338	1.2398090761
2339	1.2393684768
2340	1.2389265600
2341	1.2384834472
2342	1.2380391355
2343	1.2375935705
2344	1.2371467040
2345	1.2366984707
2346	1.2362487802
2347	1.2357975500
2348	1.2353446869
2349	1.2348900805
2350	1.2344336737
2351	1.2339754999
2352	1.2335156493
2353	1.2330542074
2354	1.2325912157
2355	1.2321266747
2356	1.2316605828
2357	1.2311929855
2358	1.2307239362
2359	1.2302534511
2360	1.2297815072
2361	1.2293079968
2362	1.2288327704
2363	1.2283557044
2364	1.2278766714
2365	1.2273955803
2366	1.2269124792
2367	1.2264275549
2368	1.2259410225
2369	1.2254530351
2370	1.2249636856
2371	1.2244730167
2372	1.2239809775
2373	1.2234874027
2374	1.2229920116
2375	1.2224944179
2376	1.2219942382
2377	1.2214911966
2378	1.2209851756
2379	1.2204762824
2380	1.2199648324
2381	1.2194512101
2382	1.2189357770
2383	1.2184188362
2384	1.2179005913
2385	1.2173811553
2386	1.2168605415
2387	1.2163386512
2388	1.2158153261
2389	1.2152903969
2390	1.2147637110
2391	1.2142351671
2392	1.2137047488
2393	1.2131725021
2394	1.2126384482
2395	1.2121025176
2396	1.2115645742
2397	1.2110245248
2398	1.2104823965
2399	1.2099383214
2400	1.2093925299
2401	1.2088453276
2402	1.2082969718
2403	1.2077475939
2404	1.2071972274
2405	1.2066458178
2406	1.2060932442
2407	1.2055393583
2408	1.2049839684
2409	1.2044268431
2410	1.2038677253
2411	1.2033063141
2412	1.2027423525
2413	1.2021757287
2414	1.2016063984
2415	1.2010342917
2416	1.2004593746
2417	1.1998817645
2418	1.1993017112
2419	1.1987195107
2420	1.1981354643
2421	1.1975497687
2422	1.1969624681
2423	1.1963735534
2424	1.1957830085
2425	1.1951907838
2426	1.1945967995
2427	1.1940010241
2428	1.1934035198
2429	1.1928044030
2430	1.1922038395
2431	1.1916020167
2432	1.1909990026
2433	1.1903947307
2434	1.1897891449
2435	1.1891822633
2436	1.1885741454
2437	1.1879648129
2438	1.1873541856
2439	1.1867421203
2440	1.1861284544
2441	1.1855129675
2442	1.1848953926
2443	1.1842755569
2444	1.1836534680
2445	1.1830292985
2446	1.1824033363
2447	1.1817759150
2448	1.1811473704
2449	1.1805179939
2450	1.1798879888
2451	1.1792574028
2452	1.1786260747
2453	1.1779937115
2454	1.1773599934
2455	1.1767246328
2456	1.1760873631
2457	1.1754479645
2458	1.1748064241
2459	1.1741630492
2460	1.1735184271
2461	1.1728732531
2462	1.1722280394
2463	1.1715829260
2464	1.1709377564
2465	1.1702922040
2466	1.1696458295
2467	1.1689981790
2468	1.1683489500
2469	1.1676981191
2470	1.1670458524
2471	1.1663923063
2472	1.1657375949
2473	1.1650817813
2474	1.1644247791
2475	1.1637664595
2476	1.1631068594
2477	1.1624461350
2478	1.1617844291
2479	1.1611218873
2480	1.1604587048
2481	1.1597950878
2482	1.1591311929
2483	1.1584671347
2484	1.1578030156
2485	1.1571388489
2486	1.1564744617
2487	1.1558095287
2488	1.1551436617
2489	1.1544764714
2490	1.1538076248
2491	1.1531368711
2492	1.1524640494
2493	1.1517891394
2494	1.1511122391
2495	1.1504335193
2496	1.1497532643
2497	1.1490718349
2498	1.1483896288
2499	1.1477070672
2500	1.1470244403
2501	1.1463417676
2502	1.1456588771
2503	1.1449755961
2504	1.1442918479
2505	1.1436076547
2506	1.1429230376
2507	1.1422379608
2508	1.1415524303
2509	1.1408664263
2510	1.1401798258
2511	1.1394925635
2512	1.1388047666
2513	1.1381167065
2514	1.1374286620
2515	1.1367408903
2516	1.1360536550
2517	1.1353672150
2518	1.1346817445
2519	1.1339971826
2520	1.1333133203
2521	1.1326300626
2522	1.1319474012
2523	1.1312652881
2524	1.1305836890
2525	1.1299026545
2526	1.1292223524
2527	1.1285430419
2528	1.1278650303
2529	1.1271885804
2530	1.1265137656
2531	1.1258404994
2532	1.1251685813
2533	1.1244976199
2534	1.1238270753
2535	1.1231563953
2536	1.1224851877
2537	1.1218134111
2538	1.1211413454
2539	1.1204693891
2540	1.1197979498
2541	1.1191274082
2542	1.1184580980
2543	1.1177902950
2544	1.1171241701
2545	1.1164597850
2546	1.1157970716
2547	1.1151357558
2548	1.1144754441
2549	1.1138158379
2550	1.1131568396
2551	1.1124985548
2552	1.1118412563
2553	1.1111853027
2554	1.1105310287
2555	1.1098786863
2556	1.1092284607
2557	1.1085804071
2558	1.1079343524
2559	1.1072899537
2560	1.1066468605
2561	1.1060047832
2562	1.1053635225
2563	1.1047231094
2564	1.1040837939
2565	1.1034458750
2566	1.1028096717
2567	1.1021754820
2568	1.1015433589
2569	1.1009130754
2570	1.1002843978
2571	1.0996572232
2572	1.0990315772
2573	1.0984075593
2574	1.0977852282
2575	1.0971646640
2576	1.0965460414
2577	1.0959295264
2578	1.0953151853
2579	1.0947030370
2580	1.0940931618
2581	1.0934856713
2582	1.0928805671
2583	1.0922777101
2584	1.0916769028
2585	1.0910779414
2586	1.0904806066
2587	1.0898846829
2588	1.0892900410
2589	1.0886966200
2590	1.0881043291
2591	1.0875130721
2592	1.0869228565
2593	1.0863338358
2594	1.0857461808
2595	1.0851600065
2596	1.0845754093
2597	1.0839924181
2598	1.0834110714
2599	1.0828315096
2600	1.0822538639
2601	1.0816782124
2602	1.0811046164
2603	1.0805330205
2604	1.0799631659
2605	1.0793947676
2606	1.0788277657
2607	1.0782623213
2608	1.0776985890
2609	1.0771366393
2610	1.0765766226
2611	1.0760187658
2612	1.0754631751
2613	1.0749097881
2614	1.0743584235
2615	1.0738087979
2616	1.0732605724
2617	1.0727134661
2618	1.0721673401
2619	1.0716222131
2620	1.0710783245
2621	1.0705360646
2622	1.0699957078
2623	1.0694573181
2624	1.0689208730
2625	1.0683863915
2626	1.0678539380
2627	1.0673234730
2628	1.0667947465
2629	1.0662674102
2630	1.0657412293
2631	1.0652161739
2632	1.0646923526
2633	1.0641699597
2634	1.0636492528
2635	1.0631304711
2636	1.0626138720
2637	1.0620997991
2638	1.0615885137
2639	1.0610800160
2640	1.0605740552
2641	1.0600702609
2642	1.0595683191
2643	1.0590680006
2644	1.0585690816
2645	1.0580713855
2646	1.0575748062
2647	1.0570792831
2648	1.0565849200
2649	1.0560920395
2650	1.0556010537
2651	1.0551123087
2652	1.0546260607
2653	1.0541425290
2654	1.0536617812
2655	1.0531836037
2656	1.0527075650
2657	1.0522331625
2658	1.0517599020
2659	1.0512873700
2660	1.0508153404
2661	1.0503438142
2662	1.0498730297
2663	1.0494033220
2664	1.0489348990
2665	1.0484678136
2666	1.0480020446
2667	1.0475376136
2668	1.0470746486
2669	1.0466132888
2670	1.0461536344
2671	1.0456958280
2672	1.0452400248
2673	1.0447862699
2674	1.0443344832
2675	1.0438844474
2676	1.0434358770
2677	1.0429886300
2678	1.0425426747
2679	1.0420979255
2680	1.0416542703
2681	1.0412116271
2682	1.0407699762
2683	1.0403294021
2684	1.0398900714
2685	1.0394521851
2686	1.0390159442
2687	1.0385814958
2688	1.0381488305
2689	1.0377178373
2690	1.0372884645
2691	1.0368606144
2692	1.0364340371
2693	1.0360084830
2694	1.0355838520
2695	1.0351601955
2696	1.0347376299
2697	1.0343162931
2698	1.0338963069
2699	1.0334776944
2700	1.0330604178
2701	1.0326444745
2702	1.0322299277
2703	1.0318168974
2704	1.0314054626
2705	1.0309955898
2706	1.0305871490
2707	1.0301799744
2708	1.0297739836
2709	1.0293692267
2710	1.0289658993
2711	1.0285643514
2712	1.0281649190
2713	1.0277677064
2714	1.0273725890
2715	1.0269792923
2716	1.0265874826
2717	1.0261969266
2718	1.0258074789
2719	1.0254189810
2720	1.0250312743
2721	1.0246442348
2722	1.0242577674
2723	1.0238718218
2724	1.0234864446
2725	1.0231017316
2726	1.0227177078
2727	1.0223342905
2728	1.0219513250
2729	1.0215686314
2730	1.0211860863
2731	1.0208036689
2732	1.0204213727
2733	1.0200391859
2734	1.0196571820
2735	1.0192754965
2736	1.0188942360
2737	1.0185134810
2738	1.0181333393
2739	1.0177539562
2740	1.0173754876
2741	1.0169980176
2742	1.0166214565
2743	1.0162455190
2744	1.0158697681
2745	1.0154937259
2746	1.0151170045
2747	1.0147393978
2748	1.0143609828
2749	1.0139821101
2750	1.0136032126
2751	1.0132247176
2752	1.0128470036
2753	1.0124702309
2754	1.0120943166
2755	1.0117191045
2756	1.0113444847
2757	1.0109703138
2758	1.0105963224
2759	1.0102222295
2760	1.0098478676
2761	1.0094731890
2762	1.0090982365
2763	1.0087230888
2764	1.0083477701
2765	1.0079721938
2766	1.0075962507
2767	1.0072199515
2768	1.0068434594
2769	1.0064669433
2770	1.0060903762
2771	1.0057135828
2772	1.0053364123
2773	1.0049587743
2774	1.0045806299
2775	1.0042019655
2776	1.0038227710
2777	1.0034430397
2778	1.0030627431
2779	1.0026818378
2780	1.0023002785
2781	1.0019180031
2782	1.0015349787
2783	1.0011512402
2784	1.0007668126
2785	1.0003816788
2786	0.9999958198
2787	0.9996091944
2788	0.9992217513
2789	0.9988334732
2790	0.9984443392
2791	0.9980542789
2792	0.9976632151
2793	0.9972711308
2794	0.9968780468
2795	0.9964839629
2796	0.9960888333
2797	0.9956925658
2798	0.9952950533
2799	0.9948961651
2800	0.9944956997
2801	0.9940934548
2802	0.9936893590
2803	0.9932835159
2804	0.9928761304
2805	0.9924673779
2806	0.9920573660
2807	0.9916461246
2808	0.9912335481
2809	0.9908194353
2810	0.9904036323
2811	0.9899860786
2812	0.9895667446
2813	0.9891456438
2814	0.9887228727
2815	0.9882985467
2816	0.9878727093
2817	0.9874453353
2818	0.9870163592
2819	0.9865857008
2820	0.9861533117
2821	0.9857191565
2822	0.9852832215
2823	0.9848455420
2824	0.9844061655
2825	0.9839651368
2826	0.9835224296
2827	0.9830778508
2828	0.9826310356
2829	0.9821815365
2830	0.9817289975
2831	0.9812732751
2832	0.9808144118
2833	0.9803525502
2834	0.9798878818
2835	0.9794206658
2836	0.9789512699
2837	0.9784801408
2838	0.9780077388
2839	0.9775344832
2840	0.9770606256
2841	0.9765861731
2842	0.9761109599
2843	0.9756346898
2844	0.9751569520
2845	0.9746772991
2846	0.9741953896
2847	0.9737111351
2848	0.9732246552
2849	0.9727361473
2850	0.9722458635
2851	0.9717540637
2852	0.9712609514
2853	0.9707667033
2854	0.9702714532
2855	0.9697752394
2856	0.9692780944
2857	0.9687800219
2858	0.9682808645
2859	0.9677804098
2860	0.9672784830
2861	0.9667748645
2862	0.9662692644
2863	0.9657613825
2864	0.9652510311
2865	0.9647382121
2866	0.9642230562
2867	0.9637057777
2868	0.9631866669
2869	0.9626660466
2870	0.9621441500
2871	0.9616210306
2872	0.9610966340
2873	0.9605708542
2874	0.9600436126
2875	0.9595149604
2876	0.9589850160
2877	0.9584538485
2878	0.9579214773
2879	0.9573880049
2880	0.9568535728
2881	0.9563181179
2882	0.9557813866
2883	0.9552431987
2884	0.9547035873
2885	0.9541626908
2886	0.9536205797
2887	0.9530771941
2888	0.9525323537
2889	0.9519857556
2890	0.9514370143
2891	0.9508857974
2892	0.9503319869
2893	0.9497757105
2894	0.9492172744
2895	0.9486572174
2896	0.9480962081
2897	0.9475347237
2898	0.9469730526
2899	0.9464114215
2900	0.9458498516
2901	0.9452880397
2902	0.9447254772
2903	0.9441616106
2904	0.9435959463
2905	0.9430281766
2906	0.9424582776
2907	0.9418865044
2908	0.9413133451
2909	0.9407394227
2910	0.9401652681
2911	0.9395911596
2912	0.9390171359
2913	0.9384430299
2914	0.9378684765
2915	0.9372929779
2916	0.9367160885
2917	0.9361375958
2918	0.9355575585
2919	0.9349762829
2920	0.9343942800
2921	0.9338120613
2922	0.9332299231
2923	0.9326479487
2924	0.9320660667
2925	0.9314840664
2926	0.9309016415
2927	0.9303184524
2928	0.9297342016
2929	0.9291486767
2930	0.9285616552
2931	0.9279728241
2932	0.9273819290
2933	0.9267888917
2934	0.9261937658
2935	0.9255967701
2936	0.9249982346
2937	0.9243984132
2938	0.9237974083
2939	0.9231951779
2940	0.9225916643
2941	0.9219869520
2942	0.9213812744
2943	0.9207748807
2944	0.9201678775
2945	0.9195602377
2946	0.9189519066
2947	0.9183428859
2948	0.9177332809
2949	0.9171232785
2950	0.9165131292
2951	0.9159031154
2952	0.9152934277
2953	0.9146840406
2954	0.9140747816
2955	0.9134654465
2956	0.9128557209
2957	0.9122451715
2958	0.9116334826
2959	0.9110206484
2960	0.9104069059
2961	0.9097925613
2962	0.9091779538
2963	0.9085634615
2964	0.9079493561
2965	0.9073356988
2966	0.9067224008
2967	0.9061093612
2968	0.9054966157
2969	0.9048842011
2970	0.9042718870
2971	0.9036593024
2972	0.9030462600
2973	0.9024328673
2974	0.9018194499
2975	0.9012063287
2976	0.9005936347
2977	0.8999814313
2978	0.8993698773
2979	0.8987592318
2980	0.8981497024
2981	0.8975412330
2982	0.8969335009
2983	0.8963260279
2984	0.8957182982
2985	0.8951099137
2986	0.8945007011
2987	0.8938906858
2988	0.8932800289
2989	0.8926691150
2990	0.8920585696
2991	0.8914490550
2992	0.8908410773
2993	0.8902348925
2994	0.8896305186
2995	0.8890278212
2996	0.8884265670
2997	0.8878264680
2998	0.8872272478
2999	0.8866286405
