0	1.2500000087
1	1.2501986863
2	1.2503969413
3	1.2505947784
4	1.2507922038
5	1.2509892254
6	1.2511858520
7	1.2513820936
8	1.2515779607
9	1.2517734642
10	1.2519686156
11	1.2521634265
12	1.2523579085
13	1.2525520734
14	1.2527459326
15	1.2529394975
16	1.2531327788
17	1.2533257872
18	1.2535185326
19	1.2537110242
20	1.2539032709
21	1.2540952805
22	1.2542870603
23	1.2544786167
24	1.2546699551
25	1.2548610803
26	1.2550519959
27	1.2552427047
28	1.2554332085
29	1.2556235082
30	1.2558136037
31	1.2560034940
32	1.2561931769
33	1.2563826497
34	1.2565719082
35	1.2567609479
36	1.2569497630
37	1.2571383469
38	1.2573266923
39	1.2575147910
40	1.2577026341
41	1.2578902117
42	1.2580775136
43	1.2582645288
44	1.2584512454
45	1.2586376513
46	1.2588237336
47	1.2590094790
48	1.2591948737
49	1.2593799035
50	1.2595645538
51	1.2597488095
52	1.2599326553
53	1.2601160757
54	1.2602990546
55	1.2604815761
56	1.2606636236
57	1.2608451808
58	1.2610262309
59	1.2612067569
60	1.2613867421
61	1.2615661693
62	1.2617450212
63	1.2619232806
64	1.2621009298
65	1.2622779517
66	1.2624543292
67	1.2626300454
68	1.2628050826
69	1.2629794221
70	1.2631530454
71	1.2633259341
72	1.2634980702
73	1.2636694357
74	1.2638400126
75	1.2640097832
76	1.2641787294
77	1.2643468319
78	1.2645140706
79	1.2646804246
80	1.2648458734
81	1.2650103960
82	1.2651739714
83	1.2653365788
84	1.2654981974
85	1.2656588066
86	1.2658183860
87	1.2659769152
88	1.2661343725
89	1.2662907356
90	1.2664459813
91	1.2666000859
92	1.2667530237
93	1.2669047678
94	1.2670552909
95	1.2672045648
96	1.2673525605
97	1.2674992483
98	1.2676445992
99	1.2677885833
100	1.2679311712
101	1.2680723338
102	1.2682120417
103	1.2683502662
104	1.2684869786
105	1.2686221497
106	1.2687557504
107	1.2688877516
108	1.2690181228
109	1.2691468327
110	1.2692738497
111	1.2693991409
112	1.2695226718
113	1.2696444082
114	1.2697643148
115	1.2698823546
116	1.2699984902
117	1.2701126841
118	1.2702248970
119	1.2703350902
120	1.2704432248
121	1.2705492608
122	1.2706531580
123	1.2707548773
124	1.2708543800
125	1.2709516287
126	1.2710465858
127	1.2711392113
128	1.2712294638
129	1.2713173042
130	1.2714026985
131	1.2714856185
132	1.2715660358
133	1.2716439152
134	1.2717192153
135	1.2717918946
136	1.2718619191
137	1.2719292650
138	1.2719939115
139	1.2720558358
140	1.2721150139
141	1.2721714207
142	1.2722250293
143	1.2722758094
144	1.2723237284
145	1.2723687578
146	1.2724108773
147	1.2724500691
148	1.2724863171
149	1.2725196083
150	1.2725499303
151	1.2725772689
152	1.2726016045
153	1.2726229123
154	1.2726411674
155	1.2726563434
156	1.2726684101
157	1.2726773402
158	1.2726831105
159	1.2726856997
160	1.2726850888
161	1.2726812601
162	1.2726741982
163	1.2726638875
164	1.2726503069
165	1.2726334339
166	1.2726132445
167	1.2725897084
168	1.2725627919
169	1.2725324610
170	1.2724986802
171	1.2724614139
172	1.2724206276
173	1.2723762910
174	1.2723283778
175	1.2722768634
176	1.2722217280
177	1.2721629569
178	1.2721005355
179	1.2720344516
180	1.2719646951
181	1.2718912552
182	1.2718141197
183	1.2717332749
184	1.2716487069
185	1.2715603995
186	1.2714683340
187	1.2713724937
188	1.2712728613
189	1.2711694189
190	1.2710621513
191	1.2709510451
192	1.2708360900
193	1.2707172825
194	1.2705946256
195	1.2704681249
196	1.2703377854
197	1.2702036129
198	1.2700656184
199	1.2699238203
200	1.2697782470
201	1.2696289278
202	1.2694758815
203	1.2693191181
204	1.2691586451
205	1.2689944743
206	1.2688266253
207	1.2686551174
208	1.2684799646
209	1.2683011757
210	1.2681187558
211	1.2679327072
212	1.2677430247
213	1.2675497028
214	1.2673527428
215	1.2671521530
216	1.2669479489
217	1.2667401475
218	1.2665287655
219	1.2663138239
220	1.2660953430
221	1.2658733403
222	1.2656478341
223	1.2654188476
224	1.2651864115
225	1.2649505589
226	1.2647113270
227	1.2644687584
228	1.2642228968
229	1.2639737857
230	1.2637214618
231	1.2634659561
232	1.2632072958
233	1.2629454997
234	1.2626805814
235	1.2624125554
236	1.2621414370
237	1.2618672420
238	1.2615899833
239	1.2613096735
240	1.2610263247
241	1.2607399436
242	1.2604505337
243	1.2601580936
244	1.2598626185
245	1.2595641009
246	1.2592625297
247	1.2589578977
248	1.2586502001
249	1.2583394330
250	1.2580255994
251	1.2577087071
252	1.2573887673
253	1.2570657908
254	1.2567397897
255	1.2564107835
256	1.2560787963
257	1.2557438535
258	1.2554059742
259	1.2550651645
260	1.2547214254
261	1.2543747670
262	1.2540252236
263	1.2536728419
264	1.2533176539
265	1.2529596650
266	1.2525988625
267	1.2522352470
268	1.2518688578
269	1.2514997588
270	1.2511280027
271	1.2507536048
272	1.2503765563
273	1.2499968518
274	1.2496144956
275	1.2492294946
276	1.2488418514
277	1.2484515770
278	1.2480586971
279	1.2476632362
280	1.2472651970
281	1.2468645562
282	1.2464612920
283	1.2460554026
284	1.2456468949
285	1.2452357778
286	1.2448220690
287	1.2444058043
288	1.2439870241
289	1.2435657488
290	1.2431419784
291	1.2427157081
292	1.2422869377
293	1.2418556646
294	1.2414218812
295	1.2409855933
296	1.2405468296
297	1.2401056275
298	1.2396620147
299	1.2392160143
300	1.2387676569
301	1.2383169658
302	1.2378639485
303	1.2374086082
304	1.2369509610
305	1.2364910366
306	1.2360288657
307	1.2355644866
308	1.2350979559
309	1.2346293390
310	1.2341586920
311	1.2336860582
312	1.2332114810
313	1.2327349971
314	1.2322566215
315	1.2317763581
316	1.2312942170
317	1.2308102140
318	1.2303243593
319	1.2298366700
320	1.2293471810
321	1.2288559322
322	1.2283629593
323	1.2278682986
324	1.2273719940
325	1.2268740818
326	1.2263745781
327	1.2258734930
328	1.2253708377
329	1.2248666178
330	1.2243608362
331	1.2238535055
332	1.2233446465
333	1.2228342712
334	1.2223223918
335	1.2218090379
336	1.2212942456
337	1.2207780411
338	1.2202604416
339	1.2197414613
340	1.2192210981
341	1.2186993338
342	1.2181761477
343	1.2176515141
344	1.2171253974
345	1.2165977611
346	1.2160685834
347	1.2155378476
348	1.2150055320
349	1.2144716262
350	1.2139361379
351	1.2133990805
352	1.2128604680
353	1.2123203247
354	1.2117786816
355	1.2112355626
356	1.2106909896
357	1.2101449844
358	1.2095975575
359	1.2090487130
360	1.2084984611
361	1.2079468141
362	1.2073937780
363	1.2068393687
364	1.2062836188
365	1.2057265628
366	1.2051682360
367	1.2046086857
368	1.2040479694
369	1.2034861398
370	1.2029232494
371	1.2023593575
372	1.2017945185
373	1.2012287807
374	1.2006621930
375	1.2000947988
376	1.1995266312
377	1.1989577209
378	1.1983880974
379	1.1978177784
380	1.1972467840
381	1.1966751473
382	1.1961029004
383	1.1955300711
384	1.1949566973
385	1.1943828292
386	1.1938085214
387	1.1932338460
388	1.1926588906
389	1.1920837294
390	1.1915084137
391	1.1909329882
392	1.1903575082
393	1.1897820449
394	1.1892066785
395	1.1886314664
396	1.1880564156
397	1.1874815062
398	1.1869067310
399	1.1863321115
400	1.1857576917
401	1.1851835091
402	1.1846095632
403	1.1840358267
404	1.1834622875
405	1.1828889511
406	1.1823158201
407	1.1817429044
408	1.1811702327
409	1.1805978470
410	1.1800257911
411	1.1794540959
412	1.1788827619
413	1.1783117801
414	1.1777411664
415	1.1771709513
416	1.1766011578
417	1.1760318019
418	1.1754629015
419	1.1748944717
420	1.1743265097
421	1.1737589853
422	1.1731918484
423	1.1726250645
424	1.1720586223
425	1.1714925086
426	1.1709267131
427	1.1703612469
428	1.1697961328
429	1.1692313856
430	1.1686670088
431	1.1681029962
432	1.1675393447
433	1.1669760709
434	1.1664131946
435	1.1658507331
436	1.1652887256
437	1.1647272320
438	1.1641662984
439	1.1636059502
440	1.1630462109
441	1.1624870988
442	1.1619286184
443	1.1613707592
444	1.1608135081
445	1.1602568703
446	1.1597008638
447	1.1591455008
448	1.1585907917
449	1.1580367609
450	1.1574834297
451	1.1569307999
452	1.1563788702
453	1.1558276416
454	1.1552771151
455	1.1547272905
456	1.1541781685
457	1.1536297669
458	1.1530821347
459	1.1525353333
460	1.1519894177
461	1.1514444536
462	1.1509005098
463	1.1503576322
464	1.1498158592
465	1.1492752409
466	1.1487358240
467	1.1481976352
468	1.1476606915
469	1.1471250117
470	1.1465906219
471	1.1460575482
472	1.1455258111
473	1.1449954387
474	1.1444664604
475	1.1439388853
476	1.1434127063
477	1.1428879115
478	1.1423644762
479	1.1418423613
480	1.1413215324
481	1.1408019641
482	1.1402836364
483	1.1397665320
484	1.1392506364
485	1.1387359501
486	1.1382224807
487	1.1377102261
488	1.1371991886
489	1.1366893864
490	1.1361808285
491	1.1356735100
492	1.1351674333
493	1.1346625967
494	1.1341589838
495	1.1336565781
496	1.1331553697
497	1.1326553510
498	1.1321565181
499	1.1316588758
500	1.1311624379
501	1.1306672211
502	1.1301732325
503	1.1296804762
504	1.1291889554
505	1.1286986550
506	1.1282095461
507	1.1277216008
508	1.1272347877
509	1.1267490651
510	1.1262643931
511	1.1257807384
512	1.1252980677
513	1.1248163473
514	1.1243355471
515	1.1238556473
516	1.1233766311
517	1.1228984767
518	1.1224211717
519	1.1219447109
520	1.1214690832
521	1.1209942821
522	1.1205203112
523	1.1200471618
524	1.1195748133
525	1.1191032499
526	1.1186324535
527	1.1181624044
528	1.1176930910
529	1.1172245048
530	1.1167566327
531	1.1162894614
532	1.1158229844
533	1.1153572044
534	1.1148921232
535	1.1144277333
536	1.1139640246
537	1.1135009779
538	1.1130385581
539	1.1125767272
540	1.1121154429
541	1.1116546518
542	1.1111942986
543	1.1107343351
544	1.1102747114
545	1.1098153731
546	1.1093562677
547	1.1088973472
548	1.1084385665
549	1.1079798808
550	1.1075212507
551	1.1070626403
552	1.1066040096
553	1.1061453230
554	1.1056865492
555	1.1052276487
556	1.1047685814
557	1.1043093172
558	1.1038498237
559	1.1033900650
560	1.1029300092
561	1.1024696193
562	1.1020088529
563	1.1015476678
564	1.1010860202
565	1.1006238649
566	1.1001611610
567	1.0996978738
568	1.0992339712
569	1.0987694217
570	1.0983041974
571	1.0978382780
572	1.0973716407
573	1.0969042600
574	1.0964361128
575	1.0959671719
576	1.0954974061
577	1.0950267849
578	1.0945552758
579	1.0940828413
580	1.0936094413
581	1.0931350311
582	1.0926595584
583	1.0921829731
584	1.0917052355
585	1.0912263143
586	1.0907461761
587	1.0902647841
588	1.0897821006
589	1.0892980900
590	1.0888127288
591	1.0883260077
592	1.0878379141
593	1.0873484211
594	1.0868574916
595	1.0863650864
596	1.0858711834
597	1.0853757824
598	1.0848788842
599	1.0843804787
600	1.0838805504
601	1.0833790858
602	1.0828760800
603	1.0823715367
604	1.0818654623
605	1.0813578635
606	1.0808487495
607	1.0803381328
608	1.0798260231
609	1.0793124216
610	1.0787973287
611	1.0782807521
612	1.0777627077
613	1.0772432167
614	1.0767222942
615	1.0761999427
616	1.0756761608
617	1.0751509495
618	1.0746243048
619	1.0740962164
620	1.0735666768
621	1.0730356853
622	1.0725032441
623	1.0719693500
624	1.0714339901
625	1.0708971436
626	1.0703587862
627	1.0698188921
628	1.0692774312
629	1.0687343714
630	1.0681896853
631	1.0676433498
632	1.0670953435
633	1.0665456457
634	1.0659942341
635	1.0654410892
636	1.0648861977
637	1.0643295474
638	1.0637711271
639	1.0632109304
640	1.0626489543
641	1.0620851958
642	1.0615196495
643	1.0609523080
644	1.0603831641
645	1.0598122106
646	1.0592394396
647	1.0586648436
648	1.0580884192
649	1.0575101670
650	1.0569300874
651	1.0563481799
652	1.0557644460
653	1.0551788863
654	1.0545914991
655	1.0540022847
656	1.0534112467
657	1.0528183908
658	1.0522237221
659	1.0516272459
660	1.0510289694
661	1.0504289020
662	1.0498270536
663	1.0492234345
664	1.0486180541
665	1.0480109211
666	1.0474020435
667	1.0467914302
668	1.0461790918
669	1.0455650416
670	1.0449492934
671	1.0443318583
672	1.0437127460
673	1.0430919680
674	1.0424695360
675	1.0418454588
676	1.0412197492
677	1.0405924274
678	1.0399635176
679	1.0393330470
680	1.0387010433
681	1.0380675345
682	1.0374325491
683	1.0367961096
684	1.0361582328
685	1.0355189343
686	1.0348782257
687	1.0342361126
688	1.0335925991
689	1.0329476889
690	1.0323013841
691	1.0316536838
692	1.0310045875
693	1.0303540979
694	1.0297022150
695	1.0290489341
696	1.0283942478
697	1.0277381476
698	1.0270806216
699	1.0264216525
700	1.0257612209
701	1.0250993120
702	1.0244359132
703	1.0237710112
704	1.0231045952
705	1.0224366570
706	1.0217671905
707	1.0210961871
708	1.0204236341
709	1.0197495177
710	1.0190738217
711	1.0183965250
712	1.0177176090
713	1.0170370633
714	1.0163548805
715	1.0156710529
716	1.0149855744
717	1.0142984408
718	1.0136096493
719	1.0129192035
720	1.0122271133
721	1.0115333854
722	1.0108380174
723	1.0101410018
724	1.0094423379
725	1.0087420381
726	1.0080401184
727	1.0073365935
728	1.0066314776
729	1.0059247791
730	1.0052165067
731	1.0045066803
732	1.0037953253
733	1.0030824629
734	1.0023681066
735	1.0016522669
736	1.0009349550
737	1.0002161756
738	0.9994959256
739	0.9987742040
740	0.9980510179
741	0.9973263820
742	0.9966003155
743	0.9958728370
744	0.9951439633
745	0.9944137141
746	0.9936821193
747	0.9929492149
748	0.9922150333
749	0.9914796040
750	0.9907429570
751	0.9900051200
752	0.9892661105
753	0.9885259317
754	0.9877845834
755	0.9870420727
756	0.9862984110
757	0.9855536166
758	0.9848077121
759	0.9840607148
760	0.9833126402
761	0.9825635057
762	0.9818133198
763	0.9810620773
764	0.9803097729
765	0.9795564120
766	0.9788020006
767	0.9780465366
768	0.9772900150
769	0.9765324367
770	0.9757738048
771	0.9750141154
772	0.9742533656
773	0.9734915637
774	0.9727287247
775	0.9719648701
776	0.9712000268
777	0.9704342156
778	0.9696674571
779	0.9688997754
780	0.9681311843
781	0.9673616841
782	0.9665912689
783	0.9658199358
784	0.9650476896
785	0.9642745338
786	0.9635004748
787	0.9627255263
788	0.9619496953
789	0.9611729790
790	0.9603953759
791	0.9596168927
792	0.9588375459
793	0.9580573554
794	0.9572763365
795	0.9564945029
796	0.9557118781
797	0.9549284971
798	0.9541443887
799	0.9533595708
800	0.9525740620
801	0.9517878831
802	0.9510010486
803	0.9502135680
804	0.9494254656
805	0.9486367858
806	0.9478475764
807	0.9470578917
808	0.9462678044
809	0.9454773865
810	0.9446866971
811	0.9438957894
812	0.9431047130
813	0.9423135154
814	0.9415222411
815	0.9407309278
816	0.9399396088
817	0.9391483182
818	0.9383570927
819	0.9375659620
820	0.9367749445
821	0.9359840609
822	0.9351933437
823	0.9344028232
824	0.9336125197
825	0.9328224657
826	0.9320327084
827	0.9312432895
828	0.9304542527
829	0.9296656510
830	0.9288775366
831	0.9280899590
832	0.9273029572
833	0.9265165586
834	0.9257307846
835	0.9249456417
836	0.9241611242
837	0.9233772239
838	0.9225939340
839	0.9218112552
840	0.9210291902
841	0.9202477476
842	0.9194669567
843	0.9186868472
844	0.9179074341
845	0.9171287370
846	0.9163507840
847	0.9155735961
848	0.9147971863
849	0.9140215763
850	0.9132467950
851	0.9124728635
852	0.9116998024
853	0.9109276456
854	0.9101564356
855	0.9093862117
856	0.9086170063
857	0.9078488486
858	0.9070817640
859	0.9063157800
860	0.9055509287
861	0.9047872409
862	0.9040247529
863	0.9032635085
864	0.9025035438
865	0.9017448999
866	0.9009876353
867	0.9002318077
868	0.8994774711
869	0.8987246839
870	0.8979735039
871	0.8972239706
872	0.8964761041
873	0.8957299187
874	0.8949854208
875	0.8942425997
876	0.8935014425
877	0.8927619441
878	0.8920240935
879	0.8912878723
880	0.8905532681
881	0.8898202728
882	0.8890888761
883	0.8883590678
884	0.8876308353
885	0.8869041718
886	0.8861790731
887	0.8854555193
888	0.8847334897
889	0.8840129724
890	0.8832939503
891	0.8825764034
892	0.8818603210
893	0.8811457011
894	0.8804325372
895	0.8797208123
896	0.8790105159
897	0.8783016353
898	0.8775941379
899	0.8768879940
900	0.8761831780
901	0.8754796567
902	0.8747774022
903	0.8740764005
904	0.8733766485
905	0.8726781465
906	0.8719808947
907	0.8712848934
908	0.8705901480
909	0.8698966783
910	0.8692045204
911	0.8685137133
912	0.8678242847
913	0.8671362394
914	0.8664495657
915	0.8657642613
916	0.8650803394
917	0.8643978083
918	0.8637166507
919	0.8630368260
920	0.8623582784
921	0.8616809652
922	0.8610048956
923	0.8603301064
924	0.8596566135
925	0.8589844074
926	0.8583134692
927	0.8576437885
928	0.8569753801
929	0.8563082821
930	0.8556425320
931	0.8549781462
932	0.8543151304
933	0.8536534999
934	0.8529932701
935	0.8523344491
936	0.8516770473
937	0.8510210912
938	0.8503666234
939	0.8497136838
940	0.8490622897
941	0.8484124359
942	0.8477641112
943	0.8471173121
944	0.8464720556
945	0.8458283618
946	0.8451862258
947	0.8445456360
948	0.8439065896
949	0.8432690751
950	0.8426330742
951	0.8419985764
952	0.8413655898
953	0.8407341465
954	0.8401042939
955	0.8394760753
956	0.8388495093
957	0.8382245992
958	0.8376013602
959	0.8369798041
960	0.8363599335
961	0.8357417579
962	0.8351252952
963	0.8345105703
964	0.8338976007
965	0.8332863764
966	0.8326768702
967	0.8320690537
968	0.8314629018
969	0.8308583916
970	0.8302554993
971	0.8296542052
972	0.8290545005
973	0.8284563828
974	0.8278598332
975	0.8272648102
976	0.8266712786
977	0.8260792209
978	0.8254886208
979	0.8248994588
980	0.8243117243
981	0.8237254085
982	0.8231404934
983	0.8225569560
984	0.8219747617
985	0.8213938671
986	0.8208142441
987	0.8202358739
988	0.8196587342
989	0.8190828144
990	0.8185081247
991	0.8179346827
992	0.8173624920
993	0.8167915389
994	0.8162218071
995	0.8156532829
996	0.8150859550
997	0.8145198150
998	0.8139548625
999	0.8133911121
1000	0.8128285915
1001	0.8122673285
1002	0.8117073426
1003	0.8111486516
1004	0.8105912822
1005	0.8100352653
1006	0.8094806283
1007	0.8089274110
1008	0.8083756761
1009	0.8078254863
1010	0.8072768944
1011	0.8067299556
1012	0.8061847151
1013	0.8056412007
1014	0.8050994246
1015	0.8045593778
1016	0.8040210462
1017	0.8034844217
1018	0.8029494922
1019	0.8024162373
1020	0.8018846412
1021	0.8013547052
1022	0.8008264253
1023	0.8002997794
1024	0.7997747453
1025	0.7992513043
1026	0.7987294373
1027	0.7982091248
1028	0.7976903489
1029	0.7971731089
1030	0.7966574149
1031	0.7961432696
1032	0.7956306757
1033	0.7951196374
1034	0.7946101596
1035	0.7941022461
1036	0.7935958905
1037	0.7930910784
1038	0.7925878042
1039	0.7920860788
1040	0.7915859202
1041	0.7910873589
1042	0.7905904336
1043	0.7900951604
1044	0.7896015255
1045	0.7891095148
1046	0.7886191265
1047	0.7881303564
1048	0.7876431889
1049	0.7871575909
1050	0.7866735131
1051	0.7861909158
1052	0.7857097860
1053	0.7852301285
1054	0.7847519583
1055	0.7842752738
1056	0.7838000334
1057	0.7833261816
1058	0.7828536814
1059	0.7823825132
1060	0.7819126515
1061	0.7814440594
1062	0.7809767085
1063	0.7805105823
1064	0.7800456654
1065	0.7795819451
1066	0.7791194162
1067	0.7786580807
1068	0.7781979455
1069	0.7777390175
1070	0.7772812939
1071	0.7768247513
1072	0.7763693500
1073	0.7759150480
1074	0.7754618195
1075	0.7750096558
1076	0.7745585434
1077	0.7741084518
1078	0.7736593532
1079	0.7732112275
1080	0.7727640358
1081	0.7723177276
1082	0.7718722575
1083	0.7714275862
1084	0.7709836874
1085	0.7705405425
1086	0.7700981293
1087	0.7696564259
1088	0.7692154181
1089	0.7687751044
1090	0.7683354920
1091	0.7678965900
1092	0.7674584072
1093	0.7670209522
1094	0.7665842367
1095	0.7661482589
1096	0.7657129929
1097	0.7652784109
1098	0.7648444983
1099	0.7644112529
1100	0.7639786725
1101	0.7635467522
1102	0.7631155003
1103	0.7626849267
1104	0.7622550242
1105	0.7618257782
1106	0.7613971692
1107	0.7609691724
1108	0.7605417676
1109	0.7601149415
1110	0.7596886826
1111	0.7592629831
1112	0.7588378419
1113	0.7584132591
1114	0.7579892318
1115	0.7575657508
1116	0.7571428039
1117	0.7567203943
1118	0.7562985353
1119	0.7558772236
1120	0.7554564406
1121	0.7550361760
1122	0.7546164190
1123	0.7541971447
1124	0.7537783328
1125	0.7533599779
1126	0.7529420871
1127	0.7525246757
1128	0.7521077595
1129	0.7516913577
1130	0.7512754944
1131	0.7508601866
1132	0.7504454391
1133	0.7500312408
1134	0.7496175702
1135	0.7492044009
1136	0.7487917024
1137	0.7483794426
1138	0.7479675894
1139	0.7475561194
1140	0.7471450213
1141	0.7467342807
1142	0.7463238695
1143	0.7459137620
1144	0.7455039455
1145	0.7450944048
1146	0.7446851196
1147	0.7442760834
1148	0.7438673023
1149	0.7434587773
1150	0.7430505026
1151	0.7426424705
1152	0.7422346716
1153	0.7418271013
1154	0.7414197599
1155	0.7410126537
1156	0.7406058067
1157	0.7401992528
1158	0.7397930256
1159	0.7393871626
1160	0.7389816943
1161	0.7385766452
1162	0.7381720396
1163	0.7377678957
1164	0.7373642242
1165	0.7369610381
1166	0.7365583627
1167	0.7361562237
1168	0.7357546420
1169	0.7353536491
1170	0.7349532833
1171	0.7345535762
1172	0.7341545509
1173	0.7337562354
1174	0.7333586669
1175	0.7329618661
1176	0.7325658359
1177	0.7321705820
1178	0.7317761148
1179	0.7313824495
1180	0.7309896054
1181	0.7305976082
1182	0.7302064919
1183	0.7298162830
1184	0.7294269986
1185	0.7290386640
1186	0.7286513112
1187	0.7282649657
1188	0.7278796514
1189	0.7274953885
1190	0.7271121901
1191	0.7267300771
1192	0.7263490706
1193	0.7259691743
1194	0.7255903849
1195	0.7252127020
1196	0.7248361164
1197	0.7244606139
1198	0.7240861941
1199	0.7237128711
1200	0.7233406707
1201	0.7229696329
1202	0.7225998098
1203	0.7222312610
1204	0.7218640341
1205	0.7214981538
1206	0.7211336423
1207	0.7207705207
1208	0.7204087951
1209	0.7200484661
1210	0.7196895413
1211	0.7193320340
1212	0.7189759562
1213	0.7186213219
1214	0.7182681499
1215	0.7179164588
1216	0.7175662726
1217	0.7172176248
1218	0.7168705503
1219	0.7165250869
1220	0.7161812777
1221	0.7158391596
1222	0.7154987674
1223	0.7151601485
1224	0.7148233555
1225	0.7144884337
1226	0.7141554320
1227	0.7138244090
1228	0.7134954249
1229	0.7131685361
1230	0.7128438077
1231	0.7125213236
1232	0.7122011736
1233	0.7118834299
1234	0.7115681610
1235	0.7112554681
1236	0.7109454616
1237	0.7106382456
1238	0.7103339266
1239	0.7100325860
1240	0.7097342717
1241	0.7094390307
1242	0.7091469335
1243	0.7088580644
1244	0.7085724832
1245	0.7082902095
1246	0.7080112342
1247	0.7077355478
1248	0.7074631773
1249	0.7071941948
1250	0.7069286925
1251	0.7066667394
1252	0.7064083675
1253	0.7061536052
1254	0.7059025056
1255	0.7056551534
1256	0.7054116292
1257	0.7051719696
1258	0.7049361790
1259	0.7047042523
1260	0.7044761915
1261	0.7042520082
1262	0.7040317223
1263	0.7038153733
1264	0.7036030151
1265	0.7033947028
1266	0.7031904956
1267	0.7029904288
1268	0.7027944962
1269	0.7026027038
1270	0.7024151074
1271	0.7022317770
1272	0.7020527712
1273	0.7018781340
1274	0.7017078902
1275	0.7015420613
1276	0.7013806743
1277	0.7012237572
1278	0.7010713374
1279	0.7009234425
1280	0.7007801030
1281	0.7006413548
1282	0.7005072181
1283	0.7003776746
1284	0.7002527028
1285	0.7001323121
1286	0.7000165407
1287	0.6999054441
1288	0.6997990635
1289	0.6996974251
1290	0.6996005674
1291	0.6995085241
1292	0.6994213005
1293	0.6993388960
1294	0.6992613256
1295	0.6991886182
1296	0.6991208099
1297	0.6990579354
1298	0.6990000032
1299	0.6989469993
1300	0.6988989281
1301	0.6988558172
1302	0.6988176872
1303	0.6987845642
1304	0.6987565158
1305	0.6987336358
1306	0.6987160025
1307	0.6987036606
1308	0.6986966385
1309	0.6986949616
1310	0.6986986515
1311	0.6987077365
1312	0.6987222467
1313	0.6987421976
1314	0.6987676010
1315	0.6987984774
1316	0.6988348253
1317	0.6988766028
1318	0.6989237729
1319	0.6989763226
1320	0.6990342453
1321	0.6990975522
1322	0.6991662697
1323	0.6992404405
1324	0.6993201258
1325	0.6994053607
1326	0.6994961460
1327	0.6995924699
1328	0.6996943222
1329	0.6998016952
1330	0.6999145734
1331	0.7000329402
1332	0.7001567860
1333	0.7002861064
1334	0.7004208895
1335	0.7005610922
1336	0.7007066433
1337	0.7008574698
1338	0.7010135173
1339	0.7011747285
1340	0.7013410251
1341	0.7015123462
1342	0.7016886608
1343	0.7018699326
1344	0.7020561103
1345	0.7022471481
1346	0.7024430249
1347	0.7026437338
1348	0.7028492822
1349	0.7030597044
1350	0.7032750471
1351	0.7034953654
1352	0.7037207173
1353	0.7039511330
1354	0.7041866164
1355	0.7044271692
1356	0.7046727774
1357	0.7049234066
1358	0.7051790216
1359	0.7054395989
1360	0.7057051433
1361	0.7059756776
1362	0.7062512161
1363	0.7065317722
1364	0.7068173595
1365	0.7071079721
1366	0.7074035919
1367	0.7077042174
1368	0.7080098720
1369	0.7083205844
1370	0.7086363608
1371	0.7089571928
1372	0.7092830949
1373	0.7096141027
1374	0.7099502488
1375	0.7102915471
1376	0.7106379611
1377	0.7109894280
1378	0.7113459136
1379	0.7117074075
1380	0.7120739210
1381	0.7124454989
1382	0.7128221825
1383	0.7132039676
1384	0.7135908347
1385	0.7139827991
1386	0.7143798984
1387	0.7147821518
1388	0.7151895579
1389	0.7156021135
1390	0.7160198231
1391	0.7164427050
1392	0.7168707825
1393	0.7173040722
1394	0.7177425903
1395	0.7181863600
1396	0.7186353973
1397	0.7190896865
1398	0.7195491874
1399	0.7200138588
1400	0.7204836632
1401	0.7209585882
1402	0.7214386630
1403	0.7219239246
1404	0.7224143856
1405	0.7229100449
1406	0.7234109113
1407	0.7239169978
1408	0.7244283085
1409	0.7249448334
1410	0.7254665719
1411	0.7259935609
1412	0.7265258340
1413	0.7270633990
1414	0.7276062666
1415	0.7281544472
1416	0.7287079538
1417	0.7292668042
1418	0.7298310035
1419	0.7304005370
1420	0.7309753683
1421	0.7315554488
1422	0.7321407206
1423	0.7327311195
1424	0.7333265861
1425	0.7339270663
1426	0.7345325184
1427	0.7351429229
1428	0.7357582644
1429	0.7363784928
1430	0.7370035319
1431	0.7376333297
1432	0.7382678532
1433	0.7389070637
1434	0.7395509316
1435	0.7401994544
1436	0.7408526501
1437	0.7415105295
1438	0.7421730836
1439	0.7428402930
1440	0.7435121400
1441	0.7441886039
1442	0.7448696416
1443	0.7455551920
1444	0.7462452074
1445	0.7469396584
1446	0.7476385274
1447	0.7483418071
1448	0.7490494886
1449	0.7497615699
1450	0.7504780742
1451	0.7511990426
1452	0.7519245304
1453	0.7526545885
1454	0.7533892379
1455	0.7541284890
1456	0.7548723477
1457	0.7556207934
1458	0.7563737929
1459	0.7571313383
1460	0.7578934513
1461	0.7586601555
1462	0.7594314681
1463	0.7602074145
1464	0.7609880217
1465	0.7617732875
1466	0.7625631849
1467	0.7633576839
1468	0.7641567445
1469	0.7649603275
1470	0.7657683952
1471	0.7665808916
1472	0.7673977710
1473	0.7682190118
1474	0.7690445829
1475	0.7698744466
1476	0.7707085719
1477	0.7715469210
1478	0.7723894520
1479	0.7732361339
1480	0.7740869370
1481	0.7749418205
1482	0.7758007538
1483	0.7766637342
1484	0.7775307577
1485	0.7784017960
1486	0.7792768222
1487	0.7801558276
1488	0.7810388055
1489	0.7819257360
1490	0.7828165956
1491	0.7837113701
1492	0.7846100416
1493	0.7855125726
1494	0.7864189039
1495	0.7873289792
1496	0.7882427568
1497	0.7891601895
1498	0.7900812320
1499	0.7910058601
1500	0.7919340701
1501	0.7928658632
1502	0.7938012348
1503	0.7947401738
1504	0.7956826606
1505	0.7966286619
1506	0.7975781260
1507	0.7985310068
1508	0.7994872828
1509	0.8004469272
1510	0.8014099104
1511	0.8023762093
1512	0.8033457855
1513	0.8043185969
1514	0.8052946058
1515	0.8062737619
1516	0.8072559946
1517	0.8082412221
1518	0.8092293635
1519	0.8102203259
1520	0.8112139986
1521	0.8122102710
1522	0.8132090426
1523	0.8142102150
1524	0.8152136866
1525	0.8162193595
1526	0.8172271503
1527	0.8182369909
1528	0.8192488150
1529	0.8202625564
1530	0.8212781710
1531	0.8222956273
1532	0.8233148826
1533	0.8243358895
1534	0.8253586075
1535	0.8263829986
1536	0.8274090202
1537	0.8284366289
1538	0.8294657858
1539	0.8304964567
1540	0.8315286128
1541	0.8325622306
1542	0.8335972878
1543	0.8346337622
1544	0.8356716343
1545	0.8367108844
1546	0.8377514855
1547	0.8387933967
1548	0.8398365743
1549	0.8408809730
1550	0.8419265361
1551	0.8429732181
1552	0.8440209957
1553	0.8450698521
1554	0.8461197746
1555	0.8471707549
1556	0.8482227846
1557	0.8492758525
1558	0.8503299393
1559	0.8513850176
1560	0.8524410567
1561	0.8534980144
1562	0.8545558318
1563	0.8556144551
1564	0.8566738577
1565	0.8577340276
1566	0.8587949380
1567	0.8598565499
1568	0.8609188307
1569	0.8619817486
1570	0.8630452830
1571	0.8641094448
1572	0.8651742465
1573	0.8662396729
1574	0.8673056885
1575	0.8683722516
1576	0.8694393356
1577	0.8705069346
1578	0.8715750387
1579	0.8726436179
1580	0.8737126265
1581	0.8747820162
1582	0.8758517548
1583	0.8769218333
1584	0.8779922583
1585	0.8790630336
1586	0.8801341545
1587	0.8812056160
1588	0.8822774161
1589	0.8833495563
1590	0.8844220379
1591	0.8854948560
1592	0.8865680035
1593	0.8876414788
1594	0.8887152772
1595	0.8897893741
1596	0.8908637338
1597	0.8919383311
1598	0.8930131564
1599	0.8940882087
1600	0.8951634853
1601	0.8962389776
1602	0.8973146690
1603	0.8983905376
1604	0.8994665706
1605	0.9005427660
1606	0.9016191213
1607	0.9026956344
1608	0.9037723133
1609	0.9048491706
1610	0.9059262105
1611	0.9070034339
1612	0.9080808435
1613	0.9091584507
1614	0.9102362800
1615	0.9113143549
1616	0.9123926913
1617	0.9134712952
1618	0.9145501617
1619	0.9156292829
1620	0.9167086495
1621	0.9177882480
1622	0.9188680640
1623	0.9199480889
1624	0.9210283194
1625	0.9221087498
1626	0.9231893662
1627	0.9242701489
1628	0.9253510782
1629	0.9264321399
1630	0.9275133222
1631	0.9285946069
1632	0.9296759733
1633	0.9307574074
1634	0.9318388952
1635	0.9329204148
1636	0.9340019439
1637	0.9350834653
1638	0.9361649683
1639	0.9372464480
1640	0.9383279014
1641	0.9394093228
1642	0.9404907003
1643	0.9415720222
1644	0.9426532835
1645	0.9437344820
1646	0.9448156168
1647	0.9458966937
1648	0.9469777276
1649	0.9480587328
1650	0.9491397158
1651	0.9502206783
1652	0.9513016197
1653	0.9523825356
1654	0.9534634173
1655	0.9545442546
1656	0.9556250413
1657	0.9567057739
1658	0.9577864481
1659	0.9588670611
1660	0.9599476090
1661	0.9610280873
1662	0.9621084963
1663	0.9631888391
1664	0.9642691185
1665	0.9653493410
1666	0.9664295173
1667	0.9675096584
1668	0.9685897726
1669	0.9696698649
1670	0.9707499390
1671	0.9718299994
1672	0.9729100537
1673	0.9739901087
1674	0.9750701710
1675	0.9761502521
1676	0.9772303662
1677	0.9783105229
1678	0.9793907284
1679	0.9804709871
1680	0.9815513037
1681	0.9826316843
1682	0.9837121339
1683	0.9847926562
1684	0.9858732560
1685	0.9869539352
1686	0.9880346906
1687	0.9891155167
1688	0.9901964038
1689	0.9912773418
1690	0.9923583224
1691	0.9934393358
1692	0.9945203714
1693	0.9956014232
1694	0.9966824909
1695	0.9977635740
1696	0.9988446681
1697	0.9999257673
1698	1.0010068656
1699	1.0020879579
1700	1.0031690419
1701	1.0042501193
1702	1.0053311917
1703	1.0064122562
1704	1.0074933075
1705	1.0085743414
1706	1.0096553595
1707	1.0107363662
1708	1.0118173643
1709	1.0128983521
1710	1.0139793272
1711	1.0150602936
1712	1.0161412597
1713	1.0172222337
1714	1.0183032208
1715	1.0193842209
1716	1.0204652309
1717	1.0215462455
1718	1.0226272572
1719	1.0237082586
1720	1.0247892463
1721	1.0258702172
1722	1.0269511656
1723	1.0280320869
1724	1.0291129760
1725	1.0301938248
1726	1.0312746223
1727	1.0323553603
1728	1.0334360396
1729	1.0345166652
1730	1.0355972382
1731	1.0366777598
1732	1.0377582351
1733	1.0388386703
1734	1.0399190725
1735	1.0409994460
1736	1.0420797879
1737	1.0431600904
1738	1.0442403469
1739	1.0453205511
1740	1.0464006944
1741	1.0474807731
1742	1.0485607923
1743	1.0496407615
1744	1.0507206902
1745	1.0518005877
1746	1.0528804608
1747	1.0539603130
1748	1.0550401468
1749	1.0561199671
1750	1.0571997810
1751	1.0582795951
1752	1.0593594174
1753	1.0604392605
1754	1.0615191368
1755	1.0625990542
1756	1.0636790164
1757	1.0647590263
1758	1.0658390907
1759	1.0669192172
1760	1.0679994098
1761	1.0690796675
1762	1.0701599887
1763	1.0712403736
1764	1.0723208200
1765	1.0734013217
1766	1.0744818717
1767	1.0755624644
1768	1.0766430913
1769	1.0777237403
1770	1.0788043988
1771	1.0798850536
1772	1.0809656935
1773	1.0820463121
1774	1.0831269029
1775	1.0842074588
1776	1.0852879744
1777	1.0863684406
1778	1.0874488465
1779	1.0885291833
1780	1.0896094363
1781	1.0906895866
1782	1.0917696216
1783	1.0928495365
1784	1.0939293280
1785	1.0950089910
1786	1.0960885213
1787	1.0971679160
1788	1.0982471688
1789	1.0993262670
1790	1.1004051950
1791	1.1014839425
1792	1.1025625052
1793	1.1036408804
1794	1.1047190658
1795	1.1057970616
1796	1.1068748701
1797	1.1079524972
1798	1.1090299441
1799	1.1101072109
1800	1.1111843077
1801	1.1122612448
1802	1.1133380270
1803	1.1144146610
1804	1.1154911536
1805	1.1165675088
1806	1.1176437282
1807	1.1187198131
1808	1.1197957640
1809	1.1208715790
1810	1.1219472544
1811	1.1230227835
1812	1.1240981539
1813	1.1251733469
1814	1.1262483398
1815	1.1273231106
1816	1.1283976384
1817	1.1294718998
1818	1.1305458717
1819	1.1316195429
1820	1.1326929123
1821	1.1337659792
1822	1.1348387417
1823	1.1359111982
1824	1.1369833486
1825	1.1380551891
1826	1.1391267106
1827	1.1401979030
1828	1.1412687605
1829	1.1423392873
1830	1.1434094881
1831	1.1444793612
1832	1.1455489088
1833	1.1466181376
1834	1.1476870419
1835	1.1487555985
1836	1.1498237802
1837	1.1508915598
1838	1.1519589078
1839	1.1530257997
1840	1.1540922218
1841	1.1551581684
1842	1.1562236330
1843	1.1572886141
1844	1.1583531179
1845	1.1594171421
1846	1.1604806782
1847	1.1615437235
1848	1.1626062662
1849	1.1636682821
1850	1.1647297447
1851	1.1657906212
1852	1.1668508707
1853	1.1679104475
1854	1.1689693050
1855	1.1700274031
1856	1.1710847118
1857	1.1721412018
1858	1.1731968397
1859	1.1742515945
1860	1.1753054409
1861	1.1763583466
1862	1.1774102656
1863	1.1784611514
1864	1.1795109665
1865	1.1805596754
1866	1.1816072392
1867	1.1826536235
1868	1.1836988094
1869	1.1847427829
1870	1.1857855257
1871	1.1868270218
1872	1.1878672573
1873	1.1889062126
1874	1.1899438574
1875	1.1909801501
1876	1.1920150502
1877	1.1930485208
1878	1.1940805221
1879	1.1951110124
1880	1.1961399517
1881	1.1971673029
1882	1.1981930308
1883	1.1992171065
1884	1.2002395084
1885	1.2012602168
1886	1.2022792124
1887	1.2032964752
1888	1.2043119837
1889	1.2053257233
1890	1.2063376952
1891	1.2073479055
1892	1.2083563474
1893	1.2093629993
1894	1.2103678324
1895	1.2113708224
1896	1.2123719618
1897	1.2133712437
1898	1.2143686402
1899	1.2153641118
1900	1.2163576143
1901	1.2173491064
1902	1.2183385731
1903	1.2193260255
1904	1.2203114692
1905	1.2212948838
1906	1.2222762296
1907	1.2232554695
1908	1.2242325790
1909	1.2252075391
1910	1.2261803317
1911	1.2271509307
1912	1.2281192886
1913	1.2290853481
1914	1.2300490569
1915	1.2310103651
1916	1.2319692149
1917	1.2329255397
1918	1.2338792718
1919	1.2348303457
1920	1.2357787044
1921	1.2367242896
1922	1.2376670382
1923	1.2386069104
1924	1.2395438863
1925	1.2404779482
1926	1.2414090724
1927	1.2423372163
1928	1.2432623239
1929	1.2441843444
1930	1.2451032381
1931	1.2460189748
1932	1.2469315295
1933	1.2478408743
1934	1.2487469793
1935	1.2496498160
1936	1.2505493524
1937	1.2514455544
1938	1.2523383879
1939	1.2532278195
1940	1.2541138213
1941	1.2549963684
1942	1.2558754243
1943	1.2567509266
1944	1.2576228061
1945	1.2584910114
1946	1.2593554998
1947	1.2602162269
1948	1.2610731565
1949	1.2619262634
1950	1.2627755213
1951	1.2636208984
1952	1.2644623685
1953	1.2652999076
1954	1.2661334886
1955	1.2669630898
1956	1.2677886952
1957	1.2686102863
1958	1.2694278362
1959	1.2702413099
1960	1.2710506723
1961	1.2718558937
1962	1.2726569449
1963	1.2734537936
1964	1.2742464142
1965	1.2750347941
1966	1.2758189221
1967	1.2765987747
1968	1.2773743172
1969	1.2781455135
1970	1.2789123301
1971	1.2796747404
1972	1.2804327233
1973	1.2811862497
1974	1.2819352853
1975	1.2826797999
1976	1.2834197620
1977	1.2841551380
1978	1.2848858968
1979	1.2856120119
1980	1.2863334618
1981	1.2870502237
1982	1.2877622666
1983	1.2884695523
1984	1.2891720380
1985	1.2898696786
1986	1.2905624296
1987	1.2912502476
1988	1.2919330946
1989	1.2926109412
1990	1.2932837618
1991	1.2939515319
1992	1.2946142267
1993	1.2952718258
1994	1.2959243134
1995	1.2965716742
1996	1.2972138907
1997	1.2978509450
1998	1.2984828225
1999	1.2991095069
2000	1.2997309760
2001	1.3003472061
2002	1.3009581734
2003	1.3015638561
2004	1.3021642400
2005	1.3027593195
2006	1.3033490961
2007	1.3039335780
2008	1.3045127822
2009	1.3050867328
2010	1.3056554490
2011	1.3062189387
2012	1.3067772060
2013	1.3073302614
2014	1.3078781197
2015	1.3084207983
2016	1.3089583221
2017	1.3094907225
2018	1.3100180302
2019	1.3105402743
2020	1.3110574813
2021	1.3115696741
2022	1.3120768746
2023	1.3125791031
2024	1.3130763763
2025	1.3135687134
2026	1.3140561460
2027	1.3145387140
2028	1.3150164603
2029	1.3154894247
2030	1.3159576381
2031	1.3164211285
2032	1.3168799305
2033	1.3173340853
2034	1.3177836335
2035	1.3182286073
2036	1.3186690278
2037	1.3191049088
2038	1.3195362584
2039	1.3199630847
2040	1.3203854012
2041	1.3208032221
2042	1.3212165583
2043	1.3216254178
2044	1.3220298106
2045	1.3224297527
2046	1.3228252581
2047	1.3232163330
2048	1.3236029828
2049	1.3239852188
2050	1.3243630497
2051	1.3247364763
2052	1.3251054986
2053	1.3254701174
2054	1.3258303301
2055	1.3261861315
2056	1.3265375103
2057	1.3268844483
2058	1.3272269211
2059	1.3275649017
2060	1.3278983643
2061	1.3282272852
2062	1.3285516411
2063	1.3288714087
2064	1.3291865588
2065	1.3294970545
2066	1.3298028586
2067	1.3301039331
2068	1.3304002332
2069	1.3306917119
2070	1.3309783263
2071	1.3312600347
2072	1.3315367934
2073	1.3318085577
2074	1.3320752851
2075	1.3323369389
2076	1.3325934938
2077	1.3328449327
2078	1.3330912424
2079	1.3333324125
2080	1.3335684350
2081	1.3337993045
2082	1.3340250198
2083	1.3342455845
2084	1.3344610062
2085	1.3346712972
2086	1.3348764729
2087	1.3350765471
2088	1.3352715306
2089	1.3354614348
2090	1.3356462737
2091	1.3358260624
2092	1.3360008161
2093	1.3361705487
2094	1.3363352788
2095	1.3364950312
2096	1.3366498318
2097	1.3367997042
2098	1.3369446684
2099	1.3370847382
2100	1.3372199260
2101	1.3373502503
2102	1.3374757358
2103	1.3375964081
2104	1.3377122913
2105	1.3378234078
2106	1.3379297759
2107	1.3380314093
2108	1.3381283188
2109	1.3382205127
2110	1.3383079971
2111	1.3383907762
2112	1.3384688500
2113	1.3385422156
2114	1.3386108691
2115	1.3386748053
2116	1.3387340197
2117	1.3387885090
2118	1.3388382707
2119	1.3388833026
2120	1.3389235989
2121	1.3389591505
2122	1.3389899516
2123	1.3390160024
2124	1.3390373104
2125	1.3390538874
2126	1.3390657452
2127	1.3390728957
2128	1.3390753494
2129	1.3390731138
2130	1.3390661960
2131	1.3390546054
2132	1.3390383532
2133	1.3390174536
2134	1.3389919261
2135	1.3389617913
2136	1.3389270641
2137	1.3388877537
2138	1.3388438682
2139	1.3387954185
2140	1.3387424150
2141	1.3386848636
2142	1.3386227664
2143	1.3385561254
2144	1.3384849435
2145	1.3384092189
2146	1.3383289457
2147	1.3382441216
2148	1.3381547456
2149	1.3380608129
2150	1.3379623176
2151	1.3378592617
2152	1.3377516559
2153	1.3376395179
2154	1.3375228723
2155	1.3374017461
2156	1.3372761666
2157	1.3371461581
2158	1.3370117412
2159	1.3368729355
2160	1.3367297610
2161	1.3365822332
2162	1.3364303631
2163	1.3362741690
2164	1.3361136840
2165	1.3359489525
2166	1.3357800209
2167	1.3356069295
2168	1.3354297112
2169	1.3352483950
2170	1.3350630074
2171	1.3348735773
2172	1.3346801376
2173	1.3344827128
2174	1.3342813179
2175	1.3340759695
2176	1.3338666842
2177	1.3336534755
2178	1.3334363563
2179	1.3332153504
2180	1.3329904946
2181	1.3327618271
2182	1.3325293880
2183	1.3322932214
2184	1.3320533689
2185	1.3318098703
2186	1.3315627674
2187	1.3313121051
2188	1.3310579340
2189	1.3308003104
2190	1.3305392880
2191	1.3302749155
2192	1.3300072440
2193	1.3297363260
2194	1.3294622074
2195	1.3291849244
2196	1.3289045096
2197	1.3286210010
2198	1.3283344399
2199	1.3280448650
2200	1.3277523163
2201	1.3274568339
2202	1.3271584598
2203	1.3268572399
2204	1.3265532155
2205	1.3262464238
2206	1.3259369033
2207	1.3256246900
2208	1.3253098247
2209	1.3249923577
2210	1.3246723408
2211	1.3243498221
2212	1.3240248444
2213	1.3236974446
2214	1.3233676569
2215	1.3230355159
2216	1.3227010638
2217	1.3223643491
2218	1.3220254151
2219	1.3216842939
2220	1.3213410109
2221	1.3209955946
2222	1.3206480780
2223	1.3202985014
2224	1.3199469094
2225	1.3195933374
2226	1.3192378114
2227	1.3188803669
2228	1.3185210565
2229	1.3181599363
2230	1.3177970539
2231	1.3174324410
2232	1.3170661193
2233	1.3166981228
2234	1.3163285064
2235	1.3159573335
2236	1.3155846715
2237	1.3152105926
2238	1.3148351640
2239	1.3144584489
2240	1.3140805260
2241	1.3137014880
2242	1.3133214238
2243	1.3129404116
2244	1.3125585248
2245	1.3121758342
2246	1.3117923974
2247	1.3114082532
2248	1.3110234354
2249	1.3106379856
2250	1.3102519522
2251	1.3098653853
2252	1.3094783344
2253	1.3090908382
2254	1.3087029172
2255	1.3083145893
2256	1.3079258795
2257	1.3075368091
2258	1.3071473910
2259	1.3067576252
2260	1.3063675019
2261	1.3059770209
2262	1.3055861933
2263	1.3051950377
2264	1.3048035801
2265	1.3044118481
2266	1.3040198725
2267	1.3036276863
2268	1.3032353123
2269	1.3028427576
2270	1.3024500226
2271	1.3020571183
2272	1.3016640790
2273	1.3012709445
2274	1.3008777429
2275	1.3004844942
2276	1.3000912194
2277	1.2996979402
2278	1.2993046725
2279	1.2989114293
2280	1.2985182260
2281	1.2981250843
2282	1.2977320259
2283	1.2973390627
2284	1.2969461984
2285	1.2965534252
2286	1.2961607264
2287	1.2957680898
2288	1.2953755133
2289	1.2949829901
2290	1.2945904941
2291	1.2941979983
2292	1.2938054878
2293	1.2934129452
2294	1.2930203483
2295	1.2926276837
2296	1.2922349499
2297	1.2918421548
2298	1.2914493123
2299	1.2910564291
2300	1.2906635035
2301	1.2902705341
2302	1.2898775230
2303	1.2894844778
2304	1.2890914125
2305	1.2886983440
2306	1.2883052895
2307	1.2879122635
2308	1.2875192732
2309	1.2871263142
2310	1.2867333681
2311	1.2863404071
2312	1.2859474141
2313	1.2855543862
2314	1.2851613181
2315	1.2847682016
2316	1.2843750338
2317	1.2839818113
2318	1.2835885253
2319	1.2831951662
2320	1.2828017191
2321	1.2824081706
2322	1.2820145249
2323	1.2816207888
2324	1.2812269572
2325	1.2808330218
2326	1.2804389811
2327	1.2800448380
2328	1.2796505894
2329	1.2792562328
2330	1.2788617745
2331	1.2784672223
2332	1.2780725828
2333	1.2776778537
2334	1.2772830229
2335	1.2768880779
2336	1.2764930031
2337	1.2760977794
2338	1.2757023891
2339	1.2753068124
2340	1.2749110311
2341	1.2745150409
2342	1.2741188466
2343	1.2737224452
2344	1.2733258288
2345	1.2729290017
2346	1.2725319863
2347	1.2721348131
2348	1.2717375121
2349	1.2713401155
2350	1.2709426521
2351	1.2705451331
2352	1.2701475519
2353	1.2697498942
2354	1.2693521443
2355	1.2689542876
2356	1.2685562991
2357	1.2681581441
2358	1.2677597952
2359	1.2673612333
2360	1.2669624487
2361	1.2665634343
2362	1.2661641665
2363	1.2657646073
2364	1.2653647184
2365	1.2649644741
2366	1.2645638621
2367	1.2641628706
2368	1.2637614852
2369	1.2633596939
2370	1.2629574776
2371	1.2625548072
2372	1.2621516568
2373	1.2617480058
2374	1.2613438333
2375	1.2609391274
2376	1.2605338875
2377	1.2601281143
2378	1.2597218087
2379	1.2593149754
2380	1.2589076125
2381	1.2584997093
2382	1.2580912612
2383	1.2576822689
2384	1.2572727270
2385	1.2568626248
2386	1.2564519588
2387	1.2560407382
2388	1.2556289811
2389	1.2552167042
2390	1.2548039176
2391	1.2543906275
2392	1.2539768365
2393	1.2535625442
2394	1.2531477493
2395	1.2527324467
2396	1.2523166290
2397	1.2519002900
2398	1.2514834219
2399	1.2510660126
2400	1.2506480465
2401	1.2502295066
2402	1.2498103823
2403	1.2493906709
2404	1.2489703697
2405	1.2485494764
2406	1.2481279899
2407	1.2477059016
2408	1.2472831909
2409	1.2468598352
2410	1.2464358151
2411	1.2460111035
2412	1.2455856662
2413	1.2451594757
2414	1.2447325154
2415	1.2443047714
2416	1.2438762194
2417	1.2434468302
2418	1.2430165827
2419	1.2425854588
2420	1.2421534352
2421	1.2417204842
2422	1.2412865738
2423	1.2408516718
2424	1.2404157469
2425	1.2399787671
2426	1.2395407030
2427	1.2391015318
2428	1.2386612392
2429	1.2382198091
2430	1.2377772171
2431	1.2373334352
2432	1.2368884372
2433	1.2364422015
2434	1.2359947112
2435	1.2355459518
2436	1.2350959071
2437	1.2346445630
2438	1.2341919089
2439	1.2337379307
2440	1.2332826092
2441	1.2328259244
2442	1.2323678572
2443	1.2319083896
2444	1.2314475096
2445	1.2309852117
2446	1.2305214930
2447	1.2300563508
2448	1.2295897836
2449	1.2291217919
2450	1.2286523783
2451	1.2281815460
2452	1.2277092949
2453	1.2272356319
2454	1.2267605792
2455	1.2262841606
2456	1.2258063954
2457	1.2253273027
2458	1.2248469012
2459	1.2243652035
2460	1.2238822148
2461	1.2233979374
2462	1.2229123741
2463	1.2224255296
2464	1.2219374127
2465	1.2214480367
2466	1.2209574133
2467	1.2204655561
2468	1.2199724877
2469	1.2194782304
2470	1.2189828010
2471	1.2184862190
2472	1.2179885047
2473	1.2174896711
2474	1.2169897251
2475	1.2164886744
2476	1.2159865301
2477	1.2154833081
2478	1.2149790230
2479	1.2144736833
2480	1.2139672980
2481	1.2134598700
2482	1.2129513909
2483	1.2124418519
2484	1.2119312435
2485	1.2114195522
2486	1.2109067683
2487	1.2103928902
2488	1.2098779212
2489	1.2093618637
2490	1.2088447195
2491	1.2083264866
2492	1.2078071531
2493	1.2072866965
2494	1.2067650857
2495	1.2062422860
2496	1.2057182697
2497	1.2051930138
2498	1.2046664924
2499	1.2041386783
2500	1.2036095494
2501	1.2030790964
2502	1.2025473172
2503	1.2020142048
2504	1.2014797513
2505	1.2009439572
2506	1.2004068245
2507	1.1998683467
2508	1.1993285118
2509	1.1987873146
2510	1.1982447602
2511	1.1977008597
2512	1.1971556233
2513	1.1966090608
2514	1.1960611813
2515	1.1955119922
2516	1.1949614994
2517	1.1944096996
2518	1.1938565901
2519	1.1933021758
2520	1.1927464546
2521	1.1921894169
2522	1.1916310548
2523	1.1910713621
2524	1.1905103302
2525	1.1899479489
2526	1.1893842209
2527	1.1888191570
2528	1.1882527590
2529	1.1876850333
2530	1.1871159954
2531	1.1865456568
2532	1.1859740327
2533	1.1854011510
2534	1.1848270482
2535	1.1842517640
2536	1.1836753268
2537	1.1830977499
2538	1.1825190480
2539	1.1819392376
2540	1.1813583242
2541	1.1807763035
2542	1.1801931642
2543	1.1796088849
2544	1.1790234455
2545	1.1784368441
2546	1.1778490924
2547	1.1772602067
2548	1.1766702038
2549	1.1760790877
2550	1.1754868488
2551	1.1748934882
2552	1.1742990277
2553	1.1737034916
2554	1.1731068899
2555	1.1725092227
2556	1.1719104920
2557	1.1713107041
2558	1.1707098759
2559	1.1701080400
2560	1.1695052240
2561	1.1689014215
2562	1.1682966045
2563	1.1676907568
2564	1.1670838901
2565	1.1664760401
2566	1.1658672457
2567	1.1652575410
2568	1.1646469659
2569	1.1640355663
2570	1.1634233841
2571	1.1628104618
2572	1.1621968451
2573	1.1615825817
2574	1.1609677168
2575	1.1603522881
2576	1.1597363214
2577	1.1591198259
2578	1.1585028009
2579	1.1578852512
2580	1.1572672027
2581	1.1566486962
2582	1.1560297739
2583	1.1554104785
2584	1.1547908377
2585	1.1541708712
2586	1.1535506150
2587	1.1529301109
2588	1.1523093896
2589	1.1516884704
2590	1.1510673685
2591	1.1504461048
2592	1.1498247029
2593	1.1492031801
2594	1.1485815476
2595	1.1479598182
2596	1.1473380130
2597	1.1467161533
2598	1.1460942441
2599	1.1454722786
2600	1.1448502554
2601	1.1442281897
2602	1.1436061136
2603	1.1429840662
2604	1.1423620879
2605	1.1417402169
2606	1.1411184774
2607	1.1404968859
2608	1.1398754719
2609	1.1392542651
2610	1.1386332734
2611	1.1380125067
2612	1.1373919937
2613	1.1367717582
2614	1.1361518000
2615	1.1355321062
2616	1.1349126675
2617	1.1342934852
2618	1.1336745769
2619	1.1330559626
2620	1.1324376520
2621	1.1318196523
2622	1.1312019636
2623	1.1305845722
2624	1.1299674563
2625	1.1293505976
2626	1.1287339946
2627	1.1281176651
2628	1.1275016408
2629	1.1268859583
2630	1.1262706484
2631	1.1256557439
2632	1.1250412944
2633	1.1244273587
2634	1.1238139871
2635	1.1232012247
2636	1.1225891179
2637	1.1219777142
2638	1.1213670550
2639	1.1207571659
2640	1.1201480724
2641	1.1195398108
2642	1.1189324245
2643	1.1183259699
2644	1.1177205078
2645	1.1171160825
2646	1.1165127249
2647	1.1159104659
2648	1.1153093255
2649	1.1147093094
2650	1.1141104194
2651	1.1135126627
2652	1.1129160656
2653	1.1123206684
2654	1.1117265007
2655	1.1111335867
2656	1.1105419570
2657	1.1099516407
2658	1.1093626677
2659	1.1087750769
2660	1.1081889157
2661	1.1076042342
2662	1.1070210775
2663	1.1064394927
2664	1.1058595192
2665	1.1052811761
2666	1.1047044754
2667	1.1041294413
2668	1.1035561081
2669	1.1029845002
2670	1.1024146479
2671	1.1018466101
2672	1.1012804495
2673	1.1007162063
2674	1.1001539014
2675	1.0995935503
2676	1.0990351742
2677	1.0984788056
2678	1.0979244722
2679	1.0973721839
2680	1.0968219476
2681	1.0962737707
2682	1.0957276512
2683	1.0951835876
2684	1.0946415965
2685	1.0941017041
2686	1.0935639180
2687	1.0930282299
2688	1.0924946288
2689	1.0919630953
2690	1.0914336139
2691	1.0909061769
2692	1.0903807653
2693	1.0898573519
2694	1.0893359203
2695	1.0888164818
2696	1.0882990676
2697	1.0877836985
2698	1.0872703820
2699	1.0867591232
2700	1.0862499282
2701	1.0857428025
2702	1.0852377479
2703	1.0847347705
2704	1.0842338854
2705	1.0837351138
2706	1.0832384818
2707	1.0827439949
2708	1.0822516301
2709	1.0817613687
2710	1.0812731929
2711	1.0807870719
2712	1.0803029848
2713	1.0798209271
2714	1.0793408932
2715	1.0788628678
2716	1.0783868257
2717	1.0779127411
2718	1.0774405968
2719	1.0769703691
2720	1.0765020172
2721	1.0760355033
2722	1.0755708064
2723	1.0751079165
2724	1.0746468257
2725	1.0741875272
2726	1.0737300122
2727	1.0732742668
2728	1.0728202720
2729	1.0723680019
2730	1.0719174246
2731	1.0714685100
2732	1.0710212479
2733	1.0705756500
2734	1.0701317338
2735	1.0696895146
2736	1.0692490088
2737	1.0688102365
2738	1.0683732157
2739	1.0679379486
2740	1.0675044177
2741	1.0670726133
2742	1.0666425415
2743	1.0662142053
2744	1.0657876097
2745	1.0653627581
2746	1.0649396399
2747	1.0645182335
2748	1.0640985259
2749	1.0636805329
2750	1.0632642861
2751	1.0628498143
2752	1.0624371436
2753	1.0620262951
2754	1.0616172832
2755	1.0612101227
2756	1.0608048297
2757	1.0604014064
2758	1.0599998441
2759	1.0596001394
2760	1.0592022897
2761	1.0588062879
2762	1.0584121339
2763	1.0580198395
2764	1.0576294226
2765	1.0572408860
2766	1.0568542133
2767	1.0564693936
2768	1.0560864231
2769	1.0557052956
2770	1.0553260019
2771	1.0549485246
2772	1.0545728480
2773	1.0541989649
2774	1.0538268580
2775	1.0534564933
2776	1.0530878389
2777	1.0527208824
2778	1.0523556217
2779	1.0519920565
2780	1.0516301889
2781	1.0512700239
2782	1.0509115772
2783	1.0505548735
2784	1.0501999248
2785	1.0498467250
2786	1.0494952681
2787	1.0491455343
2788	1.0487974806
2789	1.0484510749
2790	1.0481063040
2791	1.0477631580
2792	1.0474216343
2793	1.0470817503
2794	1.0467435329
2795	1.0464069917
2796	1.0460721128
2797	1.0457388755
2798	1.0454072694
2799	1.0450772896
2800	1.0447489243
2801	1.0444221587
2802	1.0440969735
2803	1.0437733421
2804	1.0434512402
2805	1.0431306493
2806	1.0428115526
2807	1.0424939383
2808	1.0421778060
2809	1.0418631561
2810	1.0415499811
2811	1.0412382717
2812	1.0409280328
2813	1.0406192747
2814	1.0403119919
2815	1.0400061726
2816	1.0397018180
2817	1.0393989391
2818	1.0390975421
2819	1.0387976230
2820	1.0384991775
2821	1.0382021982
2822	1.0379066627
2823	1.0376125461
2824	1.0373198264
2825	1.0370284710
2826	1.0367384377
2827	1.0364496681
2828	1.0361620908
2829	1.0358756458
2830	1.0355902907
2831	1.0353059915
2832	1.0350227286
2833	1.0347405005
2834	1.0344593079
2835	1.0341791545
2836	1.0339000446
2837	1.0336219739
2838	1.0333449356
2839	1.0330689239
2840	1.0327939389
2841	1.0325199803
2842	1.0322470323
2843	1.0319750698
2844	1.0317040624
2845	1.0314339735
2846	1.0311647662
2847	1.0308963907
2848	1.0306287770
2849	1.0303618512
2850	1.0300955479
2851	1.0298297988
2852	1.0295645330
2853	1.0292996948
2854	1.0290352443
2855	1.0287711532
2856	1.0285074059
2857	1.0282439767
2858	1.0279808193
2859	1.0277178832
2860	1.0274551185
2861	1.0271924685
2862	1.0269298869
2863	1.0266673537
2864	1.0264048585
2865	1.0261423830
2866	1.0258799050
2867	1.0256174169
2868	1.0253549221
2869	1.0250924127
2870	1.0248298635
2871	1.0245672370
2872	1.0243044899
2873	1.0240415768
2874	1.0237784585
2875	1.0235151101
2876	1.0232515065
2877	1.0229876049
2878	1.0227233487
2879	1.0224586780
2880	1.0221935505
2881	1.0219279469
2882	1.0216618475
2883	1.0213952206
2884	1.0211280180
2885	1.0208601874
2886	1.0205916949
2887	1.0203225263
2888	1.0200526713
2889	1.0197821084
2890	1.0195108042
2891	1.0192387229
2892	1.0189658363
2893	1.0186921315
2894	1.0184175926
2895	1.0181421856
2896	1.0178658745
2897	1.0175886302
2898	1.0173104224
2899	1.0170312248
2900	1.0167510175
2901	1.0164697877
2902	1.0161875260
2903	1.0159042155
2904	1.0156198344
2905	1.0153343558
2906	1.0150477387
2907	1.0147599418
2908	1.0144709454
2909	1.0141807417
2910	1.0138893133
2911	1.0135966275
2912	1.0133026391
2913	1.0130072991
2914	1.0127105599
2915	1.0124123774
2916	1.0121127118
2917	1.0118115268
2918	1.0115087900
2919	1.0112044675
2920	1.0108985211
2921	1.0105909170
2922	1.0102816222
2923	1.0099705981
2924	1.0096578115
2925	1.0093432457
2926	1.0090268874
2927	1.0087087145
2928	1.0083887074
2929	1.0080668566
2930	1.0077431626
2931	1.0074176269
2932	1.0070902459
2933	1.0067610138
2934	1.0064299239
2935	1.0060969668
2936	1.0057621309
2937	1.0054253980
2938	1.0050867497
2939	1.0047461741
2940	1.0044036629
2941	1.0040592081
2942	1.0037127980
2943	1.0033644221
2944	1.0030140812
2945	1.0026617893
2946	1.0023075649
2947	1.0019514182
2948	1.0015933422
2949	1.0012333150
2950	1.0008713160
2951	1.0005073293
2952	1.0001413351
2953	0.9997733150
2954	0.9994032559
2955	0.9990311465
2956	0.9986569667
2957	0.9982806844
2958	0.9979022634
2959	0.9975216618
2960	0.9971388392
2961	0.9967537712
2962	0.9963664323
2963	0.9959767818
2964	0.9955847869
2965	0.9951904324
2966	0.9947937001
2967	0.9943945652
2968	0.9939930098
2969	0.9935890331
2970	0.9931826462
2971	0.9927738607
2972	0.9923626863
2973	0.9919491369
2974	0.9915332344
2975	0.9911150040
2976	0.9906944719
2977	0.9902716696
2978	0.9898466320
2979	0.9894194044
2980	0.9889900408
2981	0.9885585880
2982	0.9881250844
2983	0.9876895640
2984	0.9872520531
2985	0.9868125797
2986	0.9863711792
2987	0.9859278794
2988	0.9854826970
2989	0.9850356477
2990	0.9845867503
2991	0.9841360221
2992	0.9836834777
2993	0.9832291373
2994	0.9827730349
2995	0.9823152119
2996	0.9818557014
2997	0.9813945258
2998	0.9809316979
2999	0.9804672239
