0	1.2500000087
1	1.2501987164
2	1.2503970615
3	1.2505950467
4	1.2507926764
5	1.2509899559
6	1.2511868910
7	1.2513834884
8	1.2515797551
9	1.2517756985
10	1.2519713263
11	1.2521666464
12	1.2523616666
13	1.2525563948
14	1.2527508391
15	1.2529450070
16	1.2531389062
17	1.2533325440
18	1.2535259273
19	1.2537190630
20	1.2539119571
21	1.2541046156
22	1.2542970439
23	1.2544892467
24	1.2546812285
25	1.2548729930
26	1.2550645433
27	1.2552558821
28	1.2554470112
29	1.2556379319
30	1.2558286448
31	1.2560191499
32	1.2562094465
33	1.2563995330
34	1.2565894075
35	1.2567790672
36	1.2569685084
37	1.2571577272
38	1.2573467186
39	1.2575354771
40	1.2577239966
41	1.2579122701
42	1.2581002902
43	1.2582880487
44	1.2584755369
45	1.2586627455
46	1.2588496645
47	1.2590362834
48	1.2592225911
49	1.2594085760
50	1.2595942258
51	1.2597795281
52	1.2599644695
53	1.2601490365
54	1.2603332149
55	1.2605169903
56	1.2607003477
57	1.2608832716
58	1.2610657465
59	1.2612477561
60	1.2614292839
61	1.2616103133
62	1.2617908269
63	1.2619708073
64	1.2621502365
65	1.2623290967
66	1.2625073700
67	1.2626850383
68	1.2628620826
69	1.2630384833
70	1.2632142204
71	1.2633892739
72	1.2635636244
73	1.2637372520
74	1.2639101367
75	1.2640822585
76	1.2642535973
77	1.2644241319
78	1.2645938403
79	1.2647627002
80	1.2649306895
81	1.2650977856
82	1.2652639659
83	1.2654292080
84	1.2655934896
85	1.2657567884
86	1.2659190822
87	1.2660803491
88	1.2662405664
89	1.2663997108
90	1.2665577589
91	1.2667146867
92	1.2668704691
93	1.2670250799
94	1.2671784931
95	1.2673306816
96	1.2674816179
97	1.2676312740
98	1.2677796223
99	1.2679266347
100	1.2680722833
101	1.2682165407
102	1.2683593793
103	1.2685007723
104	1.2686406929
105	1.2687791144
106	1.2689160101
107	1.2690513538
108	1.2691851181
109	1.2693172752
110	1.2694477975
111	1.2695766558
112	1.2697038203
113	1.2698292607
114	1.2699529460
115	1.2700748435
116	1.2701949201
117	1.2703131419
118	1.2704294737
119	1.2705438802
120	1.2706563259
121	1.2707667738
122	1.2708751870
123	1.2709815289
124	1.2710857631
125	1.2711878544
126	1.2712877671
127	1.2713854637
128	1.2714809059
129	1.2715740569
130	1.2716648842
131	1.2717533593
132	1.2718394539
133	1.2719231342
134	1.2720043617
135	1.2720830976
136	1.2721593091
137	1.2722329706
138	1.2723040587
139	1.2723725482
140	1.2724384125
141	1.2725016238
142	1.2725621523
143	1.2726199654
144	1.2726750283
145	1.2727273093
146	1.2727767825
147	1.2728234242
148	1.2728672114
149	1.2729081234
150	1.2729461400
151	1.2729812395
152	1.2730133959
153	1.2730425792
154	1.2730687600
155	1.2730919079
156	1.2731119899
157	1.2731289761
158	1.2731428406
159	1.2731535593
160	1.2731611105
161	1.2731654743
162	1.2731666329
163	1.2731645686
164	1.2731592600
165	1.2731506848
166	1.2731388201
167	1.2731236380
168	1.2731051089
169	1.2730832031
170	1.2730578898
171	1.2730291388
172	1.2729969208
173	1.2729612100
174	1.2729219837
175	1.2728792200
176	1.2728329010
177	1.2727830122
178	1.2727295388
179	1.2726724675
180	1.2726117861
181	1.2725474814
182	1.2724795389
183	1.2724079429
184	1.2723326773
185	1.2722537240
186	1.2721710634
187	1.2720846776
188	1.2719945487
189	1.2719006589
190	1.2718029932
191	1.2717015375
192	1.2715962800
193	1.2714872142
194	1.2713743395
195	1.2712576593
196	1.2711371778
197	1.2710128986
198	1.2708848264
199	1.2707529700
200	1.2706173476
201	1.2704779831
202	1.2703348964
203	1.2701881005
204	1.2700376028
205	1.2698834103
206	1.2697255365
207	1.2695639981
208	1.2693988112
209	1.2692299897
210	1.2690575467
211	1.2688814942
212	1.2687018382
213	1.2685185809
214	1.2683317263
215	1.2681412824
216	1.2679472640
217	1.2677496889
218	1.2675485756
219	1.2673439476
220	1.2671358285
221	1.2669242396
222	1.2667091997
223	1.2664907269
224	1.2662688427
225	1.2660435696
226	1.2658149322
227	1.2655829603
228	1.2653476869
229	1.2651091476
230	1.2648673749
231	1.2646223966
232	1.2643742389
233	1.2641229219
234	1.2638684609
235	1.2636108692
236	1.2633501587
237	1.2630863406
238	1.2628194233
239	1.2625494163
240	1.2622763312
241	1.2620001788
242	1.2617209693
243	1.2614387103
244	1.2611534090
245	1.2608650710
246	1.2605736971
247	1.2602792881
248	1.2599818437
249	1.2596813618
250	1.2593778439
251	1.2590712952
252	1.2587617238
253	1.2584491383
254	1.2581335484
255	1.2578149714
256	1.2574934323
257	1.2571689629
258	1.2568415954
259	1.2565113526
260	1.2561782460
261	1.2558422837
262	1.2555034906
263	1.2551619111
264	1.2548175902
265	1.2544705527
266	1.2541207936
267	1.2537682993
268	1.2534130805
269	1.2530551811
270	1.2526946573
271	1.2523315464
272	1.2519658620
273	1.2515976105
274	1.2512268014
275	1.2508534442
276	1.2504775415
277	1.2500990976
278	1.2497181316
279	1.2493346726
280	1.2489487400
281	1.2485603263
282	1.2481694096
283	1.2477759725
284	1.2473800015
285	1.2469814819
286	1.2465804011
287	1.2461767648
288	1.2457705969
289	1.2453619196
290	1.2449507428
291	1.2445370683
292	1.2441209006
293	1.2437022415
294	1.2432810817
295	1.2428574128
296	1.2424312430
297	1.2420025964
298	1.2415714962
299	1.2411379635
300	1.2407020290
301	1.2402637243
302	1.2398230684
303	1.2393800670
304	1.2389347270
305	1.2384870632
306	1.2380370874
307	1.2375848127
308	1.2371302679
309	1.2366734985
310	1.2362145543
311	1.2357534811
312	1.2352903318
313	1.2348251626
314	1.2343580164
315	1.2338889211
316	1.2334179028
317	1.2329449888
318	1.2324701954
319	1.2319935355
320	1.2315150327
321	1.2310347169
322	1.2305526161
323	1.2300687592
324	1.2295831866
325	1.2290959412
326	1.2286070532
327	1.2281165445
328	1.2276244337
329	1.2271307321
330	1.2266354415
331	1.2261385663
332	1.2256401181
333	1.2251400997
334	1.2246385085
335	1.2241353536
336	1.2236306591
337	1.2231244521
338	1.2226167605
339	1.2221076186
340	1.2215970558
341	1.2210850920
342	1.2205717436
343	1.2200570227
344	1.2195409287
345	1.2190234501
346	1.2185045798
347	1.2179843128
348	1.2174626327
349	1.2169395216
350	1.2164149723
351	1.2158889834
352	1.2153615533
353	1.2148326883
354	1.2143024069
355	1.2137707282
356	1.2132376741
357	1.2127032715
358	1.2121675415
359	1.2116304967
360	1.2110921506
361	1.2105525172
362	1.2100115984
363	1.2094693940
364	1.2089259137
365	1.2083811691
366	1.2078351681
367	1.2072879247
368	1.2067394660
369	1.2061898195
370	1.2056390139
371	1.2050870874
372	1.2045340817
373	1.2039800385
374	1.2034250031
375	1.2028690231
376	1.2023121399
377	1.2017543927
378	1.2011958206
379	1.2006364496
380	1.2000762984
381	1.1995153911
382	1.1989537491
383	1.1983913822
384	1.1978282988
385	1.1972645127
386	1.1967000372
387	1.1961348977
388	1.1955691422
389	1.1950028241
390	1.1944359844
391	1.1938686561
392	1.1933008802
393	1.1927327175
394	1.1921642545
395	1.1915955840
396	1.1910267683
397	1.1904578373
398	1.1898888138
399	1.1893197363
400	1.1887506690
401	1.1881816873
402	1.1876128434
403	1.1870441550
404	1.1864756361
405	1.1859073079
406	1.1853391826
407	1.1847712680
408	1.1842035827
409	1.1836361595
410	1.1830690420
411	1.1825022748
412	1.1819358796
413	1.1813698582
414	1.1808042236
415	1.1802390059
416	1.1796742371
417	1.1791099471
418	1.1785461732
419	1.1779829600
420	1.1774203481
421	1.1768583552
422	1.1762969669
423	1.1757361635
424	1.1751759364
425	1.1746162709
426	1.1740571450
427	1.1734985485
428	1.1729404842
429	1.1723829524
430	1.1718259450
431	1.1712694408
432	1.1707134117
433	1.1701578418
434	1.1696027190
435	1.1690480236
436	1.1684937497
437	1.1679399214
438	1.1673865709
439	1.1668337236
440	1.1662814096
441	1.1657296634
442	1.1651785151
443	1.1646279815
444	1.1640780692
445	1.1635287925
446	1.1629801769
447	1.1624322457
448	1.1618850190
449	1.1613385313
450	1.1607928220
451	1.1602479166
452	1.1597038313
453	1.1591605780
454	1.1586181620
455	1.1580765784
456	1.1575358079
457	1.1569958270
458	1.1564566299
459	1.1559182246
460	1.1553806161
461	1.1548438221
462	1.1543078767
463	1.1537728051
464	1.1532386243
465	1.1527053632
466	1.1521730577
467	1.1516417349
468	1.1511114145
469	1.1505821165
470	1.1500538680
471	1.1495266996
472	1.1490006404
473	1.1484757316
474	1.1479520278
475	1.1474295793
476	1.1469084280
477	1.1463886152
478	1.1458701718
479	1.1453531089
480	1.1448374277
481	1.1443231265
482	1.1438102011
483	1.1432986428
484	1.1427884368
485	1.1422795765
486	1.1417720632
487	1.1412658893
488	1.1407610444
489	1.1402575336
490	1.1397553618
491	1.1392545210
492	1.1387550092
493	1.1382568264
494	1.1377599599
495	1.1372643898
496	1.1367700971
497	1.1362770611
498	1.1357852594
499	1.1352946749
500	1.1348053004
501	1.1343171397
502	1.1338301983
503	1.1333444865
504	1.1328600249
505	1.1323768286
506	1.1318949026
507	1.1314142516
508	1.1309348775
509	1.1304567692
510	1.1299799105
511	1.1295042856
512	1.1290298756
513	1.1285566559
514	1.1280845984
515	1.1276136806
516	1.1271438824
517	1.1266751752
518	1.1262075329
519	1.1257409365
520	1.1252753597
521	1.1248107759
522	1.1243471715
523	1.1238845295
524	1.1234228217
525	1.1229620206
526	1.1225020935
527	1.1220430010
528	1.1215847069
529	1.1211271796
530	1.1206703851
531	1.1202142862
532	1.1197588490
533	1.1193040495
534	1.1188498729
535	1.1183963084
536	1.1179433546
537	1.1174910133
538	1.1170392792
539	1.1165881464
540	1.1161376092
541	1.1156876514
542	1.1152382492
543	1.1147893814
544	1.1143410252
545	1.1138931513
546	1.1134457265
547	1.1129987159
548	1.1125520833
549	1.1121057885
550	1.1116597941
551	1.1112140659
552	1.1107685647
553	1.1103232526
554	1.1098780981
555	1.1094330626
556	1.1089881016
557	1.1085431768
558	1.1080982481
559	1.1076532713
560	1.1072082068
561	1.1067630134
562	1.1063176445
563	1.1058720537
564	1.1054261924
565	1.1049800053
566	1.1045334341
567	1.1040864214
568	1.1036389113
569	1.1031908473
570	1.1027421753
571	1.1022928503
572	1.1018428319
573	1.1013920827
574	1.1009405726
575	1.1004882747
576	1.1000351618
577	1.0995812095
578	1.0991263969
579	1.0986707034
580	1.0982141119
581	1.0977566069
582	1.0972981649
583	1.0968387555
584	1.0963783491
585	1.0959169241
586	1.0954544632
587	1.0949909491
588	1.0945263599
589	1.0940606642
590	1.0935938310
591	1.0931258453
592	1.0926567060
593	1.0921864139
594	1.0917149610
595	1.0912423204
596	1.0907684560
597	1.0902933445
598	1.0898169741
599	1.0893393332
600	1.0888604045
601	1.0883801620
602	1.0878985751
603	1.0874156165
604	1.0869312617
605	1.0864454861
606	1.0859582668
607	1.0854695858
608	1.0849794302
609	1.0844877833
610	1.0839946202
611	1.0834999120
612	1.0830036312
613	1.0825057598
614	1.0820062892
615	1.0815052107
616	1.0810025149
617	1.0804981967
618	1.0799922526
619	1.0794846750
620	1.0789754535
621	1.0784645801
622	1.0779520539
623	1.0774378801
624	1.0769220647
625	1.0764046106
626	1.0758855190
627	1.0753647908
628	1.0748424220
629	1.0743184021
630	1.0737927187
631	1.0732653600
632	1.0727363157
633	1.0722055772
634	1.0716731328
635	1.0711389668
636	1.0706030667
637	1.0700654200
638	1.0695260118
639	1.0689848286
640	1.0684418613
641	1.0678971062
642	1.0673505637
643	1.0668022339
644	1.0662521173
645	1.0657002159
646	1.0651465302
647	1.0645910561
648	1.0640337874
649	1.0634747199
650	1.0629138511
651	1.0623511784
652	1.0617867017
653	1.0612204235
654	1.0606523467
655	1.0600824753
656	1.0595108141
657	1.0589373687
658	1.0583621451
659	1.0577851502
660	1.0572063904
661	1.0566258726
662	1.0560436052
663	1.0554595988
664	1.0548738651
665	1.0542864155
666	1.0536972606
667	1.0531064097
668	1.0525138720
669	1.0519196567
670	1.0513237743
671	1.0507262345
672	1.0501270458
673	1.0495262166
674	1.0489237544
675	1.0483196624
676	1.0477139401
677	1.0471065857
678	1.0464975979
679	1.0458869779
680	1.0452747276
681	1.0446608502
682	1.0440453543
683	1.0434282506
684	1.0428095489
685	1.0421892613
686	1.0415674011
687	1.0409439793
688	1.0403190049
689	1.0396924865
690	1.0390644319
691	1.0384348453
692	1.0378037286
693	1.0371710852
694	1.0365369203
695	1.0359012385
696	1.0352640444
697	1.0346253442
698	1.0339851459
699	1.0333434552
700	1.0327002731
701	1.0320555994
702	1.0314094342
703	1.0307617748
704	1.0301126169
705	1.0294619557
706	1.0288097888
707	1.0281561159
708	1.0275009359
709	1.0268442483
710	1.0261860523
711	1.0255263427
712	1.0248651094
713	1.0242023433
714	1.0235380375
715	1.0228721859
716	1.0222047829
717	1.0215358222
718	1.0208652966
719	1.0201932022
720	1.0195195446
721	1.0188443363
722	1.0181675893
723	1.0174893067
724	1.0168094853
725	1.0161281268
726	1.0154452371
727	1.0147608238
728	1.0140748976
729	1.0133874634
730	1.0126985172
731	1.0120080559
732	1.0113160835
733	1.0106226105
734	1.0099276478
735	1.0092312058
736	1.0085333005
737	1.0078339499
738	1.0071331656
739	1.0064309519
740	1.0057273094
741	1.0050222393
742	1.0043157451
743	1.0036078302
744	1.0028984939
745	1.0021877294
746	1.0014755291
747	1.0007618917
748	1.0000468193
749	0.9993303161
750	0.9986123912
751	0.9978930608
752	0.9971723457
753	0.9964502628
754	0.9957268229
755	0.9950020354
756	0.9942759082
757	0.9935484505
758	0.9928196748
759	0.9920895919
760	0.9913582138
761	0.9906255611
762	0.9898916582
763	0.9891565228
764	0.9884201660
765	0.9876826011
766	0.9869438467
767	0.9862039194
768	0.9854628301
769	0.9847205917
770	0.9839772211
771	0.9832327279
772	0.9824871130
773	0.9817403771
774	0.9809925204
775	0.9802435456
776	0.9794934628
777	0.9787422832
778	0.9779900215
779	0.9772367055
780	0.9764823708
781	0.9757270524
782	0.9749707791
783	0.9742135762
784	0.9734554726
785	0.9726964942
786	0.9719366648
787	0.9711760175
788	0.9704145891
789	0.9696524103
790	0.9688895040
791	0.9681258867
792	0.9673615764
793	0.9665965959
794	0.9658309672
795	0.9650647062
796	0.9642978269
797	0.9635303547
798	0.9627623220
799	0.9619937580
800	0.9612246918
801	0.9604551565
802	0.9596851812
803	0.9589147768
804	0.9581439414
805	0.9573726746
806	0.9566009692
807	0.9558288089
808	0.9550561874
809	0.9542831105
810	0.9535095862
811	0.9527356230
812	0.9519612297
813	0.9511864175
814	0.9504112018
815	0.9496355994
816	0.9488596271
817	0.9480833039
818	0.9473066581
819	0.9465297249
820	0.9457525336
821	0.9449751059
822	0.9441974700
823	0.9434196572
824	0.9426416855
825	0.9418635687
826	0.9410853273
827	0.9403069793
828	0.9395285390
829	0.9387500262
830	0.9379714662
831	0.9371928941
832	0.9364143511
833	0.9356358841
834	0.9348575515
835	0.9340794134
836	0.9333015264
837	0.9325239428
838	0.9317467081
839	0.9309698670
840	0.9301934560
841	0.9294175003
842	0.9286420366
843	0.9278671128
844	0.9270927690
845	0.9263190448
846	0.9255459895
847	0.9247736548
848	0.9240020810
849	0.9232313039
850	0.9224613670
851	0.9216923102
852	0.9209241647
853	0.9201569632
854	0.9193907469
855	0.9186255606
856	0.9178614495
857	0.9170984599
858	0.9163366328
859	0.9155760020
860	0.9148165970
861	0.9140584363
862	0.9133015306
863	0.9125458929
864	0.9117915244
865	0.9110384142
866	0.9102865546
867	0.9095359393
868	0.9087865576
869	0.9080384027
870	0.9072914825
871	0.9065458140
872	0.9058014125
873	0.9050582995
874	0.9043165063
875	0.9035760589
876	0.9028369765
877	0.9020992836
878	0.9013630055
879	0.9006281581
880	0.8998947537
881	0.8991628052
882	0.8984323236
883	0.8977033195
884	0.8969757974
885	0.8962497629
886	0.8955252297
887	0.8948022019
888	0.8940806751
889	0.8933606483
890	0.8926421153
891	0.8919250595
892	0.8912094591
893	0.8904953005
894	0.8897825765
895	0.8890712739
896	0.8883613889
897	0.8876529330
898	0.8869459108
899	0.8862403278
900	0.8855361967
901	0.8848335215
902	0.8841322945
903	0.8834325017
904	0.8827341274
905	0.8820371567
906	0.8813415746
907	0.8806473642
908	0.8799544992
909	0.8792629451
910	0.8785726722
911	0.8778836665
912	0.8771959359
913	0.8765094981
914	0.8758243594
915	0.8751405139
916	0.8744579627
917	0.8737767266
918	0.8730968442
919	0.8724183646
920	0.8717413185
921	0.8710656943
922	0.8703914702
923	0.8697186488
924	0.8690472532
925	0.8683773129
926	0.8677088480
927	0.8670418537
928	0.8663763063
929	0.8657121860
930	0.8650494913
931	0.8643882249
932	0.8637283804
933	0.8630699533
934	0.8624129437
935	0.8617573453
936	0.8611031372
937	0.8604502860
938	0.8597987619
939	0.8591485536
940	0.8584996672
941	0.8578521138
942	0.8572058958
943	0.8565609988
944	0.8559174126
945	0.8552751463
946	0.8546342095
947	0.8539946076
948	0.8533563547
949	0.8527194681
950	0.8520839572
951	0.8514498165
952	0.8508170215
953	0.8501855357
954	0.8495553280
955	0.8489263898
956	0.8482987214
957	0.8476723136
958	0.8470471641
959	0.8464232759
960	0.8458006457
961	0.8451792644
962	0.8445591172
963	0.8439401964
964	0.8433225150
965	0.8427060957
966	0.8420909598
967	0.8414771239
968	0.8408646015
969	0.8402534066
970	0.8396435469
971	0.8390350209
972	0.8384278257
973	0.8378219769
974	0.8372175063
975	0.8366144370
976	0.8360127806
977	0.8354125491
978	0.8348137520
979	0.8342163891
980	0.8336204594
981	0.8330259646
982	0.8324329068
983	0.8318412976
984	0.8312511530
985	0.8306624752
986	0.8300752640
987	0.8294895238
988	0.8289052477
989	0.8283224131
990	0.8277409971
991	0.8271609940
992	0.8265824140
993	0.8260052714
994	0.8254295826
995	0.8248553644
996	0.8242826342
997	0.8237114062
998	0.8231416824
999	0.8225734555
1000	0.8220067220
1001	0.8214414868
1002	0.8208777555
1003	0.8203155257
1004	0.8197547930
1005	0.8191955550
1006	0.8186377955
1007	0.8180814790
1008	0.8175265701
1009	0.8169730348
1010	0.8164208349
1011	0.8158699395
1012	0.8153203277
1013	0.8147719905
1014	0.8142249348
1015	0.8136791690
1016	0.8131346965
1017	0.8125915246
1018	0.8120496661
1019	0.8115091256
1020	0.8109698934
1021	0.8104319675
1022	0.8098953589
1023	0.8093600782
1024	0.8088261366
1025	0.8082935475
1026	0.8077623272
1027	0.8072324926
1028	0.8067040469
1029	0.8061769878
1030	0.8056513186
1031	0.8051270426
1032	0.8046041631
1033	0.8040826823
1034	0.8035626051
1035	0.8030439481
1036	0.8025267349
1037	0.8020109794
1038	0.8014966825
1039	0.8009838378
1040	0.8004724265
1041	0.7999624235
1042	0.7994538220
1043	0.7989466324
1044	0.7984408576
1045	0.7979364899
1046	0.7974335247
1047	0.7969319681
1048	0.7964318441
1049	0.7959331877
1050	0.7954360200
1051	0.7949403380
1052	0.7944461240
1053	0.7939533518
1054	0.7934620116
1055	0.7929721232
1056	0.7924837081
1057	0.7919967657
1058	0.7915112818
1059	0.7910272502
1060	0.7905446716
1061	0.7900635365
1062	0.7895838258
1063	0.7891055184
1064	0.7886285903
1065	0.7881530103
1066	0.7876787392
1067	0.7872057329
1068	0.7867339503
1069	0.7862633618
1070	0.7857939563
1071	0.7853257358
1072	0.7848587031
1073	0.7843928457
1074	0.7839281374
1075	0.7834645588
1076	0.7830021037
1077	0.7825407600
1078	0.7820805133
1079	0.7816213680
1080	0.7811633360
1081	0.7807064266
1082	0.7802506457
1083	0.7797959897
1084	0.7793424555
1085	0.7788900476
1086	0.7784387706
1087	0.7779886205
1088	0.7775395788
1089	0.7770916177
1090	0.7766447041
1091	0.7761988032
1092	0.7757538778
1093	0.7753098854
1094	0.7748667969
1095	0.7744246043
1096	0.7739832995
1097	0.7735428634
1098	0.7731032664
1099	0.7726644791
1100	0.7722264711
1101	0.7717891963
1102	0.7713526068
1103	0.7709166674
1104	0.7704813475
1105	0.7700466189
1106	0.7696124558
1107	0.7691788291
1108	0.7687457081
1109	0.7683130650
1110	0.7678808742
1111	0.7674491090
1112	0.7670177453
1113	0.7665867628
1114	0.7661561495
1115	0.7657258992
1116	0.7652959947
1117	0.7648664139
1118	0.7644371513
1119	0.7640082137
1120	0.7635796028
1121	0.7631513274
1122	0.7627234121
1123	0.7622958813
1124	0.7618687491
1125	0.7614420178
1126	0.7610156806
1127	0.7605897276
1128	0.7601641420
1129	0.7597388990
1130	0.7593139771
1131	0.7588893628
1132	0.7584650518
1133	0.7580410451
1134	0.7576173471
1135	0.7571939658
1136	0.7567709112
1137	0.7563481955
1138	0.7559258265
1139	0.7555038055
1140	0.7550821403
1141	0.7546608494
1142	0.7542399469
1143	0.7538194390
1144	0.7533993377
1145	0.7529796582
1146	0.7525604046
1147	0.7521415732
1148	0.7517231663
1149	0.7513051927
1150	0.7508876650
1151	0.7504705993
1152	0.7500540103
1153	0.7496379152
1154	0.7492223282
1155	0.7488072468
1156	0.7483926616
1157	0.7479785618
1158	0.7475649307
1159	0.7471517574
1160	0.7467390358
1161	0.7463267615
1162	0.7459149386
1163	0.7455035813
1164	0.7450927037
1165	0.7446823097
1166	0.7442724041
1167	0.7438629954
1168	0.7434540822
1169	0.7430456566
1170	0.7426377146
1171	0.7422302585
1172	0.7418232845
1173	0.7414167792
1174	0.7410107425
1175	0.7406051881
1176	0.7402001288
1177	0.7397955773
1178	0.7393915464
1179	0.7389880506
1180	0.7385851023
1181	0.7381827095
1182	0.7377808906
1183	0.7373796721
1184	0.7369790722
1185	0.7365791016
1186	0.7361797733
1187	0.7357810987
1188	0.7353830892
1189	0.7349857578
1190	0.7345891080
1191	0.7341931415
1192	0.7337978711
1193	0.7334033126
1194	0.7330094830
1195	0.7326164119
1196	0.7322241378
1197	0.7318326937
1198	0.7314421067
1199	0.7310523964
1200	0.7306635716
1201	0.7302756301
1202	0.7298885579
1203	0.7295023467
1204	0.7291170029
1205	0.7287325325
1206	0.7283489443
1207	0.7279662621
1208	0.7275845169
1209	0.7272037385
1210	0.7268239583
1211	0.7264452128
1212	0.7260675395
1213	0.7256909773
1214	0.7253155715
1215	0.7249413689
1216	0.7245684166
1217	0.7241967673
1218	0.7238264754
1219	0.7234575974
1220	0.7230902008
1221	0.7227243592
1222	0.7223601402
1223	0.7219976123
1224	0.7216368516
1225	0.7212779354
1226	0.7209209376
1227	0.7205659372
1228	0.7202130206
1229	0.7198622692
1230	0.7195137458
1231	0.7191675035
1232	0.7188236087
1233	0.7184821264
1234	0.7181430927
1235	0.7178065333
1236	0.7174724659
1237	0.7171408915
1238	0.7168118239
1239	0.7164853031
1240	0.7161613755
1241	0.7158400671
1242	0.7155213820
1243	0.7152053315
1244	0.7148919526
1245	0.7145813131
1246	0.7142734985
1247	0.7139685794
1248	0.7136665896
1249	0.7133675309
1250	0.7130714105
1251	0.7127782623
1252	0.7124881294
1253	0.7122010415
1254	0.7119169974
1255	0.7116359857
1256	0.7113580168
1257	0.7110831243
1258	0.7108113582
1259	0.7105427735
1260	0.7102774267
1261	0.7100153747
1262	0.7097566641
1263	0.7095013350
1264	0.7092494214
1265	0.7090009462
1266	0.7087559530
1267	0.7085145271
1268	0.7082767545
1269	0.7080426906
1270	0.7078123741
1271	0.7075858385
1272	0.7073631210
1273	0.7071442727
1274	0.7069293489
1275	0.7067184001
1276	0.7065114736
1277	0.7063086140
1278	0.7061098653
1279	0.7059152639
1280	0.7057248310
1281	0.7055385978
1282	0.7053566321
1283	0.7051790157
1284	0.7050058188
1285	0.7048370895
1286	0.7046728523
1287	0.7045131329
1288	0.7043579599
1289	0.7042073433
1290	0.7040612929
1291	0.7039198396
1292	0.7037830257
1293	0.7036508930
1294	0.7035234796
1295	0.7034008139
1296	0.7032829204
1297	0.7031698468
1298	0.7030616667
1299	0.7029584462
1300	0.7028602411
1301	0.7027671208
1302	0.7026791561
1303	0.7025963836
1304	0.7025188061
1305	0.7024464215
1306	0.7023792418
1307	0.7023172867
1308	0.7022605812
1309	0.7022091527
1310	0.7021630122
1311	0.7021221606
1312	0.7020866069
1313	0.7020563541
1314	0.7020313836
1315	0.7020116869
1316	0.7019972889
1317	0.7019882179
1318	0.7019844965
1319	0.7019861495
1320	0.7019931919
1321	0.7020056293
1322	0.7020234432
1323	0.7020465855
1324	0.7020750132
1325	0.7021087008
1326	0.7021476340
1327	0.7021918004
1328	0.7022411844
1329	0.7022957759
1330	0.7023555645
1331	0.7024205304
1332	0.7024906363
1333	0.7025658379
1334	0.7026461098
1335	0.7027314535
1336	0.7028218818
1337	0.7029173986
1338	0.7030180173
1339	0.7031237782
1340	0.7032347152
1341	0.7033508446
1342	0.7034721880
1343	0.7035987828
1344	0.7037306739
1345	0.7038679005
1346	0.7040105008
1347	0.7041585049
1348	0.7043119239
1349	0.7044707574
1350	0.7046349835
1351	0.7048045581
1352	0.7049794450
1353	0.7051596178
1354	0.7053450454
1355	0.7055357082
1356	0.7057316089
1357	0.7059327662
1358	0.7061392034
1359	0.7063509244
1360	0.7065679164
1361	0.7067901667
1362	0.7070176536
1363	0.7072503466
1364	0.7074882273
1365	0.7077312892
1366	0.7079795180
1367	0.7082328777
1368	0.7084913210
1369	0.7087548182
1370	0.7090233583
1371	0.7092969167
1372	0.7095754461
1373	0.7098588848
1374	0.7101471751
1375	0.7104403083
1376	0.7107383144
1377	0.7110412202
1378	0.7113490511
1379	0.7116618214
1380	0.7119795105
1381	0.7123020902
1382	0.7126295676
1383	0.7129619709
1384	0.7132993071
1385	0.7136415627
1386	0.7139887324
1387	0.7143408284
1388	0.7146978732
1389	0.7150598895
1390	0.7154268870
1391	0.7157988633
1392	0.7161758147
1393	0.7165577295
1394	0.7169445743
1395	0.7173363071
1396	0.7177329086
1397	0.7181343866
1398	0.7185407674
1399	0.7189520989
1400	0.7193684251
1401	0.7197897633
1402	0.7202161225
1403	0.7206475291
1404	0.7210840216
1405	0.7215256333
1406	0.7219723925
1407	0.7224243335
1408	0.7228815084
1409	0.7233439675
1410	0.7238117277
1411	0.7242848020
1412	0.7247632147
1413	0.7252469858
1414	0.7257361300
1415	0.7262306437
1416	0.7267305016
1417	0.7272356697
1418	0.7277461124
1419	0.7282617998
1420	0.7287827078
1421	0.7293088218
1422	0.7298401370
1423	0.7303766492
1424	0.7309183564
1425	0.7314652485
1426	0.7320172889
1427	0.7325744219
1428	0.7331366155
1429	0.7337038661
1430	0.7342761605
1431	0.7348534815
1432	0.7354358263
1433	0.7360231951
1434	0.7366155703
1435	0.7372129087
1436	0.7378151608
1437	0.7384222890
1438	0.7390342649
1439	0.7396510558
1440	0.7402726217
1441	0.7408989411
1442	0.7415300191
1443	0.7421658674
1444	0.7428064991
1445	0.7434519289
1446	0.7441021711
1447	0.7447572491
1448	0.7454171884
1449	0.7460820036
1450	0.7467516961
1451	0.7474262426
1452	0.7481056051
1453	0.7487897534
1454	0.7494786545
1455	0.7501722753
1456	0.7508706103
1457	0.7515736795
1458	0.7522814981
1459	0.7529940619
1460	0.7537113610
1461	0.7544333843
1462	0.7551601020
1463	0.7558914652
1464	0.7566274352
1465	0.7573679861
1466	0.7581130968
1467	0.7588627564
1468	0.7596169466
1469	0.7603756467
1470	0.7611388572
1471	0.7619065733
1472	0.7626787723
1473	0.7634554383
1474	0.7642365578
1475	0.7650221107
1476	0.7658120823
1477	0.7666064617
1478	0.7674052286
1479	0.7682083623
1480	0.7690158589
1481	0.7698277156
1482	0.7706439078
1483	0.7714644056
1484	0.7722891954
1485	0.7731182623
1486	0.7739515735
1487	0.7747890850
1488	0.7756307543
1489	0.7764765364
1490	0.7773263729
1491	0.7781801960
1492	0.7790379475
1493	0.7798995940
1494	0.7807651105
1495	0.7816344732
1496	0.7825076804
1497	0.7833847492
1498	0.7842656926
1499	0.7851505072
1500	0.7860391786
1501	0.7869316885
1502	0.7878280121
1503	0.7887281175
1504	0.7896319781
1505	0.7905395865
1506	0.7914509360
1507	0.7923660013
1508	0.7932847579
1509	0.7942071747
1510	0.7951332078
1511	0.7960628151
1512	0.7969959440
1513	0.7979325272
1514	0.7988724950
1515	0.7998157856
1516	0.8007623403
1517	0.8017120919
1518	0.8026649756
1519	0.8036209384
1520	0.8045799313
1521	0.8055419030
1522	0.8065068059
1523	0.8074746038
1524	0.8084452734
1525	0.8094187944
1526	0.8103951403
1527	0.8113742902
1528	0.8123562313
1529	0.8133409344
1530	0.8143283577
1531	0.8153184680
1532	0.8163112374
1533	0.8173066346
1534	0.8183046264
1535	0.8193051843
1536	0.8203082831
1537	0.8213138944
1538	0.8223219873
1539	0.8233325256
1540	0.8243454664
1541	0.8253607620
1542	0.8263783582
1543	0.8273981920
1544	0.8284201909
1545	0.8294442798
1546	0.8304703915
1547	0.8314984602
1548	0.8325284268
1549	0.8335602546
1550	0.8345939129
1551	0.8356293634
1552	0.8366665653
1553	0.8377054724
1554	0.8387460321
1555	0.8397881851
1556	0.8408318659
1557	0.8418770082
1558	0.8429235448
1559	0.8439713998
1560	0.8450205010
1561	0.8460708008
1562	0.8471222692
1563	0.8481748665
1564	0.8492285351
1565	0.8502832223
1566	0.8513388829
1567	0.8523954716
1568	0.8534529606
1569	0.8545113310
1570	0.8555705383
1571	0.8566305165
1572	0.8576912008
1573	0.8587525414
1574	0.8598145107
1575	0.8608770852
1576	0.8619402249
1577	0.8630038793
1578	0.8640680020
1579	0.8651325621
1580	0.8661975540
1581	0.8672629879
1582	0.8683288721
1583	0.8693952027
1584	0.8704619709
1585	0.8715291701
1586	0.8725967927
1587	0.8736648287
1588	0.8747332618
1589	0.8758020704
1590	0.8768712357
1591	0.8779407415
1592	0.8790105623
1593	0.8800806645
1594	0.8811510266
1595	0.8822216449
1596	0.8832925232
1597	0.8843636635
1598	0.8854350598
1599	0.8865066999
1600	0.8875785686
1601	0.8886506578
1602	0.8897229723
1603	0.8907955191
1604	0.8918683020
1605	0.8929413299
1606	0.8940146181
1607	0.8950881751
1608	0.8961620027
1609	0.8972361065
1610	0.8983104974
1611	0.8993851954
1612	0.9004602208
1613	0.9015355819
1614	0.9026112773
1615	0.9036872963
1616	0.9047636253
1617	0.9058402557
1618	0.9069171790
1619	0.9079943854
1620	0.9090718692
1621	0.9101496299
1622	0.9112276650
1623	0.9123059642
1624	0.9133845105
1625	0.9144632874
1626	0.9155422843
1627	0.9166214961
1628	0.9177009155
1629	0.9187805294
1630	0.9198603285
1631	0.9209403068
1632	0.9220204496
1633	0.9231007363
1634	0.9241811506
1635	0.9252616810
1636	0.9263423199
1637	0.9274230610
1638	0.9285038945
1639	0.9295848042
1640	0.9306657717
1641	0.9317467851
1642	0.9328278384
1643	0.9339089250
1644	0.9349900410
1645	0.9360711893
1646	0.9371523756
1647	0.9382335987
1648	0.9393148502
1649	0.9403961207
1650	0.9414774005
1651	0.9425586776
1652	0.9436399398
1653	0.9447211780
1654	0.9458023880
1655	0.9468835664
1656	0.9479647097
1657	0.9490458161
1658	0.9501268821
1659	0.9512079054
1660	0.9522888886
1661	0.9533698339
1662	0.9544507424
1663	0.9555316178
1664	0.9566124646
1665	0.9576932842
1666	0.9587740747
1667	0.9598548316
1668	0.9609355517
1669	0.9620162352
1670	0.9630968847
1671	0.9641775026
1672	0.9652580931
1673	0.9663386646
1674	0.9674192237
1675	0.9684997720
1676	0.9695803093
1677	0.9706608352
1678	0.9717413511
1679	0.9728218603
1680	0.9739023647
1681	0.9749828663
1682	0.9760633682
1683	0.9771438705
1684	0.9782243719
1685	0.9793048700
1686	0.9803853615
1687	0.9814658458
1688	0.9825463239
1689	0.9836267957
1690	0.9847072635
1691	0.9857877350
1692	0.9868682194
1693	0.9879487207
1694	0.9890292390
1695	0.9901097748
1696	0.9911903290
1697	0.9922709035
1698	0.9933515033
1699	0.9944321339
1700	0.9955127962
1701	0.9965934875
1702	0.9976742041
1703	0.9987549457
1704	0.9998357153
1705	1.0009165146
1706	1.0019973424
1707	1.0030781944
1708	1.0041590693
1709	1.0052399711
1710	1.0063209050
1711	1.0074018741
1712	1.0084828770
1713	1.0095639089
1714	1.0106449632
1715	1.0117260320
1716	1.0128071067
1717	1.0138881805
1718	1.0149692488
1719	1.0160503057
1720	1.0171313454
1721	1.0182123636
1722	1.0192933558
1723	1.0203743174
1724	1.0214552455
1725	1.0225361425
1726	1.0236170158
1727	1.0246978710
1728	1.0257787120
1729	1.0268595447
1730	1.0279403769
1731	1.0290212155
1732	1.0301020651
1733	1.0311829251
1734	1.0322637905
1735	1.0333446570
1736	1.0344255225
1737	1.0355063833
1738	1.0365872361
1739	1.0376680837
1740	1.0387489329
1741	1.0398297884
1742	1.0409106522
1743	1.0419915240
1744	1.0430724005
1745	1.0441532762
1746	1.0452341467
1747	1.0463150107
1748	1.0473958681
1749	1.0484767176
1750	1.0495575607
1751	1.0506384003
1752	1.0517192367
1753	1.0528000668
1754	1.0538808861
1755	1.0549616917
1756	1.0560424836
1757	1.0571232610
1758	1.0582040204
1759	1.0592847573
1760	1.0603654697
1761	1.0614461568
1762	1.0625268140
1763	1.0636074359
1764	1.0646880196
1765	1.0657685636
1766	1.0668490639
1767	1.0679295145
1768	1.0690099105
1769	1.0700902483
1770	1.0711705288
1771	1.0722507556
1772	1.0733309306
1773	1.0744110552
1774	1.0754911285
1775	1.0765711455
1776	1.0776511016
1777	1.0787309915
1778	1.0798108051
1779	1.0808905333
1780	1.0819701739
1781	1.0830497282
1782	1.0841291970
1783	1.0852085804
1784	1.0862878805
1785	1.0873670986
1786	1.0884462321
1787	1.0895252747
1788	1.0906042219
1789	1.0916830735
1790	1.0927618318
1791	1.0938404992
1792	1.0949190797
1793	1.0959975792
1794	1.0970760062
1795	1.0981543689
1796	1.0992326719
1797	1.1003109239
1798	1.1013891406
1799	1.1024673330
1800	1.1035455091
1801	1.1046236776
1802	1.1057018447
1803	1.1067800139
1804	1.1078581869
1805	1.1089363638
1806	1.1100145430
1807	1.1110927208
1808	1.1121708919
1809	1.1132490461
1810	1.1143271683
1811	1.1154052384
1812	1.1164832362
1813	1.1175611440
1814	1.1186389444
1815	1.1197166203
1816	1.1207941598
1817	1.1218715581
1818	1.1229488112
1819	1.1240259108
1820	1.1251028455
1821	1.1261796024
1822	1.1272561687
1823	1.1283325287
1824	1.1294086650
1825	1.1304845617
1826	1.1315602075
1827	1.1326355945
1828	1.1337107109
1829	1.1347855427
1830	1.1358600809
1831	1.1369343114
1832	1.1380082071
1833	1.1390817353
1834	1.1401548673
1835	1.1412275756
1836	1.1422998344
1837	1.1433716246
1838	1.1444429339
1839	1.1455137508
1840	1.1465840643
1841	1.1476538701
1842	1.1487231638
1843	1.1497919338
1844	1.1508601708
1845	1.1519278649
1846	1.1529949976
1847	1.1540615495
1848	1.1551275026
1849	1.1561928350
1850	1.1572575223
1851	1.1583215410
1852	1.1593848708
1853	1.1604474982
1854	1.1615094130
1855	1.1625706022
1856	1.1636310532
1857	1.1646907602
1858	1.1657497183
1859	1.1668079106
1860	1.1678653138
1861	1.1689219117
1862	1.1699776944
1863	1.1710326512
1864	1.1720867736
1865	1.1731400653
1866	1.1741925410
1867	1.1752442109
1868	1.1762950808
1869	1.1773451574
1870	1.1783944408
1871	1.1794429210
1872	1.1804905763
1873	1.1815373803
1874	1.1825833110
1875	1.1836283464
1876	1.1846724605
1877	1.1857156276
1878	1.1867578239
1879	1.1877990257
1880	1.1888392085
1881	1.1898783521
1882	1.1909164374
1883	1.1919534418
1884	1.1929893384
1885	1.1940240945
1886	1.1950576755
1887	1.1960900545
1888	1.1971212132
1889	1.1981511274
1890	1.1991797598
1891	1.2002070623
1892	1.2012329839
1893	1.2022574842
1894	1.2032805353
1895	1.2043021019
1896	1.2053221360
1897	1.2063405870
1898	1.2073574027
1899	1.2083725424
1900	1.2093859906
1901	1.2103977427
1902	1.2114077811
1903	1.2124160713
1904	1.2134225767
1905	1.2144272741
1906	1.2154301508
1907	1.2164311987
1908	1.2174304088
1909	1.2184277576
1910	1.2194232035
1911	1.2204167028
1912	1.2214082166
1913	1.2223977036
1914	1.2233851138
1915	1.2243703914
1916	1.2253534800
1917	1.2263343264
1918	1.2273128798
1919	1.2282890783
1920	1.2292628630
1921	1.2302341965
1922	1.2312030471
1923	1.2321693801
1924	1.2331331504
1925	1.2340942938
1926	1.2350527409
1927	1.2360084279
1928	1.2369612994
1929	1.2379113082
1930	1.2388584094
1931	1.2398025571
1932	1.2407437095
1933	1.2416818282
1934	1.2426168742
1935	1.2435488105
1936	1.2444776015
1937	1.2454032155
1938	1.2463256280
1939	1.2472448154
1940	1.2481607397
1941	1.2490733507
1942	1.2499826085
1943	1.2508884889
1944	1.2517909693
1945	1.2526900298
1946	1.2535856575
1947	1.2544778409
1948	1.2553665606
1949	1.2562517953
1950	1.2571335276
1951	1.2580117373
1952	1.2588864041
1953	1.2597575155
1954	1.2606250619
1955	1.2614890296
1956	1.2623493979
1957	1.2632061422
1958	1.2640592429
1959	1.2649086861
1960	1.2657544548
1961	1.2665965315
1962	1.2674349090
1963	1.2682695865
1964	1.2691005539
1965	1.2699277856
1966	1.2707512471
1967	1.2715709020
1968	1.2723867146
1969	1.2731986547
1970	1.2740066881
1971	1.2748107665
1972	1.2756108393
1973	1.2764068582
1974	1.2771987702
1975	1.2779865216
1976	1.2787700625
1977	1.2795493493
1978	1.2803243456
1979	1.2810950140
1980	1.2818613103
1981	1.2826231850
1982	1.2833805852
1983	1.2841334579
1984	1.2848817508
1985	1.2856254143
1986	1.2863644071
1987	1.2870986974
1988	1.2878282596
1989	1.2885530716
1990	1.2892731128
1991	1.2899883681
1992	1.2906988257
1993	1.2914044730
1994	1.2921052949
1995	1.2928012768
1996	1.2934924065
1997	1.2941786665
1998	1.2948600340
1999	1.2955364834
2000	1.2962079851
2001	1.2968745092
2002	1.2975360308
2003	1.2981925295
2004	1.2988439877
2005	1.2994903926
2006	1.3001317389
2007	1.3007680254
2008	1.3013992438
2009	1.3020253755
2010	1.3026464013
2011	1.3032623074
2012	1.3038730812
2013	1.3044787122
2014	1.3050791953
2015	1.3056745281
2016	1.3062647068
2017	1.3068497264
2018	1.3074295807
2019	1.3080042617
2020	1.3085737617
2021	1.3091380729
2022	1.3096971861
2023	1.3102510976
2024	1.3107998118
2025	1.3113433383
2026	1.3118816888
2027	1.3124148701
2028	1.3129428829
2029	1.3134657306
2030	1.3139834248
2031	1.3144959825
2032	1.3150034198
2033	1.3155057472
2034	1.3160029706
2035	1.3164950934
2036	1.3169821182
2037	1.3174640533
2038	1.3179409131
2039	1.3184127138
2040	1.3188794728
2041	1.3193412086
2042	1.3197979459
2043	1.3202497144
2044	1.3206965397
2045	1.3211384433
2046	1.3215754505
2047	1.3220075914
2048	1.3224348914
2049	1.3228573740
2050	1.3232750674
2051	1.3236880016
2052	1.3240962083
2053	1.3244997205
2054	1.3248985657
2055	1.3252927657
2056	1.3256823372
2057	1.3260672964
2058	1.3264476609
2059	1.3268234489
2060	1.3271946811
2061	1.3275613781
2062	1.3279235525
2063	1.3282812097
2064	1.3286343553
2065	1.3289829892
2066	1.3293271020
2067	1.3296666829
2068	1.3300017226
2069	1.3303322109
2070	1.3306581330
2071	1.3309794697
2072	1.3312961991
2073	1.3316083021
2074	1.3319157652
2075	1.3322185756
2076	1.3325167190
2077	1.3328101806
2078	1.3330989458
2079	1.3333830031
2080	1.3336623445
2081	1.3339369645
2082	1.3342068611
2083	1.3344720363
2084	1.3347324949
2085	1.3349882388
2086	1.3352392675
2087	1.3354855807
2088	1.3357271765
2089	1.3359640508
2090	1.3361961977
2091	1.3364236110
2092	1.3366462904
2093	1.3368642406
2094	1.3370774662
2095	1.3372859696
2096	1.3374897493
2097	1.3376888001
2098	1.3378831191
2099	1.3380727098
2100	1.3382575796
2101	1.3384377360
2102	1.3386131868
2103	1.3387839394
2104	1.3389499996
2105	1.3391113711
2106	1.3392680562
2107	1.3394200547
2108	1.3395673652
2109	1.3397099829
2110	1.3398478992
2111	1.3399811041
2112	1.3401095859
2113	1.3402333310
2114	1.3403523265
2115	1.3404665589
2116	1.3405760146
2117	1.3406806793
2118	1.3407805360
2119	1.3408755670
2120	1.3409657569
2121	1.3410510960
2122	1.3411315812
2123	1.3412072119
2124	1.3412779881
2125	1.3413439114
2126	1.3414049837
2127	1.3414612040
2128	1.3415125697
2129	1.3415590782
2130	1.3416007268
2131	1.3416375142
2132	1.3416694432
2133	1.3416965180
2134	1.3417187421
2135	1.3417361181
2136	1.3417486505
2137	1.3417563473
2138	1.3417592165
2139	1.3417572632
2140	1.3417504909
2141	1.3417389045
2142	1.3417225095
2143	1.3417013085
2144	1.3416753041
2145	1.3416445022
2146	1.3416089083
2147	1.3415685237
2148	1.3415233483
2149	1.3414733863
2150	1.3414186468
2151	1.3413591462
2152	1.3412949062
2153	1.3412259502
2154	1.3411523027
2155	1.3410739879
2156	1.3409910283
2157	1.3409034471
2158	1.3408112665
2159	1.3407145022
2160	1.3406131649
2161	1.3405072704
2162	1.3403968440
2163	1.3402819204
2164	1.3401625384
2165	1.3400387364
2166	1.3399105507
2167	1.3397780163
2168	1.3396411683
2169	1.3395000462
2170	1.3393546914
2171	1.3392051374
2172	1.3390514100
2173	1.3388935334
2174	1.3387315277
2175	1.3385654087
2176	1.3383951920
2177	1.3382209010
2178	1.3380425659
2179	1.3378602172
2180	1.3376738893
2181	1.3374836190
2182	1.3372894397
2183	1.3370913841
2184	1.3368894856
2185	1.3366837787
2186	1.3364743014
2187	1.3362610928
2188	1.3360441871
2189	1.3358236152
2190	1.3355994112
2191	1.3353716110
2192	1.3351402452
2193	1.3349053371
2194	1.3346669086
2195	1.3344249854
2196	1.3341795921
2197	1.3339307500
2198	1.3336784806
2199	1.3334228050
2200	1.3331637466
2201	1.3329013306
2202	1.3326355786
2203	1.3323665119
2204	1.3320941517
2205	1.3318185181
2206	1.3315396392
2207	1.3312575504
2208	1.3309722904
2209	1.3306838985
2210	1.3303924092
2211	1.3300978522
2212	1.3298002542
2213	1.3294996431
2214	1.3291960563
2215	1.3288895370
2216	1.3285801245
2217	1.3282678507
2218	1.3279527433
2219	1.3276348303
2220	1.3273141427
2221	1.3269907210
2222	1.3266646078
2223	1.3263358330
2224	1.3260044177
2225	1.3256703921
2226	1.3253338009
2227	1.3249946939
2228	1.3246531160
2229	1.3243090942
2230	1.3239626415
2231	1.3236137770
2232	1.3232625315
2233	1.3229089406
2234	1.3225530458
2235	1.3221948927
2236	1.3218345193
2237	1.3214719607
2238	1.3211072660
2239	1.3207404979
2240	1.3203717224
2241	1.3200010047
2242	1.3196284118
2243	1.3192540130
2244	1.3188778679
2245	1.3185000230
2246	1.3181205228
2247	1.3177394181
2248	1.3173567659
2249	1.3169726302
2250	1.3165870819
2251	1.3162001863
2252	1.3158119984
2253	1.3154225740
2254	1.3150319736
2255	1.3146402584
2256	1.3142474873
2257	1.3138537059
2258	1.3134589510
2259	1.3130632628
2260	1.3126666846
2261	1.3122692629
2262	1.3118710467
2263	1.3114720866
2264	1.3110724391
2265	1.3106721630
2266	1.3102713076
2267	1.3098699071
2268	1.3094679849
2269	1.3090655684
2270	1.3086626969
2271	1.3082594097
2272	1.3078557384
2273	1.3074517113
2274	1.3070473589
2275	1.3066427124
2276	1.3062377991
2277	1.3058326453
2278	1.3054272798
2279	1.3050217374
2280	1.3046160514
2281	1.3042102509
2282	1.3038043604
2283	1.3033983925
2284	1.3029923529
2285	1.3025862537
2286	1.3021801151
2287	1.3017739481
2288	1.3013677488
2289	1.3009615167
2290	1.3005552550
2291	1.3001489574
2292	1.2997426129
2293	1.2993362157
2294	1.2989297678
2295	1.2985232811
2296	1.2981167717
2297	1.2977102466
2298	1.2973037059
2299	1.2968971478
2300	1.2964905712
2301	1.2960839820
2302	1.2956773955
2303	1.2952708337
2304	1.2948643235
2305	1.2944578949
2306	1.2940515761
2307	1.2936453854
2308	1.2932393216
2309	1.2928333709
2310	1.2924275288
2311	1.2920217969
2312	1.2916161729
2313	1.2912106563
2314	1.2908052521
2315	1.2903999642
2316	1.2899947953
2317	1.2895897460
2318	1.2891848060
2319	1.2887799682
2320	1.2883752404
2321	1.2879706293
2322	1.2875661334
2323	1.2871617495
2324	1.2867574789
2325	1.2863533218
2326	1.2859492721
2327	1.2855453280
2328	1.2851414933
2329	1.2847377759
2330	1.2843341873
2331	1.2839307338
2332	1.2835274165
2333	1.2831242340
2334	1.2827211777
2335	1.2823182343
2336	1.2819153866
2337	1.2815126082
2338	1.2811098733
2339	1.2807071692
2340	1.2803044864
2341	1.2799018043
2342	1.2794990944
2343	1.2790963345
2344	1.2786935166
2345	1.2782906402
2346	1.2778877103
2347	1.2774847435
2348	1.2770817612
2349	1.2766787770
2350	1.2762757972
2351	1.2758728252
2352	1.2754698658
2353	1.2750669234
2354	1.2746639878
2355	1.2742610389
2356	1.2738580567
2357	1.2734550241
2358	1.2730519368
2359	1.2726487939
2360	1.2722455809
2361	1.2718422694
2362	1.2714388265
2363	1.2710352315
2364	1.2706314752
2365	1.2702275484
2366	1.2698234452
2367	1.2694191657
2368	1.2690147030
2369	1.2686100428
2370	1.2682051726
2371	1.2678000770
2372	1.2673947374
2373	1.2669891424
2374	1.2665832867
2375	1.2661771649
2376	1.2657707751
2377	1.2653641184
2378	1.2649571857
2379	1.2645499617
2380	1.2641424353
2381	1.2637345967
2382	1.2633264281
2383	1.2629179050
2384	1.2625090048
2385	1.2620997142
2386	1.2616900285
2387	1.2612799437
2388	1.2608694536
2389	1.2604585510
2390	1.2600472263
2391	1.2596354682
2392	1.2592232628
2393	1.2588105912
2394	1.2583974349
2395	1.2579837788
2396	1.2575696074
2397	1.2571549022
2398	1.2567396375
2399	1.2563237825
2400	1.2559073136
2401	1.2554902160
2402	1.2550724796
2403	1.2546541050
2404	1.2542351033
2405	1.2538154849
2406	1.2533952558
2407	1.2529744261
2408	1.2525530069
2409	1.2521309994
2410	1.2517083974
2411	1.2512851977
2412	1.2508614076
2413	1.2504370377
2414	1.2500120909
2415	1.2495865696
2416	1.2491604838
2417	1.2487338452
2418	1.2483066649
2419	1.2478789520
2420	1.2474507122
2421	1.2470219508
2422	1.2465926690
2423	1.2461628621
2424	1.2457325219
2425	1.2453016437
2426	1.2448702313
2427	1.2444382865
2428	1.2440058017
2429	1.2435727611
2430	1.2431391449
2431	1.2427049342
2432	1.2422701124
2433	1.2418346621
2434	1.2413985639
2435	1.2409618027
2436	1.2405243689
2437	1.2400862499
2438	1.2396474288
2439	1.2392078859
2440	1.2387675976
2441	1.2383265363
2442	1.2378846753
2443	1.2374419896
2444	1.2369984525
2445	1.2365540353
2446	1.2361087075
2447	1.2356624386
2448	1.2352152006
2449	1.2347669623
2450	1.2343176837
2451	1.2338673284
2452	1.2334158718
2453	1.2329632938
2454	1.2325095759
2455	1.2320547049
2456	1.2315986709
2457	1.2311414625
2458	1.2306830635
2459	1.2302234542
2460	1.2297626121
2461	1.2293005129
2462	1.2288371361
2463	1.2283724646
2464	1.2279064803
2465	1.2274391693
2466	1.2269705266
2467	1.2265005478
2468	1.2260292288
2469	1.2255565718
2470	1.2250825828
2471	1.2246072648
2472	1.2241306172
2473	1.2236526374
2474	1.2231733250
2475	1.2226926829
2476	1.2222107127
2477	1.2217274172
2478	1.2212428058
2479	1.2207568873
2480	1.2202696671
2481	1.2197811507
2482	1.2192913377
2483	1.2188002222
2484	1.2183078011
2485	1.2178140794
2486	1.2173190677
2487	1.2168227793
2488	1.2163252312
2489	1.2158264434
2490	1.2153264349
2491	1.2148252210
2492	1.2143228085
2493	1.2138191996
2494	1.2133143993
2495	1.2128084134
2496	1.2123012441
2497	1.2117928895
2498	1.2112833472
2499	1.2107726219
2500	1.2102607181
2501	1.2097476323
2502	1.2092333593
2503	1.2087178986
2504	1.2082012503
2505	1.2076834067
2506	1.2071643542
2507	1.2066440802
2508	1.2061225770
2509	1.2055998405
2510	1.2050758666
2511	1.2045506548
2512	1.2040242090
2513	1.2034965388
2514	1.2029676551
2515	1.2024375626
2516	1.2019062712
2517	1.2013737960
2518	1.2008401483
2519	1.2003053391
2520	1.1997693830
2521	1.1992322957
2522	1.1986940858
2523	1.1981547574
2524	1.1976143216
2525	1.1970727878
2526	1.1965301563
2527	1.1959864279
2528	1.1954416001
2529	1.1948956625
2530	1.1943486055
2531	1.1938004224
2532	1.1932511147
2533	1.1927006929
2534	1.1921491654
2535	1.1915965376
2536	1.1910428206
2537	1.1904880281
2538	1.1899321725
2539	1.1893752671
2540	1.1888173180
2541	1.1882583160
2542	1.1876982458
2543	1.1871370985
2544	1.1865748748
2545	1.1860115887
2546	1.1854472629
2547	1.1848819091
2548	1.1843155227
2549	1.1837481010
2550	1.1831796548
2551	1.1826101987
2552	1.1820397405
2553	1.1814682826
2554	1.1808958229
2555	1.1803223539
2556	1.1797478755
2557	1.1791724115
2558	1.1785959933
2559	1.1780186313
2560	1.1774403114
2561	1.1768610072
2562	1.1762806997
2563	1.1756993851
2564	1.1751170637
2565	1.1745337360
2566	1.1739494085
2567	1.1733640884
2568	1.1727777791
2569	1.1721904832
2570	1.1716022042
2571	1.1710129492
2572	1.1704227292
2573	1.1698315594
2574	1.1692394551
2575	1.1686464218
2576	1.1680524509
2577	1.1674575259
2578	1.1668616364
2579	1.1662647810
2580	1.1656669671
2581	1.1650682070
2582	1.1644684996
2583	1.1638678407
2584	1.1632662397
2585	1.1626637159
2586	1.1620602923
2587	1.1614559896
2588	1.1608508270
2589	1.1602448302
2590	1.1596380296
2591	1.1590304511
2592	1.1584221149
2593	1.1578130426
2594	1.1572032659
2595	1.1565928206
2596	1.1559817338
2597	1.1553700184
2598	1.1547576788
2599	1.1541447201
2600	1.1535311526
2601	1.1529169953
2602	1.1523022804
2603	1.1516870465
2604	1.1510713232
2605	1.1504551395
2606	1.1498385415
2607	1.1492215741
2608	1.1486042649
2609	1.1479866469
2610	1.1473687701
2611	1.1467506889
2612	1.1461324509
2613	1.1455140984
2614	1.1448956705
2615	1.1442772113
2616	1.1436587801
2617	1.1430404433
2618	1.1424222719
2619	1.1418043468
2620	1.1411867484
2621	1.1405695460
2622	1.1399527921
2623	1.1393365217
2624	1.1387207592
2625	1.1381055273
2626	1.1374908539
2627	1.1368767651
2628	1.1362632695
2629	1.1356503604
2630	1.1350380338
2631	1.1344262913
2632	1.1338151303
2633	1.1332045432
2634	1.1325945211
2635	1.1319850620
2636	1.1313761630
2637	1.1307678082
2638	1.1301599751
2639	1.1295526384
2640	1.1289457755
2641	1.1283393857
2642	1.1277334901
2643	1.1271281149
2644	1.1265232941
2645	1.1259190736
2646	1.1253155001
2647	1.1247126133
2648	1.1241104393
2649	1.1235089926
2650	1.1229082954
2651	1.1223083784
2652	1.1217092663
2653	1.1211109816
2654	1.1205135472
2655	1.1199169787
2656	1.1193212883
2657	1.1187264896
2658	1.1181326037
2659	1.1175396556
2660	1.1169476745
2661	1.1163567042
2662	1.1157667942
2663	1.1151779820
2664	1.1145902921
2665	1.1140037496
2666	1.1134183768
2667	1.1128341742
2668	1.1122511374
2669	1.1116692830
2670	1.1110886437
2671	1.1105092520
2672	1.1099311297
2673	1.1093542871
2674	1.1087787358
2675	1.1082045000
2676	1.1076316050
2677	1.1070600692
2678	1.1064899131
2679	1.1059211566
2680	1.1053538090
2681	1.1047878758
2682	1.1042233810
2683	1.1036603655
2684	1.1030988675
2685	1.1025389248
2686	1.1019805742
2687	1.1014238429
2688	1.1008687632
2689	1.1003153737
2690	1.0997636998
2691	1.0992137445
2692	1.0986654959
2693	1.0981189559
2694	1.0975741475
2695	1.0970310981
2696	1.0964898342
2697	1.0959503820
2698	1.0954127698
2699	1.0948770242
2700	1.0943431629
2701	1.0938111984
2702	1.0932811410
2703	1.0927530130
2704	1.0922268596
2705	1.0917027203
2706	1.0911806211
2707	1.0906605939
2708	1.0901426628
2709	1.0896268366
2710	1.0891131264
2711	1.0886015495
2712	1.0880921252
2713	1.0875848700
2714	1.0870797905
2715	1.0865768899
2716	1.0860761794
2717	1.0855776676
2718	1.0850813489
2719	1.0845872114
2720	1.0840952443
2721	1.0836054398
2722	1.0831177925
2723	1.0826323020
2724	1.0821489710
2725	1.0816678052
2726	1.0811888151
2727	1.0807120091
2728	1.0802373787
2729	1.0797648925
2730	1.0792945155
2731	1.0788262228
2732	1.0783599953
2733	1.0778958125
2734	1.0774336527
2735	1.0769735049
2736	1.0765153724
2737	1.0760592537
2738	1.0756051315
2739	1.0751529916
2740	1.0747028242
2741	1.0742546187
2742	1.0738083777
2743	1.0733641152
2744	1.0729218399
2745	1.0724815404
2746	1.0720431896
2747	1.0716067623
2748	1.0711722364
2749	1.0707395917
2750	1.0703088172
2751	1.0698799056
2752	1.0694528469
2753	1.0690276356
2754	1.0686042737
2755	1.0681827572
2756	1.0677630788
2757	1.0673452368
2758	1.0669292253
2759	1.0665150282
2760	1.0661026247
2761	1.0656920035
2762	1.0652831721
2763	1.0648761379
2764	1.0644708971
2765	1.0640674448
2766	1.0636657769
2767	1.0632658928
2768	1.0628677901
2769	1.0624714548
2770	1.0620768779
2771	1.0616840696
2772	1.0612930457
2773	1.0609038106
2774	1.0605163603
2775	1.0601306896
2776	1.0597467919
2777	1.0593646584
2778	1.0589842740
2779	1.0586056153
2780	1.0582286659
2781	1.0578534250
2782	1.0574798911
2783	1.0571080641
2784	1.0567379601
2785	1.0563695904
2786	1.0560029444
2787	1.0556380061
2788	1.0552747576
2789	1.0549131695
2790	1.0545532042
2791	1.0541948341
2792	1.0538380511
2793	1.0534828543
2794	1.0531292372
2795	1.0527771883
2796	1.0524267016
2797	1.0520777760
2798	1.0517304126
2799	1.0513846194
2800	1.0510404050
2801	1.0506977730
2802	1.0503567269
2803	1.0500172705
2804	1.0496794016
2805	1.0493431171
2806	1.0490084219
2807	1.0486753256
2808	1.0483438320
2809	1.0480139394
2810	1.0476856585
2811	1.0473590078
2812	1.0470339916
2813	1.0467105968
2814	1.0463888106
2815	1.0460686307
2816	1.0457500585
2817	1.0454330932
2818	1.0451177422
2819	1.0448040187
2820	1.0444919304
2821	1.0441814894
2822	1.0438727157
2823	1.0435656376
2824	1.0432602962
2825	1.0429567254
2826	1.0426549393
2827	1.0423549402
2828	1.0420567180
2829	1.0417602445
2830	1.0414654847
2831	1.0411724006
2832	1.0408809473
2833	1.0405910841
2834	1.0403027744
2835	1.0400159772
2836	1.0397306462
2837	1.0394467312
2838	1.0391641922
2839	1.0388829987
2840	1.0386031222
2841	1.0383245412
2842	1.0380472362
2843	1.0377711936
2844	1.0374964172
2845	1.0372229158
2846	1.0369506866
2847	1.0366797190
2848	1.0364100028
2849	1.0361415164
2850	1.0358742211
2851	1.0356080694
2852	1.0353430048
2853	1.0350789758
2854	1.0348159529
2855	1.0345539173
2856	1.0342928505
2857	1.0340327418
2858	1.0337735823
2859	1.0335153448
2860	1.0332579901
2861	1.0330014873
2862	1.0327458124
2863	1.0324909317
2864	1.0322367956
2865	1.0319833565
2866	1.0317305801
2867	1.0314784426
2868	1.0312269265
2869	1.0309760163
2870	1.0307256927
2871	1.0304759215
2872	1.0302266579
2873	1.0299778683
2874	1.0297295349
2875	1.0294816467
2876	1.0292341843
2877	1.0289871040
2878	1.0287403522
2879	1.0284938846
2880	1.0282476694
2881	1.0280016842
2882	1.0277558946
2883	1.0275102462
2884	1.0272646772
2885	1.0270191336
2886	1.0267735755
2887	1.0265279716
2888	1.0262822919
2889	1.0260364945
2890	1.0257905304
2891	1.0255443653
2892	1.0252979745
2893	1.0250513258
2894	1.0248043855
2895	1.0245571184
2896	1.0243094814
2897	1.0240614257
2898	1.0238128981
2899	1.0235638495
2900	1.0233142398
2901	1.0230640322
2902	1.0228132015
2903	1.0225617307
2904	1.0223095869
2905	1.0220567159
2906	1.0218030629
2907	1.0215485877
2908	1.0212932642
2909	1.0210370737
2910	1.0207799956
2911	1.0205220055
2912	1.0202630745
2913	1.0200031682
2914	1.0197422474
2915	1.0194802742
2916	1.0192172177
2917	1.0189530470
2918	1.0186877273
2919	1.0184212315
2920	1.0181535374
2921	1.0178846130
2922	1.0176144201
2923	1.0173429335
2924	1.0170701400
2925	1.0167960243
2926	1.0165205624
2927	1.0162437212
2928	1.0159654696
2929	1.0156857836
2930	1.0154046420
2931	1.0151220246
2932	1.0148379093
2933	1.0145522764
2934	1.0142651108
2935	1.0139763920
2936	1.0136860920
2937	1.0133941790
2938	1.0131006221
2939	1.0128053956
2940	1.0125084730
2941	1.0122098195
2942	1.0119093938
2943	1.0116071539
2944	1.0113030655
2945	1.0109971081
2946	1.0106892693
2947	1.0103795352
2948	1.0100678947
2949	1.0097543433
2950	1.0094388741
2951	1.0091214739
2952	1.0088021268
2953	1.0084808229
2954	1.0081575550
2955	1.0078323169
2956	1.0075051050
2957	1.0071759068
2958	1.0068447010
2959	1.0065114773
2960	1.0061762319
2961	1.0058389532
2962	1.0054996285
2963	1.0051582548
2964	1.0048148334
2965	1.0044693606
2966	1.0041218242
2967	1.0037722088
2968	1.0034205034
2969	1.0030666994
2970	1.0027107899
2971	1.0023527691
2972	1.0019926357
2973	1.0016303889
2974	1.0012660288
2975	1.0008995557
2976	1.0005309643
2977	1.0001602497
2978	0.9997874110
2979	0.9994124489
2980	0.9990353674
2981	0.9986561709
2982	0.9982748535
2983	0.9978914062
2984	0.9975058282
2985	0.9971181233
2986	0.9967282936
2987	0.9963363402
2988	0.9959422674
2989	0.9955460802
2990	0.9951477747
2991	0.9947473366
2992	0.9943447516
2993	0.9939400109
2994	0.9935331101
2995	0.9931240510
2996	0.9927128434
2997	0.9922995062
2998	0.9918840613
2999	0.9914665264
