0	1.2500000087
1	1.2501979596
2	1.2503941086
3	1.2505886428
4	1.2507818135
5	1.2509738996
6	1.2511651752
7	1.2513558832
8	1.2515462160
9	1.2517363053
10	1.2519262196
11	1.2521159707
12	1.2523055256
13	1.2524948226
14	1.2526837878
15	1.2528723512
16	1.2530604590
17	1.2532480812
18	1.2534352144
19	1.2536218795
20	1.2538081160
21	1.2539939726
22	1.2541794986
23	1.2543647345
24	1.2545497058
25	1.2547344191
26	1.2549188619
27	1.2551030049
28	1.2552868077
29	1.2554702252
30	1.2556532142
31	1.2558357398
32	1.2560177794
33	1.2561993244
34	1.2563803803
35	1.2565609630
36	1.2567410950
37	1.2569207994
38	1.2571000951
39	1.2572789920
40	1.2574574884
41	1.2576355698
42	1.2578132105
43	1.2579903757
44	1.2581670261
45	1.2583431220
46	1.2585186283
47	1.2586935175
48	1.2588677728
49	1.2590413874
50	1.2592143638
51	1.2593867097
52	1.2595584350
53	1.2597295479
54	1.2599000509
55	1.2600699383
56	1.2602391943
57	1.2604077926
58	1.2605756989
59	1.2607428740
60	1.2609092764
61	1.2610748661
62	1.2612396074
63	1.2614034726
64	1.2615664447
65	1.2617285191
66	1.2618897011
67	1.2620499997
68	1.2622094195
69	1.2623679571
70	1.2625256016
71	1.2626823364
72	1.2628381363
73	1.2629929677
74	1.2631467947
75	1.2632995860
76	1.2634513116
77	1.2636019331
78	1.2637514010
79	1.2638996652
80	1.2640466913
81	1.2641924704
82	1.2643370149
83	1.2644803391
84	1.2646224442
85	1.2647633247
86	1.2649029840
87	1.2650414273
88	1.2651786372
89	1.2653145739
90	1.2654491946
91	1.2655824553
92	1.2657142912
93	1.2658446199
94	1.2659733717
95	1.2661005093
96	1.2662260180
97	1.2663498903
98	1.2664721262
99	1.2665927396
100	1.2667117460
101	1.2668291386
102	1.2669448932
103	1.2670589920
104	1.2671714152
105	1.2672821174
106	1.2673910378
107	1.2674981159
108	1.2676032722
109	1.2677064007
110	1.2678073963
111	1.2679061685
112	1.2680026344
113	1.2680967298
114	1.2681884199
115	1.2682776876
116	1.2683645201
117	1.2684489040
118	1.2685308184
119	1.2686102285
120	1.2686870824
121	1.2687613136
122	1.2688328510
123	1.2689016297
124	1.2689676072
125	1.2690307677
126	1.2690911009
127	1.2691485768
128	1.2692031450
129	1.2692547640
130	1.2693034541
131	1.2693493097
132	1.2693924143
133	1.2694327430
134	1.2694701519
135	1.2695044623
136	1.2695355920
137	1.2695636116
138	1.2695886526
139	1.2696108009
140	1.2696300732
141	1.2696464133
142	1.2696596804
143	1.2696696534
144	1.2696760781
145	1.2696787763
146	1.2696777165
147	1.2696729740
148	1.2696646899
149	1.2696530617
150	1.2696382956
151	1.2696205195
152	1.2695997102
153	1.2695756957
154	1.2695482210
155	1.2695169814
156	1.2694816583
157	1.2694420213
158	1.2693979961
159	1.2693496469
160	1.2692971451
161	1.2692407481
162	1.2691807589
163	1.2691174349
164	1.2690509093
165	1.2689811903
166	1.2689081546
167	1.2688315213
168	1.2687509033
169	1.2686658980
170	1.2685761481
171	1.2684813845
172	1.2683814858
173	1.2682765333
174	1.2681667830
175	1.2680525979
176	1.2679344198
177	1.2678127008
178	1.2676878009
179	1.2675599369
180	1.2674291606
181	1.2672953430
182	1.2671581844
183	1.2670172637
184	1.2668721093
185	1.2667222425
186	1.2665672402
187	1.2664068144
188	1.2662408208
189	1.2660692705
190	1.2658923591
191	1.2657104309
192	1.2655239314
193	1.2653333684
194	1.2651392494
195	1.2649420121
196	1.2647419695
197	1.2645393023
198	1.2643340461
199	1.2641260718
200	1.2639151309
201	1.2637008802
202	1.2634828955
203	1.2632607488
204	1.2630340472
205	1.2628024593
206	1.2625657848
207	1.2623239989
208	1.2620772319
209	1.2618256755
210	1.2615695009
211	1.2613088536
212	1.2610439068
213	1.2607749440
214	1.2605023119
215	1.2602262627
216	1.2599469121
217	1.2596642978
218	1.2593784733
219	1.2590895526
220	1.2587976313
221	1.2585027321
222	1.2582048221
223	1.2579038251
224	1.2575996156
225	1.2572920386
226	1.2569810104
227	1.2566665757
228	1.2563488591
229	1.2560279966
230	1.2557040557
231	1.2553770199
232	1.2550467950
233	1.2547131624
234	1.2543758319
235	1.2540345449
236	1.2536891000
237	1.2533393419
238	1.2529851607
239	1.2526265268
240	1.2522634942
241	1.2518961779
242	1.2515247656
243	1.2511495308
244	1.2507708373
245	1.2503890677
246	1.2500045374
247	1.2496174862
248	1.2492280190
249	1.2488360606
250	1.2484414151
251	1.2480438329
252	1.2476430848
253	1.2472390171
254	1.2468315970
255	1.2464209447
256	1.2460073013
257	1.2455909765
258	1.2451722993
259	1.2447515719
260	1.2443289943
261	1.2439045991
262	1.2434782974
263	1.2430499083
264	1.2426191769
265	1.2421858403
266	1.2417496254
267	1.2413102361
268	1.2408673872
269	1.2404208769
270	1.2399706512
271	1.2395167543
272	1.2390592523
273	1.2385982264
274	1.2381338382
275	1.2376664157
276	1.2371964336
277	1.2367243257
278	1.2362502127
279	1.2357738633
280	1.2352949496
281	1.2348132659
282	1.2343287627
283	1.2338413944
284	1.2333509717
285	1.2328572288
286	1.2323599776
287	1.2318591981
288	1.2313550082
289	1.2308476275
290	1.2303374215
291	1.2298248489
292	1.2293102780
293	1.2287938736
294	1.2282756935
295	1.2277558364
296	1.2272344508
297	1.2267116775
298	1.2261876000
299	1.2256622779
300	1.2251357509
301	1.2246079058
302	1.2240784506
303	1.2235470672
304	1.2230135663
305	1.2224778939
306	1.2219400491
307	1.2214001101
308	1.2208582371
309	1.2203145485
310	1.2197690398
311	1.2192216335
312	1.2186722801
313	1.2181209721
314	1.2175677238
315	1.2170126058
316	1.2164557864
317	1.2158974616
318	1.2153377048
319	1.2147764913
320	1.2142137901
321	1.2136495311
322	1.2130835867
323	1.2125158628
324	1.2119463970
325	1.2113752853
326	1.2108025838
327	1.2102283482
328	1.2096526199
329	1.2090753386
330	1.2084963122
331	1.2079153045
332	1.2073321338
333	1.2067466637
334	1.2061588188
335	1.2055686723
336	1.2049764461
337	1.2043823701
338	1.2037866046
339	1.2031892701
340	1.2025903903
341	1.2019898773
342	1.2013876456
343	1.2007836711
344	1.2001779365
345	1.1995704191
346	1.1989612278
347	1.1983506379
348	1.1977389860
349	1.1971266172
350	1.1965138354
351	1.1959008179
352	1.1952875616
353	1.1946739644
354	1.1940599283
355	1.1934453338
356	1.1928300490
357	1.1922140099
358	1.1915971972
359	1.1909795249
360	1.1903608792
361	1.1897412226
362	1.1891205345
363	1.1884987906
364	1.1878760338
365	1.1872523757
366	1.1866279439
367	1.1860028874
368	1.1853774091
369	1.1847516935
370	1.1841258789
371	1.1835001001
372	1.1828744333
373	1.1822488229
374	1.1816231033
375	1.1809970660
376	1.1803704355
377	1.1797428845
378	1.1791141867
379	1.1784842813
380	1.1778532482
381	1.1772213457
382	1.1765890220
383	1.1759567840
384	1.1753251048
385	1.1746944162
386	1.1740649939
387	1.1734369098
388	1.1728101189
389	1.1721844876
390	1.1715597749
391	1.1709356939
392	1.1703119973
393	1.1696884316
394	1.1690647402
395	1.1684407568
396	1.1678163742
397	1.1671914867
398	1.1665660262
399	1.1659400298
400	1.1653136263
401	1.1646870225
402	1.1640604820
403	1.1634341634
404	1.1628080521
405	1.1621820931
406	1.1615563022
407	1.1609307664
408	1.1603055972
409	1.1596808059
410	1.1590562226
411	1.1584316842
412	1.1578072002
413	1.1571828594
414	1.1565586929
415	1.1559346136
416	1.1553104419
417	1.1546860227
418	1.1540613482
419	1.1534364931
420	1.1528115159
421	1.1521865434
422	1.1515617940
423	1.1509374496
424	1.1503135456
425	1.1496899838
426	1.1490666197
427	1.1484433670
428	1.1478202466
429	1.1471972996
430	1.1465745917
431	1.1459523239
432	1.1453307807
433	1.1447102134
434	1.1440908676
435	1.1434730385
436	1.1428570225
437	1.1422430569
438	1.1416311965
439	1.1410212283
440	1.1404127949
441	1.1398054648
442	1.1391987045
443	1.1385919939
444	1.1379850314
445	1.1373777699
446	1.1367703350
447	1.1361629973
448	1.1355561186
449	1.1349500983
450	1.1343452951
451	1.1337419079
452	1.1331399849
453	1.1325395150
454	1.1319404056
455	1.1313424016
456	1.1307451803
457	1.1301484680
458	1.1295520192
459	1.1289556349
460	1.1283592172
461	1.1277627947
462	1.1271665236
463	1.1265706331
464	1.1259753761
465	1.1253810784
466	1.1247881081
467	1.1241967096
468	1.1236069987
469	1.1230190293
470	1.1224327496
471	1.1218479922
472	1.1212645360
473	1.1206821339
474	1.1201004927
475	1.1195192853
476	1.1189382017
477	1.1183570554
478	1.1177758262
479	1.1171945620
480	1.1166133639
481	1.1160324309
482	1.1154519911
483	1.1148722184
484	1.1142932759
485	1.1137153612
486	1.1131386701
487	1.1125633726
488	1.1119895501
489	1.1114171461
490	1.1108459990
491	1.1102759203
492	1.1097068311
493	1.1091388077
494	1.1085719290
495	1.1080061729
496	1.1074415136
497	1.1068779331
498	1.1063153354
499	1.1057535867
500	1.1051925674
501	1.1046321712
502	1.1040722932
503	1.1035128199
504	1.1029536562
505	1.1023947786
506	1.1018362571
507	1.1012782551
508	1.1007209993
509	1.1001646545
510	1.0996092705
511	1.0990548352
512	1.0985012323
513	1.0979482120
514	1.0973955010
515	1.0968428940
516	1.0962902218
517	1.0957373388
518	1.0951841592
519	1.0946306640
520	1.0940768843
521	1.0935228619
522	1.0929686608
523	1.0924143779
524	1.0918600692
525	1.0913057192
526	1.0907512716
527	1.0901966141
528	1.0896415959
529	1.0890861057
530	1.0885300690
531	1.0879734307
532	1.0874161817
533	1.0868583513
534	1.0863000034
535	1.0857412479
536	1.0851822395
537	1.0846231454
538	1.0840640887
539	1.0835051347
540	1.0829463333
541	1.0823877008
542	1.0818291379
543	1.0812704238
544	1.0807112251
545	1.0801511078
546	1.0795896584
547	1.0790266104
548	1.0784618581
549	1.0778954204
550	1.0773274190
551	1.0767580303
552	1.0761874394
553	1.0756158315
554	1.0750433841
555	1.0744702382
556	1.0738964490
557	1.0733219912
558	1.0727467958
559	1.0721707504
560	1.0715937105
561	1.0710155127
562	1.0704359460
563	1.0698547823
564	1.0692718594
565	1.0686870903
566	1.0681004690
567	1.0675120935
568	1.0669221472
569	1.0663308672
570	1.0657384985
571	1.0651452474
572	1.0645512506
573	1.0639565718
574	1.0633612217
575	1.0627651624
576	1.0621682846
577	1.0615704342
578	1.0609714782
579	1.0603712987
580	1.0597697852
581	1.0591668714
582	1.0585625343
583	1.0579567623
584	1.0573495357
585	1.0567408122
586	1.0561305269
587	1.0555186261
588	1.0549050899
589	1.0542899310
590	1.0536732054
591	1.0530550240
592	1.0524355334
593	1.0518148688
594	1.0511931223
595	1.0505703425
596	1.0499465226
597	1.0493215978
598	1.0486954719
599	1.0480680364
600	1.0474391801
601	1.0468087766
602	1.0461766469
603	1.0455425973
604	1.0449064943
605	1.0442682771
606	1.0436279403
607	1.0429855189
608	1.0423410645
609	1.0416946123
610	1.0410461776
611	1.0403957872
612	1.0397434781
613	1.0390892625
614	1.0384331283
615	1.0377750776
616	1.0371151646
617	1.0364535071
618	1.0357902422
619	1.0351254854
620	1.0344593450
621	1.0337919377
622	1.0331233675
623	1.0324536817
624	1.0317828312
625	1.0311106771
626	1.0304370432
627	1.0297617785
628	1.0290847960
629	1.0284060705
630	1.0277256083
631	1.0270434285
632	1.0263595641
633	1.0256740458
634	1.0249868730
635	1.0242980427
636	1.0236076135
637	1.0229157004
638	1.0222224074
639	1.0215278033
640	1.0208319369
641	1.0201348367
642	1.0194365272
643	1.0187370332
644	1.0180363705
645	1.0173345607
646	1.0166316189
647	1.0159275199
648	1.0152221961
649	1.0145155680
650	1.0138075822
651	1.0130982282
652	1.0123875330
653	1.0116755552
654	1.0109623654
655	1.0102480213
656	1.0095325273
657	1.0088157844
658	1.0080976377
659	1.0073779612
660	1.0066566588
661	1.0059336446
662	1.0052088509
663	1.0044822444
664	1.0037538329
665	1.0030236323
666	1.0022916594
667	1.0015579910
668	1.0008227682
669	1.0000861411
670	0.9993482413
671	0.9986091818
672	0.9978690504
673	0.9971278818
674	0.9963856577
675	0.9956423408
676	0.9948979117
677	0.9941523606
678	0.9934056170
679	0.9926575157
680	0.9919078599
681	0.9911564929
682	0.9904032983
683	0.9896481988
684	0.9888911503
685	0.9881321255
686	0.9873711357
687	0.9866082454
688	0.9858435700
689	0.9850772490
690	0.9843093519
691	0.9835398344
692	0.9827686257
693	0.9819957166
694	0.9812211661
695	0.9804450777
696	0.9796675985
697	0.9788889057
698	0.9781091187
699	0.9773282475
700	0.9765462342
701	0.9757630129
702	0.9749785386
703	0.9741927751
704	0.9734057033
705	0.9726173458
706	0.9718277345
707	0.9710368962
708	0.9702448924
709	0.9694518019
710	0.9686576907
711	0.9678626170
712	0.9670666345
713	0.9662698020
714	0.9654721414
715	0.9646736097
716	0.9638741495
717	0.9630737001
718	0.9622721362
719	0.9614692531
720	0.9606648378
721	0.9598587155
722	0.9590507439
723	0.9582408320
724	0.9574289957
725	0.9566153841
726	0.9558002451
727	0.9549838515
728	0.9541664469
729	0.9533482202
730	0.9525292173
731	0.9517093056
732	0.9508882661
733	0.9500658470
734	0.9492417980
735	0.9484159665
736	0.9475883245
737	0.9467589275
738	0.9459278994
739	0.9450954411
740	0.9442618281
741	0.9434273313
742	0.9425921501
743	0.9417564414
744	0.9409203205
745	0.9400838279
746	0.9392469431
747	0.9384096069
748	0.9375716684
749	0.9367328377
750	0.9358927991
751	0.9350513678
752	0.9342084933
753	0.9333641925
754	0.9325185005
755	0.9316714308
756	0.9308229852
757	0.9299731501
758	0.9291219152
759	0.9282692981
760	0.9274152970
761	0.9265599415
762	0.9257033928
763	0.9248459189
764	0.9239878294
765	0.9231294452
766	0.9222710606
767	0.9214128921
768	0.9205550351
769	0.9196974765
770	0.9188401497
771	0.9179829489
772	0.9171257450
773	0.9162684077
774	0.9154107880
775	0.9145526871
776	0.9136939388
777	0.9128345314
778	0.9119745351
779	0.9111140400
780	0.9102532466
781	0.9093924278
782	0.9085317812
783	0.9076713960
784	0.9068112788
785	0.9059513844
786	0.9050916344
787	0.9042319400
788	0.9033722821
789	0.9025127059
790	0.9016532991
791	0.9007942223
792	0.8999356232
793	0.8990775526
794	0.8982200291
795	0.8973630772
796	0.8965066499
797	0.8956506067
798	0.8947948107
799	0.8939391888
800	0.8930836957
801	0.8922283130
802	0.8913730888
803	0.8905181429
804	0.8896636534
805	0.8888098184
806	0.8879568663
807	0.8871050498
808	0.8862545998
809	0.8854057084
810	0.8845584213
811	0.8837126096
812	0.8828681364
813	0.8820249080
814	0.8811827971
815	0.8803416558
816	0.8795013736
817	0.8786618953
818	0.8778231976
819	0.8769853359
820	0.8761485287
821	0.8753130459
822	0.8744790667
823	0.8736467244
824	0.8728161900
825	0.8719876829
826	0.8711614588
827	0.8703377228
828	0.8695164599
829	0.8686974636
830	0.8678805379
831	0.8670655625
832	0.8662524984
833	0.8654414098
834	0.8646323345
835	0.8638251700
836	0.8630197512
837	0.8622159883
838	0.8614139065
839	0.8606135190
840	0.8598148129
841	0.8590178445
842	0.8582226603
843	0.8574292430
844	0.8566375622
845	0.8558475875
846	0.8550593248
847	0.8542728099
848	0.8534879797
849	0.8527046302
850	0.8519224969
851	0.8511413239
852	0.8503608794
853	0.8495809870
854	0.8488015777
855	0.8480226605
856	0.8472443139
857	0.8464667454
858	0.8456902971
859	0.8449153699
860	0.8441423935
861	0.8433718675
862	0.8426042181
863	0.8418395847
864	0.8410778592
865	0.8403187972
866	0.8395620518
867	0.8388072783
868	0.8380542354
869	0.8373028376
870	0.8365531268
871	0.8358051413
872	0.8350588532
873	0.8343141967
874	0.8335711644
875	0.8328298288
876	0.8320902062
877	0.8313522490
878	0.8306159577
879	0.8298813634
880	0.8291484995
881	0.8284174655
882	0.8276883784
883	0.8269612787
884	0.8262361910
885	0.8255131915
886	0.8247923369
887	0.8240736346
888	0.8233570609
889	0.8226425371
890	0.8219299682
891	0.8212193043
892	0.8205105810
893	0.8198038867
894	0.8190992864
895	0.8183968279
896	0.8176965097
897	0.8169982284
898	0.8163018005
899	0.8156070148
900	0.8149138090
901	0.8142223870
902	0.8135330390
903	0.8128460266
904	0.8121616260
905	0.8114800405
906	0.8108012900
907	0.8101252511
908	0.8094517917
909	0.8087808199
910	0.8081122763
911	0.8074461574
912	0.8067824554
913	0.8061210518
914	0.8054617176
915	0.8048041860
916	0.8041481884
917	0.8034934988
918	0.8028400046
919	0.8021877114
920	0.8015367241
921	0.8008872407
922	0.8002394650
923	0.7995935779
924	0.7989497882
925	0.7983082752
926	0.7976691537
927	0.7970324792
928	0.7963982193
929	0.7957662582
930	0.7951364167
931	0.7945084781
932	0.7938821952
933	0.7932573595
934	0.7926339233
935	0.7920119535
936	0.7913915632
937	0.7907729945
938	0.7901565743
939	0.7895425576
940	0.7889310889
941	0.7883221875
942	0.7877156996
943	0.7871113281
944	0.7865087657
945	0.7859078150
946	0.7853084300
947	0.7847106508
948	0.7841145430
949	0.7835202717
950	0.7829281348
951	0.7823384903
952	0.7817516284
953	0.7811676201
954	0.7805862743
955	0.7800072853
956	0.7794304929
957	0.7788559705
958	0.7782838081
959	0.7777139699
960	0.7771463293
961	0.7765807344
962	0.7760171992
963	0.7754559350
964	0.7748970918
965	0.7743406074
966	0.7737862813
967	0.7732339176
968	0.7726834025
969	0.7721346863
970	0.7715877190
971	0.7710424122
972	0.7704986813
973	0.7699564641
974	0.7694156511
975	0.7688761245
976	0.7683379319
977	0.7678013602
978	0.7672668236
979	0.7667346691
980	0.7662050738
981	0.7656781021
982	0.7651538150
983	0.7646322521
984	0.7641134017
985	0.7635972269
986	0.7630836200
987	0.7625724477
988	0.7620636096
989	0.7615569245
990	0.7610521298
991	0.7605490740
992	0.7600477900
993	0.7595483555
994	0.7590507946
995	0.7585551755
996	0.7580616749
997	0.7575705238
998	0.7570819457
999	0.7565960548
1000	0.7561128652
1001	0.7556323613
1002	0.7551544041
1003	0.7546786629
1004	0.7542047211
1005	0.7537322446
1006	0.7532610916
1007	0.7527913145
1008	0.7523231028
1009	0.7518567608
1010	0.7513926533
1011	0.7509310398
1012	0.7504719937
1013	0.7500154805
1014	0.7495614273
1015	0.7491097365
1016	0.7486602453
1017	0.7482126809
1018	0.7477667369
1019	0.7473221936
1020	0.7468789296
1021	0.7464368201
1022	0.7459957344
1023	0.7455556418
1024	0.7451165573
1025	0.7446784727
1026	0.7442413663
1027	0.7438051901
1028	0.7433699448
1029	0.7429357338
1030	0.7425027057
1031	0.7420710676
1032	0.7416411079
1033	0.7412130838
1034	0.7407870956
1035	0.7403631216
1036	0.7399411404
1037	0.7395210943
1038	0.7391027946
1039	0.7386859842
1040	0.7382704838
1041	0.7378562384
1042	0.7374432111
1043	0.7370313221
1044	0.7366205026
1045	0.7362107098
1046	0.7358019081
1047	0.7353941171
1048	0.7349874476
1049	0.7345820680
1050	0.7341781829
1051	0.7337759456
1052	0.7333753709
1053	0.7329764094
1054	0.7325789695
1055	0.7321828443
1056	0.7317877733
1057	0.7313935295
1058	0.7309999225
1059	0.7306067897
1060	0.7302140252
1061	0.7298216341
1062	0.7294297118
1063	0.7290383683
1064	0.7286476510
1065	0.7282575565
1066	0.7278681080
1067	0.7274793178
1068	0.7270911698
1069	0.7267037182
1070	0.7263171074
1071	0.7259314735
1072	0.7255468386
1073	0.7251631028
1074	0.7247801302
1075	0.7243977791
1076	0.7240159036
1077	0.7236344394
1078	0.7232534649
1079	0.7228731264
1080	0.7224935467
1081	0.7221148026
1082	0.7217369203
1083	0.7213598988
1084	0.7209837200
1085	0.7206083721
1086	0.7202339009
1087	0.7198603563
1088	0.7194876873
1089	0.7191157547
1090	0.7187444414
1091	0.7183736543
1092	0.7180033001
1093	0.7176333998
1094	0.7172640812
1095	0.7168954657
1096	0.7165277153
1097	0.7161610685
1098	0.7157957752
1099	0.7154320069
1100	0.7150697720
1101	0.7147089582
1102	0.7143494130
1103	0.7139909400
1104	0.7136332794
1105	0.7132761470
1106	0.7129193304
1107	0.7125627235
1108	0.7122063045
1109	0.7118501390
1110	0.7114943882
1111	0.7111392705
1112	0.7107849988
1113	0.7104317918
1114	0.7100798869
1115	0.7097294424
1116	0.7093804924
1117	0.7090330385
1118	0.7086870637
1119	0.7083424529
1120	0.7079989991
1121	0.7076564683
1122	0.7073146459
1123	0.7069733657
1124	0.7066324759
1125	0.7062918672
1126	0.7059515378
1127	0.7056115069
1128	0.7052717687
1129	0.7049323309
1130	0.7045931872
1131	0.7042543160
1132	0.7039157580
1133	0.7035776490
1134	0.7032401607
1135	0.7029034734
1136	0.7025677903
1137	0.7022332866
1138	0.7019000573
1139	0.7015681254
1140	0.7012375244
1141	0.7009083804
1142	0.7005808323
1143	0.7002549599
1144	0.6999308139
1145	0.6996083757
1146	0.6992874950
1147	0.6989679171
1148	0.6986494102
1149	0.6983318627
1150	0.6980152642
1151	0.6976996791
1152	0.6973852667
1153	0.6970722145
1154	0.6967606575
1155	0.6964507251
1156	0.6961425020
1157	0.6958359131
1158	0.6955307981
1159	0.6952270605
1160	0.6949246937
1161	0.6946237210
1162	0.6943241331
1163	0.6940258548
1164	0.6937287824
1165	0.6934329082
1166	0.6931383878
1167	0.6928455283
1168	0.6925546824
1169	0.6922660259
1170	0.6919796125
1171	0.6916955855
1172	0.6914141071
1173	0.6911352101
1174	0.6908587463
1175	0.6905844259
1176	0.6903119451
1177	0.6900411251
1178	0.6897719912
1179	0.6895047096
1180	0.6892394840
1181	0.6889765742
1182	0.6887163023
1183	0.6884589622
1184	0.6882047933
1185	0.6879540849
1186	0.6877071873
1187	0.6874643492
1188	0.6872256049
1189	0.6869907462
1190	0.6867593524
1191	0.6865309180
1192	0.6863050331
1193	0.6860815013
1194	0.6858602922
1195	0.6856414381
1196	0.6854250773
1197	0.6852115211
1198	0.6850010817
1199	0.6847939729
1200	0.6845904435
1201	0.6843907497
1202	0.6841950413
1203	0.6840033226
1204	0.6838154031
1205	0.6836309891
1206	0.6834498371
1207	0.6832717978
1208	0.6830968291
1209	0.6829249593
1210	0.6827562299
1211	0.6825906576
1212	0.6824282046
1213	0.6822687979
1214	0.6821125002
1215	0.6819596701
1216	0.6818107860
1217	0.6816662644
1218	0.6815265176
1219	0.6813919715
1220	0.6812630239
1221	0.6811400050
1222	0.6810231110
1223	0.6809123156
1224	0.6808073475
1225	0.6807078376
1226	0.6806134367
1227	0.6805237566
1228	0.6804384325
1229	0.6803573094
1230	0.6802804458
1231	0.6802080217
1232	0.6801402805
1233	0.6800774424
1234	0.6800196506
1235	0.6799669118
1236	0.6799190705
1237	0.6798759715
1238	0.6798375677
1239	0.6798039427
1240	0.6797753606
1241	0.6797521827
1242	0.6797346961
1243	0.6797230376
1244	0.6797171888
1245	0.6797169115
1246	0.6797218880
1247	0.6797319683
1248	0.6797470315
1249	0.6797668812
1250	0.6797914494
1251	0.6798208279
1252	0.6798551156
1253	0.6798943286
1254	0.6799385032
1255	0.6799878310
1256	0.6800425588
1257	0.6801028996
1258	0.6801690131
1259	0.6802409237
1260	0.6803184985
1261	0.6804015040
1262	0.6804896442
1263	0.6805826003
1264	0.6806801643
1265	0.6807823076
1266	0.6808890792
1267	0.6810005146
1268	0.6811166589
1269	0.6812376126
1270	0.6813634889
1271	0.6814943847
1272	0.6816304166
1273	0.6817716903
1274	0.6819182384
1275	0.6820700153
1276	0.6822268579
1277	0.6823885173
1278	0.6825548892
1279	0.6827261279
1280	0.6829025560
1281	0.6830846219
1282	0.6832727568
1283	0.6834671936
1284	0.6836679914
1285	0.6838750886
1286	0.6840883703
1287	0.6843076025
1288	0.6845323124
1289	0.6847620179
1290	0.6849964800
1291	0.6852356821
1292	0.6854797639
1293	0.6857289146
1294	0.6859831019
1295	0.6862419884
1296	0.6865052412
1297	0.6867727434
1298	0.6870445114
1299	0.6873205518
1300	0.6876007981
1301	0.6878852877
1302	0.6881743703
1303	0.6884686061
1304	0.6887684643
1305	0.6890741099
1306	0.6893854656
1307	0.6897023625
1308	0.6900246119
1309	0.6903521065
1310	0.6906848466
1311	0.6910228328
1312	0.6913660555
1313	0.6917145723
1314	0.6920684445
1315	0.6924276324
1316	0.6927920263
1317	0.6931616415
1318	0.6935366762
1319	0.6939172741
1320	0.6943034240
1321	0.6946950055
1322	0.6950918492
1323	0.6954939515
1324	0.6959014977
1325	0.6963145920
1326	0.6967332185
1327	0.6971574510
1328	0.6975874175
1329	0.6980230948
1330	0.6984643687
1331	0.6989111409
1332	0.6993633262
1333	0.6998208593
1334	0.7002835843
1335	0.7007512436
1336	0.7012236101
1337	0.7017006187
1338	0.7021824355
1339	0.7026692898
1340	0.7031613377
1341	0.7036587228
1342	0.7041615680
1343	0.7046698821
1344	0.7051834740
1345	0.7057019648
1346	0.7062249939
1347	0.7067524190
1348	0.7072842771
1349	0.7078206688
1350	0.7083617728
1351	0.7089078430
1352	0.7094591004
1353	0.7100156888
1354	0.7105777298
1355	0.7111453420
1356	0.7117186070
1357	0.7122975978
1358	0.7128823316
1359	0.7134726526
1360	0.7140683040
1361	0.7146690389
1362	0.7152745207
1363	0.7158842605
1364	0.7164978334
1365	0.7171150553
1366	0.7177359266
1367	0.7183604791
1368	0.7189887779
1369	0.7196211067
1370	0.7202579161
1371	0.7208995817
1372	0.7215462481
1373	0.7221977859
1374	0.7228539950
1375	0.7235147704
1376	0.7241800557
1377	0.7248499368
1378	0.7255246886
1379	0.7262045723
1380	0.7268897204
1381	0.7275802129
1382	0.7282761186
1383	0.7289774974
1384	0.7296843780
1385	0.7303966097
1386	0.7311138748
1387	0.7318358790
1388	0.7325623903
1389	0.7332932028
1390	0.7340281670
1391	0.7347672761
1392	0.7355106850
1393	0.7362586218
1394	0.7370113367
1395	0.7377690823
1396	0.7385320764
1397	0.7393004898
1398	0.7400743292
1399	0.7408532911
1400	0.7416369121
1401	0.7424248038
1402	0.7432166462
1403	0.7440121522
1404	0.7448111914
1405	0.7456138539
1406	0.7464202861
1407	0.7472306272
1408	0.7480451551
1409	0.7488642245
1410	0.7496881466
1411	0.7505171780
1412	0.7513514160
1413	0.7521907973
1414	0.7530351468
1415	0.7538841166
1416	0.7547372135
1417	0.7555939952
1418	0.7564541784
1419	0.7573175615
1420	0.7581839916
1421	0.7590533778
1422	0.7599257211
1423	0.7608011188
1424	0.7616796912
1425	0.7625616587
1426	0.7634474111
1427	0.7643373201
1428	0.7652315489
1429	0.7661300608
1430	0.7670328535
1431	0.7679400620
1432	0.7688517840
1433	0.7697680522
1434	0.7706888776
1435	0.7716141272
1436	0.7725434842
1437	0.7734765962
1438	0.7744131806
1439	0.7753530538
1440	0.7762961310
1441	0.7772423560
1442	0.7781916585
1443	0.7791439658
1444	0.7800992010
1445	0.7810572544
1446	0.7820180409
1447	0.7829815951
1448	0.7839480195
1449	0.7849173930
1450	0.7858897670
1451	0.7868651641
1452	0.7878435379
1453	0.7888247531
1454	0.7898085999
1455	0.7907948407
1456	0.7917832844
1457	0.7927738069
1458	0.7937663665
1459	0.7947610487
1460	0.7957580062
1461	0.7967573488
1462	0.7977590745
1463	0.7987631096
1464	0.7997693554
1465	0.8007775818
1466	0.8017874926
1467	0.8027989085
1468	0.8038117295
1469	0.8048258687
1470	0.8058412658
1471	0.8068579453
1472	0.8078760798
1473	0.8088959106
1474	0.8099176404
1475	0.8109414925
1476	0.8119676973
1477	0.8129963003
1478	0.8140271326
1479	0.8150599268
1480	0.8160943212
1481	0.8171298886
1482	0.8181662518
1483	0.8192031413
1484	0.8202403620
1485	0.8212777503
1486	0.8223151907
1487	0.8233526419
1488	0.8243901781
1489	0.8254280365
1490	0.8264665619
1491	0.8275061147
1492	0.8285469970
1493	0.8295893077
1494	0.8306329157
1495	0.8316776672
1496	0.8327234668
1497	0.8337701789
1498	0.8348176037
1499	0.8358655603
1500	0.8369139336
1501	0.8379626753
1502	0.8390118368
1503	0.8400614953
1504	0.8411116391
1505	0.8421621991
1506	0.8432131417
1507	0.8442645710
1508	0.8453167005
1509	0.8463696707
1510	0.8474234862
1511	0.8484780863
1512	0.8495334249
1513	0.8505895544
1514	0.8516466489
1515	0.8527048845
1516	0.8537643072
1517	0.8548248303
1518	0.8558862745
1519	0.8569484401
1520	0.8580111356
1521	0.8590741642
1522	0.8601374027
1523	0.8612008623
1524	0.8622646507
1525	0.8633288845
1526	0.8643936766
1527	0.8654592246
1528	0.8665257637
1529	0.8675934133
1530	0.8686621483
1531	0.8697318242
1532	0.8708022014
1533	0.8718730396
1534	0.8729441480
1535	0.8740153622
1536	0.8750865166
1537	0.8761574296
1538	0.8772279443
1539	0.8782979807
1540	0.8793675283
1541	0.8804366593
1542	0.8815055730
1543	0.8825745499
1544	0.8836438151
1545	0.8847134689
1546	0.8857834991
1547	0.8868537741
1548	0.8879240760
1549	0.8889942059
1550	0.8900640362
1551	0.8911334836
1552	0.8922025154
1553	0.8932711782
1554	0.8943395709
1555	0.8954078167
1556	0.8964760642
1557	0.8975444886
1558	0.8986132305
1559	0.8996823314
1560	0.9007517738
1561	0.9018215408
1562	0.9028916363
1563	0.9039620661
1564	0.9050328206
1565	0.9061039059
1566	0.9071753434
1567	0.9082471624
1568	0.9093193995
1569	0.9103920379
1570	0.9114650111
1571	0.9125382660
1572	0.9136117555
1573	0.9146854200
1574	0.9157592037
1575	0.9168330608
1576	0.9179069682
1577	0.9189809157
1578	0.9200548424
1579	0.9211286421
1580	0.9222022247
1581	0.9232755140
1582	0.9243484353
1583	0.9254209518
1584	0.9264930847
1585	0.9275648930
1586	0.9286364777
1587	0.9297079965
1588	0.9307796147
1589	0.9318514400
1590	0.9329235209
1591	0.9339958585
1592	0.9350684080
1593	0.9361411072
1594	0.9372138910
1595	0.9382867089
1596	0.9393595470
1597	0.9404324189
1598	0.9415053677
1599	0.9425784646
1600	0.9436517716
1601	0.9447253285
1602	0.9457991743
1603	0.9468733410
1604	0.9479477950
1605	0.9490224334
1606	0.9500971323
1607	0.9511717678
1608	0.9522462295
1609	0.9533204326
1610	0.9543943415
1611	0.9554679914
1612	0.9565414681
1613	0.9576148777
1614	0.9586883188
1615	0.9597618575
1616	0.9608355349
1617	0.9619093858
1618	0.9629834284
1619	0.9640576810
1620	0.9651321986
1621	0.9662070353
1622	0.9672821821
1623	0.9683575604
1624	0.9694330647
1625	0.9705086066
1626	0.9715841199
1627	0.9726595591
1628	0.9737348980
1629	0.9748101168
1630	0.9758852078
1631	0.9769601884
1632	0.9780350992
1633	0.9791099808
1634	0.9801848423
1635	0.9812596703
1636	0.9823344484
1637	0.9834091601
1638	0.9844838121
1639	0.9855584283
1640	0.9866330135
1641	0.9877075810
1642	0.9887821825
1643	0.9898568841
1644	0.9909317428
1645	0.9920067946
1646	0.9930820309
1647	0.9941574006
1648	0.9952328530
1649	0.9963083464
1650	0.9973838201
1651	0.9984591886
1652	0.9995343715
1653	1.0006093139
1654	1.0016839850
1655	1.0027583762
1656	1.0038325109
1657	1.0049064584
1658	1.0059803230
1659	1.0070542164
1660	1.0081282351
1661	1.0092024407
1662	1.0102768903
1663	1.0113516674
1664	1.0124268508
1665	1.0135024580
1666	1.0145784128
1667	1.0156545785
1668	1.0167307914
1669	1.0178068725
1670	1.0188826727
1671	1.0199581128
1672	1.0210331846
1673	1.0221079256
1674	1.0231823977
1675	1.0242566765
1676	1.0253308169
1677	1.0264048632
1678	1.0274789064
1679	1.0285530476
1680	1.0296273284
1681	1.0307017602
1682	1.0317763594
1683	1.0328511296
1684	1.0339260382
1685	1.0350010012
1686	1.0360759114
1687	1.0371506962
1688	1.0382253305
1689	1.0392998144
1690	1.0403741604
1691	1.0414483925
1692	1.0425225471
1693	1.0435966668
1694	1.0446707888
1695	1.0457449478
1696	1.0468191846
1697	1.0478935444
1698	1.0489680735
1699	1.0500428302
1700	1.0511178690
1701	1.0521931713
1702	1.0532686384
1703	1.0543441296
1704	1.0554194704
1705	1.0564945093
1706	1.0575691601
1707	1.0586433779
1708	1.0597171458
1709	1.0607905180
1710	1.0618636614
1711	1.0629368098
1712	1.0640101580
1713	1.0650837920
1714	1.0661577076
1715	1.0672318627
1716	1.0683061896
1717	1.0693805870
1718	1.0704549172
1719	1.0715290528
1720	1.0726029422
1721	1.0736765896
1722	1.0747500095
1723	1.0758232323
1724	1.0768962933
1725	1.0779691977
1726	1.0790419403
1727	1.0801145470
1728	1.0811870872
1729	1.0822596654
1730	1.0833323740
1731	1.0844052522
1732	1.0854782717
1733	1.0865513473
1734	1.0876243726
1735	1.0886972386
1736	1.0897698606
1737	1.0908422312
1738	1.0919143998
1739	1.0929864002
1740	1.0940582377
1741	1.0951299279
1742	1.0962015068
1743	1.0972729855
1744	1.0983443443
1745	1.0994155593
1746	1.1004866219
1747	1.1015575721
1748	1.1026284387
1749	1.1036991704
1750	1.1047697310
1751	1.1058401319
1752	1.1069103412
1753	1.1079802818
1754	1.1090499099
1755	1.1101192490
1756	1.1111883519
1757	1.1122572517
1758	1.1133259703
1759	1.1143945334
1760	1.1154629205
1761	1.1165310434
1762	1.1175988144
1763	1.1186661970
1764	1.1197332184
1765	1.1207999564
1766	1.1218664749
1767	1.1229327331
1768	1.1239986021
1769	1.1250639958
1770	1.1261289140
1771	1.1271934217
1772	1.1282576257
1773	1.1293215995
1774	1.1303852972
1775	1.1314485547
1776	1.1325112171
1777	1.1335732213
1778	1.1346345585
1779	1.1356952509
1780	1.1367553473
1781	1.1378149109
1782	1.1388740003
1783	1.1399326141
1784	1.1409906851
1785	1.1420481603
1786	1.1431050511
1787	1.1441613370
1788	1.1452168963
1789	1.1462716262
1790	1.1473255134
1791	1.1483785756
1792	1.1494308823
1793	1.1504825799
1794	1.1515338260
1795	1.1525847198
1796	1.1536352457
1797	1.1546853240
1798	1.1557348746
1799	1.1567837662
1800	1.1578318268
1801	1.1588789299
1802	1.1599250160
1803	1.1609700719
1804	1.1620140983
1805	1.1630570628
1806	1.1640989520
1807	1.1651397928
1808	1.1661795233
1809	1.1672179569
1810	1.1682548611
1811	1.1692899908
1812	1.1703230703
1813	1.1713538237
1814	1.1723820405
1815	1.1734075971
1816	1.1744305031
1817	1.1754508919
1818	1.1764689429
1819	1.1774848864
1820	1.1784989836
1821	1.1795114731
1822	1.1805225698
1823	1.1815324653
1824	1.1825412888
1825	1.1835490701
1826	1.1845558092
1827	1.1855615868
1828	1.1865665585
1829	1.1875708640
1830	1.1885746062
1831	1.1895778431
1832	1.1905805065
1833	1.1915824140
1834	1.1925833940
1835	1.1935833683
1836	1.1945823289
1837	1.1955801983
1838	1.1965767078
1839	1.1975714713
1840	1.1985641384
1841	1.1995544492
1842	1.2005422466
1843	1.2015274770
1844	1.2025101592
1845	1.2034903932
1846	1.2044684039
1847	1.2054445294
1848	1.2064191153
1849	1.2073923710
1850	1.2083643164
1851	1.2093348202
1852	1.2103036899
1853	1.2112707869
1854	1.2122360004
1855	1.2131991146
1856	1.2141598279
1857	1.2151178409
1858	1.2160728673
1859	1.2170246564
1860	1.2179730608
1861	1.2189180149
1862	1.2198594256
1863	1.2207971926
1864	1.2217312755
1865	1.2226616702
1866	1.2235884462
1867	1.2245118151
1868	1.2254321324
1869	1.2263497718
1870	1.2272649303
1871	1.2281776087
1872	1.2290877104
1873	1.2299950473
1874	1.2308993405
1875	1.2318002477
1876	1.2326973587
1877	1.2335902596
1878	1.2344786248
1879	1.2353622604
1880	1.2362411381
1881	1.2371153696
1882	1.2379851598
1883	1.2388508011
1884	1.2397126140
1885	1.2405708308
1886	1.2414255576
1887	1.2422768649
1888	1.2431248139
1889	1.2439693702
1890	1.2448103975
1891	1.2456477035
1892	1.2464810381
1893	1.2473100863
1894	1.2481345307
1895	1.2489541352
1896	1.2497687744
1897	1.2505784554
1898	1.2513832942
1899	1.2521834532
1900	1.2529791188
1901	1.2537704913
1902	1.2545577735
1903	1.2553411813
1904	1.2561209258
1905	1.2568971417
1906	1.2576698168
1907	1.2584387890
1908	1.2592037780
1909	1.2599643886
1910	1.2607201696
1911	1.2614707308
1912	1.2622158340
1913	1.2629554209
1914	1.2636895941
1915	1.2644186204
1916	1.2651428784
1917	1.2658627134
1918	1.2665783304
1919	1.2672897896
1920	1.2679970951
1921	1.2687002795
1922	1.2693993840
1923	1.2700944066
1924	1.2707853008
1925	1.2714719709
1926	1.2721543025
1927	1.2728322574
1928	1.2735058722
1929	1.2741752161
1930	1.2748404074
1931	1.2755015754
1932	1.2761587866
1933	1.2768120035
1934	1.2774610721
1935	1.2781057477
1936	1.2787457617
1937	1.2793808509
1938	1.2800107543
1939	1.2806352683
1940	1.2812542860
1941	1.2818677709
1942	1.2824757549
1943	1.2830783422
1944	1.2836756873
1945	1.2842679697
1946	1.2848553610
1947	1.2854380162
1948	1.2860160737
1949	1.2865896322
1950	1.2871587549
1951	1.2877235049
1952	1.2882839563
1953	1.2888401724
1954	1.2893921696
1955	1.2899399124
1956	1.2904833506
1957	1.2910224402
1958	1.2915571355
1959	1.2920873690
1960	1.2926130310
1961	1.2931340104
1962	1.2936502578
1963	1.2941617783
1964	1.2946686189
1965	1.2951708904
1966	1.2956687336
1967	1.2961622592
1968	1.2966515512
1969	1.2971366838
1970	1.2976177003
1971	1.2980946221
1972	1.2985674861
1973	1.2990363188
1974	1.2995010618
1975	1.2999615453
1976	1.3004175013
1977	1.3008685691
1978	1.3013143587
1979	1.3017545744
1980	1.3021891010
1981	1.3026180002
1982	1.3030414484
1983	1.3034596980
1984	1.3038730574
1985	1.3042818254
1986	1.3046862027
1987	1.3050862537
1988	1.3054819258
1989	1.3058730683
1990	1.3062594541
1991	1.3066408235
1992	1.3070169153
1993	1.3073875028
1994	1.3077524359
1995	1.3081116566
1996	1.3084652063
1997	1.3088132169
1998	1.3091558765
1999	1.3094933905
2000	1.3098259309
2001	1.3101536165
2002	1.3104765218
2003	1.3107946585
2004	1.3111079876
2005	1.3114164380
2006	1.3117198698
2007	1.3120180945
2008	1.3123109381
2009	1.3125982854
2010	1.3128801243
2011	1.3131565677
2012	1.3134278230
2013	1.3136941235
2014	1.3139556748
2015	1.3142126349
2016	1.3144650938
2017	1.3147130801
2018	1.3149566082
2019	1.3151956869
2020	1.3154302555
2021	1.3156601637
2022	1.3158852297
2023	1.3161052904
2024	1.3163202150
2025	1.3165299002
2026	1.3167342741
2027	1.3169333228
2028	1.3171270884
2029	1.3173156281
2030	1.3174989680
2031	1.3176770943
2032	1.3178499908
2033	1.3180176813
2034	1.3181802900
2035	1.3183380550
2036	1.3184912303
2037	1.3186400069
2038	1.3187845236
2039	1.3189248847
2040	1.3190611704
2041	1.3191934607
2042	1.3193218171
2043	1.3194462226
2044	1.3195665658
2045	1.3196826731
2046	1.3197943332
2047	1.3199012766
2048	1.3200031414
2049	1.3200995123
2050	1.3201900103
2051	1.3202743626
2052	1.3203524602
2053	1.3204243709
2054	1.3204902968
2055	1.3205505309
2056	1.3206054133
2057	1.3206552876
2058	1.3207004361
2059	1.3207410202
2060	1.3207771119
2061	1.3208087669
2062	1.3208360222
2063	1.3208588258
2064	1.3208770192
2065	1.3208904148
2066	1.3208988588
2067	1.3209022407
2068	1.3209004979
2069	1.3208936093
2070	1.3208815945
2071	1.3208645361
2072	1.3208425886
2073	1.3208159544
2074	1.3207848508
2075	1.3207495017
2076	1.3207101387
2077	1.3206669486
2078	1.3206200116
2079	1.3205693073
2080	1.3205147396
2081	1.3204561242
2082	1.3203931844
2083	1.3203255837
2084	1.3202529505
2085	1.3201749334
2086	1.3200913224
2087	1.3200021307
2088	1.3199075627
2089	1.3198079499
2090	1.3197037026
2091	1.3195952407
2092	1.3194829285
2093	1.3193669935
2094	1.3192474248
2095	1.3191239741
2096	1.3189963062
2097	1.3188641500
2098	1.3187273354
2099	1.3185857788
2100	1.3184394937
2101	1.3182886076
2102	1.3181333284
2103	1.3179738766
2104	1.3178104623
2105	1.3176432897
2106	1.3174725282
2107	1.3172982652
2108	1.3171205114
2109	1.3169392514
2110	1.3167544940
2111	1.3165663152
2112	1.3163748139
2113	1.3161800267
2114	1.3159819659
2115	1.3157806955
2116	1.3155763452
2117	1.3153690994
2118	1.3151591718
2119	1.3149467643
2120	1.3147320249
2121	1.3145150210
2122	1.3142957283
2123	1.3140740581
2124	1.3138499197
2125	1.3136232565
2126	1.3133940349
2127	1.3131622216
2128	1.3129277663
2129	1.3126905937
2130	1.3124506200
2131	1.3122077888
2132	1.3119620962
2133	1.3117135946
2134	1.3114623995
2135	1.3112086752
2136	1.3109525799
2137	1.3106942518
2138	1.3104338391
2139	1.3101715288
2140	1.3099075674
2141	1.3096421938
2142	1.3093755737
2143	1.3091078286
2144	1.3088390139
2145	1.3085690643
2146	1.3082978147
2147	1.3080250363
2148	1.3077504744
2149	1.3074738874
2150	1.3071950737
2151	1.3069138938
2152	1.3066302728
2153	1.3063442046
2154	1.3060557635
2155	1.3057650826
2156	1.3054723072
2157	1.3051776203
2158	1.3048812690
2159	1.3045834799
2160	1.3042844444
2161	1.3039844098
2162	1.3036836944
2163	1.3033825891
2164	1.3030812510
2165	1.3027796711
2166	1.3024776975
2167	1.3021751127
2168	1.3018716943
2169	1.3015672423
2170	1.3012616662
2171	1.3009550191
2172	1.3006474073
2173	1.3003389669
2174	1.3000299448
2175	1.2997206850
2176	1.2994114821
2177	1.2991024471
2178	1.2987934979
2179	1.2984844852
2180	1.2981752973
2181	1.2978658647
2182	1.2975561513
2183	1.2972461131
2184	1.2969356116
2185	1.2966244163
2186	1.2963123299
2187	1.2959992662
2188	1.2956852346
2189	1.2953703083
2190	1.2950546184
2191	1.2947383373
2192	1.2944216310
2193	1.2941046412
2194	1.2937874318
2195	1.2934699589
2196	1.2931521622
2197	1.2928339903
2198	1.2925153699
2199	1.2921962370
2200	1.2918765403
2201	1.2915562347
2202	1.2912353175
2203	1.2909138546
2204	1.2905919632
2205	1.2902697488
2206	1.2899472997
2207	1.2896247315
2208	1.2893021425
2209	1.2889795275
2210	1.2886567774
2211	1.2883337386
2212	1.2880102669
2213	1.2876862825
2214	1.2873617698
2215	1.2870366962
2216	1.2867109915
2217	1.2863845968
2218	1.2860574689
2219	1.2857295780
2220	1.2854009430
2221	1.2850716387
2222	1.2847417585
2223	1.2844113997
2224	1.2840806711
2225	1.2837496562
2226	1.2834183914
2227	1.2830869365
2228	1.2827554035
2229	1.2824238695
2230	1.2820923032
2231	1.2817605702
2232	1.2814285126
2233	1.2810960007
2234	1.2807628917
2235	1.2804290301
2236	1.2800942819
2237	1.2797585361
2238	1.2794217096
2239	1.2790837616
2240	1.2787446886
2241	1.2784045398
2242	1.2780634489
2243	1.2777216220
2244	1.2773793342
2245	1.2770369058
2246	1.2766946303
2247	1.2763527310
2248	1.2760113519
2249	1.2756705421
2250	1.2753302293
2251	1.2749902367
2252	1.2746503248
2253	1.2743102155
2254	1.2739696247
2255	1.2736282859
2256	1.2732859869
2257	1.2729426206
2258	1.2725981590
2259	1.2722526221
2260	1.2719061262
2261	1.2715588944
2262	1.2712111807
2263	1.2708631702
2264	1.2705149181
2265	1.2701664050
2266	1.2698176241
2267	1.2694685608
2268	1.2691191302
2269	1.2687691899
2270	1.2684185725
2271	1.2680670941
2272	1.2677146278
2273	1.2673611611
2274	1.2670067545
2275	1.2666515276
2276	1.2662957080
2277	1.2659396013
2278	1.2655834462
2279	1.2652273387
2280	1.2648712846
2281	1.2645152103
2282	1.2641589400
2283	1.2638022344
2284	1.2634448468
2285	1.2630865939
2286	1.2627273668
2287	1.2623670750
2288	1.2620056644
2289	1.2616431234
2290	1.2612794548
2291	1.2609146913
2292	1.2605488940
2293	1.2601821267
2294	1.2598144136
2295	1.2594457160
2296	1.2590759628
2297	1.2587050699
2298	1.2583329369
2299	1.2579594751
2300	1.2575846475
2301	1.2572084708
2302	1.2568310191
2303	1.2564524221
2304	1.2560728205
2305	1.2556923228
2306	1.2553109836
2307	1.2549287969
2308	1.2545457097
2309	1.2541616445
2310	1.2537765072
2311	1.2533901980
2312	1.2530026643
2313	1.2526139197
2314	1.2522239945
2315	1.2518328932
2316	1.2514405967
2317	1.2510470692
2318	1.2506522354
2319	1.2502559752
2320	1.2498581791
2321	1.2494587995
2322	1.2490578274
2323	1.2486552637
2324	1.2482511370
2325	1.2478455068
2326	1.2474384391
2327	1.2470299793
2328	1.2466201253
2329	1.2462088174
2330	1.2457959438
2331	1.2453813249
2332	1.2449647174
2333	1.2445458931
2334	1.2441247058
2335	1.2437011064
2336	1.2432751500
2337	1.2428469508
2338	1.2424166156
2339	1.2419842512
2340	1.2415499985
2341	1.2411140014
2342	1.2406763764
2343	1.2402372697
2344	1.2397968639
2345	1.2393552961
2346	1.2389126146
2347	1.2384687700
2348	1.2380236447
2349	1.2375771199
2350	1.2371291147
2351	1.2366796139
2352	1.2362286581
2353	1.2357763105
2354	1.2353226256
2355	1.2348675848
2356	1.2344111022
2357	1.2339531121
2358	1.2334935904
2359	1.2330325258
2360	1.2325699217
2361	1.2321057812
2362	1.2316400860
2363	1.2311728051
2364	1.2307038977
2365	1.2302333121
2366	1.2297609701
2367	1.2292867671
2368	1.2288106204
2369	1.2283325351
2370	1.2278526205
2371	1.2273710352
2372	1.2268879135
2373	1.2264033418
2374	1.2259173981
2375	1.2254301132
2376	1.2249413843
2377	1.2244509871
2378	1.2239586623
2379	1.2234642049
2380	1.2229675212
2381	1.2224686433
2382	1.2219676862
2383	1.2214647545
2384	1.2209599030
2385	1.2204531640
2386	1.2199445688
2387	1.2194341441
2388	1.2189218714
2389	1.2184076541
2390	1.2178913701
2391	1.2173729470
2392	1.2168524012
2393	1.2163298559
2394	1.2158054705
2395	1.2152793382
2396	1.2147515113
2397	1.2142220735
2398	1.2136911275
2399	1.2131587462
2400	1.2126249600
2401	1.2120897667
2402	1.2115531368
2403	1.2110150452
2404	1.2104755218
2405	1.2099346078
2406	1.2093922725
2407	1.2088484348
2408	1.2083030150
2409	1.2077558894
2410	1.2072068464
2411	1.2066557021
2412	1.2061023989
2413	1.2055469559
2414	1.2049894259
2415	1.2044298886
2416	1.2038684692
2417	1.2033053764
2418	1.2027408458
2419	1.2021750495
2420	1.2016080945
2421	1.2010399886
2422	1.2004705479
2423	1.1998994250
2424	1.1993262396
2425	1.1987506505
2426	1.1981723673
2427	1.1975911542
2428	1.1970068169
2429	1.1964192314
2430	1.1958284303
2431	1.1952346527
2432	1.1946383102
2433	1.1940399045
2434	1.1934399686
2435	1.1928389966
2436	1.1922373789
2437	1.1916353604
2438	1.1910329793
2439	1.1904301149
2440	1.1898265717
2441	1.1892221087
2442	1.1886164959
2443	1.1880094878
2444	1.1874007689
2445	1.1867900133
2446	1.1861770182
2447	1.1855617882
2448	1.1849444867
2449	1.1843253781
2450	1.1837047977
2451	1.1830830099
2452	1.1824600920
2453	1.1818360412
2454	1.1812108598
2455	1.1805844781
2456	1.1799567256
2457	1.1793273983
2458	1.1786963523
2459	1.1780635598
2460	1.1774290806
2461	1.1767930342
2462	1.1761556183
2463	1.1755170560
2464	1.1748775136
2465	1.1742371081
2466	1.1735959163
2467	1.1729539721
2468	1.1723112989
2469	1.1716678980
2470	1.1710237050
2471	1.1703785874
2472	1.1697323852
2473	1.1690849685
2474	1.1684362750
2475	1.1677863035
2476	1.1671350793
2477	1.1664826346
2478	1.1658290242
2479	1.1651743722
2480	1.1645188341
2481	1.1638624562
2482	1.1632051821
2483	1.1625469868
2484	1.1618878924
2485	1.1612279393
2486	1.1605671888
2487	1.1599056719
2488	1.1592433632
2489	1.1585802363
2490	1.1579162408
2491	1.1572512595
2492	1.1565852087
2493	1.1559181269
2494	1.1552501691
2495	1.1545815046
2496	1.1539122025
2497	1.1532422827
2498	1.1525717750
2499	1.1519006956
2500	1.1512290168
2501	1.1505566834
2502	1.1498836610
2503	1.1492098803
2504	1.1485351664
2505	1.1478592486
2506	1.1471818311
2507	1.1465026994
2508	1.1458217759
2509	1.1451391380
2510	1.1444550194
2511	1.1437697707
2512	1.1430838427
2513	1.1423977210
2514	1.1417118235
2515	1.1410265042
2516	1.1403419738
2517	1.1396582084
2518	1.1389750897
2519	1.1382925401
2520	1.1376104833
2521	1.1369287277
2522	1.1362469488
2523	1.1355648363
2524	1.1348822228
2525	1.1341990986
2526	1.1335155770
2527	1.1328318619
2528	1.1321482367
2529	1.1314650957
2530	1.1307829480
2531	1.1301022816
2532	1.1294234160
2533	1.1287465015
2534	1.1280716262
2535	1.1273987976
2536	1.1267278363
2537	1.1260584566
2538	1.1253903528
2539	1.1247231357
2540	1.1240563993
2541	1.1233899033
2542	1.1227236019
2543	1.1220575123
2544	1.1213916328
2545	1.1207259995
2546	1.1200607365
2547	1.1193960453
2548	1.1187321472
2549	1.1180691934
2550	1.1174073007
2551	1.1167466087
2552	1.1160871588
2553	1.1154288160
2554	1.1147713938
2555	1.1141147806
2556	1.1134590163
2557	1.1128043036
2558	1.1121509122
2559	1.1114991060
2560	1.1108490979
2561	1.1102010391
2562	1.1095550265
2563	1.1089110375
2564	1.1082689234
2565	1.1076285298
2566	1.1069897922
2567	1.1063526776
2568	1.1057170707
2569	1.1050828352
2570	1.1044499874
2571	1.1038186778
2572	1.1031890006
2573	1.1025609395
2574	1.1019344307
2575	1.1013093655
2576	1.1006856505
2577	1.1000633474
2578	1.0994426538
2579	1.0988238164
2580	1.0982071104
2581	1.0975927412
2582	1.0969807827
2583	1.0963711573
2584	1.0957636164
2585	1.0951578919
2586	1.0945538485
2587	1.0939514658
2588	1.0933507777
2589	1.0927518702
2590	1.0921548649
2591	1.0915599138
2592	1.0909671755
2593	1.0903766591
2594	1.0897881928
2595	1.0892015508
2596	1.0886164906
2597	1.0880327641
2598	1.0874502089
2599	1.0868688048
2600	1.0862885810
2601	1.0857095464
2602	1.0851317280
2603	1.0845551972
2604	1.0839801137
2605	1.0834066799
2606	1.0828349638
2607	1.0822648574
2608	1.0816961843
2609	1.0811288239
2610	1.0805627975
2611	1.0799982596
2612	1.0794354287
2613	1.0788744727
2614	1.0783154772
2615	1.0777585632
2616	1.0772039004
2617	1.0766515891
2618	1.0761016100
2619	1.0755538727
2620	1.0750082840
2621	1.0744646758
2622	1.0739227427
2623	1.0733822122
2624	1.0728429586
2625	1.0723049148
2626	1.0717680357
2627	1.0712323040
2628	1.0706977459
2629	1.0701644961
2630	1.0696327463
2631	1.0691026365
2632	1.0685742754
2633	1.0680477570
2634	1.0675231031
2635	1.0670002434
2636	1.0664790824
2637	1.0659595848
2638	1.0654417254
2639	1.0649254458
2640	1.0644107361
2641	1.0638976463
2642	1.0633862471
2643	1.0628766441
2644	1.0623689525
2645	1.0618632272
2646	1.0613595045
2647	1.0608578221
2648	1.0603581414
2649	1.0598603974
2650	1.0593645637
2651	1.0588706372
2652	1.0583786325
2653	1.0578885634
2654	1.0574004074
2655	1.0569141070
2656	1.0564295832
2657	1.0559467307
2658	1.0554654766
2659	1.0549858073
2660	1.0545077534
2661	1.0540314077
2662	1.0535568081
2663	1.0530838297
2664	1.0526123115
2665	1.0521421947
2666	1.0516734977
2667	1.0512062203
2668	1.0507403341
2669	1.0502758155
2670	1.0498126082
2671	1.0493506446
2672	1.0488899145
2673	1.0484304176
2674	1.0479721254
2675	1.0475150313
2676	1.0470591793
2677	1.0466046256
2678	1.0461514299
2679	1.0456997189
2680	1.0452496265
2681	1.0448011884
2682	1.0443543491
2683	1.0439090336
2684	1.0434652265
2685	1.0430229328
2686	1.0425821582
2687	1.0421429913
2688	1.0417055837
2689	1.0412700595
2690	1.0408364478
2691	1.0404046897
2692	1.0399747395
2693	1.0395465567
2694	1.0391200009
2695	1.0386948708
2696	1.0382709725
2697	1.0378480637
2698	1.0374258660
2699	1.0370042127
2700	1.0365831275
2701	1.0361628207
2702	1.0357436735
2703	1.0353261406
2704	1.0349105810
2705	1.0344971910
2706	1.0340860536
2707	1.0336771098
2708	1.0332701483
2709	1.0328648927
2710	1.0324610573
2711	1.0320583841
2712	1.0316566635
2713	1.0312557276
2714	1.0308554556
2715	1.0304557861
2716	1.0300567558
2717	1.0296585758
2718	1.0292616514
2719	1.0288664578
2720	1.0284733566
2721	1.0280825206
2722	1.0276939918
2723	1.0273077305
2724	1.0269236198
2725	1.0265414339
2726	1.0261608300
2727	1.0257814779
2728	1.0254031288
2729	1.0250255756
2730	1.0246486785
2731	1.0242723412
2732	1.0238964089
2733	1.0235206674
2734	1.0231449564
2735	1.0227692729
2736	1.0223937643
2737	1.0220186044
2738	1.0216439107
2739	1.0212697411
2740	1.0208961136
2741	1.0205230297
2742	1.0201504527
2743	1.0197783135
2744	1.0194065372
2745	1.0190350658
2746	1.0186638983
2747	1.0182930704
2748	1.0179225930
2749	1.0175524528
2750	1.0171826736
2751	1.0168132932
2752	1.0164443035
2753	1.0160756553
2754	1.0157072674
2755	1.0153390672
2756	1.0149710066
2757	1.0146030405
2758	1.0142351506
2759	1.0138673052
2760	1.0134994380
2761	1.0131315384
2762	1.0127636273
2763	1.0123956411
2764	1.0120274761
2765	1.0116591056
2766	1.0112905950
2767	1.0109220915
2768	1.0105537647
2769	1.0101857069
2770	1.0098179489
2771	1.0094504919
2772	1.0090832971
2773	1.0087163096
2774	1.0083494594
2775	1.0079826327
2776	1.0076156762
2777	1.0072484404
2778	1.0068807917
2779	1.0065125735
2780	1.0061436145
2781	1.0057737875
2782	1.0054030652
2783	1.0050315199
2784	1.0046592513
2785	1.0042863125
2786	1.0039126714
2787	1.0035382574
2788	1.0031630575
2789	1.0027871120
2790	1.0024104971
2791	1.0020333529
2792	1.0016558126
2793	1.0012778977
2794	1.0008995116
2795	1.0005205125
2796	1.0001407519
2797	0.9997600693
2798	0.9993783055
2799	0.9989953043
2800	0.9986109326
2801	0.9982251247
2802	0.9978378599
2803	0.9974491352
2804	0.9970589945
2805	0.9966674893
2806	0.9962746472
2807	0.9958805114
2808	0.9954850960
2809	0.9950883532
2810	0.9946902467
2811	0.9942908084
2812	0.9938900768
2813	0.9934879892
2814	0.9930844330
2815	0.9926793156
2816	0.9922724825
2817	0.9918636890
2818	0.9914527121
2819	0.9910394677
2820	0.9906240406
2821	0.9902066006
2822	0.9897873013
2823	0.9893662792
2824	0.9889436674
2825	0.9885195860
2826	0.9880941357
2827	0.9876673417
2828	0.9872391528
2829	0.9868095223
2830	0.9863783941
2831	0.9859456469
2832	0.9855111209
2833	0.9850746318
2834	0.9846359568
2835	0.9841948796
2836	0.9837512259
2837	0.9833048548
2838	0.9828556920
2839	0.9824037969
2840	0.9819493748
2841	0.9814927001
2842	0.9810339930
2843	0.9805733880
2844	0.9801109304
2845	0.9796465263
2846	0.9791799949
2847	0.9787112309
2848	0.9782403333
2849	0.9777675422
2850	0.9772930776
2851	0.9768171156
2852	0.9763398002
2853	0.9758612396
2854	0.9753815520
2855	0.9749008408
2856	0.9744191155
2857	0.9739362738
2858	0.9734521762
2859	0.9729667369
2860	0.9724799424
2861	0.9719918538
2862	0.9715025479
2863	0.9710120342
2864	0.9705202469
2865	0.9700270687
2866	0.9695323420
2867	0.9690358347
2868	0.9685372602
2869	0.9680363681
2870	0.9675330443
2871	0.9670273784
2872	0.9665195658
2873	0.9660097997
2874	0.9654983611
2875	0.9649856600
2876	0.9644720812
2877	0.9639578402
2878	0.9634429023
2879	0.9629269814
2880	0.9624097093
2881	0.9618907634
2882	0.9613698504
2883	0.9608466960
2884	0.9603211028
2885	0.9597929974
2886	0.9592624227
2887	0.9587295615
2888	0.9581947788
2889	0.9576585698
2890	0.9571214099
2891	0.9565836642
2892	0.9560456242
2893	0.9555075096
2894	0.9549693567
2895	0.9544309909
2896	0.9538921337
2897	0.9533524422
2898	0.9528115077
2899	0.9522688501
2900	0.9517239534
2901	0.9511764142
2902	0.9506260368
2903	0.9500728230
2904	0.9495169327
2905	0.9489586654
2906	0.9483984772
2907	0.9478369411
2908	0.9472745859
2909	0.9467117601
2910	0.9461487174
2911	0.9455857757
2912	0.9450232164
2913	0.9444610576
2914	0.9438990524
2915	0.9433367841
2916	0.9427737703
2917	0.9422096177
2918	0.9416440417
2919	0.9410768546
2920	0.9405080211
2921	0.9399376360
2922	0.9393658514
2923	0.9387928295
2924	0.9382187874
2925	0.9376440207
2926	0.9370688150
2927	0.9364934052
2928	0.9359179384
2929	0.9353423809
2930	0.9347665174
2931	0.9341901131
2932	0.9336130511
2933	0.9330352638
2934	0.9324566268
2935	0.9318769921
2936	0.9312962500
2937	0.9307143255
2938	0.9301311964
2939	0.9295469393
2940	0.9289616609
2941	0.9283753792
2942	0.9277879767
2943	0.9271992663
2944	0.9266091109
2945	0.9260173858
2946	0.9254239407
2947	0.9248286935
2948	0.9242315979
2949	0.9236326322
2950	0.9230320037
2951	0.9224301488
2952	0.9218274503
2953	0.9212241034
2954	0.9206201543
2955	0.9200155920
2956	0.9194104640
2957	0.9188048971
2958	0.9181990993
2959	0.9175934061
2960	0.9169881708
2961	0.9163835869
2962	0.9157796312
2963	0.9151761049
2964	0.9145727312
2965	0.9139692000
2966	0.9133652152
2967	0.9127605678
2968	0.9121551622
2969	0.9115490423
2970	0.9109423855
2971	0.9103354486
2972	0.9097284665
2973	0.9091215778
2974	0.9085148145
2975	0.9079081655
2976	0.9073016999
2977	0.9066954866
2978	0.9060894627
2979	0.9054835467
2980	0.9048777010
2981	0.9042718364
2982	0.9036658758
2983	0.9030598915
2984	0.9024540453
2985	0.9018484946
2986	0.9012433983
2987	0.9006389045
2988	0.9000351077
2989	0.8994320580
2990	0.8988297185
2991	0.8982278889
2992	0.8976263362
2993	0.8970249210
2994	0.8964235262
2995	0.8958219954
2996	0.8952201693
2997	0.8946180173
2998	0.8940156680
2999	0.8934132708
