0	1.2500000087
1	1.2501982422
2	1.2503951940
3	1.2505909404
4	1.2507855875
5	1.2509792596
6	1.2511720909
7	1.2513642165
8	1.2515557658
9	1.2517468558
10	1.2519375869
11	1.2521280392
12	1.2523182713
13	1.2525083198
14	1.2526982006
15	1.2528879114
16	1.2530774345
17	1.2532667412
18	1.2534557952
19	1.2536445574
20	1.2538329888
21	1.2540210545
22	1.2542087259
23	1.2543959822
24	1.2545828116
25	1.2547692110
26	1.2549551857
27	1.2551407474
28	1.2553259127
29	1.2555107009
30	1.2556951317
31	1.2558792228
32	1.2560629884
33	1.2562464374
34	1.2564295721
35	1.2566123884
36	1.2567948750
37	1.2569770145
38	1.2571587844
39	1.2573401582
40	1.2575211068
41	1.2577016008
42	1.2578816112
43	1.2580611113
44	1.2582400780
45	1.2584184925
46	1.2585963409
47	1.2587736141
48	1.2589503071
49	1.2591264185
50	1.2593019494
51	1.2594769021
52	1.2596512791
53	1.2598250812
54	1.2599983067
55	1.2601709502
56	1.2603430020
57	1.2605144476
58	1.2606852677
59	1.2608554385
60	1.2610249323
61	1.2611937183
62	1.2613617633
63	1.2615290327
64	1.2616954937
65	1.2618611165
66	1.2620258755
67	1.2621897474
68	1.2623527092
69	1.2625147381
70	1.2626758144
71	1.2628359235
72	1.2629950545
73	1.2631531974
74	1.2633103435
75	1.2634664862
76	1.2636216183
77	1.2637757263
78	1.2639287873
79	1.2640807718
80	1.2642316475
81	1.2643813813
82	1.2645299404
83	1.2646772916
84	1.2648234006
85	1.2649682358
86	1.2651117700
87	1.2652539742
88	1.2653948103
89	1.2655342360
90	1.2656722150
91	1.2658087164
92	1.2659437064
93	1.2660771513
94	1.2662090248
95	1.2663393050
96	1.2664679665
97	1.2665949803
98	1.2667203195
99	1.2668439613
100	1.2669658846
101	1.2670860668
102	1.2672044904
103	1.2673211465
104	1.2674360251
105	1.2675491076
106	1.2676603760
107	1.2677698111
108	1.2678773783
109	1.2679830317
110	1.2680867266
111	1.2681884115
112	1.2682880226
113	1.2683854998
114	1.2684807898
115	1.2685738371
116	1.2686645907
117	1.2687530125
118	1.2688390671
119	1.2689227161
120	1.2690039224
121	1.2690826485
122	1.2691588541
123	1.2692325030
124	1.2693035713
125	1.2693720429
126	1.2694378952
127	1.2695010946
128	1.2695616024
129	1.2696193875
130	1.2696744528
131	1.2697268407
132	1.2697765838
133	1.2698236554
134	1.2698679688
135	1.2699094108
136	1.2699479009
137	1.2699834219
138	1.2700159816
139	1.2700455725
140	1.2700721727
141	1.2700957439
142	1.2701162210
143	1.2701335111
144	1.2701475086
145	1.2701581399
146	1.2701653908
147	1.2701692792
148	1.2701698362
149	1.2701671095
150	1.2701611481
151	1.2701519726
152	1.2701395522
153	1.2701238090
154	1.2701046452
155	1.2700819436
156	1.2700555677
157	1.2700254033
158	1.2699913831
159	1.2699534799
160	1.2699117034
161	1.2698661023
162	1.2698167578
163	1.2697637531
164	1.2697071426
165	1.2696469534
166	1.2695831787
167	1.2695157539
168	1.2694445708
169	1.2693695033
170	1.2692904179
171	1.2692071830
172	1.2691196938
173	1.2690278979
174	1.2689317896
175	1.2688313997
176	1.2687268123
177	1.2686181507
178	1.2685055434
179	1.2683891204
180	1.2682690032
181	1.2681452799
182	1.2680179911
183	1.2678871302
184	1.2677526489
185	1.2676144449
186	1.2674723714
187	1.2673262696
188	1.2671759665
189	1.2670212871
190	1.2668620944
191	1.2666982953
192	1.2665298453
193	1.2663567647
194	1.2661791419
195	1.2659971237
196	1.2658109011
197	1.2656207094
198	1.2654268043
199	1.2652294153
200	1.2650287438
201	1.2648249541
202	1.2646181516
203	1.2644083831
204	1.2641956071
205	1.2639796681
206	1.2637603336
207	1.2635373603
208	1.2633105427
209	1.2630796958
210	1.2628446104
211	1.2626050435
212	1.2623607567
213	1.2621116043
214	1.2618575684
215	1.2615987190
216	1.2613352029
217	1.2610672370
218	1.2607950832
219	1.2605190172
220	1.2602392881
221	1.2599561281
222	1.2596697823
223	1.2593805040
224	1.2590885212
225	1.2587940023
226	1.2584970629
227	1.2581977548
228	1.2578960318
229	1.2575917643
230	1.2572847673
231	1.2569748315
232	1.2566617398
233	1.2563452561
234	1.2560251569
235	1.2557012480
236	1.2553733332
237	1.2550412116
238	1.2547047017
239	1.2543636728
240	1.2540180506
241	1.2536678273
242	1.2533130932
243	1.2529540303
244	1.2525908851
245	1.2522239336
246	1.2518534549
247	1.2514797284
248	1.2511029874
249	1.2507233975
250	1.2503410834
251	1.2499561247
252	1.2495685623
253	1.2491784201
254	1.2487857244
255	1.2483905022
256	1.2479927661
257	1.2475925298
258	1.2471898142
259	1.2467846344
260	1.2463769848
261	1.2459668213
262	1.2455540752
263	1.2451386679
264	1.2447205468
265	1.2442997221
266	1.2438762080
267	1.2434499604
268	1.2430208787
269	1.2425888620
270	1.2421538866
271	1.2417160102
272	1.2412752891
273	1.2408316647
274	1.2403849518
275	1.2399349764
276	1.2394817041
277	1.2390252368
278	1.2385656968
279	1.2381031434
280	1.2376375940
281	1.2371690657
282	1.2366976037
283	1.2362232505
284	1.2357460298
285	1.2352660095
286	1.2347833071
287	1.2342980028
288	1.2338100558
289	1.2333193296
290	1.2328256994
291	1.2323290971
292	1.2318295069
293	1.2313269826
294	1.2308216854
295	1.2303138783
296	1.2298038366
297	1.2292917739
298	1.2287778449
299	1.2282621949
300	1.2277449533
301	1.2272261862
302	1.2267059512
303	1.2261843560
304	1.2256615160
305	1.2251374807
306	1.2246122128
307	1.2240856364
308	1.2235576348
309	1.2230280163
310	1.2224965506
311	1.2219630478
312	1.2214274013
313	1.2208895550
314	1.2203494919
315	1.2198072661
316	1.2192629770
317	1.2187166993
318	1.2181684666
319	1.2176183289
320	1.2170663463
321	1.2165125485
322	1.2159569844
323	1.2153997678
324	1.2148410547
325	1.2142809865
326	1.2137196893
327	1.2131572916
328	1.2125938565
329	1.2120293310
330	1.2114635853
331	1.2108964651
332	1.2103277807
333	1.2097572880
334	1.2091847623
335	1.2086100566
336	1.2080330791
337	1.2074537943
338	1.2068722526
339	1.2062885496
340	1.2057027414
341	1.2051148670
342	1.2045249975
343	1.2039332129
344	1.2033395879
345	1.2027442113
346	1.2021472007
347	1.2015486749
348	1.2009487607
349	1.2003476431
350	1.1997455367
351	1.1991426411
352	1.1985391498
353	1.1979352547
354	1.1973310765
355	1.1967266177
356	1.1961218302
357	1.1955166421
358	1.1949109320
359	1.1943045693
360	1.1936974781
361	1.1930896242
362	1.1924809849
363	1.1918715872
364	1.1912614952
365	1.1906507583
366	1.1900394253
367	1.1894275597
368	1.1888152066
369	1.1882023607
370	1.1875890035
371	1.1869751157
372	1.1863606332
373	1.1857454784
374	1.1851296096
375	1.1845130144
376	1.1838957044
377	1.1832777557
378	1.1826593112
379	1.1820405253
380	1.1814215745
381	1.1808026522
382	1.1801839057
383	1.1795654276
384	1.1789472868
385	1.1783295007
386	1.1777120085
387	1.1770947430
388	1.1764776623
389	1.1758607272
390	1.1752439402
391	1.1746273628
392	1.1740110621
393	1.1733950800
394	1.1727794894
395	1.1721644129
396	1.1715499636
397	1.1709362204
398	1.1703231745
399	1.1697106862
400	1.1690985744
401	1.1684867436
402	1.1678751794
403	1.1672638409
404	1.1666526001
405	1.1660412247
406	1.1654294656
407	1.1648172225
408	1.1642045543
409	1.1635915476
410	1.1629782553
411	1.1623647330
412	1.1617510563
413	1.1611373369
414	1.1605237174
415	1.1599103063
416	1.1592971954
417	1.1586845117
418	1.1580723593
419	1.1574607136
420	1.1568494378
421	1.1562383838
422	1.1556274333
423	1.1550165208
424	1.1544056224
425	1.1537947388
426	1.1531839463
427	1.1525733912
428	1.1519631813
429	1.1513533395
430	1.1507438931
431	1.1501349048
432	1.1495264313
433	1.1489185301
434	1.1483112596
435	1.1477046953
436	1.1470989470
437	1.1464940982
438	1.1458901474
439	1.1452870883
440	1.1446849818
441	1.1440838903
442	1.1434838664
443	1.1428850065
444	1.1422874407
445	1.1416912783
446	1.1410965561
447	1.1405032281
448	1.1399112034
449	1.1393203829
450	1.1387306142
451	1.1381416995
452	1.1375535031
453	1.1369659477
454	1.1363789503
455	1.1357924323
456	1.1352063439
457	1.1346206379
458	1.1340352458
459	1.1334500885
460	1.1328651096
461	1.1322803370
462	1.1316958590
463	1.1311117691
464	1.1305282126
465	1.1299454037
466	1.1293635496
467	1.1287828242
468	1.1282033956
469	1.1276253760
470	1.1270487856
471	1.1264735842
472	1.1258997004
473	1.1253270573
474	1.1247555535
475	1.1241850517
476	1.1236154353
477	1.1230466336
478	1.1224785495
479	1.1219110321
480	1.1213439551
481	1.1207772423
482	1.1202108639
483	1.1196448522
484	1.1190792742
485	1.1185141959
486	1.1179496784
487	1.1173858030
488	1.1168226945
489	1.1162605028
490	1.1156993427
491	1.1151393050
492	1.1145804940
493	1.1140229461
494	1.1134665955
495	1.1129113634
496	1.1123572021
497	1.1118040757
498	1.1112519758
499	1.1107009332
500	1.1101509892
501	1.1096021798
502	1.1090545093
503	1.1085079539
504	1.1079624817
505	1.1074180378
506	1.1068745655
507	1.1063320231
508	1.1057903389
509	1.1052493945
510	1.1047090746
511	1.1041692590
512	1.1036297910
513	1.1030905336
514	1.1025514135
515	1.1020124089
516	1.1014735324
517	1.1009348257
518	1.1003963637
519	1.0998582181
520	1.0993204065
521	1.0987829073
522	1.0982456951
523	1.0977087163
524	1.0971719005
525	1.0966352015
526	1.0960985634
527	1.0955619025
528	1.0950251361
529	1.0944881796
530	1.0939509432
531	1.0934133541
532	1.0928753533
533	1.0923368797
534	1.0917978793
535	1.0912583287
536	1.0907182595
537	1.0901777377
538	1.0896368380
539	1.0890956454
540	1.0885542223
541	1.0880125864
542	1.0874707532
543	1.0869287647
544	1.0863866517
545	1.0858444188
546	1.0853020439
547	1.0847594515
548	1.0842165233
549	1.0836731325
550	1.0831291645
551	1.0825845133
552	1.0820390687
553	1.0814927310
554	1.0809454204
555	1.0803970616
556	1.0798475828
557	1.0792969365
558	1.0787450936
559	1.0781920442
560	1.0776377923
561	1.0770823219
562	1.0765256024
563	1.0759676152
564	1.0754083453
565	1.0748477799
566	1.0742859242
567	1.0737227967
568	1.0731584240
569	1.0725928393
570	1.0720260770
571	1.0714581726
572	1.0708891540
573	1.0703190566
574	1.0697479304
575	1.0691758032
576	1.0686026768
577	1.0680285517
578	1.0674534131
579	1.0668772110
580	1.0662998831
581	1.0657213686
582	1.0651416039
583	1.0645605353
584	1.0639781244
585	1.0633943535
586	1.0628092274
587	1.0622227667
588	1.0616350005
589	1.0610459601
590	1.0604556739
591	1.0598641587
592	1.0592714033
593	1.0586773720
594	1.0580820235
595	1.0574853076
596	1.0568871597
597	1.0562875040
598	1.0556862550
599	1.0550833484
600	1.0544787736
601	1.0538725656
602	1.0532647866
603	1.0526554995
604	1.0520447254
605	1.0514324412
606	1.0508186235
607	1.0502032763
608	1.0495864092
609	1.0489679966
610	1.0483479765
611	1.0477262743
612	1.0471028217
613	1.0464775782
614	1.0458505240
615	1.0452216369
616	1.0445908836
617	1.0439582195
618	1.0433235889
619	1.0426869328
620	1.0420482000
621	1.0414073574
622	1.0407643956
623	1.0401193272
624	1.0394721805
625	1.0388230032
626	1.0381718742
627	1.0375189064
628	1.0368642320
629	1.0362079774
630	1.0355502542
631	1.0348911710
632	1.0342308292
633	1.0335692948
634	1.0329065906
635	1.0322427180
636	1.0315776542
637	1.0309113316
638	1.0302436428
639	1.0295744513
640	1.0289036033
641	1.0282309618
642	1.0275564283
643	1.0268799401
644	1.0262014837
645	1.0255211006
646	1.0248388690
647	1.0241548803
648	1.0234692232
649	1.0227819906
650	1.0220932869
651	1.0214032198
652	1.0207118993
653	1.0200194391
654	1.0193259521
655	1.0186315224
656	1.0179361724
657	1.0172398750
658	1.0165425727
659	1.0158441695
660	1.0151445367
661	1.0144435343
662	1.0137410323
663	1.0130369172
664	1.0123310711
665	1.0116233787
666	1.0109137596
667	1.0102021608
668	1.0094885306
669	1.0087728318
670	1.0080550732
671	1.0073353235
672	1.0066137054
673	1.0058903655
674	1.0051654371
675	1.0044390213
676	1.0037111965
677	1.0029820187
678	1.0022515246
679	1.0015197666
680	1.0007868058
681	1.0000526755
682	0.9993173887
683	0.9985809520
684	0.9978433494
685	0.9971045251
686	0.9963643765
687	0.9956227686
688	0.9948795559
689	0.9941345671
690	0.9933876188
691	0.9926385744
692	0.9918873727
693	0.9911340165
694	0.9903785561
695	0.9896210823
696	0.9888617022
697	0.9881005002
698	0.9873375387
699	0.9865728795
700	0.9858065829
701	0.9850387093
702	0.9842693261
703	0.9834985159
704	0.9827263639
705	0.9819529193
706	0.9811782099
707	0.9804022734
708	0.9796251475
709	0.9788468723
710	0.9780675078
711	0.9772871399
712	0.9765058745
713	0.9757238061
714	0.9749409906
715	0.9741574629
716	0.9733732329
717	0.9725882500
718	0.9718024109
719	0.9710155983
720	0.9702276836
721	0.9694385082
722	0.9686479152
723	0.9678557870
724	0.9670620438
725	0.9662666482
726	0.9654696060
727	0.9646709569
728	0.9638707691
729	0.9630691299
730	0.9622661528
731	0.9614619691
732	0.9606566519
733	0.9598501961
734	0.9590425816
735	0.9582337952
736	0.9574238293
737	0.9566126865
738	0.9558003521
739	0.9549867608
740	0.9541718047
741	0.9533553919
742	0.9525374945
743	0.9517181182
744	0.9508972631
745	0.9500749436
746	0.9492512235
747	0.9484262261
748	0.9476001218
749	0.9467731218
750	0.9459454411
751	0.9451172505
752	0.9442886788
753	0.9434597891
754	0.9426305499
755	0.9418008616
756	0.9409706081
757	0.9401397053
758	0.9393080940
759	0.9384756828
760	0.9376423719
761	0.9368081003
762	0.9359728113
763	0.9351364434
764	0.9342989433
765	0.9334602486
766	0.9326202901
767	0.9317790206
768	0.9309364167
769	0.9300924550
770	0.9292471504
771	0.9284006147
772	0.9275530451
773	0.9267046716
774	0.9258557386
775	0.9250065295
776	0.9241573500
777	0.9233084398
778	0.9224599655
779	0.9216120761
780	0.9207648657
781	0.9199183594
782	0.9190725349
783	0.9182272917
784	0.9173824650
785	0.9165378776
786	0.9156933512
787	0.9148487041
788	0.9140037645
789	0.9131584265
790	0.9123126864
791	0.9114665827
792	0.9106201655
793	0.9097735259
794	0.9089267669
795	0.9080799643
796	0.9072331769
797	0.9063864831
798	0.9055399768
799	0.9046937503
800	0.9038478923
801	0.9030024782
802	0.9021576066
803	0.9013134280
804	0.9004700932
805	0.8996276942
806	0.8987862489
807	0.8979457251
808	0.8971060646
809	0.8962671670
810	0.8954289533
811	0.8945914396
812	0.8937546372
813	0.8929184964
814	0.8920829852
815	0.8912481325
816	0.8904140271
817	0.8895807989
818	0.8887485834
819	0.8879174768
820	0.8870875141
821	0.8862586842
822	0.8854309583
823	0.8846043141
824	0.8837787672
825	0.8829543753
826	0.8821312010
827	0.8813092998
828	0.8804887605
829	0.8796696970
830	0.8788521940
831	0.8780363775
832	0.8772224507
833	0.8764105725
834	0.8756008035
835	0.8747931449
836	0.8739875648
837	0.8731840114
838	0.8723824096
839	0.8715826952
840	0.8707848509
841	0.8699888680
842	0.8691947252
843	0.8684023674
844	0.8676116927
845	0.8668226249
846	0.8660351207
847	0.8652491446
848	0.8644647125
849	0.8636818927
850	0.8629007408
851	0.8621212867
852	0.8613435712
853	0.8605676135
854	0.8597933599
855	0.8590207281
856	0.8582496532
857	0.8574800521
858	0.8567117946
859	0.8559447309
860	0.8551787182
861	0.8544135939
862	0.8536491886
863	0.8528854208
864	0.8521223075
865	0.8513599347
866	0.8505984199
867	0.8498378491
868	0.8490783187
869	0.8483199933
870	0.8475630636
871	0.8468077304
872	0.8460542278
873	0.8453027949
874	0.8445536331
875	0.8438069061
876	0.8430627658
877	0.8423212970
878	0.8415824534
879	0.8408461143
880	0.8401121374
881	0.8393803388
882	0.8386504992
883	0.8379224220
884	0.8371959384
885	0.8364709066
886	0.8357472526
887	0.8350249345
888	0.8343039025
889	0.8335841252
890	0.8328656096
891	0.8321484268
892	0.8314327089
893	0.8307185819
894	0.8300061638
895	0.8292955886
896	0.8285869740
897	0.8278803762
898	0.8271757939
899	0.8264732556
900	0.8257728141
901	0.8250744856
902	0.8243783035
903	0.8236843144
904	0.8229924970
905	0.8223027872
906	0.8216151283
907	0.8209294566
908	0.8202457080
909	0.8195638698
910	0.8188840063
911	0.8182062237
912	0.8175306303
913	0.8168573141
914	0.8161863263
915	0.8155176743
916	0.8148513033
917	0.8141871134
918	0.8135249996
919	0.8128648795
920	0.8122066797
921	0.8115503137
922	0.8108957285
923	0.8102429060
924	0.8095918262
925	0.8089424899
926	0.8082948851
927	0.8076489507
928	0.8070046657
929	0.8063620862
930	0.8057212918
931	0.8050823492
932	0.8044452926
933	0.8038101114
934	0.8031767666
935	0.8025452772
936	0.8019157405
937	0.8012882029
938	0.8006625701
939	0.8000386533
940	0.7994162842
941	0.7987954183
942	0.7981761455
943	0.7975585803
944	0.7969427621
945	0.7963286724
946	0.7957163311
947	0.7951058855
948	0.7944975672
949	0.7938915279
950	0.7932877931
951	0.7926863353
952	0.7920870964
953	0.7914900294
954	0.7908951327
955	0.7903024228
956	0.7897119168
957	0.7891236423
958	0.7885376178
959	0.7879537425
960	0.7873717849
961	0.7867915451
962	0.7862129421
963	0.7856359960
964	0.7850607882
965	0.7844873778
966	0.7839158055
967	0.7833461575
968	0.7827785408
969	0.7822130452
970	0.7816497520
971	0.7810887713
972	0.7805302456
973	0.7799742847
974	0.7794208935
975	0.7788699871
976	0.7783214837
977	0.7777753378
978	0.7772314993
979	0.7766898726
980	0.7761503005
981	0.7756125706
982	0.7750764347
983	0.7745416271
984	0.7740078761
985	0.7734749872
986	0.7729429745
987	0.7724120237
988	0.7718823615
989	0.7713542564
990	0.7708280123
991	0.7703039147
992	0.7697822032
993	0.7692630436
994	0.7687465462
995	0.7682328108
996	0.7677219363
997	0.7672139653
998	0.7667088397
999	0.7662064573
1000	0.7657067158
1001	0.7652094690
1002	0.7647145205
1003	0.7642216964
1004	0.7637309101
1005	0.7632421333
1006	0.7627552924
1007	0.7622702484
1008	0.7617868639
1009	0.7613050358
1010	0.7608246945
1011	0.7603458221
1012	0.7598684513
1013	0.7593926677
1014	0.7589186289
1015	0.7584464811
1016	0.7579763048
1017	0.7575081671
1018	0.7570421150
1019	0.7565781341
1020	0.7561161792
1021	0.7556562392
1022	0.7551983438
1023	0.7547425090
1024	0.7542887061
1025	0.7538368478
1026	0.7533868068
1027	0.7529384590
1028	0.7524916356
1029	0.7520461250
1030	0.7516017801
1031	0.7511585264
1032	0.7507163118
1033	0.7502750907
1034	0.7498348430
1035	0.7493955952
1036	0.7489573782
1037	0.7485201891
1038	0.7480840357
1039	0.7476489663
1040	0.7472150357
1041	0.7467822975
1042	0.7463508273
1043	0.7459207111
1044	0.7454920147
1045	0.7450647677
1046	0.7446389547
1047	0.7442145497
1048	0.7437915549
1049	0.7433699841
1050	0.7429498508
1051	0.7425312196
1052	0.7421142094
1053	0.7416988872
1054	0.7412852578
1055	0.7408733073
1056	0.7404629555
1057	0.7400540453
1058	0.7396463804
1059	0.7392397694
1060	0.7388340774
1061	0.7384292093
1062	0.7380250647
1063	0.7376215464
1064	0.7372185972
1065	0.7368162081
1066	0.7364143828
1067	0.7360131346
1068	0.7356124952
1069	0.7352124757
1070	0.7348130486
1071	0.7344141871
1072	0.7340159053
1073	0.7336182155
1074	0.7332210630
1075	0.7328243650
1076	0.7324280827
1077	0.7320322251
1078	0.7316368288
1079	0.7312419582
1080	0.7308476890
1081	0.7304541114
1082	0.7300613390
1083	0.7296694881
1084	0.7292786741
1085	0.7288889685
1086	0.7285003329
1087	0.7281126770
1088	0.7277259184
1089	0.7273399325
1090	0.7269545407
1091	0.7265695966
1092	0.7261850562
1093	0.7258009389
1094	0.7254172878
1095	0.7250341619
1096	0.7246516096
1097	0.7242696802
1098	0.7238884223
1099	0.7235078752
1100	0.7231280943
1101	0.7227491412
1102	0.7223710915
1103	0.7219940556
1104	0.7216181365
1105	0.7212433914
1106	0.7208698236
1107	0.7204974043
1108	0.7201260998
1109	0.7197558248
1110	0.7193864140
1111	0.7190177030
1112	0.7186495837
1113	0.7182819602
1114	0.7179147410
1115	0.7175478833
1116	0.7171813967
1117	0.7168153309
1118	0.7164497596
1119	0.7160847602
1120	0.7157204200
1121	0.7153568539
1122	0.7149941903
1123	0.7146325484
1124	0.7142720306
1125	0.7139126811
1126	0.7135544800
1127	0.7131974024
1128	0.7128413839
1129	0.7124862858
1130	0.7121319782
1131	0.7117783637
1132	0.7114253398
1133	0.7110728089
1134	0.7107207310
1135	0.7103691400
1136	0.7100180773
1137	0.7096675548
1138	0.7093175896
1139	0.7089682368
1140	0.7086195804
1141	0.7082716988
1142	0.7079246309
1143	0.7075783460
1144	0.7072327585
1145	0.7068877961
1146	0.7065434357
1147	0.7061996827
1148	0.7058565444
1149	0.7055140524
1150	0.7051723085
1151	0.7048314773
1152	0.7044917712
1153	0.7041534521
1154	0.7038167442
1155	0.7034817336
1156	0.7031484354
1157	0.7028168784
1158	0.7024870587
1159	0.7021589323
1160	0.7018324473
1161	0.7015075709
1162	0.7011843030
1163	0.7008626188
1164	0.7005424509
1165	0.7002237503
1166	0.6999065248
1167	0.6995908071
1168	0.6992766056
1169	0.6989638884
1170	0.6986525640
1171	0.6983425180
1172	0.6980336856
1173	0.6977260287
1174	0.6974195368
1175	0.6971142730
1176	0.6968103572
1177	0.6965079248
1178	0.6962070942
1179	0.6959079961
1180	0.6956107977
1181	0.6953156674
1182	0.6950227958
1183	0.6947323975
1184	0.6944446227
1185	0.6941595288
1186	0.6938771552
1187	0.6935975630
1188	0.6933208144
1189	0.6930469366
1190	0.6927759351
1191	0.6925078486
1192	0.6922427089
1193	0.6919804632
1194	0.6917210221
1195	0.6914643121
1196	0.6912102432
1197	0.6909587381
1198	0.6907097990
1199	0.6904634982
1200	0.6902199564
1201	0.6899793332
1202	0.6897417234
1203	0.6895071430
1204	0.6892756814
1205	0.6890475245
1206	0.6888228799
1207	0.6886019200
1208	0.6883847542
1209	0.6881714415
1210	0.6879619493
1211	0.6877561513
1212	0.6875539306
1213	0.6873552180
1214	0.6871599650
1215	0.6869681521
1216	0.6867797941
1217	0.6865948793
1218	0.6864133224
1219	0.6862350214
1220	0.6860599025
1221	0.6858879017
1222	0.6857189789
1223	0.6855531741
1224	0.6853906267
1225	0.6852315542
1226	0.6850762722
1227	0.6849251701
1228	0.6847786215
1229	0.6846369475
1230	0.6845004102
1231	0.6843691828
1232	0.6842433709
1233	0.6841230445
1234	0.6840081960
1235	0.6838987760
1236	0.6837947499
1237	0.6836960642
1238	0.6836026438
1239	0.6835143921
1240	0.6834312494
1241	0.6833532935
1242	0.6832806218
1243	0.6832132377
1244	0.6831511441
1245	0.6830943581
1246	0.6830427944
1247	0.6829962574
1248	0.6829545744
1249	0.6829176289
1250	0.6828853384
1251	0.6828577070
1252	0.6828348104
1253	0.6828167508
1254	0.6828036000
1255	0.6827953568
1256	0.6827919655
1257	0.6827933449
1258	0.6827994829
1259	0.6828105104
1260	0.6828266376
1261	0.6828480953
1262	0.6828750981
1263	0.6829078215
1264	0.6829464427
1265	0.6829911243
1266	0.6830419142
1267	0.6830986547
1268	0.6831610072
1269	0.6832286356
1270	0.6833013599
1271	0.6833791278
1272	0.6834619330
1273	0.6835497075
1274	0.6836422075
1275	0.6837391687
1276	0.6838405531
1277	0.6839465211
1278	0.6840572670
1279	0.6841729259
1280	0.6842935264
1281	0.6844190351
1282	0.6845495334
1283	0.6846852421
1284	0.6848263422
1285	0.6849728691
1286	0.6851247545
1287	0.6852819629
1288	0.6854445173
1289	0.6856123851
1290	0.6857855261
1291	0.6859639789
1292	0.6861478204
1293	0.6863371187
1294	0.6865318501
1295	0.6867318779
1296	0.6869370684
1297	0.6871474000
1298	0.6873629644
1299	0.6875838955
1300	0.6878102817
1301	0.6880420911
1302	0.6882792247
1303	0.6885216335
1304	0.6887693019
1305	0.6890221485
1306	0.6892800594
1307	0.6895429937
1308	0.6898109356
1309	0.6900837850
1310	0.6903613797
1311	0.6906435821
1312	0.6909303421
1313	0.6912217266
1314	0.6915178543
1315	0.6918187709
1316	0.6921244212
1317	0.6924347255
1318	0.6927496261
1319	0.6930690579
1320	0.6933929589
1321	0.6937214384
1322	0.6940548148
1323	0.6943934160
1324	0.6947375151
1325	0.6950873132
1326	0.6954429244
1327	0.6958044792
1328	0.6961721035
1329	0.6965458160
1330	0.6969255669
1331	0.6973113404
1332	0.6977031429
1333	0.6981009289
1334	0.6985045878
1335	0.6989139684
1336	0.6993289353
1337	0.6997493917
1338	0.7001752225
1339	0.7006063045
1340	0.7010425447
1341	0.7014838784
1342	0.7019302329
1343	0.7023815018
1344	0.7028376539
1345	0.7032987862
1346	0.7037650310
1347	0.7042364844
1348	0.7047131587
1349	0.7051949727
1350	0.7056818228
1351	0.7061736447
1352	0.7066703752
1353	0.7071719208
1354	0.7076782714
1355	0.7081896032
1356	0.7087061320
1357	0.7092279698
1358	0.7097552069
1359	0.7102879091
1360	0.7108260116
1361	0.7113693379
1362	0.7119176787
1363	0.7124708790
1364	0.7130288839
1365	0.7135916656
1366	0.7141591704
1367	0.7147313568
1368	0.7153082107
1369	0.7158897010
1370	0.7164757893
1371	0.7170664767
1372	0.7176618350
1373	0.7182619950
1374	0.7188670267
1375	0.7194769122
1376	0.7200916048
1377	0.7207110462
1378	0.7213351912
1379	0.7219639724
1380	0.7225973190
1381	0.7232352599
1382	0.7238778522
1383	0.7245250669
1384	0.7251768484
1385	0.7258331751
1386	0.7264940259
1387	0.7271593709
1388	0.7278292013
1389	0.7285035321
1390	0.7291824040
1391	0.7298658690
1392	0.7305539296
1393	0.7312465351
1394	0.7319436680
1395	0.7326453701
1396	0.7333516570
1397	0.7340625320
1398	0.7347780925
1399	0.7354985315
1400	0.7362240795
1401	0.7369550265
1402	0.7376917410
1403	0.7384345519
1404	0.7391836277
1405	0.7399389481
1406	0.7407003367
1407	0.7414675043
1408	0.7422400799
1409	0.7430176219
1410	0.7437996308
1411	0.7445856955
1412	0.7453755868
1413	0.7461691401
1414	0.7469662354
1415	0.7477668256
1416	0.7485708844
1417	0.7493784173
1418	0.7501894687
1419	0.7510041526
1420	0.7518226877
1421	0.7526453021
1422	0.7534721696
1423	0.7543034876
1424	0.7551394943
1425	0.7559803302
1426	0.7568260153
1427	0.7576765644
1428	0.7585320013
1429	0.7593922801
1430	0.7602572383
1431	0.7611266535
1432	0.7620002774
1433	0.7628778198
1434	0.7637589951
1435	0.7646435374
1436	0.7655311965
1437	0.7664218004
1438	0.7673152621
1439	0.7682115592
1440	0.7691107759
1441	0.7700130977
1442	0.7709187451
1443	0.7718279563
1444	0.7727410046
1445	0.7736581245
1446	0.7745794085
1447	0.7755048455
1448	0.7764344067
1449	0.7773680316
1450	0.7783056220
1451	0.7792470623
1452	0.7801922633
1453	0.7811412207
1454	0.7820939317
1455	0.7830503226
1456	0.7840103140
1457	0.7849738444
1458	0.7859408228
1459	0.7869111016
1460	0.7878844875
1461	0.7888607572
1462	0.7898396854
1463	0.7908210606
1464	0.7918047022
1465	0.7927904819
1466	0.7937782784
1467	0.7947679597
1468	0.7957594408
1469	0.7967527207
1470	0.7977478803
1471	0.7987450157
1472	0.7997442169
1473	0.8007455855
1474	0.8017491558
1475	0.8027549248
1476	0.8037629674
1477	0.8047733659
1478	0.8057860776
1479	0.8068009422
1480	0.8078177751
1481	0.8088364689
1482	0.8098570338
1483	0.8108795118
1484	0.8119038749
1485	0.8129300100
1486	0.8139577449
1487	0.8149868685
1488	0.8160171916
1489	0.8170486193
1490	0.8180811227
1491	0.8191146875
1492	0.8201493379
1493	0.8211851282
1494	0.8222220599
1495	0.8232600701
1496	0.8242990946
1497	0.8253390599
1498	0.8263798552
1499	0.8274213654
1500	0.8284634976
1501	0.8295061855
1502	0.8305494059
1503	0.8315932115
1504	0.8326377219
1505	0.8336830499
1506	0.8347292496
1507	0.8357763311
1508	0.8368243306
1509	0.8378732964
1510	0.8389232322
1511	0.8399741421
1512	0.8410260223
1513	0.8420788161
1514	0.8431324018
1515	0.8441865697
1516	0.8452410942
1517	0.8462958478
1518	0.8473507949
1519	0.8484059531
1520	0.8494614018
1521	0.8505172551
1522	0.8515736210
1523	0.8526306183
1524	0.8536883793
1525	0.8547470097
1526	0.8558065772
1527	0.8568671385
1528	0.8579287487
1529	0.8589914188
1530	0.8600551172
1531	0.8611197995
1532	0.8621853828
1533	0.8632517505
1534	0.8643187965
1535	0.8653864468
1536	0.8664546528
1537	0.8675233524
1538	0.8685924422
1539	0.8696618142
1540	0.8707313845
1541	0.8718011023
1542	0.8728709804
1543	0.8739410882
1544	0.8750114844
1545	0.8760821707
1546	0.8771531341
1547	0.8782243806
1548	0.8792958998
1549	0.8803676646
1550	0.8814396637
1551	0.8825119177
1552	0.8835844586
1553	0.8846572789
1554	0.8857303288
1555	0.8868035399
1556	0.8878768297
1557	0.8889501161
1558	0.8900233227
1559	0.8910963577
1560	0.8921691191
1561	0.8932415266
1562	0.8943135238
1563	0.8953850739
1564	0.8964561819
1565	0.8975268974
1566	0.8985973009
1567	0.8996674856
1568	0.9007375579
1569	0.9018076303
1570	0.9028777888
1571	0.9039480926
1572	0.9050185910
1573	0.9060893399
1574	0.9071604072
1575	0.9082318434
1576	0.9093036947
1577	0.9103760421
1578	0.9114489467
1579	0.9125223988
1580	0.9135963495
1581	0.9146707231
1582	0.9157454066
1583	0.9168202824
1584	0.9178952584
1585	0.9189702623
1586	0.9200452383
1587	0.9211201602
1588	0.9221950263
1589	0.9232698349
1590	0.9243445795
1591	0.9254192491
1592	0.9264938312
1593	0.9275683184
1594	0.9286427121
1595	0.9297170240
1596	0.9307912737
1597	0.9318654703
1598	0.9329395910
1599	0.9340136026
1600	0.9350874926
1601	0.9361612776
1602	0.9372349932
1603	0.9383086624
1604	0.9393822873
1605	0.9404558727
1606	0.9415294479
1607	0.9426030559
1608	0.9436767231
1609	0.9447504456
1610	0.9458241986
1611	0.9468979647
1612	0.9479717564
1613	0.9490456213
1614	0.9501196247
1615	0.9511937974
1616	0.9522681346
1617	0.9533426548
1618	0.9544173998
1619	0.9554924052
1620	0.9565676958
1621	0.9576432742
1622	0.9587191054
1623	0.9597951272
1624	0.9608712610
1625	0.9619474176
1626	0.9630235091
1627	0.9640994623
1628	0.9651752389
1629	0.9662508353
1630	0.9673262645
1631	0.9684015506
1632	0.9694767352
1633	0.9705518792
1634	0.9716270481
1635	0.9727022960
1636	0.9737776607
1637	0.9748531724
1638	0.9759288765
1639	0.9770048348
1640	0.9780810884
1641	0.9791576548
1642	0.9802345506
1643	0.9813117738
1644	0.9823892831
1645	0.9834670035
1646	0.9845448388
1647	0.9856226937
1648	0.9867004940
1649	0.9877781933
1650	0.9888557615
1651	0.9899331747
1652	0.9910104221
1653	0.9920875101
1654	0.9931644576
1655	0.9942412916
1656	0.9953180604
1657	0.9963948318
1658	0.9974716655
1659	0.9985485995
1660	0.9996256505
1661	1.0007028249
1662	1.0017801426
1663	1.0028576449
1664	1.0039353666
1665	1.0050133027
1666	1.0060914069
1667	1.0071696246
1668	1.0082479189
1669	1.0093262497
1670	1.0104045575
1671	1.0114827952
1672	1.0125609478
1673	1.0136390206
1674	1.0147170292
1675	1.0157949919
1676	1.0168729182
1677	1.0179508001
1678	1.0190286222
1679	1.0201063695
1680	1.0211840384
1681	1.0222616543
1682	1.0233392418
1683	1.0244167851
1684	1.0254942514
1685	1.0265716202
1686	1.0276488890
1687	1.0287260827
1688	1.0298032350
1689	1.0308803745
1690	1.0319575384
1691	1.0330347720
1692	1.0341121088
1693	1.0351895517
1694	1.0362670797
1695	1.0373446711
1696	1.0384223143
1697	1.0394999953
1698	1.0405776889
1699	1.0416553777
1700	1.0427330598
1701	1.0438107311
1702	1.0448883755
1703	1.0459659732
1704	1.0470435017
1705	1.0481209363
1706	1.0491982577
1707	1.0502754499
1708	1.0513525048
1709	1.0524294366
1710	1.0535062762
1711	1.0545830643
1712	1.0556598536
1713	1.0567367169
1714	1.0578137259
1715	1.0588909151
1716	1.0599682897
1717	1.0610458449
1718	1.0621235623
1719	1.0632014039
1720	1.0642793252
1721	1.0653572851
1722	1.0664352386
1723	1.0675131357
1724	1.0685909006
1725	1.0696684278
1726	1.0707456288
1727	1.0718224448
1728	1.0728988332
1729	1.0739747872
1730	1.0750503486
1731	1.0761256026
1732	1.0772006555
1733	1.0782756017
1734	1.0793505247
1735	1.0804255037
1736	1.0815005917
1737	1.0825758087
1738	1.0836511431
1739	1.0847265628
1740	1.0858020392
1741	1.0868775331
1742	1.0879529697
1743	1.0890282700
1744	1.0901033855
1745	1.0911782758
1746	1.0922528858
1747	1.0933271738
1748	1.0944011239
1749	1.0954747058
1750	1.0965478828
1751	1.0976206530
1752	1.0986930402
1753	1.0997650858
1754	1.1008368387
1755	1.1019083396
1756	1.1029796324
1757	1.1040507700
1758	1.1051218184
1759	1.1061928407
1760	1.1072638716
1761	1.1083349333
1762	1.1094060397
1763	1.1104771600
1764	1.1115482095
1765	1.1126190961
1766	1.1136897543
1767	1.1147601311
1768	1.1158301828
1769	1.1168998835
1770	1.1179692179
1771	1.1190381630
1772	1.1201066790
1773	1.1211747369
1774	1.1222423331
1775	1.1233094742
1776	1.1243761683
1777	1.1254424352
1778	1.1265083150
1779	1.1275738538
1780	1.1286390581
1781	1.1297038919
1782	1.1307683390
1783	1.1318323960
1784	1.1328960257
1785	1.1339591841
1786	1.1350218557
1787	1.1360840507
1788	1.1371458014
1789	1.1382071500
1790	1.1392681456
1791	1.1403288637
1792	1.1413893951
1793	1.1424497786
1794	1.1435099596
1795	1.1445698253
1796	1.1456292150
1797	1.1466879197
1798	1.1477457479
1799	1.1488025554
1800	1.1498582312
1801	1.1509126897
1802	1.1519658776
1803	1.1530178372
1804	1.1540687090
1805	1.1551186470
1806	1.1561677988
1807	1.1572163038
1808	1.1582642754
1809	1.1593118274
1810	1.1603591105
1811	1.1614062813
1812	1.1624534402
1813	1.1635005735
1814	1.1645475166
1815	1.1655940292
1816	1.1666399014
1817	1.1676849394
1818	1.1687288813
1819	1.1697714063
1820	1.1708122226
1821	1.1718511027
1822	1.1728879056
1823	1.1739225961
1824	1.1749552227
1825	1.1759858799
1826	1.1770146613
1827	1.1780416437
1828	1.1790668808
1829	1.1800903957
1830	1.1811121990
1831	1.1821322995
1832	1.1831507058
1833	1.1841673973
1834	1.1851822727
1835	1.1861951810
1836	1.1872060110
1837	1.1882147192
1838	1.1892213161
1839	1.1902258825
1840	1.1912285430
1841	1.1922294063
1842	1.1932285696
1843	1.1942261252
1844	1.1952221491
1845	1.1962167224
1846	1.1972099343
1847	1.1982018762
1848	1.1991926610
1849	1.2001824153
1850	1.2011712600
1851	1.2021592927
1852	1.2031466073
1853	1.2041333257
1854	1.2051194899
1855	1.2061049645
1856	1.2070895441
1857	1.2080730475
1858	1.2090552798
1859	1.2100360277
1860	1.2110150802
1861	1.2119921997
1862	1.2129670988
1863	1.2139394606
1864	1.2149089827
1865	1.2158753958
1866	1.2168384850
1867	1.2177981374
1868	1.2187543535
1869	1.2197072175
1870	1.2206568388
1871	1.2216033117
1872	1.2225467087
1873	1.2234870457
1874	1.2244243006
1875	1.2253584852
1876	1.2262896880
1877	1.2272180632
1878	1.2281437483
1879	1.2290668197
1880	1.2299873108
1881	1.2309051953
1882	1.2318203480
1883	1.2327325684
1884	1.2336416382
1885	1.2345473422
1886	1.2354494754
1887	1.2363478524
1888	1.2372423102
1889	1.2381327143
1890	1.2390189708
1891	1.2399010423
1892	1.2407789481
1893	1.2416527294
1894	1.2425223941
1895	1.2433878932
1896	1.2442491593
1897	1.2451061391
1898	1.2459587758
1899	1.2468070161
1900	1.2476508551
1901	1.2484903346
1902	1.2493255176
1903	1.2501564849
1904	1.2509833161
1905	1.2518060851
1906	1.2526248808
1907	1.2534397953
1908	1.2542509064
1909	1.2550582686
1910	1.2558618830
1911	1.2566616922
1912	1.2574576000
1913	1.2582494681
1914	1.2590371171
1915	1.2598203499
1916	1.2605989881
1917	1.2613728853
1918	1.2621419346
1919	1.2629060850
1920	1.2636653245
1921	1.2644196581
1922	1.2651690989
1923	1.2659136829
1924	1.2666534663
1925	1.2673884851
1926	1.2681187787
1927	1.2688444275
1928	1.2695655179
1929	1.2702821230
1930	1.2709943259
1931	1.2717022148
1932	1.2724058706
1933	1.2731053598
1934	1.2738007134
1935	1.2744919392
1936	1.2751790418
1937	1.2758619931
1938	1.2765407083
1939	1.2772150489
1940	1.2778848387
1941	1.2785499016
1942	1.2792100957
1943	1.2798653137
1944	1.2805154694
1945	1.2811605133
1946	1.2818004504
1947	1.2824353481
1948	1.2830653352
1949	1.2836905681
1950	1.2843112051
1951	1.2849274052
1952	1.2855393232
1953	1.2861471006
1954	1.2867508488
1955	1.2873506169
1956	1.2879463607
1957	1.2885379530
1958	1.2891252207
1959	1.2897079441
1960	1.2902858698
1961	1.2908587839
1962	1.2914265276
1963	1.2919889567
1964	1.2925459576
1965	1.2930974631
1966	1.2936434093
1967	1.2941837371
1968	1.2947184551
1969	1.2952476590
1970	1.2957714932
1971	1.2962901144
1972	1.2968036991
1973	1.2973124634
1974	1.2978166466
1975	1.2983164879
1976	1.2988122135
1977	1.2993040140
1978	1.2997920318
1979	1.3002763577
1980	1.3007570216
1981	1.3012339883
1982	1.3017071603
1983	1.3021764091
1984	1.3026416085
1985	1.3031026335
1986	1.3035593544
1987	1.3040116384
1988	1.3044593432
1989	1.3049023254
1990	1.3053404409
1991	1.3057735518
1992	1.3062015470
1993	1.3066243398
1994	1.3070418537
1995	1.3074540111
1996	1.3078607578
1997	1.3082621119
1998	1.3086581787
1999	1.3090491112
2000	1.3094350383
2001	1.3098160333
2002	1.3101921438
2003	1.3105634343
2004	1.3109300057
2005	1.3112919548
2006	1.3116493131
2007	1.3120020388
2008	1.3123500446
2009	1.3126932202
2010	1.3130314526
2011	1.3133646272
2012	1.3136926134
2013	1.3140152787
2014	1.3143325256
2015	1.3146443129
2016	1.3149506475
2017	1.3152515520
2018	1.3155470312
2019	1.3158370583
2020	1.3161216039
2021	1.3164006842
2022	1.3166743826
2023	1.3169428336
2024	1.3172061969
2025	1.3174646332
2026	1.3177182761
2027	1.3179672013
2028	1.3182114180
2029	1.3184508977
2030	1.3186856082
2031	1.3189155353
2032	1.3191406930
2033	1.3193611070
2034	1.3195767861
2035	1.3197877185
2036	1.3199938982
2037	1.3201953469
2038	1.3203921015
2039	1.3205841819
2040	1.3207715839
2041	1.3209542856
2042	1.3211322387
2043	1.3213053544
2044	1.3214735028
2045	1.3216365533
2046	1.3217944172
2047	1.3219470413
2048	1.3220943853
2049	1.3222364323
2050	1.3223732106
2051	1.3225047952
2052	1.3226313055
2053	1.3227529038
2054	1.3228697813
2055	1.3229821305
2056	1.3230901146
2057	1.3231938491
2058	1.3232933821
2059	1.3233886855
2060	1.3234796848
2061	1.3235662894
2062	1.3236483883
2063	1.3237258491
2064	1.3237985279
2065	1.3238662824
2066	1.3239289969
2067	1.3239866088
2068	1.3240391170
2069	1.3240865522
2070	1.3241289432
2071	1.3241663092
2072	1.3241986573
2073	1.3242259740
2074	1.3242482257
2075	1.3242653841
2076	1.3242774477
2077	1.3242844207
2078	1.3242862844
2079	1.3242830090
2080	1.3242745753
2081	1.3242609870
2082	1.3242422657
2083	1.3242184215
2084	1.3241894508
2085	1.3241553937
2086	1.3241163719
2087	1.3240725532
2088	1.3240241087
2089	1.3239712032
2090	1.3239139831
2091	1.3238525539
2092	1.3237869799
2093	1.3237173029
2094	1.3236435596
2095	1.3235657864
2096	1.3234840048
2097	1.3233982043
2098	1.3233083548
2099	1.3232144162
2100	1.3231163387
2101	1.3230140719
2102	1.3229075644
2103	1.3227967618
2104	1.3226815983
2105	1.3225619832
2106	1.3224378194
2107	1.3223090401
2108	1.3221756227
2109	1.3220375944
2110	1.3218950379
2111	1.3217480514
2112	1.3215966884
2113	1.3214409612
2114	1.3212808723
2115	1.3211164019
2116	1.3209475163
2117	1.3207742229
2118	1.3205965834
2119	1.3204147067
2120	1.3202287438
2121	1.3200388584
2122	1.3198452285
2123	1.3196480562
2124	1.3194475526
2125	1.3192439285
2126	1.3190373730
2127	1.3188280455
2128	1.3186160742
2129	1.3184015209
2130	1.3181843536
2131	1.3179644768
2132	1.3177417859
2133	1.3175161940
2134	1.3172876343
2135	1.3170560529
2136	1.3168214126
2137	1.3165837257
2138	1.3163430761
2139	1.3160995984
2140	1.3158534428
2141	1.3156047440
2142	1.3153536215
2143	1.3151001892
2144	1.3148445549
2145	1.3145868416
2146	1.3143271844
2147	1.3140656710
2148	1.3138022998
2149	1.3135370119
2150	1.3132697593
2151	1.3130005307
2152	1.3127293143
2153	1.3124560764
2154	1.3121807773
2155	1.3119033729
2156	1.3116238240
2157	1.3113421181
2158	1.3110582637
2159	1.3107722831
2160	1.3104842176
2161	1.3101941252
2162	1.3099020824
2163	1.3096081905
2164	1.3093125511
2165	1.3090152420
2166	1.3087163573
2167	1.3084160221
2168	1.3081143363
2169	1.3078113402
2170	1.3075070593
2171	1.3072015543
2172	1.3068949152
2173	1.3065872270
2174	1.3062785249
2175	1.3059687939
2176	1.3056579904
2177	1.3053460391
2178	1.3050328671
2179	1.3047184271
2180	1.3044026941
2181	1.3040856879
2182	1.3037674677
2183	1.3034480934
2184	1.3031276065
2185	1.3028060393
2186	1.3024834287
2187	1.3021598410
2188	1.3018353913
2189	1.3015102108
2190	1.3011844043
2191	1.3008580758
2192	1.3005313679
2193	1.3002044243
2194	1.2998773443
2195	1.2995502073
2196	1.2992230891
2197	1.2988960251
2198	1.2985690266
2199	1.2982421045
2200	1.2979152241
2201	1.2975882978
2202	1.2972612201
2203	1.2969338806
2204	1.2966061657
2205	1.2962779368
2206	1.2959490509
2207	1.2956194130
2208	1.2952889752
2209	1.2949577295
2210	1.2946256966
2211	1.2942929096
2212	1.2939594367
2213	1.2936253580
2214	1.2932907072
2215	1.2929555025
2216	1.2926198057
2217	1.2922837084
2218	1.2919472883
2219	1.2916106042
2220	1.2912736934
2221	1.2909365588
2222	1.2905991729
2223	1.2902614782
2224	1.2899234171
2225	1.2895849784
2226	1.2892462043
2227	1.2889071565
2228	1.2885678799
2229	1.2882283832
2230	1.2878886382
2231	1.2875486046
2232	1.2872082488
2233	1.2868675440
2234	1.2865264695
2235	1.2861850151
2236	1.2858431966
2237	1.2855010501
2238	1.2851585842
2239	1.2848157529
2240	1.2844725093
2241	1.2841288413
2242	1.2837847287
2243	1.2834401397
2244	1.2830950612
2245	1.2827494932
2246	1.2824034487
2247	1.2820569445
2248	1.2817099762
2249	1.2813625215
2250	1.2810145566
2251	1.2806660535
2252	1.2803169925
2253	1.2799673810
2254	1.2796172397
2255	1.2792665863
2256	1.2789154524
2257	1.2785639049
2258	1.2782120167
2259	1.2778598435
2260	1.2775074342
2261	1.2771548188
2262	1.2768019935
2263	1.2764489164
2264	1.2760955481
2265	1.2757418946
2266	1.2753879576
2267	1.2750337105
2268	1.2746791537
2269	1.2743243129
2270	1.2739692039
2271	1.2736138225
2272	1.2732581438
2273	1.2729021232
2274	1.2725456957
2275	1.2721888172
2276	1.2718315176
2277	1.2714738941
2278	1.2711160541
2279	1.2707580609
2280	1.2703999319
2281	1.2700416651
2282	1.2696832537
2283	1.2693246705
2284	1.2689658475
2285	1.2686066749
2286	1.2682470198
2287	1.2678867737
2288	1.2675258737
2289	1.2671642681
2290	1.2668019097
2291	1.2664387843
2292	1.2660749095
2293	1.2657103068
2294	1.2653449810
2295	1.2649789214
2296	1.2646121148
2297	1.2642445391
2298	1.2638761693
2299	1.2635069976
2300	1.2631370271
2301	1.2627662815
2302	1.2623948130
2303	1.2620227034
2304	1.2616500785
2305	1.2612770705
2306	1.2609037477
2307	1.2605301127
2308	1.2601561554
2309	1.2597818527
2310	1.2594071438
2311	1.2590319423
2312	1.2586561445
2313	1.2582796301
2314	1.2579022729
2315	1.2575239531
2316	1.2571445524
2317	1.2567639399
2318	1.2563819893
2319	1.2559986108
2320	1.2556137611
2321	1.2552274210
2322	1.2548395821
2323	1.2544502568
2324	1.2540594732
2325	1.2536672844
2326	1.2532737782
2327	1.2528790700
2328	1.2524833035
2329	1.2520866207
2330	1.2516891084
2331	1.2512908022
2332	1.2508917254
2333	1.2504918995
2334	1.2500913290
2335	1.2496899793
2336	1.2492877521
2337	1.2488844917
2338	1.2484800619
2339	1.2480744050
2340	1.2476675018
2341	1.2472593207
2342	1.2468498108
2343	1.2464389054
2344	1.2460265411
2345	1.2456126778
2346	1.2451972677
2347	1.2447802119
2348	1.2443613720
2349	1.2439406047
2350	1.2435177795
2351	1.2430927939
2352	1.2426655742
2353	1.2422360729
2354	1.2418042791
2355	1.2413702143
2356	1.2409339430
2357	1.2404955893
2358	1.2400553229
2359	1.2396133286
2360	1.2391697649
2361	1.2387247686
2362	1.2382784769
2363	1.2378309921
2364	1.2373823737
2365	1.2369326623
2366	1.2364818693
2367	1.2360299634
2368	1.2355768691
2369	1.2351224700
2370	1.2346666371
2371	1.2342092661
2372	1.2337502994
2373	1.2332897447
2374	1.2328276472
2375	1.2323640321
2376	1.2318989067
2377	1.2314322893
2378	1.2309642019
2379	1.2304946529
2380	1.2300236412
2381	1.2295511768
2382	1.2290773005
2383	1.2286020632
2384	1.2281254911
2385	1.2276475916
2386	1.2271683767
2387	1.2266878672
2388	1.2262060791
2389	1.2257229970
2390	1.2252385455
2391	1.2247526132
2392	1.2242650988
2393	1.2237758780
2394	1.2232847709
2395	1.2227915982
2396	1.2222962208
2397	1.2217985150
2398	1.2212983728
2399	1.2207957499
2400	1.2202906950
2401	1.2197833358
2402	1.2192738471
2403	1.2187624214
2404	1.2182492415
2405	1.2177344692
2406	1.2172182504
2407	1.2167006932
2408	1.2161818477
2409	1.2156617287
2410	1.2151403365
2411	1.2146176472
2412	1.2140935909
2413	1.2135680466
2414	1.2130408561
2415	1.2125118356
2416	1.2119808058
2417	1.2114476182
2418	1.2109121711
2419	1.2103744367
2420	1.2098344390
2421	1.2092922470
2422	1.2087480062
2423	1.2082019078
2424	1.2076541477
2425	1.2071049094
2426	1.2065543393
2427	1.2060025347
2428	1.2054495409
2429	1.2048953595
2430	1.2043399646
2431	1.2037833181
2432	1.2032253936
2433	1.2026662015
2434	1.2021057616
2435	1.2015440329
2436	1.2009809007
2437	1.2004162299
2438	1.1998498932
2439	1.1992817491
2440	1.1987116616
2441	1.1981395513
2442	1.1975653783
2443	1.1969890818
2444	1.1964105741
2445	1.1958297687
2446	1.1952465716
2447	1.1946608977
2448	1.1940727151
2449	1.1934820604
2450	1.1928890249
2451	1.1922937321
2452	1.1916963282
2453	1.1910969655
2454	1.1904958106
2455	1.1898930616
2456	1.1892888980
2457	1.1886834722
2458	1.1880769491
2459	1.1874694874
2460	1.1868612033
2461	1.1862521568
2462	1.1856423385
2463	1.1850316977
2464	1.1844201926
2465	1.1838077814
2466	1.1831944010
2467	1.1825799727
2468	1.1819644066
2469	1.1813476115
2470	1.1807294949
2471	1.1801099585
2472	1.1794889209
2473	1.1788663159
2474	1.1782420550
2475	1.1776160238
2476	1.1769881447
2477	1.1763584617
2478	1.1757271369
2479	1.1750943490
2480	1.1744602405
2481	1.1738249755
2482	1.1731887503
2483	1.1725517349
2484	1.1719140804
2485	1.1712759033
2486	1.1706372098
2487	1.1699978991
2488	1.1693578276
2489	1.1687168755
2490	1.1680749917
2491	1.1674321351
2492	1.1667882091
2493	1.1661431120
2494	1.1654967847
2495	1.1648491854
2496	1.1642002735
2497	1.1635500342
2498	1.1628985021
2499	1.1622457767
2500	1.1615920196
2501	1.1609373985
2502	1.1602820776
2503	1.1596262571
2504	1.1589701528
2505	1.1583139415
2506	1.1576577285
2507	1.1570015387
2508	1.1563452923
2509	1.1556888270
2510	1.1550319793
2511	1.1543746014
2512	1.1537165488
2513	1.1530576601
2514	1.1523977616
2515	1.1517367035
2516	1.1510743693
2517	1.1504107121
2518	1.1497457652
2519	1.1490796174
2520	1.1484124236
2521	1.1477443809
2522	1.1470756666
2523	1.1464063982
2524	1.1457366422
2525	1.1450664889
2526	1.1443960481
2527	1.1437253673
2528	1.1430544533
2529	1.1423833089
2530	1.1417119254
2531	1.1410403067
2532	1.1403684785
2533	1.1396964648
2534	1.1390242774
2535	1.1383519369
2536	1.1376795033
2537	1.1370070423
2538	1.1363345724
2539	1.1356620953
2540	1.1349896212
2541	1.1343171589
2542	1.1336447442
2543	1.1329724305
2544	1.1323002661
2545	1.1316283661
2546	1.1309569304
2547	1.1302861352
2548	1.1296160954
2549	1.1289469269
2550	1.1282787414
2551	1.1276115970
2552	1.1269455143
2553	1.1262805102
2554	1.1256166121
2555	1.1249538703
2556	1.1242923552
2557	1.1236321712
2558	1.1229734570
2559	1.1223163062
2560	1.1216607389
2561	1.1210067474
2562	1.1203542816
2563	1.1197032305
2564	1.1190534890
2565	1.1184049888
2566	1.1177576243
2567	1.1171112005
2568	1.1164654632
2569	1.1158201900
2570	1.1151752534
2571	1.1145306346
2572	1.1138864308
2573	1.1132428123
2574	1.1125999998
2575	1.1119582324
2576	1.1113176678
2577	1.1106783568
2578	1.1100403427
2579	1.1094037425
2580	1.1087686898
2581	1.1081352804
2582	1.1075035982
2583	1.1068737234
2584	1.1062457375
2585	1.1056197154
2586	1.1049957085
2587	1.1043737443
2588	1.1037537874
2589	1.1031357482
2590	1.1025195646
2591	1.1019051841
2592	1.1012925219
2593	1.1006814837
2594	1.1000719745
2595	1.0994639330
2596	1.0988573470
2597	1.0982522397
2598	1.0976487124
2599	1.0970469638
2600	1.0964472065
2601	1.0958495851
2602	1.0952542331
2603	1.0946613253
2604	1.0940709805
2605	1.0934831617
2606	1.0928977193
2607	1.0923144821
2608	1.0917332866
2609	1.0911539916
2610	1.0905764637
2611	1.0900005324
2612	1.0894260004
2613	1.0888526861
2614	1.0882804897
2615	1.0877094418
2616	1.0871396570
2617	1.0865712708
2618	1.0860044178
2619	1.0854392389
2620	1.0848759012
2621	1.0843145892
2622	1.0837554533
2623	1.0831985423
2624	1.0826438224
2625	1.0820912341
2626	1.0815406511
2627	1.0809918619
2628	1.0804446379
2629	1.0798987717
2630	1.0793541178
2631	1.0788106424
2632	1.0782683622
2633	1.0777272640
2634	1.0771873225
2635	1.0766485402
2636	1.0761109539
2637	1.0755746032
2638	1.0750395418
2639	1.0745058909
2640	1.0739738334
2641	1.0734435819
2642	1.0729153431
2643	1.0723892638
2644	1.0718654267
2645	1.0713438535
2646	1.0708244967
2647	1.0703072999
2648	1.0697922411
2649	1.0692792748
2650	1.0687683069
2651	1.0682592457
2652	1.0677520411
2653	1.0672466789
2654	1.0667431339
2655	1.0662413350
2656	1.0657412129
2657	1.0652427173
2658	1.0647457494
2659	1.0642501960
2660	1.0637559615
2661	1.0632629466
2662	1.0627711218
2663	1.0622805475
2664	1.0617913032
2665	1.0613034841
2666	1.0608172589
2667	1.0603328228
2668	1.0598502762
2669	1.0593696161
2670	1.0588908313
2671	1.0584139915
2672	1.0579392281
2673	1.0574666525
2674	1.0569963295
2675	1.0565282988
2676	1.0560626005
2677	1.0555992653
2678	1.0551382824
2679	1.0546795695
2680	1.0542229437
2681	1.0537681601
2682	1.0533149914
2683	1.0528632808
2684	1.0524129319
2685	1.0519638568
2686	1.0515160033
2687	1.0510693848
2688	1.0506240204
2689	1.0501799266
2690	1.0497371412
2691	1.0492956856
2692	1.0488555161
2693	1.0484165541
2694	1.0479787644
2695	1.0475421442
2696	1.0471067120
2697	1.0466725501
2698	1.0462397428
2699	1.0458083218
2700	1.0453783186
2701	1.0449497838
2702	1.0445227784
2703	1.0440973675
2704	1.0436736062
2705	1.0432515549
2706	1.0428312845
2707	1.0424128394
2708	1.0419961938
2709	1.0415812748
2710	1.0411680522
2711	1.0407565333
2712	1.0403466803
2713	1.0399384166
2714	1.0395316745
2715	1.0391263850
2716	1.0387224659
2717	1.0383198248
2718	1.0379183740
2719	1.0375180540
2720	1.0371188206
2721	1.0367206705
2722	1.0363236661
2723	1.0359278968
2724	1.0355334833
2725	1.0351406251
2726	1.0347495342
2727	1.0343603012
2728	1.0339728968
2729	1.0335872365
2730	1.0332032282
2731	1.0328208135
2732	1.0324399481
2733	1.0320605531
2734	1.0316825077
2735	1.0313056744
2736	1.0309299247
2737	1.0305551781
2738	1.0301814199
2739	1.0298086770
2740	1.0294369977
2741	1.0290664120
2742	1.0286969283
2743	1.0283285809
2744	1.0279614480
2745	1.0275956300
2746	1.0272311914
2747	1.0268681713
2748	1.0265066546
2749	1.0261467316
2750	1.0257884172
2751	1.0254316664
2752	1.0250764030
2753	1.0247225071
2754	1.0243697945
2755	1.0240180349
2756	1.0236670210
2757	1.0233166006
2758	1.0229666488
2759	1.0226170361
2760	1.0222676437
2761	1.0219183883
2762	1.0215692139
2763	1.0212200739
2764	1.0208709148
2765	1.0205217001
2766	1.0201723977
2767	1.0198229317
2768	1.0194732276
2769	1.0191232539
2770	1.0187730185
2771	1.0184225952
2772	1.0180720973
2773	1.0177216140
2774	1.0173712125
2775	1.0170209770
2776	1.0166710207
2777	1.0163214548
2778	1.0159723633
2779	1.0156238049
2780	1.0152758031
2781	1.0149283128
2782	1.0145812202
2783	1.0142343878
2784	1.0138876962
2785	1.0135410763
2786	1.0131945036
2787	1.0128479501
2788	1.0125013376
2789	1.0121545655
2790	1.0118075626
2791	1.0114602615
2792	1.0111125983
2793	1.0107645649
2794	1.0104162176
2795	1.0100676457
2796	1.0097189111
2797	1.0093699965
2798	1.0090208168
2799	1.0086712417
2800	1.0083210983
2801	1.0079702267
2802	1.0076185552
2803	1.0072660698
2804	1.0069127203
2805	1.0065584103
2806	1.0062030478
2807	1.0058465784
2808	1.0054890349
2809	1.0051305413
2810	1.0047712379
2811	1.0044112387
2812	1.0040506398
2813	1.0036895236
2814	1.0033279409
2815	1.0029658833
2816	1.0026032598
2817	1.0022398817
2818	1.0018754939
2819	1.0015098767
2820	1.0011428957
2821	1.0007744646
2822	1.0004045148
2823	1.0000329885
2824	0.9996598486
2825	0.9992850734
2826	0.9989086517
2827	0.9985306025
2828	0.9981509509
2829	0.9977697126
2830	0.9973869223
2831	0.9970026361
2832	0.9966169102
2833	0.9962298003
2834	0.9958413686
2835	0.9954516832
2836	0.9950608064
2837	0.9946687335
2838	0.9942753644
2839	0.9938805387
2840	0.9934840510
2841	0.9930857057
2842	0.9926853603
2843	0.9922828614
2844	0.9918780224
2845	0.9914706991
2846	0.9910608213
2847	0.9906483501
2848	0.9902332619
2849	0.9898155871
2850	0.9893954370
2851	0.9889729688
2852	0.9885483331
2853	0.9881216597
2854	0.9876930565
2855	0.9872626046
2856	0.9868303663
2857	0.9863963849
2858	0.9859606956
2859	0.9855233233
2860	0.9850842626
2861	0.9846434971
2862	0.9842010185
2863	0.9837568008
2864	0.9833107692
2865	0.9828628224
2866	0.9824128718
2867	0.9819608360
2868	0.9815066300
2869	0.9810501534
2870	0.9805912952
2871	0.9801300121
2872	0.9796663492
2873	0.9792003481
2874	0.9787320280
2875	0.9782614509
2876	0.9777887406
2877	0.9773140343
2878	0.9768374845
2879	0.9763592762
2880	0.9758795865
2881	0.9753985965
2882	0.9749164821
2883	0.9744333459
2884	0.9739492131
2885	0.9734640778
2886	0.9729779398
2887	0.9724908015
2888	0.9720026343
2889	0.9715133993
2890	0.9710230834
2891	0.9705316775
2892	0.9700391665
2893	0.9695455444
2894	0.9690507986
2895	0.9685548762
2896	0.9680576522
2897	0.9675589424
2898	0.9670585224
2899	0.9665561420
2900	0.9660515607
2901	0.9655445692
2902	0.9650350164
2903	0.9645228085
2904	0.9640079087
2905	0.9634904105
2906	0.9629705518
2907	0.9624486242
2908	0.9619249190
2909	0.9613997117
2910	0.9608732237
2911	0.9603456255
2912	0.9598170427
2913	0.9592875611
2914	0.9587573050
2915	0.9582264540
2916	0.9576951318
2917	0.9571633345
2918	0.9566309502
2919	0.9560978015
2920	0.9555637159
2921	0.9550285764
2922	0.9544922940
2923	0.9539547728
2924	0.9534159230
2925	0.9528756804
2926	0.9523340159
2927	0.9517909078
2928	0.9512462904
2929	0.9507000823
2930	0.9501522408
2931	0.9496027590
2932	0.9490516434
2933	0.9484989411
2934	0.9479448070
2935	0.9473894556
2936	0.9468330644
2937	0.9462758173
2938	0.9457179361
2939	0.9451596128
2940	0.9446009484
2941	0.9440419474
2942	0.9434825651
2943	0.9429227467
2944	0.9423624580
2945	0.9418016717
2946	0.9412402993
2947	0.9406781810
2948	0.9401151497
2949	0.9395511029
2950	0.9389860271
2951	0.9384199787
2952	0.9378530081
2953	0.9372851108
2954	0.9367162995
2955	0.9361466241
2956	0.9355761325
2957	0.9350048833
2958	0.9344329524
2959	0.9338604313
2960	0.9332873959
2961	0.9327138558
2962	0.9321397722
2963	0.9315650659
2964	0.9309895684
2965	0.9304130656
2966	0.9298353924
2967	0.9292564436
2968	0.9286761360
2969	0.9280943767
2970	0.9275111080
2971	0.9269263690
2972	0.9263402603
2973	0.9257528795
2974	0.9251643056
2975	0.9245746203
2976	0.9239839359
2977	0.9233923529
2978	0.9227998786
2979	0.9222064749
2980	0.9216121870
2981	0.9210171434
2982	0.9204214783
2983	0.9198253792
2984	0.9192291026
2985	0.9186328381
2986	0.9180367073
2987	0.9174408586
2988	0.9168454428
2989	0.9162505639
2990	0.9156562813
2991	0.9150626042
2992	0.9144694606
2993	0.9138766956
2994	0.9132841132
2995	0.9126915297
2996	0.9120987963
2997	0.9115058091
2998	0.9109125529
2999	0.9103191038
