0	1.2500000087
1	1.2501985064
2	1.2503962287
3	1.2505931968
4	1.2507894406
5	1.2509849964
6	1.2511799052
7	1.2513742109
8	1.2515679597
9	1.2517611982
10	1.2519539727
11	1.2521463280
12	1.2523383067
13	1.2525299483
14	1.2527212886
15	1.2529123591
16	1.2531031869
17	1.2532937942
18	1.2534841984
19	1.2536744117
20	1.2538644416
21	1.2540542912
22	1.2542439589
23	1.2544334393
24	1.2546227236
25	1.2548117998
26	1.2550006534
27	1.2551892679
28	1.2553776253
29	1.2555657066
30	1.2557534924
31	1.2559409633
32	1.2561281003
33	1.2563148851
34	1.2565013006
35	1.2566873311
36	1.2568729623
37	1.2570581817
38	1.2572429784
39	1.2574273433
40	1.2576112689
41	1.2577947491
42	1.2579777791
43	1.2581603553
44	1.2583424751
45	1.2585241365
46	1.2587053376
47	1.2588860766
48	1.2590663515
49	1.2592461597
50	1.2594254978
51	1.2596043611
52	1.2597827439
53	1.2599606386
54	1.2601380364
55	1.2603149263
56	1.2604912958
57	1.2606671302
58	1.2608424133
59	1.2610171269
60	1.2611912511
61	1.2613647645
62	1.2615376441
63	1.2617098654
64	1.2618814032
65	1.2620522325
66	1.2622223283
67	1.2623916650
68	1.2625602149
69	1.2627279491
70	1.2628948390
71	1.2630608575
72	1.2632259793
73	1.2633901790
74	1.2635534322
75	1.2637157156
76	1.2638770074
77	1.2640372846
78	1.2641965230
79	1.2643546989
80	1.2645117902
81	1.2646677751
82	1.2648226325
83	1.2649763417
84	1.2651288824
85	1.2652802361
86	1.2654303860
87	1.2655793158
88	1.2657270068
89	1.2658734381
90	1.2660185880
91	1.2661624326
92	1.2663049428
93	1.2664460857
94	1.2665858280
95	1.2667241345
96	1.2668609678
97	1.2669962899
98	1.2671300643
99	1.2672622551
100	1.2673928269
101	1.2675217447
102	1.2676489742
103	1.2677744825
104	1.2678982362
105	1.2680202005
106	1.2681403417
107	1.2682586270
108	1.2683750210
109	1.2684894877
110	1.2686019928
111	1.2687125004
112	1.2688209721
113	1.2689273729
114	1.2690316683
115	1.2691338215
116	1.2692337970
117	1.2693315603
118	1.2694270733
119	1.2695202976
120	1.2696111955
121	1.2696997275
122	1.2697858522
123	1.2698695303
124	1.2699507241
125	1.2700293980
126	1.2701055171
127	1.2701790421
128	1.2702499300
129	1.2703181420
130	1.2703836563
131	1.2704464697
132	1.2705065810
133	1.2705639722
134	1.2706186050
135	1.2706704367
136	1.2707194446
137	1.2707656339
138	1.2708090165
139	1.2708495975
140	1.2708873751
141	1.2709223376
142	1.2709544600
143	1.2709837014
144	1.2710100079
145	1.2710333335
146	1.2710536504
147	1.2710709357
148	1.2710851697
149	1.2710963408
150	1.2711044375
151	1.2711094388
152	1.2711113075
153	1.2711099912
154	1.2711054356
155	1.2710975814
156	1.2710863618
157	1.2710717195
158	1.2710536136
159	1.2710320112
160	1.2710068885
161	1.2709782317
162	1.2709460348
163	1.2709102910
164	1.2708709839
165	1.2708280913
166	1.2707815852
167	1.2707314221
168	1.2706775487
169	1.2706199103
170	1.2705584511
171	1.2704931156
172	1.2704238554
173	1.2703506367
174	1.2702734385
175	1.2701922502
176	1.2701070795
177	1.2700179488
178	1.2699248864
179	1.2698279273
180	1.2697271110
181	1.2696224735
182	1.2695140436
183	1.2694018416
184	1.2692858797
185	1.2691661558
186	1.2690426543
187	1.2689153557
188	1.2687842307
189	1.2686492439
190	1.2685103657
191	1.2683675679
192	1.2682208261
193	1.2680701250
194	1.2679154594
195	1.2677568384
196	1.2675942849
197	1.2674278346
198	1.2672575254
199	1.2670833850
200	1.2669054429
201	1.2667237408
202	1.2665383290
203	1.2663492612
204	1.2661565672
205	1.2659602382
206	1.2657602480
207	1.2655565766
208	1.2653492221
209	1.2651381879
210	1.2649234653
211	1.2647050329
212	1.2644828592
213	1.2642569124
214	1.2640271597
215	1.2637935671
216	1.2635561254
217	1.2633148581
218	1.2630698070
219	1.2628210222
220	1.2625685507
221	1.2623124406
222	1.2620527404
223	1.2617894893
224	1.2615227227
225	1.2612524839
226	1.2609788342
227	1.2607018450
228	1.2604215844
229	1.2601381259
230	1.2598515383
231	1.2595618682
232	1.2592691380
233	1.2589733458
234	1.2586744801
235	1.2583725233
236	1.2580674481
237	1.2577592322
238	1.2574478588
239	1.2571333083
240	1.2568155533
241	1.2564945622
242	1.2561703051
243	1.2558427378
244	1.2555118039
245	1.2551774477
246	1.2548396148
247	1.2544982606
248	1.2541533503
249	1.2538048667
250	1.2534528168
251	1.2530972202
252	1.2527381163
253	1.2523755669
254	1.2520096402
255	1.2516404026
256	1.2512679206
257	1.2508922743
258	1.2505135538
259	1.2501318548
260	1.2497472730
261	1.2493598843
262	1.2489697507
263	1.2485769470
264	1.2481815871
265	1.2477838176
266	1.2473837583
267	1.2469814612
268	1.2465769135
269	1.2461700845
270	1.2457609921
271	1.2453496982
272	1.2449362385
273	1.2445205623
274	1.2441025481
275	1.2436820695
276	1.2432590264
277	1.2428333395
278	1.2424049367
279	1.2419737615
280	1.2415397957
281	1.2411030344
282	1.2406634403
283	1.2402209279
284	1.2397754060
285	1.2393268309
286	1.2388751874
287	1.2384204606
288	1.2379626479
289	1.2375017737
290	1.2370378744
291	1.2365709579
292	1.2361009982
293	1.2356279737
294	1.2351518984
295	1.2346728179
296	1.2341907914
297	1.2337059174
298	1.2332183512
299	1.2327282684
300	1.2322358225
301	1.2317411420
302	1.2312443581
303	1.2307455859
304	1.2302449016
305	1.2297423702
306	1.2292380742
307	1.2287321138
308	1.2282245811
309	1.2277155575
310	1.2272051334
311	1.2266933914
312	1.2261803718
313	1.2256660701
314	1.2251504711
315	1.2246335506
316	1.2241152529
317	1.2235955155
318	1.2230743038
319	1.2225516052
320	1.2220274042
321	1.2215016882
322	1.2209744656
323	1.2204457331
324	1.2199154530
325	1.2193835673
326	1.2188500087
327	1.2183146913
328	1.2177774972
329	1.2172383101
330	1.2166970457
331	1.2161536391
332	1.2156080457
333	1.2150602620
334	1.2145103183
335	1.2139582432
336	1.2134040718
337	1.2128478724
338	1.2122897196
339	1.2117296643
340	1.2111677404
341	1.2106039813
342	1.2100384075
343	1.2094710285
344	1.2089018775
345	1.2083310082
346	1.2077584803
347	1.2071843680
348	1.2066087709
349	1.2060317932
350	1.2054535141
351	1.2048740077
352	1.2042933554
353	1.2037116151
354	1.2031288168
355	1.2025449863
356	1.2019601431
357	1.2013742802
358	1.2007873871
359	1.2001994678
360	1.1996105242
361	1.1990205694
362	1.1984296509
363	1.1978378417
364	1.1972452152
365	1.1966518595
366	1.1960578825
367	1.1954633716
368	1.1948683873
369	1.1942729807
370	1.1936771877
371	1.1930810111
372	1.1924844344
373	1.1918874459
374	1.1912900217
375	1.1906921292
376	1.1900937530
377	1.1894948864
378	1.1888955234
379	1.1882956771
380	1.1876953829
381	1.1870946738
382	1.1864935986
383	1.1858922383
384	1.1852906720
385	1.1846889654
386	1.1840871827
387	1.1834853783
388	1.1828835851
389	1.1822818405
390	1.1816801955
391	1.1810786653
392	1.1804772186
393	1.1798758091
394	1.1792744066
395	1.1786730293
396	1.1780717523
397	1.1774706552
398	1.1768697522
399	1.1762690178
400	1.1756684572
401	1.1750681385
402	1.1744681896
403	1.1738687371
404	1.1732698223
405	1.1726714066
406	1.1720734544
407	1.1714759543
408	1.1708788829
409	1.1702822124
410	1.1696859215
411	1.1690899948
412	1.1684944261
413	1.1678991895
414	1.1673042016
415	1.1667093561
416	1.1661146029
417	1.1655199464
418	1.1649254019
419	1.1643309894
420	1.1637367398
421	1.1631426957
422	1.1625488948
423	1.1619553417
424	1.1613620071
425	1.1607688842
426	1.1601760119
427	1.1595834209
428	1.1589911211
429	1.1583991273
430	1.1578074499
431	1.1572160736
432	1.1566249513
433	1.1560340098
434	1.1554431877
435	1.1548524776
436	1.1542618948
437	1.1536714635
438	1.1530812632
439	1.1524914256
440	1.1519020811
441	1.1513133425
442	1.1507253312
443	1.1501381786
444	1.1495520158
445	1.1489669617
446	1.1483831235
447	1.1478006362
448	1.1472196504
449	1.1466402777
450	1.1460625894
451	1.1454866482
452	1.1449124832
453	1.1443400552
454	1.1437692879
455	1.1432000913
456	1.1426323667
457	1.1420660099
458	1.1415009016
459	1.1409369372
460	1.1403740577
461	1.1398122132
462	1.1392513279
463	1.1386913351
464	1.1381321821
465	1.1375737898
466	1.1370160737
467	1.1364589775
468	1.1359024677
469	1.1353465240
470	1.1347911460
471	1.1342363633
472	1.1336822340
473	1.1331288185
474	1.1325761604
475	1.1320243172
476	1.1314733585
477	1.1309233204
478	1.1303742080
479	1.1298260181
480	1.1292787325
481	1.1287323159
482	1.1281867425
483	1.1276420070
484	1.1270981220
485	1.1265551116
486	1.1260130044
487	1.1254718426
488	1.1249316629
489	1.1243924707
490	1.1238542752
491	1.1233171107
492	1.1227809991
493	1.1222459495
494	1.1217119976
495	1.1211791878
496	1.1206475479
497	1.1201170998
498	1.1195878657
499	1.1190598694
500	1.1185331254
501	1.1180076361
502	1.1174834018
503	1.1169604139
504	1.1164386332
505	1.1159180026
506	1.1153984607
507	1.1148799176
508	1.1143622735
509	1.1138454544
510	1.1133294027
511	1.1128140692
512	1.1122994324
513	1.1117855012
514	1.1112722905
515	1.1107598074
516	1.1102480534
517	1.1097370343
518	1.1092267438
519	1.1087171488
520	1.1082082210
521	1.1076999381
522	1.1071922585
523	1.1066851425
524	1.1061785708
525	1.1056725171
526	1.1051669422
527	1.1046618036
528	1.1041570424
529	1.1036525933
530	1.1031484056
531	1.1026444421
532	1.1021406678
533	1.1016370355
534	1.1011334846
535	1.1006299481
536	1.1001263498
537	1.0996226130
538	1.0991186753
539	1.0986144666
540	1.0981098920
541	1.0976048644
542	1.0970993161
543	1.0965931887
544	1.0960864449
545	1.0955790791
546	1.0950711069
547	1.0945625505
548	1.0940534346
549	1.0935437795
550	1.0930335941
551	1.0925228790
552	1.0920116423
553	1.0914999013
554	1.0909876682
555	1.0904749582
556	1.0899617886
557	1.0894481645
558	1.0889340866
559	1.0884195536
560	1.0879045472
561	1.0873890415
562	1.0868730102
563	1.0863564072
564	1.0858391662
565	1.0853212120
566	1.0848024619
567	1.0842828240
568	1.0837622011
569	1.0832405023
570	1.0827176455
571	1.0821935552
572	1.0816681685
573	1.0811414327
574	1.0806132907
575	1.0800836885
576	1.0795525849
577	1.0790199378
578	1.0784857095
579	1.0779498828
580	1.0774124583
581	1.0768734497
582	1.0763328883
583	1.0757908225
584	1.0752473074
585	1.0747023941
586	1.0741561234
587	1.0736085317
588	1.0730596579
589	1.0725095493
590	1.0719582500
591	1.0714057783
592	1.0708521288
593	1.0702972880
594	1.0697412441
595	1.0691840013
596	1.0686255743
597	1.0680659567
598	1.0675051154
599	1.0669430115
600	1.0663796200
601	1.0658149480
602	1.0652490219
603	1.0646818523
604	1.0641134211
605	1.0635436968
606	1.0629726502
607	1.0624002539
608	1.0618264798
609	1.0612513009
610	1.0606746874
611	1.0600966036
612	1.0595170125
613	1.0589358706
614	1.0583531216
615	1.0577687111
616	1.0571825963
617	1.0565947372
618	1.0560050854
619	1.0554135808
620	1.0548201580
621	1.0542247559
622	1.0536273208
623	1.0530278041
624	1.0524261675
625	1.0518223909
626	1.0512164683
627	1.0506083964
628	1.0499981714
629	1.0493857941
630	1.0487712772
631	1.0481546456
632	1.0475359352
633	1.0469151955
634	1.0462924912
635	1.0456678959
636	1.0450414840
637	1.0444133308
638	1.0437835103
639	1.0431520922
640	1.0425191418
641	1.0418847145
642	1.0412488532
643	1.0406115931
644	1.0399729601
645	1.0393329643
646	1.0386916023
647	1.0380488692
648	1.0374047664
649	1.0367592936
650	1.0361124447
651	1.0354642150
652	1.0348146014
653	1.0341635965
654	1.0335111809
655	1.0328573236
656	1.0322019937
657	1.0315451609
658	1.0308867901
659	1.0302268533
660	1.0295653389
661	1.0289022455
662	1.0282375719
663	1.0275713112
664	1.0269034587
665	1.0262340191
666	1.0255630025
667	1.0248904230
668	1.0242163013
669	1.0235406621
670	1.0228635301
671	1.0221849319
672	1.0215048977
673	1.0208234550
674	1.0201406227
675	1.0194564048
676	1.0187707855
677	1.0180837401
678	1.0173952428
679	1.0167052571
680	1.0160137412
681	1.0153206697
682	1.0146260243
683	1.0139297773
684	1.0132318982
685	1.0125323586
686	1.0118311338
687	1.0111282019
688	1.0104235479
689	1.0097171762
690	1.0090091102
691	1.0082993780
692	1.0075880127
693	1.0068750539
694	1.0061605373
695	1.0054444829
696	1.0047268971
697	1.0040077834
698	1.0032871352
699	1.0025649273
700	1.0018411289
701	1.0011157119
702	1.0003886528
703	0.9996599318
704	0.9989295357
705	0.9981974696
706	0.9974637531
707	0.9967284041
708	0.9959914407
709	0.9952528825
710	0.9945127439
711	0.9937710347
712	0.9930277633
713	0.9922829438
714	0.9915365986
715	0.9907887546
716	0.9900394481
717	0.9892887341
718	0.9885366739
719	0.9877833137
720	0.9870286818
721	0.9862727930
722	0.9855156430
723	0.9847572249
724	0.9839975557
725	0.9832366577
726	0.9824745330
727	0.9817111765
728	0.9809465968
729	0.9801808323
730	0.9794139453
731	0.9786459968
732	0.9778770310
733	0.9771070604
734	0.9763360667
735	0.9755640423
736	0.9747910039
737	0.9740169590
738	0.9732418886
739	0.9724657585
740	0.9716885341
741	0.9709101782
742	0.9701306445
743	0.9693498882
744	0.9685678747
745	0.9677845824
746	0.9669999968
747	0.9662140947
748	0.9654268313
749	0.9646381429
750	0.9638479712
751	0.9630562846
752	0.9622630612
753	0.9614682794
754	0.9606719377
755	0.9598740537
756	0.9590746569
757	0.9582737798
758	0.9574714591
759	0.9566677495
760	0.9558627196
761	0.9550564426
762	0.9542489886
763	0.9534404063
764	0.9526307281
765	0.9518199992
766	0.9510082737
767	0.9501955959
768	0.9493820282
769	0.9485676832
770	0.9477526932
771	0.9469371753
772	0.9461212380
773	0.9453049795
774	0.9444884749
775	0.9436717662
776	0.9428548552
777	0.9420377242
778	0.9412203464
779	0.9404026840
780	0.9395846948
781	0.9387663133
782	0.9379474487
783	0.9371280349
784	0.9363080292
785	0.9354873835
786	0.9346660650
787	0.9338440712
788	0.9330214232
789	0.9321981480
790	0.9313742783
791	0.9305498662
792	0.9297249667
793	0.9288996108
794	0.9280738067
795	0.9272475624
796	0.9264209108
797	0.9255939229
798	0.9247666905
799	0.9239392984
800	0.9231118205
801	0.9222843384
802	0.9214569272
803	0.9206296393
804	0.9198025407
805	0.9189757135
806	0.9181492211
807	0.9173230995
808	0.9164973785
809	0.9156721056
810	0.9148473227
811	0.9140230503
812	0.9131993210
813	0.9123761751
814	0.9115536290
815	0.9107316855
816	0.9099103393
817	0.9090895839
818	0.9082694412
819	0.9074499574
820	0.9066311752
821	0.9058131347
822	0.9049958827
823	0.9041794378
824	0.9033637733
825	0.9025488524
826	0.9017346492
827	0.9009211429
828	0.9001083127
829	0.8992961605
830	0.8984847261
831	0.8976740486
832	0.8968641597
833	0.8960551223
834	0.8952470189
835	0.8944399413
836	0.8936340007
837	0.8928293095
838	0.8920259898
839	0.8912241658
840	0.8904239268
841	0.8896253308
842	0.8888284242
843	0.8880332436
844	0.8872398012
845	0.8864480870
846	0.8856580996
847	0.8848698377
848	0.8840832602
849	0.8832983137
850	0.8825149730
851	0.8817332253
852	0.8809530604
853	0.8801744984
854	0.8793975912
855	0.8786223829
856	0.8778489131
857	0.8770772278
858	0.8763073562
859	0.8755392967
860	0.8747730105
861	0.8740084342
862	0.8732455075
863	0.8724841826
864	0.8717244259
865	0.8709662121
866	0.8702095269
867	0.8694543737
868	0.8687007407
869	0.8679486009
870	0.8671979482
871	0.8664487628
872	0.8657009964
873	0.8649546184
874	0.8642096193
875	0.8634659686
876	0.8627236121
877	0.8619824975
878	0.8612425741
879	0.8605037876
880	0.8597660864
881	0.8590294305
882	0.8582937908
883	0.8575591467
884	0.8568254943
885	0.8560928510
886	0.8553612415
887	0.8546307016
888	0.8539012855
889	0.8531730677
890	0.8524461486
891	0.8517206204
892	0.8509965738
893	0.8502741356
894	0.8495534315
895	0.8488345651
896	0.8481176428
897	0.8474027624
898	0.8466899874
899	0.8459793498
900	0.8452708649
901	0.8445645276
902	0.8438602974
903	0.8431581367
904	0.8424580349
905	0.8417599739
906	0.8410639316
907	0.8403698970
908	0.8396778558
909	0.8389877793
910	0.8382996322
911	0.8376133785
912	0.8369289830
913	0.8362464077
914	0.8355655987
915	0.8348865061
916	0.8342091196
917	0.8335334514
918	0.8328595052
919	0.8321872658
920	0.8315166819
921	0.8308476812
922	0.8301802247
923	0.8295143390
924	0.8288500735
925	0.8281874334
926	0.8275263953
927	0.8268669391
928	0.8262090729
929	0.8255528864
930	0.8248985185
931	0.8242460536
932	0.8235954931
933	0.8229468100
934	0.8223000131
935	0.8216551728
936	0.8210123821
937	0.8203716993
938	0.8197331216
939	0.8190966023
940	0.8184620827
941	0.8178295019
942	0.8171987849
943	0.8165698451
944	0.8159426212
945	0.8153170859
946	0.8146932041
947	0.8140708973
948	0.8134500685
949	0.8128306574
950	0.8122126486
951	0.8115960749
952	0.8109810002
953	0.8103674537
954	0.8097554347
955	0.8091449595
956	0.8085360347
957	0.8079286394
958	0.8073227549
959	0.8067183925
960	0.8061155923
961	0.8055143908
962	0.8049148041
963	0.8043168238
964	0.8037204428
965	0.8031256950
966	0.8025326347
967	0.8019413117
968	0.8013517794
969	0.8007640973
970	0.8001783176
971	0.7995944533
972	0.7990124650
973	0.7984323149
974	0.7978540165
975	0.7972776130
976	0.7967031528
977	0.7961307004
978	0.7955603258
979	0.7949920818
980	0.7944259971
981	0.7938620475
982	0.7933001633
983	0.7927402906
984	0.7921824100
985	0.7916265037
986	0.7910725369
987	0.7905204858
988	0.7899703329
989	0.7894220320
990	0.7888755220
991	0.7883307453
992	0.7877876606
993	0.7872462650
994	0.7867065658
995	0.7861685535
996	0.7856322267
997	0.7850976033
998	0.7845647001
999	0.7840335036
1000	0.7835039818
1001	0.7829761346
1002	0.7824499999
1003	0.7819256172
1004	0.7814030200
1005	0.7808822540
1006	0.7803633574
1007	0.7798463298
1008	0.7793311323
1009	0.7788177046
1010	0.7783059860
1011	0.7777959360
1012	0.7772875375
1013	0.7767807870
1014	0.7762757107
1015	0.7757723767
1016	0.7752708367
1017	0.7747711001
1018	0.7742731880
1019	0.7737771251
1020	0.7732829139
1021	0.7727905536
1022	0.7723000548
1023	0.7718114543
1024	0.7713247990
1025	0.7708401154
1026	0.7703574052
1027	0.7698766549
1028	0.7693978440
1029	0.7689209262
1030	0.7684458282
1031	0.7679724899
1032	0.7675008814
1033	0.7670309906
1034	0.7665628088
1035	0.7660963305
1036	0.7656315689
1037	0.7651685250
1038	0.7647071513
1039	0.7642473816
1040	0.7637891550
1041	0.7633324049
1042	0.7628770635
1043	0.7624230761
1044	0.7619703940
1045	0.7615189814
1046	0.7610688161
1047	0.7606198746
1048	0.7601721466
1049	0.7597256225
1050	0.7592802480
1051	0.7588359342
1052	0.7583926144
1053	0.7579502592
1054	0.7575088448
1055	0.7570683424
1056	0.7566287225
1057	0.7561899397
1058	0.7557519504
1059	0.7553147416
1060	0.7548783283
1061	0.7544427371
1062	0.7540079708
1063	0.7535740118
1064	0.7531408778
1065	0.7527086479
1066	0.7522774344
1067	0.7518473390
1068	0.7514184410
1069	0.7509908118
1070	0.7505645014
1071	0.7501395156
1072	0.7497158377
1073	0.7492934487
1074	0.7488723180
1075	0.7484524186
1076	0.7480337530
1077	0.7476163270
1078	0.7472001186
1079	0.7467850951
1080	0.7463712369
1081	0.7459585299
1082	0.7455469375
1083	0.7451363799
1084	0.7447267329
1085	0.7443178702
1086	0.7439096776
1087	0.7435020231
1088	0.7430947863
1089	0.7426878864
1090	0.7422812650
1091	0.7418748849
1092	0.7414687225
1093	0.7410627507
1094	0.7406569377
1095	0.7402512633
1096	0.7398457376
1097	0.7394403849
1098	0.7390352233
1099	0.7386302802
1100	0.7382256062
1101	0.7378212616
1102	0.7374172869
1103	0.7370137126
1104	0.7366105914
1105	0.7362079924
1106	0.7358059806
1107	0.7354046000
1108	0.7350038843
1109	0.7346038763
1110	0.7342046084
1111	0.7338060911
1112	0.7334083376
1113	0.7330113634
1114	0.7326151799
1115	0.7322198195
1116	0.7318253188
1117	0.7314316794
1118	0.7310388835
1119	0.7306469101
1120	0.7302557269
1121	0.7298652986
1122	0.7294755980
1123	0.7290866222
1124	0.7286983988
1125	0.7283109563
1126	0.7279243131
1127	0.7275385086
1128	0.7271536162
1129	0.7267696855
1130	0.7263867128
1131	0.7260046760
1132	0.7256235466
1133	0.7252432847
1134	0.7248638449
1135	0.7244851716
1136	0.7241071956
1137	0.7237298428
1138	0.7233530560
1139	0.7229768040
1140	0.7226010655
1141	0.7222258398
1142	0.7218511509
1143	0.7214770182
1144	0.7211034455
1145	0.7207304331
1146	0.7203579801
1147	0.7199860807
1148	0.7196147265
1149	0.7192439222
1150	0.7188737085
1151	0.7185041428
1152	0.7181352594
1153	0.7177670908
1154	0.7173996969
1155	0.7170331352
1156	0.7166674248
1157	0.7163025643
1158	0.7159385435
1159	0.7155753322
1160	0.7152128947
1161	0.7148511940
1162	0.7144901909
1163	0.7141298754
1164	0.7137702632
1165	0.7134113777
1166	0.7130532432
1167	0.7126958816
1168	0.7123393347
1169	0.7119836588
1170	0.7116289048
1171	0.7112751329
1172	0.7109224224
1173	0.7105708573
1174	0.7102205023
1175	0.7098714147
1176	0.7095236586
1177	0.7091772825
1178	0.7088323191
1179	0.7084888242
1180	0.7081468988
1181	0.7078066577
1182	0.7074681987
1183	0.7071316187
1184	0.7067970006
1185	0.7064643814
1186	0.7061337741
1187	0.7058051900
1188	0.7054786384
1189	0.7051541189
1190	0.7048315999
1191	0.7045110274
1192	0.7041923696
1193	0.7038756158
1194	0.7035607586
1195	0.7032478062
1196	0.7029367639
1197	0.7026276416
1198	0.7023204755
1199	0.7020152909
1200	0.7017121001
1201	0.7014109427
1202	0.7011118624
1203	0.7008148631
1204	0.7005199419
1205	0.7002271326
1206	0.6999364805
1207	0.6996480349
1208	0.6993618807
1209	0.6990781318
1210	0.6987969022
1211	0.6985182795
1212	0.6982423360
1213	0.6979691519
1214	0.6976988046
1215	0.6974313788
1216	0.6971669774
1217	0.6969057075
1218	0.6966476694
1219	0.6963929466
1220	0.6961416040
1221	0.6958936898
1222	0.6956492423
1223	0.6954083167
1224	0.6951709936
1225	0.6949373543
1226	0.6947074826
1227	0.6944814554
1228	0.6942593007
1229	0.6940410123
1230	0.6938265693
1231	0.6936159001
1232	0.6934089066
1233	0.6932055286
1234	0.6930057355
1235	0.6928094868
1236	0.6926167559
1237	0.6924275715
1238	0.6922420006
1239	0.6920601340
1240	0.6918820852
1241	0.6917079887
1242	0.6915379721
1243	0.6913720982
1244	0.6912104198
1245	0.6910530367
1246	0.6909000439
1247	0.6907515057
1248	0.6906074474
1249	0.6904678381
1250	0.6903326203
1251	0.6902017628
1252	0.6900752907
1253	0.6899532404
1254	0.6898355926
1255	0.6897222734
1256	0.6896132237
1257	0.6895085066
1258	0.6894083322
1259	0.6893129605
1260	0.6892225871
1261	0.6891373219
1262	0.6890572480
1263	0.6889824737
1264	0.6889131796
1265	0.6888495979
1266	0.6887919058
1267	0.6887401756
1268	0.6886944249
1269	0.6886546706
1270	0.6886209287
1271	0.6885931723
1272	0.6885713311
1273	0.6885553440
1274	0.6885451445
1275	0.6885406362
1276	0.6885417220
1277	0.6885482732
1278	0.6885601427
1279	0.6885772814
1280	0.6885997118
1281	0.6886273978
1282	0.6886602115
1283	0.6886979661
1284	0.6887404743
1285	0.6887875968
1286	0.6888392503
1287	0.6888953920
1288	0.6889560340
1289	0.6890212490
1290	0.6890911262
1291	0.6891657355
1292	0.6892451080
1293	0.6893292592
1294	0.6894182460
1295	0.6895121753
1296	0.6896111722
1297	0.6897153225
1298	0.6898246499
1299	0.6899391791
1300	0.6900589601
1301	0.6901840172
1302	0.6903143479
1303	0.6904499884
1304	0.6905910294
1305	0.6907375435
1306	0.6908895501
1307	0.6910470376
1308	0.6912099593
1309	0.6913782580
1310	0.6915519332
1311	0.6917310023
1312	0.6919154401
1313	0.6921052359
1314	0.6923004127
1315	0.6925009597
1316	0.6927067818
1317	0.6929177288
1318	0.6931336790
1319	0.6933545688
1320	0.6935803644
1321	0.6938110462
1322	0.6940466210
1323	0.6942871235
1324	0.6945325965
1325	0.6947830828
1326	0.6950386162
1327	0.6952992590
1328	0.6955651342
1329	0.6958363527
1330	0.6961129870
1331	0.6963950820
1332	0.6966826360
1333	0.6969756194
1334	0.6972739519
1335	0.6975774863
1336	0.6978860792
1337	0.6981996544
1338	0.6985181848
1339	0.6988416336
1340	0.6991699600
1341	0.6995031434
1342	0.6998411583
1343	0.7001839577
1344	0.7005314908
1345	0.7008837287
1346	0.7012406963
1347	0.7016024985
1348	0.7019692848
1349	0.7023411871
1350	0.7027183301
1351	0.7031008490
1352	0.7034888385
1353	0.7038823166
1354	0.7042812711
1355	0.7046857214
1356	0.7050956973
1357	0.7055112039
1358	0.7059322581
1359	0.7063589065
1360	0.7067911852
1361	0.7072291135
1362	0.7076726896
1363	0.7081218880
1364	0.7085767193
1365	0.7090372057
1366	0.7095033311
1367	0.7099750867
1368	0.7104524766
1369	0.7109354974
1370	0.7114241385
1371	0.7119183564
1372	0.7124180833
1373	0.7129232676
1374	0.7134338540
1375	0.7139497519
1376	0.7144708876
1377	0.7149972480
1378	0.7155288102
1379	0.7160654610
1380	0.7166070153
1381	0.7171533009
1382	0.7177041815
1383	0.7182595271
1384	0.7188192462
1385	0.7193832908
1386	0.7199516255
1387	0.7205242541
1388	0.7211012346
1389	0.7216826428
1390	0.7222685432
1391	0.7228589573
1392	0.7234538234
1393	0.7240530433
1394	0.7246565901
1395	0.7252645287
1396	0.7258769422
1397	0.7264939156
1398	0.7271155662
1399	0.7277420239
1400	0.7283734184
1401	0.7290098664
1402	0.7296514565
1403	0.7302982709
1404	0.7309503795
1405	0.7316078291
1406	0.7322706559
1407	0.7329388689
1408	0.7336124403
1409	0.7342913126
1410	0.7349754233
1411	0.7356647189
1412	0.7363591118
1413	0.7370584461
1414	0.7377625331
1415	0.7384712280
1416	0.7391844367
1417	0.7399020841
1418	0.7406241110
1419	0.7413504838
1420	0.7420812293
1421	0.7428163795
1422	0.7435559064
1423	0.7442997882
1424	0.7450480301
1425	0.7458006266
1426	0.7465575869
1427	0.7473189542
1428	0.7480847774
1429	0.7488550901
1430	0.7496299392
1431	0.7504094010
1432	0.7511935498
1433	0.7519824363
1434	0.7527760844
1435	0.7535745027
1436	0.7543777013
1437	0.7551856790
1438	0.7559983932
1439	0.7568157948
1440	0.7576378944
1441	0.7584647315
1442	0.7592963034
1443	0.7601325786
1444	0.7609735449
1445	0.7618191844
1446	0.7626694127
1447	0.7635240795
1448	0.7643830135
1449	0.7652460538
1450	0.7661130706
1451	0.7669839769
1452	0.7678587058
1453	0.7687371854
1454	0.7696193215
1455	0.7705050059
1456	0.7713941643
1457	0.7722867415
1458	0.7731826798
1459	0.7740819525
1460	0.7749845336
1461	0.7758903780
1462	0.7767994723
1463	0.7777118379
1464	0.7786275226
1465	0.7795465813
1466	0.7804690206
1467	0.7813947994
1468	0.7823239000
1469	0.7832563436
1470	0.7841921364
1471	0.7851312678
1472	0.7860737568
1473	0.7870196551
1474	0.7879689953
1475	0.7889217853
1476	0.7898780469
1477	0.7908378002
1478	0.7918010509
1479	0.7927678040
1480	0.7937380208
1481	0.7947115966
1482	0.7956883957
1483	0.7966682662
1484	0.7976510653
1485	0.7986366912
1486	0.7996250712
1487	0.8006161532
1488	0.8016099132
1489	0.8026063226
1490	0.8036053112
1491	0.8046067870
1492	0.8056106682
1493	0.8066168575
1494	0.8076252291
1495	0.8086356706
1496	0.8096480846
1497	0.8106623655
1498	0.8116783952
1499	0.8126960784
1500	0.8137153800
1501	0.8147362831
1502	0.8157587592
1503	0.8167827985
1504	0.8178084183
1505	0.8188356267
1506	0.8198643890
1507	0.8208946396
1508	0.8219263071
1509	0.8229593199
1510	0.8239936113
1511	0.8250291219
1512	0.8260657929
1513	0.8271035573
1514	0.8281423471
1515	0.8291820937
1516	0.8302227370
1517	0.8312642561
1518	0.8323066430
1519	0.8333498820
1520	0.8343939522
1521	0.8354388043
1522	0.8364843963
1523	0.8375307302
1524	0.8385778140
1525	0.8396256362
1526	0.8406741950
1527	0.8417235074
1528	0.8427735823
1529	0.8438244127
1530	0.8448759926
1531	0.8459283143
1532	0.8469813559
1533	0.8480350993
1534	0.8490895508
1535	0.8501447329
1536	0.8512006719
1537	0.8522573948
1538	0.8533149322
1539	0.8543733120
1540	0.8554325335
1541	0.8564925587
1542	0.8575533328
1543	0.8586148034
1544	0.8596769221
1545	0.8607396445
1546	0.8618029341
1547	0.8628667584
1548	0.8639310829
1549	0.8649958756
1550	0.8660611161
1551	0.8671267983
1552	0.8681929342
1553	0.8692595559
1554	0.8703267094
1555	0.8713944471
1556	0.8724628092
1557	0.8735318260
1558	0.8746015123
1559	0.8756718516
1560	0.8767428340
1561	0.8778144618
1562	0.8788867093
1563	0.8799595447
1564	0.8810329631
1565	0.8821069641
1566	0.8831815244
1567	0.8842566033
1568	0.8853321660
1569	0.8864081964
1570	0.8874846832
1571	0.8885616002
1572	0.8896389063
1573	0.8907165478
1574	0.8917944537
1575	0.8928725450
1576	0.8939507557
1577	0.8950290393
1578	0.8961073410
1579	0.8971855954
1580	0.8982637538
1581	0.8993417874
1582	0.9004196887
1583	0.9014974748
1584	0.9025751558
1585	0.9036527123
1586	0.9047301165
1587	0.9058073575
1588	0.9068844527
1589	0.9079614361
1590	0.9090383316
1591	0.9101151403
1592	0.9111918535
1593	0.9122684821
1594	0.9133450674
1595	0.9144216594
1596	0.9154982911
1597	0.9165749742
1598	0.9176517130
1599	0.9187285105
1600	0.9198053727
1601	0.9208823151
1602	0.9219593511
1603	0.9230364893
1604	0.9241137383
1605	0.9251911033
1606	0.9262685777
1607	0.9273461390
1608	0.9284237697
1609	0.9295014770
1610	0.9305792859
1611	0.9316572147
1612	0.9327352659
1613	0.9338134325
1614	0.9348917018
1615	0.9359700614
1616	0.9370485093
1617	0.9381270485
1618	0.9392056740
1619	0.9402843818
1620	0.9413631858
1621	0.9424421016
1622	0.9435211345
1623	0.9446002902
1624	0.9456795769
1625	0.9467590046
1626	0.9478385744
1627	0.9489182554
1628	0.9499979913
1629	0.9510777254
1630	0.9521574110
1631	0.9532370123
1632	0.9543165025
1633	0.9553958643
1634	0.9564750905
1635	0.9575541781
1636	0.9586331207
1637	0.9597119102
1638	0.9607905447
1639	0.9618690323
1640	0.9629473891
1641	0.9640256366
1642	0.9651037947
1643	0.9661818777
1644	0.9672599025
1645	0.9683378907
1646	0.9694158576
1647	0.9704938122
1648	0.9715717725
1649	0.9726497691
1650	0.9737278317
1651	0.9748059790
1652	0.9758842229
1653	0.9769625692
1654	0.9780410195
1655	0.9791195802
1656	0.9801982634
1657	0.9812770780
1658	0.9823560298
1659	0.9834351253
1660	0.9845143647
1661	0.9855937356
1662	0.9866732231
1663	0.9877528170
1664	0.9888325042
1665	0.9899122646
1666	0.9909920676
1667	0.9920718753
1668	0.9931516503
1669	0.9942313522
1670	0.9953109374
1671	0.9963903719
1672	0.9974696364
1673	0.9985487268
1674	0.9996276498
1675	1.0007064145
1676	1.0017850344
1677	1.0028635309
1678	1.0039419242
1679	1.0050202304
1680	1.0060984682
1681	1.0071766661
1682	1.0082548594
1683	1.0093330853
1684	1.0104113747
1685	1.0114897468
1686	1.0125682177
1687	1.0136468037
1688	1.0147255060
1689	1.0158043141
1690	1.0168832265
1691	1.0179622486
1692	1.0190413815
1693	1.0201206223
1694	1.0211999660
1695	1.0222794084
1696	1.0233589399
1697	1.0244385438
1698	1.0255182115
1699	1.0265979423
1700	1.0276777373
1701	1.0287575975
1702	1.0298375183
1703	1.0309174823
1704	1.0319974619
1705	1.0330774303
1706	1.0341573581
1707	1.0352372118
1708	1.0363169623
1709	1.0373965899
1710	1.0384760837
1711	1.0395554366
1712	1.0406346476
1713	1.0417137198
1714	1.0427926497
1715	1.0438714265
1716	1.0449500439
1717	1.0460285109
1718	1.0471068519
1719	1.0481850953
1720	1.0492632660
1721	1.0503413892
1722	1.0514194958
1723	1.0524976122
1724	1.0535757553
1725	1.0546539389
1726	1.0557321765
1727	1.0568104796
1728	1.0578888631
1729	1.0589673491
1730	1.0600459590
1731	1.0611247114
1732	1.0622036182
1733	1.0632826728
1734	1.0643618570
1735	1.0654411485
1736	1.0665205116
1737	1.0675998982
1738	1.0686792570
1739	1.0697585448
1740	1.0708377254
1741	1.0719167525
1742	1.0729955759
1743	1.0740741652
1744	1.0751525083
1745	1.0762306040
1746	1.0773084664
1747	1.0783861244
1748	1.0794636141
1749	1.0805409725
1750	1.0816182328
1751	1.0826954152
1752	1.0837725335
1753	1.0848496059
1754	1.0859266496
1755	1.0870036752
1756	1.0880806952
1757	1.0891577235
1758	1.0902347651
1759	1.0913118252
1760	1.0923889182
1761	1.0934660527
1762	1.0945432143
1763	1.0956203723
1764	1.0966974995
1765	1.0977745698
1766	1.0988515547
1767	1.0999284310
1768	1.1010051885
1769	1.1020818316
1770	1.1031583627
1771	1.1042347708
1772	1.1053110413
1773	1.1063871657
1774	1.1074631351
1775	1.1085389280
1776	1.1096145186
1777	1.1106898921
1778	1.1117650547
1779	1.1128400358
1780	1.1139148701
1781	1.1149895791
1782	1.1160641619
1783	1.1171385910
1784	1.1182128364
1785	1.1192868741
1786	1.1203606688
1787	1.1214341743
1788	1.1225073342
1789	1.1235800876
1790	1.1246524076
1791	1.1257243031
1792	1.1267957885
1793	1.1278668856
1794	1.1289376230
1795	1.1300080076
1796	1.1310780220
1797	1.1321476616
1798	1.1332169448
1799	1.1342858833
1800	1.1353544683
1801	1.1364226905
1802	1.1374905533
1803	1.1385580613
1804	1.1396252010
1805	1.1406919402
1806	1.1417582573
1807	1.1428241449
1808	1.1438895900
1809	1.1449545696
1810	1.1460190465
1811	1.1470829961
1812	1.1481464246
1813	1.1492093425
1814	1.1502717561
1815	1.1513336632
1816	1.1523950377
1817	1.1534558349
1818	1.1545160082
1819	1.1555755147
1820	1.1566343137
1821	1.1576923758
1822	1.1587496884
1823	1.1598062460
1824	1.1608620297
1825	1.1619169984
1826	1.1629711133
1827	1.1640243509
1828	1.1650766912
1829	1.1661281040
1830	1.1671785595
1831	1.1682280426
1832	1.1692765360
1833	1.1703240122
1834	1.1713704587
1835	1.1724158786
1836	1.1734602662
1837	1.1745036183
1838	1.1755459520
1839	1.1765872774
1840	1.1776275705
1841	1.1786667710
1842	1.1797047885
1843	1.1807415280
1844	1.1817769177
1845	1.1828109027
1846	1.1838434265
1847	1.1848744341
1848	1.1859038720
1849	1.1869316727
1850	1.1879577709
1851	1.1889821308
1852	1.1900047405
1853	1.1910255927
1854	1.1920446696
1855	1.1930619520
1856	1.1940774280
1857	1.1950910848
1858	1.1961029264
1859	1.1971129636
1860	1.1981211719
1861	1.1991275227
1862	1.2001320122
1863	1.2011346291
1864	1.2021353372
1865	1.2031340876
1866	1.2041308414
1867	1.2051255793
1868	1.2061182876
1869	1.2071089448
1870	1.2080975371
1871	1.2090840756
1872	1.2100685830
1873	1.2110510723
1874	1.2120315473
1875	1.2130100131
1876	1.2139864632
1877	1.2149608796
1878	1.2159332528
1879	1.2169035860
1880	1.2178718834
1881	1.2188381328
1882	1.2198023116
1883	1.2207643969
1884	1.2217243551
1885	1.2226821339
1886	1.2236376708
1887	1.2245909163
1888	1.2255418296
1889	1.2264903571
1890	1.2274364415
1891	1.2283800331
1892	1.2293210880
1893	1.2302595752
1894	1.2311954920
1895	1.2321288625
1896	1.2330597162
1897	1.2339880859
1898	1.2349140144
1899	1.2358375234
1900	1.2367585769
1901	1.2376770835
1902	1.2385929210
1903	1.2395059537
1904	1.2404160476
1905	1.2413230868
1906	1.2422269493
1907	1.2431274847
1908	1.2440245368
1909	1.2449179470
1910	1.2458075586
1911	1.2466932300
1912	1.2475748085
1913	1.2484521262
1914	1.2493250265
1915	1.2501933666
1916	1.2510570249
1917	1.2519159300
1918	1.2527700463
1919	1.2536193258
1920	1.2544637009
1921	1.2553031196
1922	1.2561375764
1923	1.2569670987
1924	1.2577917195
1925	1.2586114735
1926	1.2594264008
1927	1.2602365540
1928	1.2610420016
1929	1.2618428302
1930	1.2626391241
1931	1.2634309507
1932	1.2642183745
1933	1.2650014517
1934	1.2657802265
1935	1.2665547374
1936	1.2673250205
1937	1.2680911223
1938	1.2688530998
1939	1.2696110073
1940	1.2703648856
1941	1.2711147457
1942	1.2718605700
1943	1.2726023407
1944	1.2733400444
1945	1.2740736483
1946	1.2748030954
1947	1.2755283129
1948	1.2762492164
1949	1.2769657148
1950	1.2776777215
1951	1.2783851623
1952	1.2790879774
1953	1.2797861169
1954	1.2804795317
1955	1.2811681699
1956	1.2818519756
1957	1.2825308776
1958	1.2832047909
1959	1.2838736546
1960	1.2845374445
1961	1.2851961424
1962	1.2858497212
1963	1.2864981629
1964	1.2871414624
1965	1.2877796246
1966	1.2884126738
1967	1.2890406526
1968	1.2896636112
1969	1.2902816075
1970	1.2908947025
1971	1.2915029532
1972	1.2921064158
1973	1.2927051600
1974	1.2932992713
1975	1.2938888330
1976	1.2944739070
1977	1.2950545320
1978	1.2956307458
1979	1.2962025903
1980	1.2967700898
1981	1.2973332322
1982	1.2978919780
1983	1.2984462922
1984	1.2989961520
1985	1.2995415360
1986	1.3000824204
1987	1.3006187623
1988	1.3011504992
1989	1.3016775721
1990	1.3021999371
1991	1.3027175712
1992	1.3032304759
1993	1.3037386596
1994	1.3042421223
1995	1.3047408481
1996	1.3052348004
1997	1.3057239317
1998	1.3062081915
1999	1.3066875330
2000	1.3071619250
2001	1.3076313505
2002	1.3080958018
2003	1.3085552806
2004	1.3090097948
2005	1.3094593607
2006	1.3099040089
2007	1.3103437898
2008	1.3107787603
2009	1.3112089640
2010	1.3116344257
2011	1.3120551598
2012	1.3124711771
2013	1.3128824820
2014	1.3132890723
2015	1.3136909471
2016	1.3140881155
2017	1.3144805953
2018	1.3148684064
2019	1.3152515672
2020	1.3156300935
2021	1.3160039981
2022	1.3163732985
2023	1.3167380173
2024	1.3170981700
2025	1.3174537614
2026	1.3178047943
2027	1.3181512852
2028	1.3184932559
2029	1.3188307130
2030	1.3191636506
2031	1.3194920567
2032	1.3198159056
2033	1.3201351527
2034	1.3204497403
2035	1.3207596055
2036	1.3210646901
2037	1.3213649444
2038	1.3216603108
2039	1.3219507180
2040	1.3222360962
2041	1.3225163774
2042	1.3227914908
2043	1.3230613727
2044	1.3233259729
2045	1.3235852447
2046	1.3238391369
2047	1.3240875943
2048	1.3243305599
2049	1.3245679712
2050	1.3247997630
2051	1.3250258871
2052	1.3252463271
2053	1.3254611002
2054	1.3256702572
2055	1.3258738793
2056	1.3260720662
2057	1.3262649231
2058	1.3264525494
2059	1.3266350265
2060	1.3268124167
2061	1.3269847799
2062	1.3271521834
2063	1.3273146945
2064	1.3274723710
2065	1.3276252604
2066	1.3277734043
2067	1.3279168398
2068	1.3280555999
2069	1.3281897204
2070	1.3283192453
2071	1.3284442240
2072	1.3285647035
2073	1.3286807199
2074	1.3287922942
2075	1.3288994322
2076	1.3290021318
2077	1.3291003891
2078	1.3291942011
2079	1.3292835651
2080	1.3293684770
2081	1.3294489261
2082	1.3295248939
2083	1.3295963602
2084	1.3296633020
2085	1.3297256863
2086	1.3297834691
2087	1.3298366032
2088	1.3298850448
2089	1.3299287543
2090	1.3299676948
2091	1.3300018272
2092	1.3300311175
2093	1.3300555390
2094	1.3300750605
2095	1.3300896461
2096	1.3300992679
2097	1.3301039075
2098	1.3301035509
2099	1.3300981895
2100	1.3300878207
2101	1.3300724456
2102	1.3300520664
2103	1.3300266903
2104	1.3299963326
2105	1.3299610066
2106	1.3299207156
2107	1.3298754648
2108	1.3298252818
2109	1.3297702143
2110	1.3297103063
2111	1.3296455951
2112	1.3295761228
2113	1.3295019360
2114	1.3294230888
2115	1.3293396465
2116	1.3292516741
2117	1.3291592214
2118	1.3290623264
2119	1.3289610192
2120	1.3288553133
2121	1.3287452127
2122	1.3286307272
2123	1.3285118704
2124	1.3283886601
2125	1.3282611258
2126	1.3281293114
2127	1.3279932742
2128	1.3278530655
2129	1.3277087153
2130	1.3275602434
2131	1.3274076661
2132	1.3272509978
2133	1.3270902508
2134	1.3269254247
2135	1.3267565144
2136	1.3265835246
2137	1.3264064567
2138	1.3262253074
2139	1.3260400818
2140	1.3258507960
2141	1.3256574780
2142	1.3254601777
2143	1.3252589637
2144	1.3250539052
2145	1.3248450635
2146	1.3246324933
2147	1.3244162481
2148	1.3241963835
2149	1.3239729474
2150	1.3237459779
2151	1.3235155235
2152	1.3232816515
2153	1.3230444315
2154	1.3228039218
2155	1.3225601798
2156	1.3223132657
2157	1.3220632337
2158	1.3218101278
2159	1.3215539788
2160	1.3212948239
2161	1.3210327261
2162	1.3207677694
2163	1.3205000505
2164	1.3202296759
2165	1.3199567556
2166	1.3196813866
2167	1.3194036536
2168	1.3191236338
2169	1.3188413858
2170	1.3185569452
2171	1.3182703393
2172	1.3179816019
2173	1.3176907733
2174	1.3173979019
2175	1.3171030351
2176	1.3168062032
2177	1.3165074239
2178	1.3162067134
2179	1.3159040886
2180	1.3155995712
2181	1.3152931892
2182	1.3149849719
2183	1.3146749494
2184	1.3143631484
2185	1.3140496076
2186	1.3137343948
2187	1.3134175816
2188	1.3130992364
2189	1.3127794285
2190	1.3124582056
2191	1.3121355906
2192	1.3118116043
2193	1.3114862806
2194	1.3111596536
2195	1.3108317413
2196	1.3105025648
2197	1.3101721573
2198	1.3098405372
2199	1.3095076977
2200	1.3091736281
2201	1.3088383342
2202	1.3085018344
2203	1.3081641467
2204	1.3078252829
2205	1.3074852590
2206	1.3071441033
2207	1.3068018421
2208	1.3064584906
2209	1.3061140609
2210	1.3057685674
2211	1.3054220314
2212	1.3050744839
2213	1.3047259716
2214	1.3043765661
2215	1.3040263585
2216	1.3036754554
2217	1.3033239705
2218	1.3029719992
2219	1.3026196229
2220	1.3022669240
2221	1.3019139650
2222	1.3015607861
2223	1.3012074224
2224	1.3008538934
2225	1.3005002123
2226	1.3001464023
2227	1.2997924825
2228	1.2994384542
2229	1.2990843150
2230	1.2987300741
2231	1.2983757463
2232	1.2980213529
2233	1.2976669276
2234	1.2973124969
2235	1.2969580510
2236	1.2966035402
2237	1.2962489174
2238	1.2958941754
2239	1.2955393261
2240	1.2951843641
2241	1.2948292666
2242	1.2944739919
2243	1.2941184781
2244	1.2937626869
2245	1.2934066224
2246	1.2930502989
2247	1.2926937175
2248	1.2923368629
2249	1.2919797152
2250	1.2916222730
2251	1.2912645554
2252	1.2909065702
2253	1.2905482923
2254	1.2901896787
2255	1.2898306832
2256	1.2894712694
2257	1.2891114369
2258	1.2887512156
2259	1.2883906246
2260	1.2880296546
2261	1.2876682877
2262	1.2873065113
2263	1.2869443061
2264	1.2865816417
2265	1.2862184956
2266	1.2858548740
2267	1.2854908105
2268	1.2851263340
2269	1.2847614499
2270	1.2843961514
2271	1.2840304387
2272	1.2836643433
2273	1.2832979185
2274	1.2829312127
2275	1.2825642682
2276	1.2821971218
2277	1.2818298152
2278	1.2814624023
2279	1.2810949282
2280	1.2807274285
2281	1.2803599368
2282	1.2799924611
2283	1.2796249829
2284	1.2792574674
2285	1.2788898611
2286	1.2785220989
2287	1.2781541181
2288	1.2777858826
2289	1.2774173852
2290	1.2770486180
2291	1.2766795445
2292	1.2763101126
2293	1.2759402829
2294	1.2755700252
2295	1.2751993119
2296	1.2748281188
2297	1.2744564295
2298	1.2740842355
2299	1.2737115249
2300	1.2733382810
2301	1.2729645040
2302	1.2725902299
2303	1.2722155166
2304	1.2718404296
2305	1.2714650451
2306	1.2710894275
2307	1.2707136163
2308	1.2703376554
2309	1.2699615981
2310	1.2695854681
2311	1.2692092534
2312	1.2688329460
2313	1.2684565528
2314	1.2680800848
2315	1.2677035442
2316	1.2673269085
2317	1.2669501294
2318	1.2665731591
2319	1.2661959672
2320	1.2658185266
2321	1.2654407957
2322	1.2650627170
2323	1.2646842309
2324	1.2643052802
2325	1.2639258017
2326	1.2635457357
2327	1.2631650422
2328	1.2627836994
2329	1.2624016916
2330	1.2620189993
2331	1.2616355904
2332	1.2612514269
2333	1.2608664795
2334	1.2604807201
2335	1.2600941292
2336	1.2597067095
2337	1.2593184634
2338	1.2589293853
2339	1.2585394610
2340	1.2581486566
2341	1.2577569289
2342	1.2573642441
2343	1.2569705877
2344	1.2565759588
2345	1.2561803589
2346	1.2557838081
2347	1.2553863465
2348	1.2549880071
2349	1.2545888058
2350	1.2541887483
2351	1.2537878405
2352	1.2533860896
2353	1.2529834980
2354	1.2525800624
2355	1.2521757814
2356	1.2517706542
2357	1.2513646757
2358	1.2509578449
2359	1.2505501573
2360	1.2501415894
2361	1.2497321126
2362	1.2493217120
2363	1.2489103766
2364	1.2484980811
2365	1.2480847923
2366	1.2476704817
2367	1.2472551153
2368	1.2468386393
2369	1.2464209884
2370	1.2460020941
2371	1.2455818948
2372	1.2451603374
2373	1.2447373581
2374	1.2443128855
2375	1.2438868595
2376	1.2434592336
2377	1.2430299766
2378	1.2425990683
2379	1.2421664991
2380	1.2417322774
2381	1.2412964263
2382	1.2408589700
2383	1.2404199285
2384	1.2399793175
2385	1.2395371577
2386	1.2390934848
2387	1.2386483412
2388	1.2382017776
2389	1.2377538638
2390	1.2373046697
2391	1.2368542410
2392	1.2364026014
2393	1.2359497554
2394	1.2354956753
2395	1.2350403153
2396	1.2345836333
2397	1.2341255895
2398	1.2336661560
2399	1.2332053307
2400	1.2327431177
2401	1.2322795110
2402	1.2318145024
2403	1.2313480914
2404	1.2308802835
2405	1.2304110799
2406	1.2299404788
2407	1.2294684873
2408	1.2289951192
2409	1.2285203824
2410	1.2280442766
2411	1.2275668096
2412	1.2270880004
2413	1.2266078689
2414	1.2261264321
2415	1.2256437084
2416	1.2251597126
2417	1.2246744420
2418	1.2241878749
2419	1.2236999804
2420	1.2232107223
2421	1.2227200575
2422	1.2222279345
2423	1.2217342973
2424	1.2212390968
2425	1.2207423032
2426	1.2202439173
2427	1.2197439582
2428	1.2192424458
2429	1.2187394062
2430	1.2182348724
2431	1.2177288765
2432	1.2172214427
2433	1.2167125816
2434	1.2162023067
2435	1.2156906250
2436	1.2151775186
2437	1.2146629707
2438	1.2141469844
2439	1.2136295771
2440	1.2131107655
2441	1.2125905436
2442	1.2120688746
2443	1.2115457146
2444	1.2110210453
2445	1.2104948694
2446	1.2099671818
2447	1.2094379611
2448	1.2089071793
2449	1.2083747970
2450	1.2078407598
2451	1.2073050206
2452	1.2067675433
2453	1.2062282797
2454	1.2056871670
2455	1.2051441488
2456	1.2045991868
2457	1.2040522731
2458	1.2035034358
2459	1.2029527126
2460	1.2024001344
2461	1.2018457373
2462	1.2012895614
2463	1.2007316352
2464	1.2001719853
2465	1.1996106639
2466	1.1990477529
2467	1.1984833435
2468	1.1979175077
2469	1.1973502921
2470	1.1967817301
2471	1.1962118271
2472	1.1956405552
2473	1.1950678928
2474	1.1944938459
2475	1.1939184190
2476	1.1933415960
2477	1.1927633630
2478	1.1921837348
2479	1.1916027506
2480	1.1910204549
2481	1.1904369021
2482	1.1898521668
2483	1.1892663199
2484	1.1886794160
2485	1.1880914964
2486	1.1875025805
2487	1.1869126752
2488	1.1863217815
2489	1.1857298800
2490	1.1851369197
2491	1.1845428299
2492	1.1839475328
2493	1.1833509492
2494	1.1827530239
2495	1.1821537221
2496	1.1815530124
2497	1.1809508693
2498	1.1803472594
2499	1.1797421483
2500	1.1791355083
2501	1.1785272933
2502	1.1779174500
2503	1.1773059558
2504	1.1766928283
2505	1.1760781127
2506	1.1754618661
2507	1.1748441563
2508	1.1742250550
2509	1.1736046294
2510	1.1729829513
2511	1.1723600949
2512	1.1717361372
2513	1.1711111648
2514	1.1704852441
2515	1.1698584082
2516	1.1692306835
2517	1.1686021037
2518	1.1679727049
2519	1.1673425308
2520	1.1667116420
2521	1.1660801108
2522	1.1654480020
2523	1.1648153462
2524	1.1641821473
2525	1.1635484130
2526	1.1629141537
2527	1.1622793788
2528	1.1616441085
2529	1.1610083810
2530	1.1603722284
2531	1.1597356523
2532	1.1590986474
2533	1.1584612095
2534	1.1578233234
2535	1.1571849786
2536	1.1565461559
2537	1.1559068078
2538	1.1552668826
2539	1.1546263348
2540	1.1539851104
2541	1.1533431510
2542	1.1527004212
2543	1.1520569254
2544	1.1514126770
2545	1.1507676889
2546	1.1501219968
2547	1.1494756300
2548	1.1488285794
2549	1.1481808283
2550	1.1475323578
2551	1.1468831307
2552	1.1462331208
2553	1.1455823396
2554	1.1449308402
2555	1.1442786965
2556	1.1436259677
2557	1.1429727044
2558	1.1423189860
2559	1.1416649117
2560	1.1410105567
2561	1.1403559749
2562	1.1397012158
2563	1.1390463345
2564	1.1383914190
2565	1.1377365779
2566	1.1370819059
2567	1.1364274779
2568	1.1357733301
2569	1.1351194525
2570	1.1344658463
2571	1.1338125746
2572	1.1331597354
2573	1.1325073989
2574	1.1318555837
2575	1.1312042857
2576	1.1305535079
2577	1.1299032738
2578	1.1292536272
2579	1.1286046072
2580	1.1279562107
2581	1.1273083883
2582	1.1266611008
2583	1.1260143539
2584	1.1253681811
2585	1.1247226127
2586	1.1240776633
2587	1.1234333492
2588	1.1227897063
2589	1.1221467920
2590	1.1215046615
2591	1.1208633577
2592	1.1202229202
2593	1.1195833791
2594	1.1189447803
2595	1.1183072027
2596	1.1176707357
2597	1.1170354634
2598	1.1164014939
2599	1.1157689941
2600	1.1151381180
2601	1.1145089285
2602	1.1138814434
2603	1.1132556785
2604	1.1126316530
2605	1.1120094211
2606	1.1113890653
2607	1.1107706459
2608	1.1101541781
2609	1.1095396484
2610	1.1089270375
2611	1.1083163083
2612	1.1077073944
2613	1.1071002300
2614	1.1064947760
2615	1.1058910211
2616	1.1052889607
2617	1.1046885521
2618	1.1040897196
2619	1.1034924007
2620	1.1028965565
2621	1.1023021604
2622	1.1017091929
2623	1.1011176264
2624	1.1005274386
2625	1.0999386291
2626	1.0993512095
2627	1.0987652196
2628	1.0981807308
2629	1.0975978010
2630	1.0970164677
2631	1.0964367883
2632	1.0958588279
2633	1.0952826199
2634	1.0947081897
2635	1.0941355886
2636	1.0935648839
2637	1.0929961325
2638	1.0924293527
2639	1.0918645329
2640	1.0913016597
2641	1.0907407192
2642	1.0901816839
2643	1.0896245121
2644	1.0890691794
2645	1.0885157104
2646	1.0879641734
2647	1.0874146349
2648	1.0868671272
2649	1.0863216576
2650	1.0857782404
2651	1.0852369277
2652	1.0846977725
2653	1.0841607859
2654	1.0836259556
2655	1.0830932612
2656	1.0825626633
2657	1.0820340903
2658	1.0815074491
2659	1.0809826523
2660	1.0804596259
2661	1.0799383100
2662	1.0794186657
2663	1.0789006720
2664	1.0783843068
2665	1.0778695611
2666	1.0773564652
2667	1.0768450538
2668	1.0763353359
2669	1.0758273127
2670	1.0753209724
2671	1.0748162951
2672	1.0743132514
2673	1.0738117723
2674	1.0733117880
2675	1.0728132681
2676	1.0723161931
2677	1.0718205311
2678	1.0713262543
2679	1.0708333713
2680	1.0703419084
2681	1.0698518801
2682	1.0693633029
2683	1.0688762101
2684	1.0683906479
2685	1.0679066634
2686	1.0674242984
2687	1.0669435873
2688	1.0664645422
2689	1.0659871673
2690	1.0655114911
2691	1.0650375465
2692	1.0645653568
2693	1.0640949898
2694	1.0636265733
2695	1.0631602370
2696	1.0626960845
2697	1.0622341856
2698	1.0617745665
2699	1.0613172279
2700	1.0608621559
2701	1.0604093188
2702	1.0599586797
2703	1.0595102227
2704	1.0590639392
2705	1.0586197901
2706	1.0581777247
2707	1.0577376979
2708	1.0572996586
2709	1.0568635691
2710	1.0564294035
2711	1.0559971197
2712	1.0555666693
2713	1.0551380250
2714	1.0547111716
2715	1.0542860645
2716	1.0538626168
2717	1.0534407475
2718	1.0530204105
2719	1.0526015815
2720	1.0521842568
2721	1.0517684453
2722	1.0513541678
2723	1.0509414508
2724	1.0505303089
2725	1.0501207538
2726	1.0497127872
2727	1.0493063997
2728	1.0489015943
2729	1.0484983598
2730	1.0480966413
2731	1.0476963858
2732	1.0472975693
2733	1.0469001707
2734	1.0465041729
2735	1.0461095843
2736	1.0457164443
2737	1.0453247994
2738	1.0449346562
2739	1.0445459852
2740	1.0441587843
2741	1.0437730769
2742	1.0433888636
2743	1.0430061474
2744	1.0426249604
2745	1.0422453491
2746	1.0418673555
2747	1.0414910062
2748	1.0411163189
2749	1.0407432988
2750	1.0403719352
2751	1.0400022081
2752	1.0396340847
2753	1.0392675153
2754	1.0389024519
2755	1.0385388632
2756	1.0381767277
2757	1.0378160474
2758	1.0374568533
2759	1.0370991676
2760	1.0367429885
2761	1.0363882851
2762	1.0360349927
2763	1.0356830434
2764	1.0353323999
2765	1.0349830438
2766	1.0346349442
2767	1.0342880721
2768	1.0339424085
2769	1.0335979152
2770	1.0332545414
2771	1.0329122487
2772	1.0325709979
2773	1.0322307233
2774	1.0318913451
2775	1.0315528134
2776	1.0312151365
2777	1.0308783871
2778	1.0305426679
2779	1.0302080458
2780	1.0298745541
2781	1.0295422317
2782	1.0292111253
2783	1.0288812705
2784	1.0285526700
2785	1.0282253109
2786	1.0278991854
2787	1.0275742617
2788	1.0272504879
2789	1.0269278269
2790	1.0266062499
2791	1.0262857149
2792	1.0259661684
2793	1.0256475617
2794	1.0253298478
2795	1.0250129704
2796	1.0246968718
2797	1.0243814922
2798	1.0240667588
2799	1.0237525945
2800	1.0234389122
2801	1.0231255995
2802	1.0228125454
2803	1.0224996574
2804	1.0221868705
2805	1.0218741555
2806	1.0215614755
2807	1.0212487629
2808	1.0209359435
2809	1.0206229409
2810	1.0203096774
2811	1.0199961053
2812	1.0196822158
2813	1.0193680088
2814	1.0190534839
2815	1.0187386420
2816	1.0184234800
2817	1.0181079858
2818	1.0177921439
2819	1.0174759587
2820	1.0171594637
2821	1.0168427022
2822	1.0165257019
2823	1.0162084719
2824	1.0158910173
2825	1.0155733487
2826	1.0152554697
2827	1.0149373597
2828	1.0146189822
2829	1.0143003060
2830	1.0139813153
2831	1.0136619969
2832	1.0133423061
2833	1.0130221646
2834	1.0127014988
2835	1.0123802455
2836	1.0120583355
2837	1.0117357012
2838	1.0114122909
2839	1.0110880631
2840	1.0107629726
2841	1.0104369926
2842	1.0101101327
2843	1.0097824146
2844	1.0094538599
2845	1.0091244954
2846	1.0087943459
2847	1.0084634209
2848	1.0081317226
2849	1.0077992546
2850	1.0074660202
2851	1.0071320228
2852	1.0067972410
2853	1.0064616197
2854	1.0061251000
2855	1.0057876277
2856	1.0054491491
2857	1.0051096131
2858	1.0047689728
2859	1.0044271917
2860	1.0040842173
2861	1.0037399586
2862	1.0033943049
2863	1.0030471451
2864	1.0026983749
2865	1.0023479005
2866	1.0019956406
2867	1.0016415296
2868	1.0012855132
2869	1.0009275400
2870	1.0005675648
2871	1.0002055604
2872	0.9998415030
2873	0.9994753549
2874	0.9991070842
2875	0.9987366783
2876	0.9983641230
2877	0.9979894039
2878	0.9976125210
2879	0.9972334686
2880	0.9968522393
2881	0.9964688454
2882	0.9960833040
2883	0.9956956243
2884	0.9953058195
2885	0.9949139088
2886	0.9945198985
2887	0.9941237851
2888	0.9937255837
2889	0.9933253401
2890	0.9929231020
2891	0.9925188927
2892	0.9921127224
2893	0.9917046243
2894	0.9912946629
2895	0.9908829101
2896	0.9904694304
2897	0.9900542582
2898	0.9896373928
2899	0.9892188284
2900	0.9887985697
2901	0.9883766297
2902	0.9879530013
2903	0.9875276244
2904	0.9871003945
2905	0.9866711989
2906	0.9862399514
2907	0.9858066082
2908	0.9853711494
2909	0.9849335445
2910	0.9844937215
2911	0.9840515787
2912	0.9836070348
2913	0.9831600480
2914	0.9827106028
2915	0.9822586897
2916	0.9818043138
2917	0.9813475366
2918	0.9808884615
2919	0.9804271883
2920	0.9799638104
2921	0.9794984144
2922	0.9790310777
2923	0.9785618806
2924	0.9780908996
2925	0.9776182003
2926	0.9771438642
2927	0.9766679902
2928	0.9761906791
2929	0.9757120519
2930	0.9752322251
2931	0.9747512593
2932	0.9742691714
2933	0.9737859761
2934	0.9733017089
2935	0.9728164089
2936	0.9723300915
2937	0.9718427473
2938	0.9713543596
2939	0.9708649324
2940	0.9703744989
2941	0.9698830865
2942	0.9693907026
2943	0.9688973566
2944	0.9684030407
2945	0.9679077000
2946	0.9674112582
2947	0.9669136161
2948	0.9664146449
2949	0.9659142458
2950	0.9654123823
2951	0.9649090300
2952	0.9644041288
2953	0.9638975967
2954	0.9633893714
2955	0.9628794193
2956	0.9623677220
2957	0.9618542751
2958	0.9613390971
2959	0.9608222256
2960	0.9603036919
2961	0.9597835110
2962	0.9592616763
2963	0.9587381572
2964	0.9582129281
2965	0.9576859888
2966	0.9571573663
2967	0.9566271072
2968	0.9560952703
2969	0.9555619256
2970	0.9550271503
2971	0.9544910382
2972	0.9539536749
2973	0.9534151130
2974	0.9528754035
2975	0.9523346138
2976	0.9517928112
2977	0.9512500527
2978	0.9507063977
2979	0.9501619438
2980	0.9496168327
2981	0.9490712168
2982	0.9485252452
2983	0.9479790323
2984	0.9474326089
2985	0.9468859651
2986	0.9463391088
2987	0.9457920362
2988	0.9452446839
2989	0.9446969607
2990	0.9441488119
2991	0.9436001922
2992	0.9430510135
2993	0.9425011594
2994	0.9419505235
2995	0.9413990453
2996	0.9408466996
2997	0.9402934598
2998	0.9397393158
2999	0.9391842914
