0	1.2500000087
1	1.2501983294
2	1.2503955336
3	1.2505916747
4	1.2507868278
5	1.2509810817
6	1.2511745341
7	1.2513672863
8	1.2515594385
9	1.2517510860
10	1.2519423157
11	1.2521332033
12	1.2523238117
13	1.2525141894
14	1.2527043707
15	1.2528943756
16	1.2530842110
17	1.2532738718
18	1.2534633434
19	1.2536526034
20	1.2538416241
21	1.2540303749
22	1.2542188241
23	1.2544069415
24	1.2545946997
25	1.2547820755
26	1.2549690508
27	1.2551556134
28	1.2553417567
29	1.2555274796
30	1.2557127857
31	1.2558976826
32	1.2560821807
33	1.2562662919
34	1.2564500283
35	1.2566334011
36	1.2568164191
37	1.2569990883
38	1.2571814107
39	1.2573633839
40	1.2575450009
41	1.2577262499
42	1.2579071148
43	1.2580875755
44	1.2582676091
45	1.2584471902
46	1.2586262921
47	1.2588048879
48	1.2589829507
49	1.2591604552
50	1.2593373778
51	1.2595136979
52	1.2596893976
53	1.2598644618
54	1.2600388785
55	1.2602126384
56	1.2603857346
57	1.2605581618
58	1.2607299154
59	1.2609009915
60	1.2610713857
61	1.2612410922
62	1.2614101029
63	1.2615784070
64	1.2617459917
65	1.2619128423
66	1.2620789423
67	1.2622442715
68	1.2624088039
69	1.2625725082
70	1.2627353499
71	1.2628972947
72	1.2630583087
73	1.2632183590
74	1.2633774144
75	1.2635354457
76	1.2636924224
77	1.2638483115
78	1.2640030792
79	1.2641566955
80	1.2643091364
81	1.2644603813
82	1.2646104113
83	1.2647592078
84	1.2649067526
85	1.2650530298
86	1.2651980287
87	1.2653417404
88	1.2654841511
89	1.2656252418
90	1.2657649934
91	1.2659033820
92	1.2660403723
93	1.2661759203
94	1.2663099813
95	1.2664425099
96	1.2665734575
97	1.2667027762
98	1.2668304232
99	1.2669563611
100	1.2670805552
101	1.2672029708
102	1.2673235766
103	1.2674423459
104	1.2675592513
105	1.2676742632
106	1.2677873575
107	1.2678985159
108	1.2680077177
109	1.2681149427
110	1.2682201782
111	1.2683234080
112	1.2684246074
113	1.2685237514
114	1.2686208119
115	1.2687157494
116	1.2688085184
117	1.2688990729
118	1.2689873580
119	1.2690733118
120	1.2691568733
121	1.2692379820
122	1.2693165790
123	1.2693926146
124	1.2694660528
125	1.2695368658
126	1.2696050263
127	1.2696705035
128	1.2697332629
129	1.2697932750
130	1.2698505376
131	1.2699050786
132	1.2699569214
133	1.2700060500
134	1.2700524065
135	1.2700959164
136	1.2701365366
137	1.2701742780
138	1.2702091685
139	1.2702412214
140	1.2702704393
141	1.2702968125
142	1.2703203091
143	1.2703408668
144	1.2703583938
145	1.2703728057
146	1.2703840554
147	1.2703921148
148	1.2703969600
149	1.2703985792
150	1.2703969647
151	1.2703920925
152	1.2703839030
153	1.2703723052
154	1.2703572015
155	1.2703384923
156	1.2703160735
157	1.2702898641
158	1.2702598253
159	1.2702259538
160	1.2701882716
161	1.2701468233
162	1.2701016746
163	1.2700528919
164	1.2700005156
165	1.2699445662
166	1.2698850424
167	1.2698219044
168	1.2697550794
169	1.2696844780
170	1.2696100006
171	1.2695315431
172	1.2694490088
173	1.2693623296
174	1.2692714687
175	1.2691764138
176	1.2690771903
177	1.2689738578
178	1.2688664907
179	1.2687551737
180	1.2686399951
181	1.2685210310
182	1.2683983330
183	1.2682719217
184	1.2681417912
185	1.2680079002
186	1.2678701752
187	1.2677285312
188	1.2675828690
189	1.2674330839
190	1.2672790895
191	1.2671208210
192	1.2669582438
193	1.2667913604
194	1.2666202061
195	1.2664448434
196	1.2662653547
197	1.2660818521
198	1.2658944774
199	1.2657033775
200	1.2655086887
201	1.2653105113
202	1.2651088985
203	1.2649038934
204	1.2646955413
205	1.2644838680
206	1.2642688466
207	1.2640503728
208	1.2638282935
209	1.2636024617
210	1.2633727675
211	1.2631391207
212	1.2629014095
213	1.2626595095
214	1.2624133102
215	1.2621627232
216	1.2619077012
217	1.2616482433
218	1.2613844118
219	1.2611163575
220	1.2608442836
221	1.2605684012
222	1.2602889135
223	1.2600060184
224	1.2597199069
225	1.2594307439
226	1.2591386759
227	1.2588438431
228	1.2585463718
229	1.2582463614
230	1.2579438504
231	1.2576388109
232	1.2573311601
233	1.2570207364
234	1.2567073124
235	1.2563906371
236	1.2560704621
237	1.2557465597
238	1.2554187311
239	1.2550868230
240	1.2547507303
241	1.2544103802
242	1.2540657284
243	1.2537167601
244	1.2533635036
245	1.2530060201
246	1.2526443880
247	1.2522787336
248	1.2519092284
249	1.2515360683
250	1.2511594742
251	1.2507796781
252	1.2503969076
253	1.2500113655
254	1.2496232231
255	1.2492326264
256	1.2488396816
257	1.2484444507
258	1.2480469629
259	1.2476472371
260	1.2472452955
261	1.2468411525
262	1.2464348135
263	1.2460262467
264	1.2456153671
265	1.2452020849
266	1.2447863388
267	1.2443680907
268	1.2439472679
269	1.2435237013
270	1.2430971411
271	1.2426673398
272	1.2422341656
273	1.2417976293
274	1.2413577841
275	1.2409146240
276	1.2404680838
277	1.2400181301
278	1.2395648148
279	1.2391082542
280	1.2386485876
281	1.2381859452
282	1.2377204650
283	1.2372522747
284	1.2367814190
285	1.2363078467
286	1.2358314812
287	1.2353523130
288	1.2348703990
289	1.2343857966
290	1.2338985592
291	1.2334087570
292	1.2329164653
293	1.2324217177
294	1.2319244926
295	1.2314247719
296	1.2309225953
297	1.2304180553
298	1.2299112482
299	1.2294022823
300	1.2288913080
301	1.2283784634
302	1.2278638194
303	1.2273473974
304	1.2268292270
305	1.2263093597
306	1.2257878308
307	1.2252646844
308	1.2247400139
309	1.2242139394
310	1.2236865463
311	1.2231578537
312	1.2226278443
313	1.2220964624
314	1.2215635770
315	1.2210289973
316	1.2204925474
317	1.2199541003
318	1.2194135486
319	1.2188708279
320	1.2183259596
321	1.2177790179
322	1.2172300824
323	1.2166792281
324	1.2161265447
325	1.2155721077
326	1.2150159437
327	1.2144580707
328	1.2138985285
329	1.2133373604
330	1.2127745904
331	1.2122102557
332	1.2116444362
333	1.2110772031
334	1.2105085865
335	1.2099385934
336	1.2093671961
337	1.2087942899
338	1.2082197183
339	1.2076433488
340	1.2070650649
341	1.2064847429
342	1.2059022873
343	1.2053176648
344	1.2047308980
345	1.2041420534
346	1.2035512649
347	1.2029587134
348	1.2023645722
349	1.2017690070
350	1.2011721793
351	1.2005742150
352	1.1999751787
353	1.1993751232
354	1.1987741316
355	1.1981722814
356	1.1975696478
357	1.1969663447
358	1.1963625073
359	1.1957582458
360	1.1951536612
361	1.1945488616
362	1.1939439105
363	1.1933388305
364	1.1927336358
365	1.1921283091
366	1.1915227738
367	1.1909169182
368	1.1903106334
369	1.1897037876
370	1.1890962346
371	1.1884878759
372	1.1878786626
373	1.1872685779
374	1.1866576519
375	1.1860459718
376	1.1854336384
377	1.1848207434
378	1.1842073897
379	1.1835936588
380	1.1829795915
381	1.1823652217
382	1.1817505826
383	1.1811356842
384	1.1805205487
385	1.1799052524
386	1.1792898820
387	1.1786745267
388	1.1780593053
389	1.1774443432
390	1.1768297563
391	1.1762156868
392	1.1756023126
393	1.1749897689
394	1.1743781097
395	1.1737673361
396	1.1731574097
397	1.1725482969
398	1.1719399993
399	1.1713324856
400	1.1707255893
401	1.1701190277
402	1.1695125204
403	1.1689058692
404	1.1682990021
405	1.1676919226
406	1.1670845862
407	1.1664768926
408	1.1658687912
409	1.1652603216
410	1.1646515713
411	1.1640426629
412	1.1634337250
413	1.1628248669
414	1.1622161900
415	1.1616077464
416	1.1609994898
417	1.1603913315
418	1.1597832511
419	1.1591752979
420	1.1585675247
421	1.1579599748
422	1.1573526783
423	1.1567456664
424	1.1561389783
425	1.1555326223
426	1.1549265786
427	1.1543208782
428	1.1537156271
429	1.1531109136
430	1.1525067783
431	1.1519032487
432	1.1513003326
433	1.1506980120
434	1.1500962380
435	1.1494949342
436	1.1488940565
437	1.1482936528
438	1.1476938011
439	1.1470945597
440	1.1464960289
441	1.1458983473
442	1.1453016242
443	1.1447059255
444	1.1441113114
445	1.1435178650
446	1.1429256898
447	1.1423348829
448	1.1417455142
449	1.1411576725
450	1.1405714533
451	1.1399868678
452	1.1394038444
453	1.1388222787
454	1.1382420205
455	1.1376628486
456	1.1370845140
457	1.1365067856
458	1.1359294652
459	1.1353523870
460	1.1347753927
461	1.1341983739
462	1.1336213275
463	1.1330443060
464	1.1324673686
465	1.1318906134
466	1.1313141748
467	1.1307381850
468	1.1301628148
469	1.1295882971
470	1.1290148739
471	1.1284427394
472	1.1278720124
473	1.1273027731
474	1.1267350950
475	1.1261690026
476	1.1256044260
477	1.1250412407
478	1.1244793015
479	1.1239184257
480	1.1233584389
481	1.1227992145
482	1.1222406503
483	1.1216826604
484	1.1211251948
485	1.1205682396
486	1.1200117916
487	1.1194558369
488	1.1189003563
489	1.1183453680
490	1.1177909071
491	1.1172369738
492	1.1166835859
493	1.1161308199
494	1.1155787706
495	1.1150275453
496	1.1144772928
497	1.1139281701
498	1.1133803084
499	1.1128338160
500	1.1122887631
501	1.1117451760
502	1.1112030303
503	1.1106622612
504	1.1101228025
505	1.1095845764
506	1.1090474704
507	1.1085113709
508	1.1079761868
509	1.1074418069
510	1.1069081095
511	1.1063750059
512	1.1058424214
513	1.1053102823
514	1.1047785311
515	1.1042471278
516	1.1037160305
517	1.1031851791
518	1.1026545077
519	1.1021239690
520	1.1015935257
521	1.1010631347
522	1.1005327829
523	1.1000024830
524	1.0994722372
525	1.0989420597
526	1.0984119759
527	1.0978819772
528	1.0973520190
529	1.0968220463
530	1.0962919916
531	1.0957617890
532	1.0952313941
533	1.0947007843
534	1.0941699524
535	1.0936388928
536	1.0931076095
537	1.0925761156
538	1.0920443973
539	1.0915124112
540	1.0909801158
541	1.0904474720
542	1.0899144399
543	1.0893809964
544	1.0888471161
545	1.0883127525
546	1.0877778703
547	1.0872424628
548	1.0867065328
549	1.0861700693
550	1.0856330455
551	1.0850954300
552	1.0845571853
553	1.0840182696
554	1.0834786538
555	1.0829383254
556	1.0823972810
557	1.0818555405
558	1.0813131182
559	1.0807699738
560	1.0802260269
561	1.0796811777
562	1.0791353020
563	1.0785882661
564	1.0780399459
565	1.0774902316
566	1.0769390422
567	1.0763863228
568	1.0758320275
569	1.0752761194
570	1.0747185867
571	1.0741594591
572	1.0735987890
573	1.0730366371
574	1.0724730925
575	1.0719082655
576	1.0713422558
577	1.0707751509
578	1.0702070341
579	1.0696379713
580	1.0690680199
581	1.0684972362
582	1.0679256571
583	1.0673533007
584	1.0667801691
585	1.0662062334
586	1.0656314210
587	1.0650556247
588	1.0644787248
589	1.0639005978
590	1.0633211159
591	1.0627401633
592	1.0621576598
593	1.0615735595
594	1.0609878433
595	1.0604005112
596	1.0598115713
597	1.0592210435
598	1.0586289587
599	1.0580353545
600	1.0574402805
601	1.0568437792
602	1.0562458629
603	1.0556465351
604	1.0550458214
605	1.0544437709
606	1.0538404248
607	1.0532357775
608	1.0526297686
609	1.0520223015
610	1.0514132842
611	1.0508026611
612	1.0501903960
613	1.0495764490
614	1.0489607718
615	1.0483433040
616	1.0477239762
617	1.0471027266
618	1.0464795072
619	1.0458542785
620	1.0452270182
621	1.0445977293
622	1.0439664323
623	1.0433331562
624	1.0426979453
625	1.0420608676
626	1.0414220054
627	1.0407814361
628	1.0401392278
629	1.0394954436
630	1.0388501284
631	1.0382032905
632	1.0375549132
633	1.0369049833
634	1.0362534976
635	1.0356004594
636	1.0349458743
637	1.0342897415
638	1.0336320587
639	1.0329728320
640	1.0323120672
641	1.0316497654
642	1.0309859431
643	1.0303206362
644	1.0296538905
645	1.0289857488
646	1.0283162367
647	1.0276453647
648	1.0269731295
649	1.0262995085
650	1.0256244591
651	1.0249479311
652	1.0242698856
653	1.0235902925
654	1.0229091193
655	1.0222263447
656	1.0215419716
657	1.0208560210
658	1.0201685286
659	1.0194795443
660	1.0187891372
661	1.0180973855
662	1.0174043495
663	1.0167100734
664	1.0160145952
665	1.0153179275
666	1.0146200354
667	1.0139208416
668	1.0132202499
669	1.0125181745
670	1.0118145482
671	1.0111093118
672	1.0104024082
673	1.0096937889
674	1.0089834158
675	1.0082712483
676	1.0075572573
677	1.0068414465
678	1.0061238341
679	1.0054044385
680	1.0046832922
681	1.0039604484
682	1.0032359747
683	1.0025099393
684	1.0017823909
685	1.0010533737
686	1.0003229393
687	0.9995911092
688	0.9988578675
689	0.9981231957
690	0.9973870863
691	0.9966495383
692	0.9959105560
693	0.9951701560
694	0.9944283560
695	0.9936851493
696	0.9929405026
697	0.9921943634
698	0.9914466593
699	0.9906973049
700	0.9899462167
701	0.9891933374
702	0.9884386333
703	0.9876820733
704	0.9869236423
705	0.9861633516
706	0.9854012226
707	0.9846372837
708	0.9838715765
709	0.9831041697
710	0.9823351667
711	0.9815646777
712	0.9807928095
713	0.9800196893
714	0.9792454532
715	0.9784702224
716	0.9776941068
717	0.9769172123
718	0.9761396215
719	0.9753613683
720	0.9745824462
721	0.9738028200
722	0.9730224281
723	0.9722411814
724	0.9714589686
725	0.9706756774
726	0.9698912041
727	0.9691054533
728	0.9683183677
729	0.9675299208
730	0.9667400408
731	0.9659485997
732	0.9651554588
733	0.9643604879
734	0.9635635867
735	0.9627647055
736	0.9619638411
737	0.9611610239
738	0.9603563150
739	0.9595498374
740	0.9587417870
741	0.9579323725
742	0.9571217646
743	0.9563100991
744	0.9554974854
745	0.9546839958
746	0.9538696576
747	0.9530544783
748	0.9522384570
749	0.9514215875
750	0.9506038693
751	0.9497852877
752	0.9489657967
753	0.9481453330
754	0.9473238502
755	0.9465013529
756	0.9456778695
757	0.9448534052
758	0.9440279648
759	0.9432015637
760	0.9423741994
761	0.9415458567
762	0.9407165192
763	0.9398861818
764	0.9390548672
765	0.9382226254
766	0.9373895053
767	0.9365555208
768	0.9357206625
769	0.9348849395
770	0.9340483813
771	0.9332109941
772	0.9323727625
773	0.9315337105
774	0.9306938997
775	0.9298533632
776	0.9290121223
777	0.9281702361
778	0.9273277850
779	0.9264848730
780	0.9256416285
781	0.9247981794
782	0.9239546528
783	0.9231111637
784	0.9222677869
785	0.9214245311
786	0.9205813337
787	0.9197381279
788	0.9188948869
789	0.9180515788
790	0.9172081791
791	0.9163647235
792	0.9155212940
793	0.9146779798
794	0.9138348626
795	0.9129920249
796	0.9121495345
797	0.9113074298
798	0.9104657224
799	0.9096244006
800	0.9087834469
801	0.9079428367
802	0.9071025114
803	0.9062623757
804	0.9054223374
805	0.9045823600
806	0.9037424501
807	0.9029025947
808	0.9020628050
809	0.9012231801
810	0.9003838562
811	0.8995449748
812	0.8987066806
813	0.8978690953
814	0.8970322984
815	0.8961963434
816	0.8953613133
817	0.8945273354
818	0.8936945395
819	0.8928630433
820	0.8920329597
821	0.8912043801
822	0.8903773762
823	0.8895519920
824	0.8887282106
825	0.8879059711
826	0.8870852295
827	0.8862659236
828	0.8854478989
829	0.8846309812
830	0.8838150557
831	0.8830000521
832	0.8821859392
833	0.8813727406
834	0.8805605465
835	0.8797494924
836	0.8789397169
837	0.8781313717
838	0.8773246289
839	0.8765196660
840	0.8757166931
841	0.8749159177
842	0.8741175053
843	0.8733215898
844	0.8725282248
845	0.8717373655
846	0.8709489228
847	0.8701627759
848	0.8693787574
849	0.8685967001
850	0.8678165023
851	0.8670380938
852	0.8662613581
853	0.8654861513
854	0.8647123638
855	0.8639399119
856	0.8631687109
857	0.8623987023
858	0.8616298812
859	0.8608622437
860	0.8600957619
861	0.8593304207
862	0.8585662089
863	0.8578031146
864	0.8570411057
865	0.8562800954
866	0.8555200014
867	0.8547608133
868	0.8540025839
869	0.8532454043
870	0.8524893821
871	0.8517346223
872	0.8509812107
873	0.8502292353
874	0.8494788455
875	0.8487302234
876	0.8479835289
877	0.8472389235
878	0.8464965562
879	0.8457564953
880	0.8450187324
881	0.8442832337
882	0.8435499264
883	0.8428187035
884	0.8420894832
885	0.8413622156
886	0.8406368636
887	0.8399133927
888	0.8391917654
889	0.8384719640
890	0.8377539789
891	0.8370377629
892	0.8363232433
893	0.8356103570
894	0.8348990642
895	0.8341893243
896	0.8334810929
897	0.8327743938
898	0.8320692971
899	0.8313658613
900	0.8306641734
901	0.8299643412
902	0.8292664378
903	0.8285705163
904	0.8278766307
905	0.8271848239
906	0.8264951183
907	0.8258075325
908	0.8251220890
909	0.8244387846
910	0.8237575865
911	0.8230784500
912	0.8224013181
913	0.8217261275
914	0.8210528266
915	0.8203813939
916	0.8197118490
917	0.8190442693
918	0.8183787580
919	0.8177153953
920	0.8170542344
921	0.8163952782
922	0.8157384903
923	0.8150838671
924	0.8144314172
925	0.8137811037
926	0.8131328656
927	0.8124866320
928	0.8118423311
929	0.8111999257
930	0.8105594325
931	0.8099208483
932	0.8092840274
933	0.8086487288
934	0.8080147633
935	0.8073820564
936	0.8067506370
937	0.8061205697
938	0.8054918616
939	0.8048644612
940	0.8042383506
941	0.8036136181
942	0.8029904434
943	0.8023689962
944	0.8017493491
945	0.8011315178
946	0.8005155433
947	0.7999014961
948	0.7992894657
949	0.7986795446
950	0.7980717966
951	0.7974662740
952	0.7968630173
953	0.7962620055
954	0.7956631257
955	0.7950662487
956	0.7944713405
957	0.7938784248
958	0.7932875029
959	0.7926985402
960	0.7921114482
961	0.7915261362
962	0.7909425894
963	0.7903608297
964	0.7897808792
965	0.7892027843
966	0.7886266229
967	0.7880524672
968	0.7874803225
969	0.7869101313
970	0.7863418403
971	0.7857754610
972	0.7852110701
973	0.7846487558
974	0.7840885785
975	0.7835305694
976	0.7829747391
977	0.7824210717
978	0.7818695069
979	0.7813199458
980	0.7807723214
981	0.7802266442
982	0.7796829174
983	0.7791410670
984	0.7786010170
985	0.7780627253
986	0.7775261410
987	0.7769912198
988	0.7764579382
989	0.7759263089
990	0.7753963910
991	0.7748682431
992	0.7743418658
993	0.7738172011
994	0.7732942001
995	0.7727728498
996	0.7722531470
997	0.7717351281
998	0.7712189081
999	0.7707046536
1000	0.7701925217
1001	0.7696825896
1002	0.7691748556
1003	0.7686692970
1004	0.7681658854
1005	0.7676645858
1006	0.7671653753
1007	0.7666682618
1008	0.7661732995
1009	0.7656805785
1010	0.7651901592
1011	0.7647020654
1012	0.7642163418
1013	0.7637330084
1014	0.7632519993
1015	0.7627732000
1016	0.7622965021
1017	0.7618218059
1018	0.7613489964
1019	0.7608779385
1020	0.7604084849
1021	0.7599404958
1022	0.7594738683
1023	0.7590085080
1024	0.7585443451
1025	0.7580814221
1026	0.7576198529
1027	0.7571597402
1028	0.7567011706
1029	0.7562442146
1030	0.7557889094
1031	0.7553352258
1032	0.7548830867
1033	0.7544324407
1034	0.7539832777
1035	0.7535355971
1036	0.7530894013
1037	0.7526447015
1038	0.7522015017
1039	0.7517597683
1040	0.7513194199
1041	0.7508803384
1042	0.7504424016
1043	0.7500055164
1044	0.7495696009
1045	0.7491345813
1046	0.7487004418
1047	0.7482672293
1048	0.7478349897
1049	0.7474037643
1050	0.7469736176
1051	0.7465445962
1052	0.7461167238
1053	0.7456900300
1054	0.7452645570
1055	0.7448403728
1056	0.7444175426
1057	0.7439960959
1058	0.7435760655
1059	0.7431575157
1060	0.7427405064
1061	0.7423250417
1062	0.7419110767
1063	0.7414985500
1064	0.7410873761
1065	0.7406774765
1066	0.7402688259
1067	0.7398614297
1068	0.7394552519
1069	0.7390501665
1070	0.7386460103
1071	0.7382426508
1072	0.7378399670
1073	0.7374378133
1074	0.7370360257
1075	0.7366344477
1076	0.7362329649
1077	0.7358315273
1078	0.7354301438
1079	0.7350288829
1080	0.7346278453
1081	0.7342271168
1082	0.7338267911
1083	0.7334269799
1084	0.7330277474
1085	0.7326291126
1086	0.7322311209
1087	0.7318338582
1088	0.7314374023
1089	0.7310418028
1090	0.7306471023
1091	0.7302533331
1092	0.7298605325
1093	0.7294687348
1094	0.7290779350
1095	0.7286881171
1096	0.7282992600
1097	0.7279113280
1098	0.7275242981
1099	0.7271381522
1100	0.7267528625
1101	0.7263684007
1102	0.7259847441
1103	0.7256018709
1104	0.7252197145
1105	0.7248381509
1106	0.7244570671
1107	0.7240763976
1108	0.7236960998
1109	0.7233161605
1110	0.7229366437
1111	0.7225576815
1112	0.7221794252
1113	0.7218020154
1114	0.7214255666
1115	0.7210501702
1116	0.7206759010
1117	0.7203028075
1118	0.7199309137
1119	0.7195602332
1120	0.7191907454
1121	0.7188223969
1122	0.7184551516
1123	0.7180889664
1124	0.7177237594
1125	0.7173594678
1126	0.7169960382
1127	0.7166333645
1128	0.7162713171
1129	0.7159098038
1130	0.7155487933
1131	0.7151882709
1132	0.7148281926
1133	0.7144685110
1134	0.7141092200
1135	0.7137503694
1136	0.7133920440
1137	0.7130343442
1138	0.7126773544
1139	0.7123211064
1140	0.7119656068
1141	0.7116108862
1142	0.7112570016
1143	0.7109040031
1144	0.7105519041
1145	0.7102006780
1146	0.7098502618
1147	0.7095005890
1148	0.7091516461
1149	0.7088034508
1150	0.7084559957
1151	0.7081092845
1152	0.7077633698
1153	0.7074183037
1154	0.7070741215
1155	0.7067308752
1156	0.7063886514
1157	0.7060475758
1158	0.7057077609
1159	0.7053692738
1160	0.7050321750
1161	0.7046965303
1162	0.7043623903
1163	0.7040297906
1164	0.7036987624
1165	0.7033692927
1166	0.7030413068
1167	0.7027147293
1168	0.7023894924
1169	0.7020655370
1170	0.7017428723
1171	0.7014215805
1172	0.7011017954
1173	0.7007836778
1174	0.7004673809
1175	0.7001530258
1176	0.6998406529
1177	0.6995302470
1178	0.6992217896
1179	0.6989152244
1180	0.6986104387
1181	0.6983073184
1182	0.6980057867
1183	0.6977057784
1184	0.6974072170
1185	0.6971100668
1186	0.6968144045
1187	0.6965203939
1188	0.6962282003
1189	0.6959379794
1190	0.6956498910
1191	0.6953640616
1192	0.6950805963
1193	0.6947996262
1194	0.6945212834
1195	0.6942456772
1196	0.6939729110
1197	0.6937030571
1198	0.6934361474
1199	0.6931722439
1200	0.6929114241
1201	0.6926537315
1202	0.6923991958
1203	0.6921478504
1204	0.6918997686
1205	0.6916550522
1206	0.6914137666
1207	0.6911759457
1208	0.6909415877
1209	0.6907106218
1210	0.6904829518
1211	0.6902585165
1212	0.6900372693
1213	0.6898191495
1214	0.6896041435
1215	0.6893923017
1216	0.6891836443
1217	0.6889781259
1218	0.6887756886
1219	0.6885763119
1220	0.6883800082
1221	0.6881868199
1222	0.6879968381
1223	0.6878101788
1224	0.6876269693
1225	0.6874473430
1226	0.6872714156
1227	0.6870993039
1228	0.6869311634
1229	0.6867671741
1230	0.6866075362
1231	0.6864524714
1232	0.6863021717
1233	0.6861567702
1234	0.6860163124
1235	0.6858807585
1236	0.6857500749
1237	0.6856242123
1238	0.6855030535
1239	0.6853865304
1240	0.6852746767
1241	0.6851675310
1242	0.6850651115
1243	0.6849674879
1244	0.6848747702
1245	0.6847870319
1246	0.6847043405
1247	0.6846267717
1248	0.6845543936
1249	0.6844872731
1250	0.6844254535
1251	0.6843689555
1252	0.6843177599
1253	0.6842718426
1254	0.6842312744
1255	0.6841961848
1256	0.6841666672
1257	0.6841427551
1258	0.6841244286
1259	0.6841116720
1260	0.6841045097
1261	0.6841029785
1262	0.6841070519
1263	0.6841165489
1264	0.6841311415
1265	0.6841504626
1266	0.6841742281
1267	0.6842023128
1268	0.6842346993
1269	0.6842713218
1270	0.6843120713
1271	0.6843569883
1272	0.6844063261
1273	0.6844604621
1274	0.6845197846
1275	0.6845845598
1276	0.6846548728
1277	0.6847307653
1278	0.6848123911
1279	0.6848999948
1280	0.6849938059
1281	0.6850939571
1282	0.6852005055
1283	0.6853134495
1284	0.6854326166
1285	0.6855576683
1286	0.6856882305
1287	0.6858239371
1288	0.6859645006
1289	0.6861097370
1290	0.6862594702
1291	0.6864135103
1292	0.6865717194
1293	0.6867340778
1294	0.6869006960
1295	0.6870717647
1296	0.6872474502
1297	0.6874278652
1298	0.6876131596
1299	0.6878035407
1300	0.6879991986
1301	0.6882002903
1302	0.6884070164
1303	0.6886196403
1304	0.6888383827
1305	0.6890633282
1306	0.6892944160
1307	0.6895314887
1308	0.6897744032
1309	0.6900230948
1310	0.6902775104
1311	0.6905375389
1312	0.6908030454
1313	0.6910739154
1314	0.6913499864
1315	0.6916309676
1316	0.6919165410
1317	0.6922064985
1318	0.6925007044
1319	0.6927990890
1320	0.6931016681
1321	0.6934084578
1322	0.6937194996
1323	0.6940349096
1324	0.6943548135
1325	0.6946793175
1326	0.6950085627
1327	0.6953427694
1328	0.6956821898
1329	0.6960270252
1330	0.6963773866
1331	0.6967333539
1332	0.6970950616
1333	0.6974626700
1334	0.6978363322
1335	0.6982162185
1336	0.6986025222
1337	0.6989954300
1338	0.6993949920
1339	0.6998010690
1340	0.7002134220
1341	0.7006317657
1342	0.7010558350
1343	0.7014854214
1344	0.7019203327
1345	0.7023603986
1346	0.7028055225
1347	0.7032556587
1348	0.7037107258
1349	0.7041706290
1350	0.7046353700
1351	0.7051050112
1352	0.7055795501
1353	0.7060589556
1354	0.7065432506
1355	0.7070324762
1356	0.7075266512
1357	0.7080257645
1358	0.7085297928
1359	0.7090387564
1360	0.7095527177
1361	0.7100717299
1362	0.7105958415
1363	0.7111251352
1364	0.7116597174
1365	0.7121996486
1366	0.7127448884
1367	0.7132953230
1368	0.7138508549
1369	0.7144114056
1370	0.7149769002
1371	0.7155473127
1372	0.7161226479
1373	0.7167029373
1374	0.7172881915
1375	0.7178783040
1376	0.7184731232
1377	0.7190725325
1378	0.7196764242
1379	0.7202847318
1380	0.7208974779
1381	0.7215147455
1382	0.7221366414
1383	0.7227632621
1384	0.7233946441
1385	0.7240307779
1386	0.7246716667
1387	0.7253172873
1388	0.7259675359
1389	0.7266222958
1390	0.7272815359
1391	0.7279452683
1392	0.7286134578
1393	0.7292860720
1394	0.7299631327
1395	0.7306446577
1396	0.7313306488
1397	0.7320211638
1398	0.7327163158
1399	0.7334161982
1400	0.7341208542
1401	0.7348302893
1402	0.7355445151
1403	0.7362635957
1404	0.7369876270
1405	0.7377166323
1406	0.7384505720
1407	0.7391894673
1408	0.7399333757
1409	0.7406823477
1410	0.7414364593
1411	0.7421957738
1412	0.7429603233
1413	0.7437300876
1414	0.7445049664
1415	0.7452848537
1416	0.7460696461
1417	0.7468591893
1418	0.7476533258
1419	0.7484519857
1420	0.7492551478
1421	0.7500627288
1422	0.7508745854
1423	0.7516905603
1424	0.7525104969
1425	0.7533342141
1426	0.7541615090
1427	0.7549922249
1428	0.7558262846
1429	0.7566637296
1430	0.7575047158
1431	0.7583494365
1432	0.7591981227
1433	0.7600510256
1434	0.7609083188
1435	0.7617700840
1436	0.7626363473
1437	0.7635070582
1438	0.7643820788
1439	0.7652612557
1440	0.7661444764
1441	0.7670316218
1442	0.7679225379
1443	0.7688170885
1444	0.7697151919
1445	0.7706168050
1446	0.7715218850
1447	0.7724303640
1448	0.7733422183
1449	0.7742575027
1450	0.7751762609
1451	0.7760984866
1452	0.7770241683
1453	0.7779533268
1454	0.7788859954
1455	0.7798221960
1456	0.7807619580
1457	0.7817053260
1458	0.7826523112
1459	0.7836028541
1460	0.7845568759
1461	0.7855143157
1462	0.7864751179
1463	0.7874392304
1464	0.7884065843
1465	0.7893770850
1466	0.7903505973
1467	0.7913269583
1468	0.7923060803
1469	0.7932879101
1470	0.7942723010
1471	0.7952590673
1472	0.7962480776
1473	0.7972392776
1474	0.7982327019
1475	0.7992284315
1476	0.8002265169
1477	0.8012269607
1478	0.8022297189
1479	0.8032346879
1480	0.8042417407
1481	0.8052507674
1482	0.8062616403
1483	0.8072741718
1484	0.8082881725
1485	0.8093035243
1486	0.8103201581
1487	0.8113380399
1488	0.8123572073
1489	0.8133777415
1490	0.8143997089
1491	0.8154231689
1492	0.8164481667
1493	0.8174747007
1494	0.8185027594
1495	0.8195323762
1496	0.8205636199
1497	0.8215965356
1498	0.8226310917
1499	0.8236672023
1500	0.8247047773
1501	0.8257437281
1502	0.8267839258
1503	0.8278252114
1504	0.8288674608
1505	0.8299105603
1506	0.8309543833
1507	0.8319988050
1508	0.8330437155
1509	0.8340890635
1510	0.8351348375
1511	0.8361810276
1512	0.8372276527
1513	0.8382747547
1514	0.8393223547
1515	0.8403704670
1516	0.8414191340
1517	0.8424684102
1518	0.8435183507
1519	0.8445690334
1520	0.8456205477
1521	0.8466729438
1522	0.8477262005
1523	0.8487802626
1524	0.8498350875
1525	0.8508906670
1526	0.8519470585
1527	0.8530043488
1528	0.8540625970
1529	0.8551218330
1530	0.8561820628
1531	0.8572432934
1532	0.8583055412
1533	0.8593687925
1534	0.8604330091
1535	0.8614981653
1536	0.8625642155
1537	0.8636310643
1538	0.8646986044
1539	0.8657667465
1540	0.8668353903
1541	0.8679044137
1542	0.8689737267
1543	0.8700432982
1544	0.8711131415
1545	0.8721832976
1546	0.8732538209
1547	0.8743247758
1548	0.8753962194
1549	0.8764681847
1550	0.8775406845
1551	0.8786137100
1552	0.8796872430
1553	0.8807612699
1554	0.8818357594
1555	0.8829106355
1556	0.8839857936
1557	0.8850611349
1558	0.8861365727
1559	0.8872120350
1560	0.8882874658
1561	0.8893628293
1562	0.8904381022
1563	0.8915132514
1564	0.8925882325
1565	0.8936629928
1566	0.8947374838
1567	0.8958116781
1568	0.8968855693
1569	0.8979591838
1570	0.8990325645
1571	0.9001057327
1572	0.9011787102
1573	0.9022515326
1574	0.9033242225
1575	0.9043968094
1576	0.9054693676
1577	0.9065420005
1578	0.9076148145
1579	0.9086879214
1580	0.9097614380
1581	0.9108354618
1582	0.9119100412
1583	0.9129851727
1584	0.9140608170
1585	0.9151369200
1586	0.9162134287
1587	0.9172902952
1588	0.9183674807
1589	0.9194449424
1590	0.9205226056
1591	0.9216003786
1592	0.9226782018
1593	0.9237560548
1594	0.9248339293
1595	0.9259118103
1596	0.9269896618
1597	0.9280674457
1598	0.9291451560
1599	0.9302228165
1600	0.9313004523
1601	0.9323780634
1602	0.9334556261
1603	0.9345331138
1604	0.9356105212
1605	0.9366878737
1606	0.9377652088
1607	0.9388425426
1608	0.9399198539
1609	0.9409971243
1610	0.9420743702
1611	0.9431516087
1612	0.9442288394
1613	0.9453060537
1614	0.9463832391
1615	0.9474603878
1616	0.9485374991
1617	0.9496145727
1618	0.9506916092
1619	0.9517686195
1620	0.9528456270
1621	0.9539226607
1622	0.9549997358
1623	0.9560768516
1624	0.9571540167
1625	0.9582312633
1626	0.9593086374
1627	0.9603861796
1628	0.9614639089
1629	0.9625418161
1630	0.9636198667
1631	0.9646980165
1632	0.9657762146
1633	0.9668543948
1634	0.9679324947
1635	0.9690104729
1636	0.9700882951
1637	0.9711659273
1638	0.9722433354
1639	0.9733204868
1640	0.9743973700
1641	0.9754740033
1642	0.9765504179
1643	0.9776266444
1644	0.9787027188
1645	0.9797786924
1646	0.9808546214
1647	0.9819305531
1648	0.9830065261
1649	0.9840825808
1650	0.9851587590
1651	0.9862350925
1652	0.9873116035
1653	0.9883883064
1654	0.9894652092
1655	0.9905423170
1656	0.9916196251
1657	0.9926971000
1658	0.9937746720
1659	0.9948522558
1660	0.9959297762
1661	0.9970071686
1662	0.9980843706
1663	0.9991613405
1664	1.0002380784
1665	1.0013146107
1666	1.0023909701
1667	1.0034671955
1668	1.0045433250
1669	1.0056193840
1670	1.0066953828
1671	1.0077713277
1672	1.0088472344
1673	1.0099231407
1674	1.0109991043
1675	1.0120751689
1676	1.0131513526
1677	1.0142276644
1678	1.0153041027
1679	1.0163806627
1680	1.0174573443
1681	1.0185341327
1682	1.0196109966
1683	1.0206879008
1684	1.0217648022
1685	1.0228416554
1686	1.0239184254
1687	1.0249951003
1688	1.0260717017
1689	1.0271482651
1690	1.0282248089
1691	1.0293013337
1692	1.0303778444
1693	1.0314543466
1694	1.0325308305
1695	1.0336072797
1696	1.0346836851
1697	1.0357600409
1698	1.0368363390
1699	1.0379125702
1700	1.0389887216
1701	1.0400647878
1702	1.0411407823
1703	1.0422167212
1704	1.0432926155
1705	1.0443684824
1706	1.0454443491
1707	1.0465202421
1708	1.0475961803
1709	1.0486721870
1710	1.0497482865
1711	1.0508244842
1712	1.0519007641
1713	1.0529771020
1714	1.0540534778
1715	1.0551298800
1716	1.0562063055
1717	1.0572827448
1718	1.0583591770
1719	1.0594355790
1720	1.0605119114
1721	1.0615881164
1722	1.0626641357
1723	1.0637399246
1724	1.0648154601
1725	1.0658907383
1726	1.0669657720
1727	1.0680405995
1728	1.0691152738
1729	1.0701898407
1730	1.0712643402
1731	1.0723388195
1732	1.0734133521
1733	1.0744880385
1734	1.0755629588
1735	1.0766381453
1736	1.0777136045
1737	1.0787893214
1738	1.0798652450
1739	1.0809413055
1740	1.0820174520
1741	1.0830936426
1742	1.0841698180
1743	1.0852459184
1744	1.0863218979
1745	1.0873977086
1746	1.0884733031
1747	1.0895486339
1748	1.0906236494
1749	1.0916983194
1750	1.0927726477
1751	1.0938466700
1752	1.0949204380
1753	1.0959940104
1754	1.0970674694
1755	1.0981409005
1756	1.0992143489
1757	1.1002878243
1758	1.1013613365
1759	1.1024348942
1760	1.1035084822
1761	1.1045820741
1762	1.1056556460
1763	1.1067291689
1764	1.1078026073
1765	1.1088759264
1766	1.1099491066
1767	1.1110221429
1768	1.1120950326
1769	1.1131677602
1770	1.1142402986
1771	1.1153126291
1772	1.1163847326
1773	1.1174565654
1774	1.1185280766
1775	1.1195992427
1776	1.1206700391
1777	1.1217404095
1778	1.1228102945
1779	1.1238796512
1780	1.1249484511
1781	1.1260166796
1782	1.1270843355
1783	1.1281514442
1784	1.1292180658
1785	1.1302842758
1786	1.1313501394
1787	1.1324157168
1788	1.1334810697
1789	1.1345462366
1790	1.1356112450
1791	1.1366761504
1792	1.1377410083
1793	1.1388058338
1794	1.1398705772
1795	1.1409351227
1796	1.1419993356
1797	1.1430630729
1798	1.1441261851
1799	1.1451885662
1800	1.1462501365
1801	1.1473108028
1802	1.1483704831
1803	1.1494291330
1804	1.1504867559
1805	1.1515434025
1806	1.1525991195
1807	1.1536539002
1808	1.1547077381
1809	1.1557606931
1810	1.1568128654
1811	1.1578643547
1812	1.1589152651
1813	1.1599656976
1814	1.1610157074
1815	1.1620653085
1816	1.1631144924
1817	1.1641632231
1818	1.1652114322
1819	1.1662590048
1820	1.1673058006
1821	1.1683516797
1822	1.1693965030
1823	1.1704401488
1824	1.1714825206
1825	1.1725235567
1826	1.1735632207
1827	1.1746014544
1828	1.1756381641
1829	1.1766732369
1830	1.1777065532
1831	1.1787380145
1832	1.1797675772
1833	1.1807952347
1834	1.1818209847
1835	1.1828448328
1836	1.1838667887
1837	1.1848868702
1838	1.1859051148
1839	1.1869215538
1840	1.1879361960
1841	1.1889490517
1842	1.1899601350
1843	1.1909694330
1844	1.1919768927
1845	1.1929824783
1846	1.1939862227
1847	1.1949881701
1848	1.1959883504
1849	1.1969868279
1850	1.1979836700
1851	1.1989788870
1852	1.1999724531
1853	1.2009643276
1854	1.2019544582
1855	1.2029428201
1856	1.2039294537
1857	1.2049144513
1858	1.2058979051
1859	1.2068798871
1860	1.2078604794
1861	1.2088397996
1862	1.2098179910
1863	1.2107951698
1864	1.2117713935
1865	1.2127466597
1866	1.2137208805
1867	1.2146938990
1868	1.2156655282
1869	1.2166355646
1870	1.2176037976
1871	1.2185699754
1872	1.2195338088
1873	1.2204950247
1874	1.2214533529
1875	1.2224085143
1876	1.2233602677
1877	1.2243084350
1878	1.2252528818
1879	1.2261935161
1880	1.2271303023
1881	1.2280632532
1882	1.2289923985
1883	1.2299177506
1884	1.2308393038
1885	1.2317570627
1886	1.2326710619
1887	1.2335813509
1888	1.2344879871
1889	1.2353910673
1890	1.2362907255
1891	1.2371870824
1892	1.2380802183
1893	1.2389701895
1894	1.2398570394
1895	1.2407407974
1896	1.2416214728
1897	1.2424990361
1898	1.2433734151
1899	1.2442444963
1900	1.2451121027
1901	1.2459759980
1902	1.2468359128
1903	1.2476915719
1904	1.2485427365
1905	1.2493892347
1906	1.2502309534
1907	1.2510678223
1908	1.2518998121
1909	1.2527269348
1910	1.2535492222
1911	1.2543667161
1912	1.2551794916
1913	1.2559876490
1914	1.2567912752
1915	1.2575904219
1916	1.2583851337
1917	1.2591754749
1918	1.2599615041
1919	1.2607432716
1920	1.2615208185
1921	1.2622941637
1922	1.2630633406
1923	1.2638284169
1924	1.2645894631
1925	1.2653465243
1926	1.2660995921
1927	1.2668485834
1928	1.2675933908
1929	1.2683339374
1930	1.2690701656
1931	1.2698020187
1932	1.2705294179
1933	1.2712522404
1934	1.2719703431
1935	1.2726836080
1936	1.2733919553
1937	1.2740953116
1938	1.2747935935
1939	1.2754867277
1940	1.2761746930
1941	1.2768575393
1942	1.2775353495
1943	1.2782082051
1944	1.2788761789
1945	1.2795393413
1946	1.2801977871
1947	1.2808516420
1948	1.2815010394
1949	1.2821461075
1950	1.2827869801
1951	1.2834237967
1952	1.2840566552
1953	1.2846855742
1954	1.2853105078
1955	1.2859313489
1956	1.2865479375
1957	1.2871601223
1958	1.2877677877
1959	1.2883708156
1960	1.2889690852
1961	1.2895625190
1962	1.2901510862
1963	1.2907347604
1964	1.2913134895
1965	1.2918872117
1966	1.2924558812
1967	1.2930194670
1968	1.2935779441
1969	1.2941312900
1970	1.2946794926
1971	1.2952225666
1972	1.2957605527
1973	1.2962935114
1974	1.2968215171
1975	1.2973446344
1976	1.2978629149
1977	1.2983764199
1978	1.2988852191
1979	1.2993893782
1980	1.2998889543
1981	1.3003839901
1982	1.3008745224
1983	1.3013605840
1984	1.3018421933
1985	1.3023193564
1986	1.3027920780
1987	1.3032603734
1988	1.3037242567
1989	1.3041837225
1990	1.3046387608
1991	1.3050893870
1992	1.3055356546
1993	1.3059776240
1994	1.3064153175
1995	1.3068487133
1996	1.3072777787
1997	1.3077025073
1998	1.3081229055
1999	1.3085389532
2000	1.3089505947
2001	1.3093577378
2002	1.3097602590
2003	1.3101580324
2004	1.3105509571
2005	1.3109389629
2006	1.3113219988
2007	1.3117000101
2008	1.3120729373
2009	1.3124407377
2010	1.3128034002
2011	1.3131609364
2012	1.3135133456
2013	1.3138605891
2014	1.3142025977
2015	1.3145392913
2016	1.3148705960
2017	1.3151964589
2018	1.3155168666
2019	1.3158318553
2020	1.3161414956
2021	1.3164458637
2022	1.3167450243
2023	1.3170390330
2024	1.3173279448
2025	1.3176118258
2026	1.3178907504
2027	1.3181647792
2028	1.3184339430
2029	1.3186982474
2030	1.3189576930
2031	1.3192122825
2032	1.3194620087
2033	1.3197068601
2034	1.3199468334
2035	1.3201819268
2036	1.3204121247
2037	1.3206373874
2038	1.3208576679
2039	1.3210729422
2040	1.3212832114
2041	1.3214884888
2042	1.3216887839
2043	1.3218840882
2044	1.3220743779
2045	1.3222596311
2046	1.3224398407
2047	1.3226150192
2048	1.3227852040
2049	1.3229504519
2050	1.3231108300
2051	1.3232664071
2052	1.3234172404
2053	1.3235633684
2054	1.3237048165
2055	1.3238416029
2056	1.3239737405
2057	1.3241012400
2058	1.3242241145
2059	1.3243423770
2060	1.3244560360
2061	1.3245651007
2062	1.3246695715
2063	1.3247694289
2064	1.3248646555
2065	1.3249552536
2066	1.3250412266
2067	1.3251225432
2068	1.3251991349
2069	1.3252709347
2070	1.3253379021
2071	1.3254000182
2072	1.3254572668
2073	1.3255096149
2074	1.3255570168
2075	1.3255994345
2076	1.3256368315
2077	1.3256691622
2078	1.3256963977
2079	1.3257185458
2080	1.3257356295
2081	1.3257476682
2082	1.3257546903
2083	1.3257567374
2084	1.3257538480
2085	1.3257460501
2086	1.3257333757
2087	1.3257158777
2088	1.3256936339
2089	1.3256667311
2090	1.3256352480
2091	1.3255992478
2092	1.3255587628
2093	1.3255137815
2094	1.3254642520
2095	1.3254100881
2096	1.3253511928
2097	1.3252874839
2098	1.3252188959
2099	1.3251453789
2100	1.3250668987
2101	1.3249834311
2102	1.3248949668
2103	1.3248015412
2104	1.3247032486
2105	1.3246002294
2106	1.3244926675
2107	1.3243807829
2108	1.3242647994
2109	1.3241449194
2110	1.3240213166
2111	1.3238941112
2112	1.3237633615
2113	1.3236290775
2114	1.3234912178
2115	1.3233496928
2116	1.3232043837
2117	1.3230551587
2118	1.3229018867
2119	1.3227444326
2120	1.3225826710
2121	1.3224165170
2122	1.3222459322
2123	1.3220709038
2124	1.3218914235
2125	1.3217074865
2126	1.3215191062
2127	1.3213263335
2128	1.3211292675
2129	1.3209280433
2130	1.3207228042
2131	1.3205136757
2132	1.3203007720
2133	1.3200842245
2134	1.3198641985
2135	1.3196409019
2136	1.3194145589
2137	1.3191853420
2138	1.3189533609
2139	1.3187187182
2140	1.3184815407
2141	1.3182419667
2142	1.3180001150
2143	1.3177560820
2144	1.3175099539
2145	1.3172617893
2146	1.3170116105
2147	1.3167594207
2148	1.3165051984
2149	1.3162488886
2150	1.3159904138
2151	1.3157296852
2152	1.3154666226
2153	1.3152011674
2154	1.3149332620
2155	1.3146628525
2156	1.3143899200
2157	1.3141144727
2158	1.3138365085
2159	1.3135560347
2160	1.3132731083
2161	1.3129878381
2162	1.3127003631
2163	1.3124108224
2164	1.3121193326
2165	1.3118259807
2166	1.3115308358
2167	1.3112339630
2168	1.3109354476
2169	1.3106354067
2170	1.3103339520
2171	1.3100311810
2172	1.3097271773
2173	1.3094219874
2174	1.3091156179
2175	1.3088080498
2176	1.3084992571
2177	1.3081892259
2178	1.3078779484
2179	1.3075653918
2180	1.3072514906
2181	1.3069361804
2182	1.3066194111
2183	1.3063011248
2184	1.3059812697
2185	1.3056598461
2186	1.3053369069
2187	1.3050125228
2188	1.3046867821
2189	1.3043597907
2190	1.3040316438
2191	1.3037024522
2192	1.3033723864
2193	1.3030416460
2194	1.3027104152
2195	1.3023788393
2196	1.3020470233
2197	1.3017150622
2198	1.3013830395
2199	1.3010510129
2200	1.3007190048
2201	1.3003869794
2202	1.3000548719
2203	1.2997226033
2204	1.2993900541
2205	1.2990571014
2206	1.2987236650
2207	1.2983896950
2208	1.2980551603
2209	1.2977200533
2210	1.2973843886
2211	1.2970481867
2212	1.2967114633
2213	1.2963742314
2214	1.2960365072
2215	1.2956983196
2216	1.2953597021
2217	1.2950206958
2218	1.2946813586
2219	1.2943417513
2220	1.2940019244
2221	1.2936619176
2222	1.2933217628
2223	1.2929814712
2224	1.2926410214
2225	1.2923003699
2226	1.2919594602
2227	1.2916182219
2228	1.2912765654
2229	1.2909343964
2230	1.2905916554
2231	1.2902483322
2232	1.2899044382
2233	1.2895600014
2234	1.2892150710
2235	1.2888696824
2236	1.2885238420
2237	1.2881775360
2238	1.2878307340
2239	1.2874834211
2240	1.2871356251
2241	1.2867874093
2242	1.2864388639
2243	1.2860900926
2244	1.2857411699
2245	1.2853921226
2246	1.2850429506
2247	1.2846936327
2248	1.2843441262
2249	1.2839943952
2250	1.2836444409
2251	1.2832942765
2252	1.2829438838
2253	1.2825932227
2254	1.2822422762
2255	1.2818910621
2256	1.2815395572
2257	1.2811876641
2258	1.2808352986
2259	1.2804824280
2260	1.2801290435
2261	1.2797751607
2262	1.2794207973
2263	1.2790659311
2264	1.2787105009
2265	1.2783544521
2266	1.2779977797
2267	1.2776405191
2268	1.2772827159
2269	1.2769244124
2270	1.2765656505
2271	1.2762064914
2272	1.2758470156
2273	1.2754873047
2274	1.2751274180
2275	1.2747673749
2276	1.2744071653
2277	1.2740467906
2278	1.2736862847
2279	1.2733256758
2280	1.2729649648
2281	1.2726041517
2282	1.2722432451
2283	1.2718822564
2284	1.2715211907
2285	1.2711600315
2286	1.2707987458
2287	1.2704372900
2288	1.2700756100
2289	1.2697136375
2290	1.2693512699
2291	1.2689883788
2292	1.2686248580
2293	1.2682606444
2294	1.2678957333
2295	1.2675301561
2296	1.2671639218
2297	1.2667970194
2298	1.2664294480
2299	1.2660612085
2300	1.2656922878
2301	1.2653226716
2302	1.2649523656
2303	1.2645814072
2304	1.2642098668
2305	1.2638378180
2306	1.2634653064
2307	1.2630923412
2308	1.2627189144
2309	1.2623450259
2310	1.2619706691
2311	1.2615958038
2312	1.2612203683
2313	1.2608443143
2314	1.2604676107
2315	1.2600902225
2316	1.2597121027
2317	1.2593331894
2318	1.2589534229
2319	1.2585727581
2320	1.2581911363
2321	1.2578084905
2322	1.2574247886
2323	1.2570400399
2324	1.2566542748
2325	1.2562675372
2326	1.2558798681
2327	1.2554912866
2328	1.2551018082
2329	1.2547114630
2330	1.2543202684
2331	1.2539282046
2332	1.2535352207
2333	1.2531412373
2334	1.2527461640
2335	1.2523499240
2336	1.2519524401
2337	1.2515536127
2338	1.2511533358
2339	1.2507515237
2340	1.2503481178
2341	1.2499430929
2342	1.2495364716
2343	1.2491283358
2344	1.2487188094
2345	1.2483080011
2346	1.2478959722
2347	1.2474827643
2348	1.2470684191
2349	1.2466529743
2350	1.2462364423
2351	1.2458188009
2352	1.2454000264
2353	1.2449800922
2354	1.2445589558
2355	1.2441365839
2356	1.2437129564
2357	1.2432880578
2358	1.2428618680
2359	1.2424343401
2360	1.2420053927
2361	1.2415749167
2362	1.2411427951
2363	1.2407089342
2364	1.2402732624
2365	1.2398356979
2366	1.2393961532
2367	1.2389545532
2368	1.2385108276
2369	1.2380649154
2370	1.2376167939
2371	1.2371665005
2372	1.2367141287
2373	1.2362597989
2374	1.2358036272
2375	1.2353457213
2376	1.2348861854
2377	1.2344251276
2378	1.2339626705
2379	1.2334989382
2380	1.2330340346
2381	1.2325680519
2382	1.2321010902
2383	1.2316332292
2384	1.2311644951
2385	1.2306948973
2386	1.2302244491
2387	1.2297531314
2388	1.2292808874
2389	1.2288076498
2390	1.2283333502
2391	1.2278579090
2392	1.2273812229
2393	1.2269031665
2394	1.2264236110
2395	1.2259424426
2396	1.2254595630
2397	1.2249748658
2398	1.2244882123
2399	1.2239994603
2400	1.2235085156
2401	1.2230153498
2402	1.2225199972
2403	1.2220225344
2404	1.2215230455
2405	1.2210216016
2406	1.2205182634
2407	1.2200130875
2408	1.2195061320
2409	1.2189974786
2410	1.2184872285
2411	1.2179754672
2412	1.2174622602
2413	1.2169476476
2414	1.2164316242
2415	1.2159141513
2416	1.2153951646
2417	1.2148745802
2418	1.2143523160
2419	1.2138283021
2420	1.2133024794
2421	1.2127747904
2422	1.2122451902
2423	1.2117136780
2424	1.2111803031
2425	1.2106451301
2426	1.2101082126
2427	1.2095696126
2428	1.2090294039
2429	1.2084876262
2430	1.2079442663
2431	1.2073993040
2432	1.2068527378
2433	1.2063045613
2434	1.2057547670
2435	1.2052033795
2436	1.2046504474
2437	1.2040960119
2438	1.2035401032
2439	1.2029827444
2440	1.2024239535
2441	1.2018637341
2442	1.2013020673
2443	1.2007389292
2444	1.2001743111
2445	1.1996082308
2446	1.1990406970
2447	1.1984716686
2448	1.1979010880
2449	1.1973288995
2450	1.1967550583
2451	1.1961795423
2452	1.1956023181
2453	1.1950233276
2454	1.1944425160
2455	1.1938598370
2456	1.1932752512
2457	1.1926887549
2458	1.1921003784
2459	1.1915101569
2460	1.1909181177
2461	1.1903242721
2462	1.1897286300
2463	1.1891312241
2464	1.1885320963
2465	1.1879312454
2466	1.1873286077
2467	1.1867241236
2468	1.1861178203
2469	1.1855098006
2470	1.1849001930
2471	1.1842891432
2472	1.1836767803
2473	1.1830631597
2474	1.1824483004
2475	1.1818322544
2476	1.1812150904
2477	1.1805968664
2478	1.1799776345
2479	1.1793574427
2480	1.1787363649
2481	1.1781145060
2482	1.1774919469
2483	1.1768687275
2484	1.1762448734
2485	1.1756203978
2486	1.1749952873
2487	1.1743694745
2488	1.1737428209
2489	1.1731151598
2490	1.1724863474
2491	1.1718562485
2492	1.1712247143
2493	1.1705916124
2494	1.1699568446
2495	1.1693203442
2496	1.1686820912
2497	1.1680421166
2498	1.1674004810
2499	1.1667572344
2500	1.1661124260
2501	1.1654661463
2502	1.1648185371
2503	1.1641697917
2504	1.1635201366
2505	1.1628698090
2506	1.1622190244
2507	1.1615679595
2508	1.1609167526
2509	1.1602654621
2510	1.1596140971
2511	1.1589626892
2512	1.1583112934
2513	1.1576599600
2514	1.1570086802
2515	1.1563573732
2516	1.1557059201
2517	1.1550541423
2518	1.1544018124
2519	1.1537487287
2520	1.1530947355
2521	1.1524397320
2522	1.1517836892
2523	1.1511266230
2524	1.1504685527
2525	1.1498094833
2526	1.1491494485
2527	1.1484885366
2528	1.1478268411
2529	1.1471644223
2530	1.1465013001
2531	1.1458374741
2532	1.1451729828
2533	1.1445079059
2534	1.1438422881
2535	1.1431761545
2536	1.1425095806
2537	1.1418426602
2538	1.1411754587
2539	1.1405080390
2540	1.1398404811
2541	1.1391728586
2542	1.1385052184
2543	1.1378375885
2544	1.1371699821
2545	1.1365023897
2546	1.1358347752
2547	1.1351670954
2548	1.1344993497
2549	1.1338315787
2550	1.1331638339
2551	1.1324962207
2552	1.1318289150
2553	1.1311620879
2554	1.1304958718
2555	1.1298303812
2556	1.1291657154
2557	1.1285019459
2558	1.1278391249
2559	1.1271773103
2560	1.1265165763
2561	1.1258570009
2562	1.1251986595
2563	1.1245415995
2564	1.1238858174
2565	1.1232313229
2566	1.1225781489
2567	1.1219262828
2568	1.1212756723
2569	1.1206262704
2570	1.1199780385
2571	1.1193309211
2572	1.1186848562
2573	1.1180397962
2574	1.1173957238
2575	1.1167526642
2576	1.1161106640
2577	1.1154697897
2578	1.1148301026
2579	1.1141916104
2580	1.1135543175
2581	1.1129182793
2582	1.1122835699
2583	1.1116502647
2584	1.1110184214
2585	1.1103880491
2586	1.1097591205
2587	1.1091315653
2588	1.1085052863
2589	1.1078802404
2590	1.1072564612
2591	1.1066339775
2592	1.1060127571
2593	1.1053927777
2594	1.1047740857
2595	1.1041567521
2596	1.1035408078
2597	1.1029262232
2598	1.1023129530
2599	1.1017010137
2600	1.1010905356
2601	1.1004817383
2602	1.0998748677
2603	1.0992701372
2604	1.0986676911
2605	1.0980676286
2606	1.0974700175
2607	1.0968748950
2608	1.0962822879
2609	1.0956921904
2610	1.0951045461
2611	1.0945192715
2612	1.0939362678
2613	1.0933554060
2614	1.0927765159
2615	1.0921994172
2616	1.0916239393
2617	1.0910499410
2618	1.0904773748
2619	1.0899062601
2620	1.0893366109
2621	1.0887684903
2622	1.0882020422
2623	1.0876373916
2624	1.0870745811
2625	1.0865135893
2626	1.0859543684
2627	1.0853968733
2628	1.0848410725
2629	1.0842869578
2630	1.0837345241
2631	1.0831837397
2632	1.0826345679
2633	1.0820869738
2634	1.0815409191
2635	1.0809963797
2636	1.0804533282
2637	1.0799117328
2638	1.0793715955
2639	1.0788329163
2640	1.0782956386
2641	1.0777596815
2642	1.0772249987
2643	1.0766916117
2644	1.0761595918
2645	1.0756289972
2646	1.0750998679
2647	1.0745722689
2648	1.0740462837
2649	1.0735220127
2650	1.0729995993
2651	1.0724791666
2652	1.0719607925
2653	1.0714445847
2654	1.0709306500
2655	1.0704189979
2656	1.0699095283
2657	1.0694021116
2658	1.0688966459
2659	1.0683930382
2660	1.0678911807
2661	1.0673909650
2662	1.0668923156
2663	1.0663951835
2664	1.0658995377
2665	1.0654053853
2666	1.0649127719
2667	1.0644217607
2668	1.0639323946
2669	1.0634447032
2670	1.0629587415
2671	1.0624745914
2672	1.0619923510
2673	1.0615121220
2674	1.0610339816
2675	1.0605579429
2676	1.0600839635
2677	1.0596120094
2678	1.0591420362
2679	1.0586739276
2680	1.0582075303
2681	1.0577427175
2682	1.0572794229
2683	1.0568176587
2684	1.0563575308
2685	1.0558991934
2686	1.0554427350
2687	1.0549881872
2688	1.0545355794
2689	1.0540848835
2690	1.0536359987
2691	1.0531887955
2692	1.0527431652
2693	1.0522990740
2694	1.0518565310
2695	1.0514155141
2696	1.0509759807
2697	1.0505379475
2698	1.0501015118
2699	1.0496667606
2700	1.0492337144
2701	1.0488023724
2702	1.0483727362
2703	1.0479448020
2704	1.0475185623
2705	1.0470940094
2706	1.0466711445
2707	1.0462499647
2708	1.0458304314
2709	1.0454124765
2710	1.0449960091
2711	1.0445809084
2712	1.0441670766
2713	1.0437544517
2714	1.0433429572
2715	1.0429325100
2716	1.0425230568
2717	1.0421145685
2718	1.0417070356
2719	1.0413005014
2720	1.0408950697
2721	1.0404908928
2722	1.0400881668
2723	1.0396870923
2724	1.0392878347
2725	1.0388905128
2726	1.0384951931
2727	1.0381019023
2728	1.0377106752
2729	1.0373215672
2730	1.0369346221
2731	1.0365498404
2732	1.0361671332
2733	1.0357863275
2734	1.0354072231
2735	1.0350296538
2736	1.0346534994
2737	1.0342786250
2738	1.0339048886
2739	1.0335322008
2740	1.0331605035
2741	1.0327897355
2742	1.0324198462
2743	1.0320508293
2744	1.0316827329
2745	1.0313156134
2746	1.0309495008
2747	1.0305844284
2748	1.0302204454
2749	1.0298576072
2750	1.0294959693
2751	1.0291355749
2752	1.0287764497
2753	1.0284186182
2754	1.0280621048
2755	1.0277069184
2756	1.0273530821
2757	1.0270006404
2758	1.0266496567
2759	1.0263002162
2760	1.0259523406
2761	1.0256059585
2762	1.0252609736
2763	1.0249172638
2764	1.0245746500
2765	1.0242329238
2766	1.0238918952
2767	1.0235514038
2768	1.0232112990
2769	1.0228714375
2770	1.0225316962
2771	1.0221919747
2772	1.0218521954
2773	1.0215123070
2774	1.0211722602
2775	1.0208319817
2776	1.0204914186
2777	1.0201505826
2778	1.0198095163
2779	1.0194682491
2780	1.0191268084
2781	1.0187852374
2782	1.0184435885
2783	1.0181019318
2784	1.0177603529
2785	1.0174189497
2786	1.0170778307
2787	1.0167370543
2788	1.0163966084
2789	1.0160564867
2790	1.0157167072
2791	1.0153772413
2792	1.0150379845
2793	1.0146988044
2794	1.0143595764
2795	1.0140202042
2796	1.0136806501
2797	1.0133409084
2798	1.0130009477
2799	1.0126607211
2800	1.0123201886
2801	1.0119793342
2802	1.0116381969
2803	1.0112968485
2804	1.0109553263
2805	1.0106135865
2806	1.0102715455
2807	1.0099291687
2808	1.0095864723
2809	1.0092434650
2810	1.0089001415
2811	1.0085564969
2812	1.0082125071
2813	1.0078681111
2814	1.0075232243
2815	1.0071777737
2816	1.0068316820
2817	1.0064848484
2818	1.0061371800
2819	1.0057885801
2820	1.0054389301
2821	1.0050881082
2822	1.0047360039
2823	1.0043825420
2824	1.0040276924
2825	1.0036714404
2826	1.0033137674
2827	1.0029546628
2828	1.0025941257
2829	1.0022321836
2830	1.0018688887
2831	1.0015042638
2832	1.0011383191
2833	1.0007711057
2834	1.0004027023
2835	1.0000331871
2836	0.9996626326
2837	0.9992910912
2838	0.9989185658
2839	0.9985449969
2840	0.9981702842
2841	0.9977943192
2842	0.9974170017
2843	0.9970382479
2844	0.9966579897
2845	0.9962761641
2846	0.9958927019
2847	0.9955075124
2848	0.9951204726
2849	0.9947314629
2850	0.9943403912
2851	0.9939471657
2852	0.9935516860
2853	0.9931538575
2854	0.9927536058
2855	0.9923508739
2856	0.9919456186
2857	0.9915378194
2858	0.9911275021
2859	0.9907147792
2860	0.9902998076
2861	0.9898826865
2862	0.9894634494
2863	0.9890421155
2864	0.9886187106
2865	0.9881932789
2866	0.9877658988
2867	0.9873366711
2868	0.9869056835
2869	0.9864730055
2870	0.9860386820
2871	0.9856027048
2872	0.9851650402
2873	0.9847256531
2874	0.9842845013
2875	0.9838415364
2876	0.9833966923
2877	0.9829498900
2878	0.9825010374
2879	0.9820500238
2880	0.9815967435
2881	0.9811411123
2882	0.9806830623
2883	0.9802225628
2884	0.9797596500
2885	0.9792944222
2886	0.9788270100
2887	0.9783575642
2888	0.9778862722
2889	0.9774133508
2890	0.9769390102
2891	0.9764634228
2892	0.9759867183
2893	0.9755090055
2894	0.9750303409
2895	0.9745507057
2896	0.9740700588
2897	0.9735883491
2898	0.9731055017
2899	0.9726214421
2900	0.9721360896
2901	0.9716493387
2902	0.9711610989
2903	0.9706713121
2904	0.9701799315
2905	0.9696869392
2906	0.9691923596
2907	0.9686962248
2908	0.9681985407
2909	0.9676992880
2910	0.9671984181
2911	0.9666958485
2912	0.9661914910
2913	0.9656852996
2914	0.9651772913
2915	0.9646674986
2916	0.9641559297
2917	0.9636426164
2918	0.9631276434
2919	0.9626110982
2920	0.9620930555
2921	0.9615736065
2922	0.9610528444
2923	0.9605307864
2924	0.9600073403
2925	0.9594823876
2926	0.9589558331
2927	0.9584275910
2928	0.9578975847
2929	0.9573657440
2930	0.9568320307
2931	0.9562964781
2932	0.9557591978
2933	0.9552203503
2934	0.9546800831
2935	0.9541385201
2936	0.9535957919
2937	0.9530520501
2938	0.9525074813
2939	0.9519622669
2940	0.9514165086
2941	0.9508702398
2942	0.9503234951
2943	0.9497762823
2944	0.9492285512
2945	0.9486802618
2946	0.9481313966
2947	0.9475819282
2948	0.9470317916
2949	0.9464808559
2950	0.9459289740
2951	0.9453760141
2952	0.9448218312
2953	0.9442663025
2954	0.9437093908
2955	0.9431511400
2956	0.9425916229
2957	0.9420308990
2958	0.9414690245
2959	0.9409060784
2960	0.9403421391
2961	0.9397772595
2962	0.9392114601
2963	0.9386447461
2964	0.9380771765
2965	0.9375088633
2966	0.9369398927
2967	0.9363703338
2968	0.9358002824
2969	0.9352297996
2970	0.9346588822
2971	0.9340875334
2972	0.9335157723
2973	0.9329435918
2974	0.9323710128
2975	0.9317981072
2976	0.9312248856
2977	0.9306512448
2978	0.9300770045
2979	0.9295019610
2980	0.9289259280
2981	0.9283487301
2982	0.9277702131
2983	0.9271902652
2984	0.9266088181
2985	0.9260258551
2986	0.9254414206
2987	0.9248555888
2988	0.9242684165
2989	0.9236799726
2990	0.9230903818
2991	0.9224998018
2992	0.9219083810
2993	0.9213162318
2994	0.9207234312
2995	0.9201300788
2996	0.9195363308
2997	0.9189423552
2998	0.9183483137
2999	0.9177543631
