0	1.2500000087
1	1.2501980430
2	1.2503944261
3	1.2505893063
4	1.2507828848
5	1.2509753894
6	1.2511670512
7	1.2513580849
8	1.2515486728
9	1.2517389546
10	1.2519290225
11	1.2521189214
12	1.2523086547
13	1.2524981928
14	1.2526874841
15	1.2528764669
16	1.2530650804
17	1.2532532738
18	1.2534410125
19	1.2536282817
20	1.2538150863
21	1.2540014481
22	1.2541874010
23	1.2543729845
24	1.2545582379
25	1.2547431934
26	1.2549278724
27	1.2551122819
28	1.2552964144
29	1.2554802488
30	1.2556637534
31	1.2558468901
32	1.2560296192
33	1.2562119039
34	1.2563937142
35	1.2565750299
36	1.2567558411
37	1.2569361487
38	1.2571159622
39	1.2572952967
40	1.2574741697
41	1.2576525967
42	1.2578305883
43	1.2580081469
44	1.2581852653
45	1.2583619264
46	1.2585381044
47	1.2587137667
48	1.2588888774
49	1.2590633995
50	1.2592372983
51	1.2594105441
52	1.2595831139
53	1.2597549930
54	1.2599261742
55	1.2600966564
56	1.2602664423
57	1.2604355360
58	1.2606039405
59	1.2607716549
60	1.2609386719
61	1.2611049763
62	1.2612705449
63	1.2614353476
64	1.2615993499
65	1.2617625171
66	1.2619248169
67	1.2620862178
68	1.2622466879
69	1.2624061958
70	1.2625647154
71	1.2627222289
72	1.2628787248
73	1.2630341969
74	1.2631886446
75	1.2633420716
76	1.2634944771
77	1.2636458465
78	1.2637961514
79	1.2639453558
80	1.2640934213
81	1.2642403084
82	1.2643859781
83	1.2645303938
84	1.2646735224
85	1.2648153395
86	1.2649558335
87	1.2650949950
88	1.2652328011
89	1.2653692192
90	1.2655042273
91	1.2656378171
92	1.2657699745
93	1.2659006720
94	1.2660298808
95	1.2661575750
96	1.2662837195
97	1.2664082655
98	1.2665311667
99	1.2666523958
100	1.2667719378
101	1.2668897749
102	1.2670058911
103	1.2671202821
104	1.2672329370
105	1.2673438207
106	1.2674528900
107	1.2675601084
108	1.2676654305
109	1.2677688004
110	1.2678701741
111	1.2679695158
112	1.2680667765
113	1.2681618984
114	1.2682548212
115	1.2683454714
116	1.2684337619
117	1.2685196079
118	1.2686029370
119	1.2686836887
120	1.2687618150
121	1.2688372825
122	1.2689100698
123	1.2689801616
124	1.2690475544
125	1.2691122533
126	1.2691742452
127	1.2692334761
128	1.2692898614
129	1.2693433221
130	1.2693938368
131	1.2694414596
132	1.2694862515
133	1.2695281933
134	1.2695671727
135	1.2696030530
136	1.2696357772
137	1.2696654053
138	1.2696920353
139	1.2697157256
140	1.2697364913
141	1.2697543056
142	1.2697690844
143	1.2697806768
144	1.2697888914
145	1.2697935912
146	1.2697947578
147	1.2697924474
148	1.2697867416
149	1.2697777421
150	1.2697655457
151	1.2697501923
152	1.2697316208
153	1.2697096776
154	1.2696841715
155	1.2696548920
156	1.2696216205
157	1.2695841979
158	1.2695425742
159	1.2694968012
160	1.2694470112
161	1.2693933959
162	1.2693361795
163	1.2692755537
164	1.2692116156
165	1.2691443630
166	1.2690736928
167	1.2689993877
168	1.2689211586
169	1.2688387068
170	1.2687517617
171	1.2686601116
172	1.2685636443
173	1.2684623819
174	1.2683564605
175	1.2682460961
176	1.2681315850
177	1.2680132576
178	1.2678914064
179	1.2677662606
180	1.2676379603
181	1.2675065182
182	1.2673718074
183	1.2672335850
184	1.2670915281
185	1.2669452515
186	1.2667943609
187	1.2666385316
188	1.2664775246
189	1.2663112102
190	1.2661396148
191	1.2659629083
192	1.2657813737
193	1.2655953832
194	1.2654053553
195	1.2652116992
196	1.2650147637
197	1.2648148293
198	1.2646120952
199	1.2644066417
200	1.2641984333
201	1.2639873127
202	1.2637730050
203	1.2635551891
204	1.2633335292
205	1.2631076688
206	1.2628772439
207	1.2626419139
208	1.2624014382
209	1.2621557454
210	1.2619049265
211	1.2616491415
212	1.2613885232
213	1.2611232233
214	1.2608535037
215	1.2605797508
216	1.2603024339
217	1.2600219783
218	1.2597386767
219	1.2594527112
220	1.2591641582
221	1.2588729817
222	1.2585790639
223	1.2582822642
224	1.2579824556
225	1.2576794951
226	1.2573732108
227	1.2570634198
228	1.2567499735
229	1.2564328110
230	1.2561119302
231	1.2557873767
232	1.2554592675
233	1.2551277246
234	1.2547927991
235	1.2544544434
236	1.2541125250
237	1.2537668712
238	1.2534172921
239	1.2530636244
240	1.2527057922
241	1.2523438293
242	1.2519778453
243	1.2516079703
244	1.2512343655
245	1.2508572072
246	1.2504766300
247	1.2500927493
248	1.2497056824
249	1.2493155499
250	1.2489224792
251	1.2485265898
252	1.2481280102
253	1.2477268640
254	1.2473232250
255	1.2469171164
256	1.2465085286
257	1.2460974296
258	1.2456837676
259	1.2452675186
260	1.2448487080
261	1.2444273562
262	1.2440034733
263	1.2435770570
264	1.2431480763
265	1.2427164881
266	1.2422822341
267	1.2418452364
268	1.2414053578
269	1.2409623804
270	1.2405161038
271	1.2400664489
272	1.2396134824
273	1.2391573490
274	1.2386981441
275	1.2382358374
276	1.2377703497
277	1.2373017407
278	1.2368302323
279	1.2363560260
280	1.2358791370
281	1.2353993835
282	1.2349165669
283	1.2344306325
284	1.2339416655
285	1.2334498077
286	1.2329551749
287	1.2324578687
288	1.2319579667
289	1.2314554266
290	1.2309500981
291	1.2304418807
292	1.2299308475
293	1.2294171977
294	1.2289011589
295	1.2283829619
296	1.2278628461
297	1.2273410459
298	1.2268177070
299	1.2262928797
300	1.2257666444
301	1.2252391603
302	1.2247105770
303	1.2241809178
304	1.2236501019
305	1.2231180099
306	1.2225844182
307	1.2220489844
308	1.2215113690
309	1.2209713517
310	1.2204288520
311	1.2198838877
312	1.2193365758
313	1.2187871298
314	1.2182357820
315	1.2176826771
316	1.2171278896
317	1.2165715237
318	1.2160136859
319	1.2154544420
320	1.2148938796
321	1.2143321568
322	1.2137694193
323	1.2132056755
324	1.2126408295
325	1.2120747298
326	1.2115071198
327	1.2109376560
328	1.2103660077
329	1.2097919549
330	1.2092153940
331	1.2086363247
332	1.2080548940
333	1.2074713669
334	1.2068859974
335	1.2062989503
336	1.2057103450
337	1.2051202477
338	1.2045286085
339	1.2039353195
340	1.2033402779
341	1.2027433644
342	1.2021444519
343	1.2015435146
344	1.2009406779
345	1.2003361078
346	1.1997299598
347	1.1991224001
348	1.1985135866
349	1.1979036539
350	1.1972927534
351	1.1966811100
352	1.1960689697
353	1.1954565336
354	1.1948439887
355	1.1942314821
356	1.1936190217
357	1.1930064723
358	1.1923936656
359	1.1917803968
360	1.1911663720
361	1.1905512895
362	1.1899349049
363	1.1893170279
364	1.1886975639
365	1.1880765942
366	1.1874543654
367	1.1868312228
368	1.1862076091
369	1.1855839834
370	1.1849606762
371	1.1843378421
372	1.1837154838
373	1.1830934496
374	1.1824714204
375	1.1818490240
376	1.1812259463
377	1.1806019260
378	1.1799767947
379	1.1793505484
380	1.1787233180
381	1.1780953088
382	1.1774668251
383	1.1768382331
384	1.1762098619
385	1.1755820236
386	1.1749550113
387	1.1743290163
388	1.1737041108
389	1.1730803112
390	1.1724575722
391	1.1718357463
392	1.1712146558
393	1.1705941164
394	1.1699738898
395	1.1693537333
396	1.1687334826
397	1.1681130494
398	1.1674923528
399	1.1668713154
400	1.1662498381
401	1.1656277863
402	1.1650051212
403	1.1643819686
404	1.1637585099
405	1.1631348776
406	1.1625111548
407	1.1618874169
408	1.1612638398
409	1.1606407656
410	1.1600185044
411	1.1593971232
412	1.1587764654
413	1.1581562696
414	1.1575362662
415	1.1569162433
416	1.1562960472
417	1.1556755280
418	1.1550546030
419	1.1544333158
420	1.1538117353
421	1.1531899013
422	1.1525678961
423	1.1519458992
424	1.1513241191
425	1.1507027123
426	1.1500817359
427	1.1494611578
428	1.1488409788
429	1.1482212525
430	1.1476020013
431	1.1469832652
432	1.1463652074
433	1.1457480634
434	1.1451320349
435	1.1445172692
436	1.1439038415
437	1.1432917941
438	1.1426811683
439	1.1420719189
440	1.1414639279
441	1.1408571352
442	1.1402515336
443	1.1396470331
444	1.1390434636
445	1.1384406570
446	1.1378384417
447	1.1372366426
448	1.1366350991
449	1.1360337193
450	1.1354325575
451	1.1348317853
452	1.1342315815
453	1.1336321146
454	1.1330335928
455	1.1324361621
456	1.1318398204
457	1.1312444911
458	1.1306500751
459	1.1300564508
460	1.1294634817
461	1.1288710376
462	1.1282790398
463	1.1276874899
464	1.1270963906
465	1.1265057227
466	1.1259155627
467	1.1253260815
468	1.1247374674
469	1.1241499368
470	1.1235637233
471	1.1229789907
472	1.1223958001
473	1.1218141489
474	1.1212339747
475	1.1206551330
476	1.1200773395
477	1.1195001992
478	1.1189233833
479	1.1183467004
480	1.1177700365
481	1.1171933458
482	1.1166166868
483	1.1160401941
484	1.1154640729
485	1.1148886068
486	1.1143140614
487	1.1137406088
488	1.1131683341
489	1.1125973050
490	1.1120276406
491	1.1114594533
492	1.1108927475
493	1.1103274640
494	1.1097635461
495	1.1092008795
496	1.1086393176
497	1.1080787786
498	1.1075192197
499	1.1069605947
500	1.1064028493
501	1.1058459008
502	1.1052896178
503	1.1047338375
504	1.1041784196
505	1.1036233091
506	1.1030685324
507	1.1025141351
508	1.1019601983
509	1.1014068221
510	1.1008540391
511	1.1003018344
512	1.0997502178
513	1.0991992065
514	1.0986487906
515	1.0980989638
516	1.0975497027
517	1.0970009167
518	1.0964524511
519	1.0959041110
520	1.0953557047
521	1.0948070525
522	1.0942579994
523	1.0937084784
524	1.0931585051
525	1.0926081057
526	1.0920573184
527	1.0915062000
528	1.0909547689
529	1.0904030216
530	1.0898509795
531	1.0892986816
532	1.0887461714
533	1.0881934779
534	1.0876405979
535	1.0870874991
536	1.0865341401
537	1.0859804978
538	1.0854265832
539	1.0848724121
540	1.0843179989
541	1.0837633821
542	1.0832085819
543	1.0826535761
544	1.0820983262
545	1.0815427519
546	1.0809867014
547	1.0804299859
548	1.0798723997
549	1.0793136986
550	1.0787536508
551	1.0781921242
552	1.0776291112
553	1.0770646785
554	1.0764988973
555	1.0759318350
556	1.0753635674
557	1.0747941823
558	1.0742237933
559	1.0736525113
560	1.0730803904
561	1.0725074357
562	1.0719336076
563	1.0713587940
564	1.0707828394
565	1.0702055869
566	1.0696269132
567	1.0690467679
568	1.0684651593
569	1.0678821069
570	1.0672976306
571	1.0667117765
572	1.0661246197
573	1.0655362304
574	1.0649466553
575	1.0643559583
576	1.0637642308
577	1.0631715422
578	1.0625779409
579	1.0619834682
580	1.0613881352
581	1.0607919164
582	1.0601947482
583	1.0595965082
584	1.0589970207
585	1.0583960988
586	1.0577935602
587	1.0571892388
588	1.0565830248
589	1.0559749009
590	1.0553649401
591	1.0547532650
592	1.0541400204
593	1.0535253662
594	1.0529094535
595	1.0522923972
596	1.0516742645
597	1.0510550768
598	1.0504348281
599	1.0498134767
600	1.0491909334
601	1.0485671002
602	1.0479418863
603	1.0473151831
604	1.0466868660
605	1.0460568032
606	1.0454248535
607	1.0447908748
608	1.0441547464
609	1.0435163847
610	1.0428757387
611	1.0422327764
612	1.0415874777
613	1.0409398413
614	1.0402899240
615	1.0396378762
616	1.0389838988
617	1.0383281820
618	1.0376708883
619	1.0370121493
620	1.0363520643
621	1.0356906949
622	1.0350280571
623	1.0343641210
624	1.0336988175
625	1.0330320629
626	1.0323637871
627	1.0316939310
628	1.0310224356
629	1.0303492537
630	1.0296743663
631	1.0289977638
632	1.0283194193
633	1.0276393080
634	1.0269574464
635	1.0262739010
636	1.0255887599
637	1.0249021065
638	1.0242140062
639	1.0235245201
640	1.0228337126
641	1.0221416167
642	1.0214482365
643	1.0207535928
644	1.0200577186
645	1.0193606304
646	1.0186623220
647	1.0179627720
648	1.0172619560
649	1.0165598590
650	1.0158564734
651	1.0151517939
652	1.0144458152
653	1.0137385360
654	1.0130299381
655	1.0123199605
656	1.0116085402
657	1.0108956558
658	1.0101813153
659	1.0094655298
660	1.0087482988
661	1.0080296241
662	1.0073095069
663	1.0065878806
664	1.0058645938
665	1.0051394855
666	1.0044124350
667	1.0036833831
668	1.0029523550
669	1.0022194784
670	1.0014849731
671	1.0007490840
672	1.0000120098
673	0.9992738954
674	0.9985348591
675	0.9977949663
676	0.9970541793
677	0.9963123755
678	0.9955694155
679	0.9948251714
680	0.9940795206
681	0.9933323474
682	0.9925835187
683	0.9918328874
684	0.9910803344
685	0.9903257841
686	0.9895692380
687	0.9888107948
688	0.9880505751
689	0.9872886543
690	0.9865250750
691	0.9857598558
692	0.9849929729
693	0.9842243655
694	0.9834540020
695	0.9826819361
696	0.9819082685
697	0.9811330986
698	0.9803565293
699	0.9795786830
700	0.9787996848
701	0.9780196289
702	0.9772385874
703	0.9764566171
704	0.9756737079
705	0.9748897810
706	0.9741047471
707	0.9733185301
708	0.9725310808
709	0.9717423861
710	0.9709524823
711	0.9701614502
712	0.9693693435
713	0.9685761657
714	0.9677819285
715	0.9669866673
716	0.9661904118
717	0.9653931796
718	0.9645949841
719	0.9637958191
720	0.9629956216
721	0.9621942456
722	0.9613915017
723	0.9605872276
724	0.9597813146
725	0.9589736965
726	0.9581643832
727	0.9573534788
728	0.9565410901
729	0.9557272842
730	0.9549121139
731	0.9540955845
732	0.9532776489
733	0.9524582760
734	0.9516374765
735	0.9508152896
736	0.9499917789
737	0.9491670557
738	0.9483412901
739	0.9475146318
740	0.9466871514
741	0.9458588627
742	0.9450297218
743	0.9441996261
744	0.9433684811
745	0.9425362669
746	0.9417030052
747	0.9408686941
748	0.9400333476
749	0.9391970686
750	0.9383600266
751	0.9375223882
752	0.9366842555
753	0.9358456369
754	0.9350064502
755	0.9341665103
756	0.9333255803
757	0.9324834176
758	0.9316397650
759	0.9307944127
760	0.9299472503
761	0.9290982419
762	0.9282474196
763	0.9273949156
764	0.9265410033
765	0.9256860832
766	0.9248305699
767	0.9239748172
768	0.9231191168
769	0.9222636743
770	0.9214086186
771	0.9205540418
772	0.9196999783
773	0.9188463577
774	0.9179930791
775	0.9171400710
776	0.9162871721
777	0.9154341060
778	0.9145806247
779	0.9137265611
780	0.9128717922
781	0.9120162370
782	0.9111598942
783	0.9103028891
784	0.9094454353
785	0.9085877849
786	0.9077302274
787	0.9068730160
788	0.9060163325
789	0.9051603053
790	0.9043049413
791	0.9034501119
792	0.9025956677
793	0.9017415156
794	0.9008875931
795	0.9000338461
796	0.8991802745
797	0.8983269491
798	0.8974739314
799	0.8966212280
800	0.8957688166
801	0.8949166806
802	0.8940648225
803	0.8932132673
804	0.8923621014
805	0.8915114602
806	0.8906615111
807	0.8898124425
808	0.8889643589
809	0.8881172727
810	0.8872712100
811	0.8864262113
812	0.8855822850
813	0.8847394402
814	0.8838977627
815	0.8830574150
816	0.8822184812
817	0.8813809171
818	0.8805446643
819	0.8797096574
820	0.8788758163
821	0.8780431000
822	0.8772114697
823	0.8763808312
824	0.8755511295
825	0.8747224681
826	0.8738950982
827	0.8730693699
828	0.8722456245
829	0.8714240340
830	0.8706046308
831	0.8697874789
832	0.8689726978
833	0.8681603662
834	0.8673504592
835	0.8665429094
836	0.8657376485
837	0.8649344944
838	0.8641331828
839	0.8633335130
840	0.8625353604
841	0.8617386814
842	0.8609434965
843	0.8601498048
844	0.8593575846
845	0.8585668448
846	0.8577776381
847	0.8569900588
848	0.8562041999
849	0.8554201066
850	0.8546377242
851	0.8538568902
852	0.8530773872
853	0.8522989472
854	0.8515213042
855	0.8507443281
856	0.8499680609
857	0.8491925787
858	0.8484179138
859	0.8476441544
860	0.8468714647
861	0.8461000107
862	0.8453299831
863	0.8445616299
864	0.8437952344
865	0.8430310771
866	0.8422693720
867	0.8415102498
868	0.8407537430
869	0.8399997811
870	0.8392482328
871	0.8384989270
872	0.8377517564
873	0.8370067177
874	0.8362637499
875	0.8355226699
876	0.8347832512
877	0.8340452617
878	0.8333085412
879	0.8325730932
880	0.8318390069
881	0.8311063452
882	0.8303751830
883	0.8296456579
884	0.8289179165
885	0.8281920984
886	0.8274683715
887	0.8267469211
888	0.8260278991
889	0.8253113842
890	0.8245974159
891	0.8238859709
892	0.8231769181
893	0.8224700735
894	0.8217652436
895	0.8210622691
896	0.8203610432
897	0.8196614475
898	0.8189634083
899	0.8182669764
900	0.8175722285
901	0.8168792262
902	0.8161880831
903	0.8154989756
904	0.8148120884
905	0.8141275882
906	0.8134456736
907	0.8127665456
908	0.8120903426
909	0.8114171472
910	0.8107469365
911	0.8100795229
912	0.8094146333
913	0.8087520034
914	0.8080913786
915	0.8074325492
916	0.8067754223
917	0.8061199951
918	0.8054662830
919	0.8048142916
920	0.8041639799
921	0.8035152833
922	0.8028681597
923	0.8022225739
924	0.8015785395
925	0.8009361507
926	0.8002955499
927	0.7996568805
928	0.7990202667
929	0.7983858077
930	0.7977534979
931	0.7971232372
932	0.7964949749
933	0.7958687025
934	0.7952443981
935	0.7946220904
936	0.7940018202
937	0.7933835487
938	0.7927671965
939	0.7921527334
940	0.7915401889
941	0.7909295820
942	0.7903208767
943	0.7897140182
944	0.7891090300
945	0.7885060364
946	0.7879051633
947	0.7873064209
948	0.7867096449
949	0.7861145795
950	0.7855210619
951	0.7849291689
952	0.7843391775
953	0.7837513545
954	0.7831658462
955	0.7825827375
956	0.7820021399
957	0.7814242798
958	0.7808493669
959	0.7802773189
960	0.7797078083
961	0.7791404948
962	0.7785751380
963	0.7780116199
964	0.7774499300
965	0.7768901322
966	0.7763323213
967	0.7757766142
968	0.7752231067
969	0.7746717603
970	0.7741224355
971	0.7735750488
972	0.7730295850
973	0.7724859989
974	0.7719441402
975	0.7714037794
976	0.7708647419
977	0.7703270029
978	0.7697906572
979	0.7692558557
980	0.7687227740
981	0.7681915711
982	0.7676624000
983	0.7671353922
984	0.7666105649
985	0.7660879160
986	0.7655676080
987	0.7650499073
988	0.7645349797
989	0.7640228252
990	0.7635133672
991	0.7630064848
992	0.7625019881
993	0.7619996703
994	0.7614993530
995	0.7610009451
996	0.7605044800
997	0.7600099637
998	0.7595173035
999	0.7590264140
1000	0.7585372862
1001	0.7580499856
1002	0.7575646078
1003	0.7570812415
1004	0.7565999841
1005	0.7561209445
1006	0.7556441840
1007	0.7551696782
1008	0.7546973546
1009	0.7542271494
1010	0.7537590214
1011	0.7532929099
1012	0.7528287045
1013	0.7523663095
1014	0.7519056941
1015	0.7514468160
1016	0.7509895569
1017	0.7505338101
1018	0.7500796080
1019	0.7496270697
1020	0.7491763279
1021	0.7487275284
1022	0.7482807282
1023	0.7478358462
1024	0.7473926822
1025	0.7469509111
1026	0.7465102046
1027	0.7460703790
1028	0.7456313555
1029	0.7451930692
1030	0.7447555098
1031	0.7443188028
1032	0.7438831520
1033	0.7434487437
1034	0.7430157609
1035	0.7425843945
1036	0.7421548159
1037	0.7417271196
1038	0.7413013120
1039	0.7408773806
1040	0.7404552942
1041	0.7400349667
1042	0.7396162883
1043	0.7391991647
1044	0.7387835351
1045	0.7383693838
1046	0.7379566762
1047	0.7375452990
1048	0.7371351231
1049	0.7367260156
1050	0.7363177903
1051	0.7359102889
1052	0.7355034763
1053	0.7350974238
1054	0.7346922640
1055	0.7342881454
1056	0.7338852178
1057	0.7334836149
1058	0.7330834035
1059	0.7326845457
1060	0.7322869304
1061	0.7318904555
1062	0.7314949866
1063	0.7311003102
1064	0.7307062386
1065	0.7303126468
1066	0.7299194169
1067	0.7295264398
1068	0.7291336550
1069	0.7287410754
1070	0.7283487533
1071	0.7279567444
1072	0.7275651486
1073	0.7271741329
1074	0.7267838996
1075	0.7263946517
1076	0.7260065752
1077	0.7256198028
1078	0.7252343668
1079	0.7248501752
1080	0.7244670529
1081	0.7240848583
1082	0.7237035006
1083	0.7233228628
1084	0.7229428137
1085	0.7225632929
1086	0.7221843028
1087	0.7218058385
1088	0.7214279308
1089	0.7210506580
1090	0.7206740878
1091	0.7202983242
1092	0.7199235325
1093	0.7195498677
1094	0.7191774194
1095	0.7188061506
1096	0.7184359219
1097	0.7180665980
1098	0.7176980851
1099	0.7173303242
1100	0.7169633007
1101	0.7165970758
1102	0.7162317455
1103	0.7158673692
1104	0.7155039794
1105	0.7151416008
1106	0.7147802380
1107	0.7144198584
1108	0.7140603987
1109	0.7137017838
1110	0.7133438821
1111	0.7129865113
1112	0.7126295694
1113	0.7122730821
1114	0.7119171471
1115	0.7115619335
1116	0.7112076899
1117	0.7108546890
1118	0.7105031352
1119	0.7101530805
1120	0.7098044494
1121	0.7094571320
1122	0.7091109522
1123	0.7087656730
1124	0.7084211177
1125	0.7080771866
1126	0.7077338246
1127	0.7073910384
1128	0.7070488797
1129	0.7067073707
1130	0.7063664712
1131	0.7060261043
1132	0.7056861712
1133	0.7053465739
1134	0.7050072452
1135	0.7046681583
1136	0.7043293645
1137	0.7039909649
1138	0.7036530591
1139	0.7033158041
1140	0.7029794205
1141	0.7026441146
1142	0.7023100436
1143	0.7019773690
1144	0.7016463169
1145	0.7013171183
1146	0.7009899311
1147	0.7006648272
1148	0.7003417568
1149	0.7000205292
1150	0.6997009228
1151	0.6993827619
1152	0.6990658537
1153	0.6987499709
1154	0.6984349135
1155	0.6981205551
1156	0.6978068943
1157	0.6974940792
1158	0.6971823329
1159	0.6968718335
1160	0.6965626823
1161	0.6962549870
1162	0.6959489729
1163	0.6956449631
1164	0.6953431401
1165	0.6950434434
1166	0.6947457171
1167	0.6944497602
1168	0.6941553712
1169	0.6938624512
1170	0.6935709941
1171	0.6932810355
1172	0.6929926339
1173	0.6927058951
1174	0.6924209571
1175	0.6921379289
1176	0.6918569173
1177	0.6915780795
1178	0.6913015880
1179	0.6910275569
1180	0.6907560322
1181	0.6904870401
1182	0.6902205854
1183	0.6899566803
1184	0.6896953737
1185	0.6894366654
1186	0.6891804679
1187	0.6889267040
1188	0.6886754406
1189	0.6884268994
1190	0.6881813554
1191	0.6879391266
1192	0.6877005946
1193	0.6874660247
1194	0.6872353923
1195	0.6870084790
1196	0.6867850003
1197	0.6865646936
1198	0.6863473995
1199	0.6861330082
1200	0.6859214264
1201	0.6857126212
1202	0.6855065968
1203	0.6853034017
1204	0.6851031353
1205	0.6849058986
1206	0.6847118172
1207	0.6845210854
1208	0.6843339097
1209	0.6841504431
1210	0.6839708234
1211	0.6837951113
1212	0.6836232106
1213	0.6834550135
1214	0.6832904641
1215	0.6831294924
1216	0.6829720136
1217	0.6828179447
1218	0.6826672166
1219	0.6825198315
1220	0.6823760236
1221	0.6822363354
1222	0.6821014016
1223	0.6819717388
1224	0.6818477536
1225	0.6817297296
1226	0.6816177388
1227	0.6815116314
1228	0.6814111531
1229	0.6813161121
1230	0.6812264389
1231	0.6811420908
1232	0.6810629867
1233	0.6809889766
1234	0.6809198193
1235	0.6808552782
1236	0.6807951746
1237	0.6807393675
1238	0.6806878183
1239	0.6806406454
1240	0.6805980027
1241	0.6805600024
1242	0.6805268318
1243	0.6804986955
1244	0.6804757121
1245	0.6804580355
1246	0.6804458663
1247	0.6804393556
1248	0.6804385696
1249	0.6804435090
1250	0.6804541828
1251	0.6804705397
1252	0.6804923972
1253	0.6805195390
1254	0.6805517457
1255	0.6805888021
1256	0.6806305794
1257	0.6806770794
1258	0.6807283583
1259	0.6807844895
1260	0.6808456069
1261	0.6809118327
1262	0.6809831970
1263	0.6810596928
1264	0.6811413778
1265	0.6812283780
1266	0.6813207784
1267	0.6814185762
1268	0.6815217251
1269	0.6816301635
1270	0.6817438359
1271	0.6818626579
1272	0.6819864789
1273	0.6821151928
1274	0.6822487999
1275	0.6823873126
1276	0.6825307363
1277	0.6826790840
1278	0.6828322997
1279	0.6829902466
1280	0.6831527899
1281	0.6833200082
1282	0.6834922936
1283	0.6836700707
1284	0.6838536178
1285	0.6840431135
1286	0.6842386433
1287	0.6844403040
1288	0.6846483270
1289	0.6848628829
1290	0.6850837829
1291	0.6853105750
1292	0.6855428305
1293	0.6857802682
1294	0.6860227642
1295	0.6862701866
1296	0.6865222164
1297	0.6867784350
1298	0.6870385284
1299	0.6873024362
1300	0.6875703293
1301	0.6878424854
1302	0.6881192253
1303	0.6884008327
1304	0.6886875131
1305	0.6889793916
1306	0.6892764567
1307	0.6895785845
1308	0.6898857197
1309	0.6901979806
1310	0.6905155571
1311	0.6908385682
1312	0.6911670743
1313	0.6915011935
1314	0.6918410813
1315	0.6921868323
1316	0.6925383716
1317	0.6928953646
1318	0.6932574260
1319	0.6936243942
1320	0.6939962498
1321	0.6943729978
1322	0.6947548026
1323	0.6951420374
1324	0.6955350706
1325	0.6959341189
1326	0.6963392460
1327	0.6967503696
1328	0.6971673666
1329	0.6975901281
1330	0.6980185381
1331	0.6984524422
1332	0.6988915858
1333	0.6993357428
1334	0.6997848001
1335	0.7002386773
1336	0.7006973826
1337	0.7011610860
1338	0.7016301012
1339	0.7021047673
1340	0.7025852207
1341	0.7030713207
1342	0.7035628450
1343	0.7040596338
1344	0.7045615021
1345	0.7050681873
1346	0.7055794493
1347	0.7060951339
1348	0.7066151760
1349	0.7071395841
1350	0.7076684288
1351	0.7082018619
1352	0.7087401502
1353	0.7092836370
1354	0.7098325605
1355	0.7103869915
1356	0.7109469845
1357	0.7115126103
1358	0.7120838147
1359	0.7126603963
1360	0.7132421434
1361	0.7138289411
1362	0.7144207688
1363	0.7150176172
1364	0.7156194571
1365	0.7162261860
1366	0.7168375738
1367	0.7174533329
1368	0.7180731463
1369	0.7186967894
1370	0.7193243018
1371	0.7199558191
1372	0.7205913938
1373	0.7212310909
1374	0.7218750462
1375	0.7225234174
1376	0.7231763319
1377	0.7238338282
1378	0.7244958759
1379	0.7251625151
1380	0.7258338661
1381	0.7265100353
1382	0.7271911719
1383	0.7278774960
1384	0.7285692472
1385	0.7292666001
1386	0.7299695746
1387	0.7306780711
1388	0.7313919488
1389	0.7321110577
1390	0.7328352109
1391	0.7335641403
1392	0.7342976104
1393	0.7350355390
1394	0.7357778911
1395	0.7365246459
1396	0.7372759467
1397	0.7380320479
1398	0.7387930585
1399	0.7395588794
1400	0.7403293567
1401	0.7411043258
1402	0.7418835598
1403	0.7426668872
1404	0.7434543061
1405	0.7442459330
1406	0.7450419462
1407	0.7458424667
1408	0.7466475123
1409	0.7474571190
1410	0.7482713538
1411	0.7490902101
1412	0.7499135708
1413	0.7507412709
1414	0.7515731151
1415	0.7524088763
1416	0.7532483427
1417	0.7540913920
1418	0.7549380782
1419	0.7557885570
1420	0.7566429705
1421	0.7575014537
1422	0.7583641181
1423	0.7592310189
1424	0.7601020588
1425	0.7609769697
1426	0.7618555039
1427	0.7627374863
1428	0.7636227870
1429	0.7645113801
1430	0.7654032943
1431	0.7662985304
1432	0.7671970815
1433	0.7680989792
1434	0.7690043403
1435	0.7699134298
1436	0.7708265878
1437	0.7717440998
1438	0.7726662061
1439	0.7735931184
1440	0.7745249131
1441	0.7754614480
1442	0.7764024633
1443	0.7773476865
1444	0.7782967771
1445	0.7792492898
1446	0.7802047630
1447	0.7811628020
1448	0.7821231309
1449	0.7830856348
1450	0.7840503566
1451	0.7850174756
1452	0.7859872342
1453	0.7869597872
1454	0.7879351438
1455	0.7889132527
1456	0.7898940750
1457	0.7908775411
1458	0.7918635471
1459	0.7928521112
1460	0.7938433389
1461	0.7948372355
1462	0.7958337278
1463	0.7968327293
1464	0.7978341660
1465	0.7988379551
1466	0.7998439248
1467	0.8008518604
1468	0.8018615673
1469	0.8028728010
1470	0.8038852830
1471	0.8048988438
1472	0.8059134276
1473	0.8069290417
1474	0.8079458118
1475	0.8089639653
1476	0.8099837475
1477	0.8110054000
1478	0.8120291294
1479	0.8130550574
1480	0.8140831844
1481	0.8151134123
1482	0.8161455938
1483	0.8171795295
1484	0.8182149801
1485	0.8192516509
1486	0.8202891624
1487	0.8213271700
1488	0.8223654834
1489	0.8234040060
1490	0.8244426839
1491	0.8254815296
1492	0.8265206168
1493	0.8275600954
1494	0.8286002165
1495	0.8296412794
1496	0.8306834881
1497	0.8317268805
1498	0.8327713884
1499	0.8338169372
1500	0.8348635246
1501	0.8359111625
1502	0.8369597716
1503	0.8380092049
1504	0.8390592981
1505	0.8401099182
1506	0.8411610330
1507	0.8422127046
1508	0.8432649896
1509	0.8443178678
1510	0.8453713007
1511	0.8464253119
1512	0.8474799893
1513	0.8485354267
1514	0.8495917189
1515	0.8506490036
1516	0.8517073746
1517	0.8527667744
1518	0.8538270154
1519	0.8548879090
1520	0.8559493752
1521	0.8570114134
1522	0.8580740880
1523	0.8591375122
1524	0.8602017370
1525	0.8612667424
1526	0.8623325136
1527	0.8633990377
1528	0.8644662931
1529	0.8655342523
1530	0.8666028719
1531	0.8676721255
1532	0.8687419928
1533	0.8698123935
1534	0.8708832197
1535	0.8719544008
1536	0.8730258706
1537	0.8740975242
1538	0.8751692444
1539	0.8762409417
1540	0.8773125794
1541	0.8783842093
1542	0.8794559503
1543	0.8805278771
1544	0.8815999731
1545	0.8826721840
1546	0.8837444291
1547	0.8848165597
1548	0.8858883864
1549	0.8869597519
1550	0.8880305782
1551	0.8891008630
1552	0.8901706533
1553	0.8912400303
1554	0.8923090758
1555	0.8933778631
1556	0.8944464764
1557	0.8955150336
1558	0.8965837002
1559	0.8976526440
1560	0.8987219870
1561	0.8997917671
1562	0.9008619176
1563	0.9019323402
1564	0.9030029603
1565	0.9040737222
1566	0.9051446069
1567	0.9062156358
1568	0.9072868716
1569	0.9083584162
1570	0.9094303409
1571	0.9105026374
1572	0.9115752866
1573	0.9126482953
1574	0.9137216489
1575	0.9147953147
1576	0.9158692614
1577	0.9169434374
1578	0.9180177612
1579	0.9190921488
1580	0.9201665335
1581	0.9212408591
1582	0.9223150851
1583	0.9233891919
1584	0.9244631421
1585	0.9255368556
1586	0.9266102400
1587	0.9276832271
1588	0.9287557980
1589	0.9298279721
1590	0.9308997938
1591	0.9319713603
1592	0.9330428006
1593	0.9341142135
1594	0.9351856719
1595	0.9362572502
1596	0.9373290125
1597	0.9384009968
1598	0.9394732309
1599	0.9405457371
1600	0.9416185141
1601	0.9426915424
1602	0.9437647861
1603	0.9448381908
1604	0.9459116875
1605	0.9469851972
1606	0.9480586560
1607	0.9491320299
1608	0.9502053165
1609	0.9512785391
1610	0.9523517182
1611	0.9534248477
1612	0.9544979097
1613	0.9555708990
1614	0.9566438115
1615	0.9577166365
1616	0.9587893744
1617	0.9598620486
1618	0.9609347006
1619	0.9620073761
1620	0.9630801178
1621	0.9641529444
1622	0.9652258359
1623	0.9662987615
1624	0.9673717144
1625	0.9684447242
1626	0.9695178300
1627	0.9705910432
1628	0.9716643581
1629	0.9727377749
1630	0.9738113141
1631	0.9748850145
1632	0.9759588739
1633	0.9770328136
1634	0.9781067414
1635	0.9791805912
1636	0.9802543084
1637	0.9813278520
1638	0.9824012012
1639	0.9834743595
1640	0.9845473637
1641	0.9856202847
1642	0.9866932070
1643	0.9877662079
1644	0.9888393511
1645	0.9899126897
1646	0.9909862667
1647	0.9920601066
1648	0.9931342037
1649	0.9942085271
1650	0.9952830492
1651	0.9963577541
1652	0.9974326142
1653	0.9985075695
1654	0.9995825235
1655	1.0006573781
1656	1.0017320679
1657	1.0028065451
1658	1.0038807635
1659	1.0049546960
1660	1.0060283641
1661	1.0071018272
1662	1.0081751582
1663	1.0092484529
1664	1.0103218287
1665	1.0113954148
1666	1.0124693392
1667	1.0135437101
1668	1.0146185767
1669	1.0156938885
1670	1.0167695434
1671	1.0178454422
1672	1.0189214492
1673	1.0199973916
1674	1.0210731372
1675	1.0221486211
1676	1.0232238201
1677	1.0242987356
1678	1.0253733895
1679	1.0264478422
1680	1.0275221905
1681	1.0285965220
1682	1.0296708863
1683	1.0307453008
1684	1.0318197772
1685	1.0328943501
1686	1.0339690688
1687	1.0350439694
1688	1.0361190642
1689	1.0371943335
1690	1.0382697126
1691	1.0393451086
1692	1.0404204429
1693	1.0414956758
1694	1.0425708002
1695	1.0436458364
1696	1.0447208170
1697	1.0457957774
1698	1.0468707856
1699	1.0479459256
1700	1.0490212426
1701	1.0500967221
1702	1.0511723088
1703	1.0522479529
1704	1.0533236345
1705	1.0543993461
1706	1.0554750597
1707	1.0565507235
1708	1.0576262872
1709	1.0587017144
1710	1.0597769883
1711	1.0608521235
1712	1.0619271821
1713	1.0630022484
1714	1.0640773543
1715	1.0651524722
1716	1.0662275760
1717	1.0673026625
1718	1.0683777221
1719	1.0694527337
1720	1.0705276868
1721	1.0716025751
1722	1.0726773769
1723	1.0737520571
1724	1.0748265974
1725	1.0759010205
1726	1.0769753841
1727	1.0780497603
1728	1.0791242000
1729	1.0801987262
1730	1.0812733537
1731	1.0823480728
1732	1.0834228209
1733	1.0844974975
1734	1.0855720089
1735	1.0866462812
1736	1.0877202502
1737	1.0887938831
1738	1.0898671922
1739	1.0909402348
1740	1.0920131224
1741	1.0930859457
1742	1.0941587179
1743	1.0952314386
1744	1.0963041088
1745	1.0973767083
1746	1.0984492338
1747	1.0995217078
1748	1.1005941496
1749	1.1016665390
1750	1.1027388093
1751	1.1038109020
1752	1.1048827892
1753	1.1059544323
1754	1.1070257669
1755	1.1080967210
1756	1.1091672224
1757	1.1102372401
1758	1.1113068093
1759	1.1123759806
1760	1.1134447697
1761	1.1145131910
1762	1.1155813013
1763	1.1166491563
1764	1.1177168040
1765	1.1187843242
1766	1.1198517939
1767	1.1209192427
1768	1.1219866555
1769	1.1230540041
1770	1.1241212241
1771	1.1251881523
1772	1.1262545269
1773	1.1273200421
1774	1.1283844557
1775	1.1294476819
1776	1.1305097786
1777	1.1315709163
1778	1.1326313779
1779	1.1336915036
1780	1.1347515461
1781	1.1358116071
1782	1.1368717160
1783	1.1379318444
1784	1.1389918774
1785	1.1400516566
1786	1.1411110051
1787	1.1421697131
1788	1.1432275427
1789	1.1442842696
1790	1.1453397792
1791	1.1463941000
1792	1.1474473424
1793	1.1484996905
1794	1.1495513774
1795	1.1506026081
1796	1.1516535194
1797	1.1527041581
1798	1.1537545057
1799	1.1548045606
1800	1.1558543229
1801	1.1569037231
1802	1.1579526554
1803	1.1590009875
1804	1.1600485231
1805	1.1610950505
1806	1.1621404303
1807	1.1631846041
1808	1.1642275466
1809	1.1652692585
1810	1.1663097195
1811	1.1673488558
1812	1.1683866192
1813	1.1694229669
1814	1.1704577778
1815	1.1714908664
1816	1.1725220186
1817	1.1735510049
1818	1.1745775775
1819	1.1756015236
1820	1.1766227599
1821	1.1776413455
1822	1.1786574335
1823	1.1796712767
1824	1.1806832303
1825	1.1816936451
1826	1.1827027502
1827	1.1837106158
1828	1.1847172143
1829	1.1857225354
1830	1.1867266233
1831	1.1877295415
1832	1.1887313603
1833	1.1897321826
1834	1.1907321546
1835	1.1917314662
1836	1.1927303403
1837	1.1937289444
1838	1.1947272706
1839	1.1957251066
1840	1.1967221350
1841	1.1977180607
1842	1.1987126377
1843	1.1997056181
1844	1.2006967044
1845	1.2016855775
1846	1.2026720015
1847	1.2036558506
1848	1.2046370583
1849	1.2056156270
1850	1.2065916250
1851	1.2075651196
1852	1.2085361790
1853	1.2095049306
1854	1.2104715324
1855	1.2114361320
1856	1.2123989359
1857	1.2133601987
1858	1.2143200778
1859	1.2152785600
1860	1.2162354511
1861	1.2171904427
1862	1.2181432080
1863	1.2190933962
1864	1.2200406266
1865	1.2209844943
1866	1.2219245779
1867	1.2228605411
1868	1.2237922104
1869	1.2247195661
1870	1.2256427468
1871	1.2265620284
1872	1.2274777707
1873	1.2283903569
1874	1.2293000621
1875	1.2302069976
1876	1.2311112123
1877	1.2320127369
1878	1.2329115026
1879	1.2338072889
1880	1.2346998039
1881	1.2355887564
1882	1.2364738460
1883	1.2373547992
1884	1.2382314081
1885	1.2391035283
1886	1.2399710946
1887	1.2408341380
1888	1.2416927645
1889	1.2425470895
1890	1.2433972181
1891	1.2442432607
1892	1.2450853470
1893	1.2459236261
1894	1.2467582029
1895	1.2475890692
1896	1.2484161221
1897	1.2492392336
1898	1.2500582800
1899	1.2508731364
1900	1.2516837037
1901	1.2524899307
1902	1.2532917721
1903	1.2540891523
1904	1.2548820012
1905	1.2556703204
1906	1.2564541888
1907	1.2572336859
1908	1.2580088548
1909	1.2587797227
1910	1.2595463031
1911	1.2603085750
1912	1.2610664642
1913	1.2618198720
1914	1.2625687098
1915	1.2633129098
1916	1.2640524683
1917	1.2647874485
1918	1.2655178899
1919	1.2662437791
1920	1.2669651011
1921	1.2676818150
1922	1.2683938503
1923	1.2691011827
1924	1.2698038667
1925	1.2705020363
1926	1.2711958507
1927	1.2718853961
1928	1.2725706755
1929	1.2732516708
1930	1.2739283669
1931	1.2746007403
1932	1.2752688051
1933	1.2759326397
1934	1.2765923223
1935	1.2772478738
1936	1.2778992517
1937	1.2785463869
1938	1.2791892224
1939	1.2798277110
1940	1.2804617940
1941	1.2810913805
1942	1.2817163360
1943	1.2823364989
1944	1.2829516870
1945	1.2835616980
1946	1.2841663487
1947	1.2847655105
1948	1.2853591084
1949	1.2859471294
1950	1.2865296313
1951	1.2871067344
1952	1.2876785946
1953	1.2882453709
1954	1.2888072467
1955	1.2893644817
1956	1.2899174002
1957	1.2904663281
1958	1.2910115354
1959	1.2915531811
1960	1.2920912779
1961	1.2926257179
1962	1.2931562931
1963	1.2936826739
1964	1.2942044516
1965	1.2947212602
1966	1.2952328562
1967	1.2957391284
1968	1.2962400998
1969	1.2967359228
1970	1.2972268313
1971	1.2977130858
1972	1.2981949471
1973	1.2986726382
1974	1.2991463119
1975	1.2996160433
1976	1.3000818478
1977	1.3005437117
1978	1.3010015756
1979	1.3014552637
1980	1.3019044832
1981	1.3023489238
1982	1.3027883340
1983	1.3032225388
1984	1.3036514455
1985	1.3040750228
1986	1.3044932842
1987	1.3049062863
1988	1.3053140976
1989	1.3057167599
1990	1.3061142769
1991	1.3065066459
1992	1.3068939020
1993	1.3072761189
1994	1.3076533979
1995	1.3080258537
1996	1.3083935713
1997	1.3087565989
1998	1.3091149415
1999	1.3094685048
2000	1.3098171040
2001	1.3101605044
2002	1.3104984573
2003	1.3108307740
2004	1.3111573671
2005	1.3114782344
2006	1.3117934277
2007	1.3121030532
2008	1.3124072858
2009	1.3127063179
2010	1.3130002963
2011	1.3132893365
2012	1.3135735611
2013	1.3138530706
2014	1.3141278923
2015	1.3143979930
2016	1.3146633356
2017	1.3149239169
2018	1.3151797396
2019	1.3154307561
2020	1.3156768597
2021	1.3159179165
2022	1.3161538183
2023	1.3163845373
2024	1.3166101399
2025	1.3168307414
2026	1.3170464431
2027	1.3172573320
2028	1.3174635099
2029	1.3176650696
2030	1.3178620567
2031	1.3180544391
2032	1.3182420722
2033	1.3184247251
2034	1.3186021832
2035	1.3187743218
2036	1.3189410912
2037	1.3191024651
2038	1.3192584172
2039	1.3194089594
2040	1.3195541999
2041	1.3196943517
2042	1.3198296993
2043	1.3199605490
2044	1.3200871895
2045	1.3202098884
2046	1.3203288656
2047	1.3204442223
2048	1.3205559155
2049	1.3206637845
2050	1.3207675794
2051	1.3208669978
2052	1.3209617170
2053	1.3210513990
2054	1.3211357177
2055	1.3212144160
2056	1.3212873176
2057	1.3213542970
2058	1.3214152766
2059	1.3214702448
2060	1.3215192893
2061	1.3215626241
2062	1.3216005485
2063	1.3216333623
2064	1.3216613067
2065	1.3216845607
2066	1.3217032523
2067	1.3217174478
2068	1.3217271585
2069	1.3217323782
2070	1.3217330995
2071	1.3217293063
2072	1.3217209782
2073	1.3217080840
2074	1.3216905504
2075	1.3216682649
2076	1.3216411494
2077	1.3216092137
2078	1.3215725314
2079	1.3215312204
2080	1.3214854340
2081	1.3214353208
2082	1.3213809842
2083	1.3213224619
2084	1.3212597225
2085	1.3211927048
2086	1.3211213701
2087	1.3210456867
2088	1.3209655764
2089	1.3208809217
2090	1.3207916290
2091	1.3206976532
2092	1.3205989745
2093	1.3204955877
2094	1.3203875274
2095	1.3202748825
2096	1.3201577526
2097	1.3200362028
2098	1.3199102788
2099	1.3197800340
2100	1.3196455192
2101	1.3195067683
2102	1.3193637974
2103	1.3192166065
2104	1.3190652131
2105	1.3189096719
2106	1.3187500450
2107	1.3185863891
2108	1.3184187487
2109	1.3182471507
2110	1.3180716184
2111	1.3178921977
2112	1.3177089823
2113	1.3175221267
2114	1.3173318477
2115	1.3171383813
2116	1.3169419245
2117	1.3167426249
2118	1.3165405761
2119	1.3163358044
2120	1.3161282776
2121	1.3159179231
2122	1.3157046367
2123	1.3154883118
2124	1.3152688945
2125	1.3150464238
2126	1.3148210310
2127	1.3145929078
2128	1.3143622650
2129	1.3141293031
2130	1.3138942001
2131	1.3136570628
2132	1.3134178956
2133	1.3131766766
2134	1.3129333744
2135	1.3126878784
2136	1.3124400052
2137	1.3121895304
2138	1.3119362161
2139	1.3116798758
2140	1.3114204347
2141	1.3111579768
2142	1.3108927428
2143	1.3106250751
2144	1.3103553586
2145	1.3100839477
2146	1.3098111188
2147	1.3095370928
2148	1.3092620490
2149	1.3089860804
2150	1.3087091976
2151	1.3084313736
2152	1.3081525065
2153	1.3078723994
2154	1.3075908124
2155	1.3073074932
2156	1.3070221948
2157	1.3067346961
2158	1.3064448342
2159	1.3061525359
2160	1.3058578378
2161	1.3055608512
2162	1.3052616819
2163	1.3049604608
2164	1.3046574394
2165	1.3043529719
2166	1.3040474144
2167	1.3037410634
2168	1.3034341348
2169	1.3031267629
2170	1.3028190132
2171	1.3025109017
2172	1.3022024355
2173	1.3018935971
2174	1.3015842713
2175	1.3012742836
2176	1.3009635375
2177	1.3006520668
2178	1.3003399671
2179	1.3000273256
2180	1.2997141889
2181	1.2994005597
2182	1.2990864383
2183	1.2987718746
2184	1.2984569627
2185	1.2981417778
2186	1.2978263598
2187	1.2975107079
2188	1.2971947737
2189	1.2968785212
2190	1.2965619135
2191	1.2962448600
2192	1.2959272555
2193	1.2956090101
2194	1.2952900356
2195	1.2949702262
2196	1.2946494815
2197	1.2943277990
2198	1.2940053042
2199	1.2936821913
2200	1.2933586624
2201	1.2930348681
2202	1.2927108733
2203	1.2923866845
2204	1.2920622848
2205	1.2917376333
2206	1.2914126790
2207	1.2910874006
2208	1.2907617866
2209	1.2904357927
2210	1.2901093558
2211	1.2897824269
2212	1.2894549690
2213	1.2891269585
2214	1.2887984275
2215	1.2884694536
2216	1.2881400908
2217	1.2878103846
2218	1.2874804302
2219	1.2871503415
2220	1.2868201837
2221	1.2864899363
2222	1.2861595032
2223	1.2858287555
2224	1.2854975241
2225	1.2851655967
2226	1.2848327656
2227	1.2844988679
2228	1.2841638632
2229	1.2838278808
2230	1.2834911442
2231	1.2831538708
2232	1.2828162388
2233	1.2824783981
2234	1.2821404903
2235	1.2818026453
2236	1.2814649190
2237	1.2811272733
2238	1.2807896229
2239	1.2804518273
2240	1.2801136804
2241	1.2797749672
2242	1.2794355135
2243	1.2790951677
2244	1.2787537757
2245	1.2784112042
2246	1.2780673958
2247	1.2777224329
2248	1.2773765239
2249	1.2770299330
2250	1.2766829482
2251	1.2763358623
2252	1.2759889496
2253	1.2756424463
2254	1.2752965057
2255	1.2749511669
2256	1.2746063718
2257	1.2742619715
2258	1.2739177386
2259	1.2735734328
2260	1.2732288314
2261	1.2728837230
2262	1.2725379588
2263	1.2721914730
2264	1.2718442036
2265	1.2714960748
2266	1.2711470705
2267	1.2707972243
2268	1.2704465453
2269	1.2700950081
2270	1.2697426099
2271	1.2693893887
2272	1.2690353951
2273	1.2686807005
2274	1.2683254061
2275	1.2679696457
2276	1.2676135608
2277	1.2672572214
2278	1.2669006280
2279	1.2665437706
2280	1.2661866319
2281	1.2658292045
2282	1.2654714856
2283	1.2651134449
2284	1.2647550219
2285	1.2643961156
2286	1.2640366230
2287	1.2636764652
2288	1.2633155594
2289	1.2629538455
2290	1.2625913291
2291	1.2622280523
2292	1.2618640389
2293	1.2614992760
2294	1.2611337071
2295	1.2607672300
2296	1.2603997224
2297	1.2600310677
2298	1.2596611913
2299	1.2592900866
2300	1.2589177916
2301	1.2585443450
2302	1.2581697777
2303	1.2577941363
2304	1.2574174603
2305	1.2570397360
2306	1.2566609032
2307	1.2562809112
2308	1.2558997454
2309	1.2555174024
2310	1.2551338758
2311	1.2547491705
2312	1.2543633092
2313	1.2539763281
2314	1.2535882874
2315	1.2531992659
2316	1.2528093324
2317	1.2524185352
2318	1.2520268984
2319	1.2516344217
2320	1.2512410686
2321	1.2508467235
2322	1.2504511803
2323	1.2500542159
2324	1.2496556540
2325	1.2492553663
2326	1.2488532823
2327	1.2484493817
2328	1.2480436493
2329	1.2476360955
2330	1.2472267975
2331	1.2468158535
2332	1.2464033285
2333	1.2459892838
2334	1.2455738118
2335	1.2451569869
2336	1.2447388025
2337	1.2443191481
2338	1.2438978372
2339	1.2434746756
2340	1.2430495021
2341	1.2426222030
2342	1.2421927152
2343	1.2417610148
2344	1.2413271309
2345	1.2408911179
2346	1.2404530141
2347	1.2400128858
2348	1.2395708546
2349	1.2391270668
2350	1.2386816827
2351	1.2382348774
2352	1.2377868299
2353	1.2373377057
2354	1.2368876325
2355	1.2364366757
2356	1.2359848218
2357	1.2355319622
2358	1.2350779093
2359	1.2346224523
2360	1.2341654260
2361	1.2337067282
2362	1.2332462762
2363	1.2327840076
2364	1.2323199404
2365	1.2318541716
2366	1.2313867983
2367	1.2309178840
2368	1.2304474523
2369	1.2299754810
2370	1.2295019390
2371	1.2290268067
2372	1.2285500913
2373	1.2280718366
2374	1.2275920988
2375	1.2271109198
2376	1.2266282851
2377	1.2261441190
2378	1.2256583417
2379	1.2251709109
2380	1.2246818210
2381	1.2241910638
2382	1.2236985858
2383	1.2232043165
2384	1.2227082043
2385	1.2222101930
2386	1.2217102264
2387	1.2212082695
2388	1.2207042737
2389	1.2201981733
2390	1.2196899374
2391	1.2191795997
2392	1.2186672484
2393	1.2181530001
2394	1.2176369801
2395	1.2171192931
2396	1.2165999716
2397	1.2160789798
2398	1.2155562783
2399	1.2150318356
2400	1.2145056037
2401	1.2139775485
2402	1.2134476906
2403	1.2129160776
2404	1.2123827459
2405	1.2118477131
2406	1.2113109900
2407	1.2107726356
2408	1.2102327464
2409	1.2096913862
2410	1.2091486168
2411	1.2086045476
2412	1.2080592800
2413	1.2075128627
2414	1.2069652908
2415	1.2064164586
2416	1.2058661414
2417	1.2053140590
2418	1.2047599315
2419	1.2042035240
2420	1.2036447343
2421	1.2030836350
2422	1.2025203946
2423	1.2019551506
2424	1.2013879585
2425	1.2008188418
2426	1.2002478597
2427	1.1996751316
2428	1.1991007583
2429	1.1985247357
2430	1.1979469863
2431	1.1973674071
2432	1.1967859314
2433	1.1962025565
2434	1.1956172529
2435	1.1950299344
2436	1.1944405167
2437	1.1938489602
2438	1.1932552403
2439	1.1926593071
2440	1.1920611679
2441	1.1914609410
2442	1.1908587924
2443	1.1902549324
2444	1.1896496501
2445	1.1890432515
2446	1.1884359861
2447	1.1878280286
2448	1.1872194900
2449	1.1866104422
2450	1.1860008791
2451	1.1853906649
2452	1.1847795625
2453	1.1841672772
2454	1.1835534853
2455	1.1829378870
2456	1.1823202362
2457	1.1817003328
2458	1.1810780773
2459	1.1804535235
2460	1.1798268440
2461	1.1791982934
2462	1.1785681721
2463	1.1779367549
2464	1.1773042265
2465	1.1766706965
2466	1.1760362469
2467	1.1754009085
2468	1.1747646478
2469	1.1741274452
2470	1.1734893587
2471	1.1728504521
2472	1.1722107232
2473	1.1715701462
2474	1.1709286816
2475	1.1702862569
2476	1.1696428138
2477	1.1689983009
2478	1.1683526222
2479	1.1677057189
2480	1.1670576753
2481	1.1664086715
2482	1.1657588722
2483	1.1651083492
2484	1.1644570451
2485	1.1638047965
2486	1.1631513722
2487	1.1624965822
2488	1.1618404285
2489	1.1611830989
2490	1.1605248485
2491	1.1598658696
2492	1.1592062400
2493	1.1585460062
2494	1.1578852521
2495	1.1572240574
2496	1.1565624013
2497	1.1559001641
2498	1.1552372072
2499	1.1545733977
2500	1.1539086041
2501	1.1532426855
2502	1.1525755272
2503	1.1519070983
2504	1.1512374443
2505	1.1505667311
2506	1.1498952729
2507	1.1492233485
2508	1.1485510438
2509	1.1478782855
2510	1.1472049370
2511	1.1465308998
2512	1.1458561160
2513	1.1451805074
2514	1.1445039671
2515	1.1438263915
2516	1.1431477314
2517	1.1424680131
2518	1.1417873341
2519	1.1411058289
2520	1.1404236459
2521	1.1397409786
2522	1.1390580689
2523	1.1383751880
2524	1.1376926365
2525	1.1370107164
2526	1.1363296268
2527	1.1356494408
2528	1.1349701804
2529	1.1342917717
2530	1.1336140293
2531	1.1329367813
2532	1.1322599410
2533	1.1315834828
2534	1.1309073784
2535	1.1302315653
2536	1.1295559892
2537	1.1288806671
2538	1.1282057460
2539	1.1275314636
2540	1.1268580462
2541	1.1261857105
2542	1.1255146633
2543	1.1248450693
2544	1.1241770690
2545	1.1235107410
2546	1.1228460546
2547	1.1221829270
2548	1.1215212628
2549	1.1208609373
2550	1.1202017512
2551	1.1195433679
2552	1.1188854068
2553	1.1182276023
2554	1.1175698018
2555	1.1169119218
2556	1.1162539958
2557	1.1155962389
2558	1.1149389731
2559	1.1142824798
2560	1.1136270097
2561	1.1129728578
2562	1.1123203061
2563	1.1116695593
2564	1.1110207725
2565	1.1103740238
2566	1.1097292734
2567	1.1090864314
2568	1.1084454219
2569	1.1078061965
2570	1.1071687525
2571	1.1065330676
2572	1.1058990475
2573	1.1052666271
2574	1.1046357935
2575	1.1040065043
2576	1.1033786846
2577	1.1027522328
2578	1.1021270629
2579	1.1015031619
2580	1.1008805631
2581	1.1002593228
2582	1.0996395930
2583	1.0990215955
2584	1.0984054528
2585	1.0977911862
2586	1.0971788108
2587	1.0965683823
2588	1.0959600183
2589	1.0953538334
2590	1.0947498545
2591	1.0941480266
2592	1.0935483274
2593	1.0929507862
2594	1.0923553808
2595	1.0917620322
2596	1.0911706256
2597	1.0905809971
2598	1.0899929737
2599	1.0894064275
2600	1.0888213012
2601	1.0882375897
2602	1.0876553475
2603	1.0870747092
2604	1.0864957774
2605	1.0859185397
2606	1.0853429393
2607	1.0847689055
2608	1.0841963155
2609	1.0836249911
2610	1.0830548045
2611	1.0824857849
2612	1.0819180363
2613	1.0813516684
2614	1.0807868239
2615	1.0802236399
2616	1.0796622154
2617	1.0791026057
2618	1.0785447932
2619	1.0779887584
2620	1.0774345699
2621	1.0768823117
2622	1.0763320109
2623	1.0757836801
2624	1.0752373487
2625	1.0746930501
2626	1.0741508099
2627	1.0736106588
2628	1.0730725974
2629	1.0725365280
2630	1.0720023179
2631	1.0714698491
2632	1.0709389381
2633	1.0704093863
2634	1.0698811245
2635	1.0693541921
2636	1.0688286174
2637	1.0683043968
2638	1.0677815348
2639	1.0672600608
2640	1.0667400381
2641	1.0662215335
2642	1.0657046310
2643	1.0651894673
2644	1.0646761795
2645	1.0641648526
2646	1.0636555404
2647	1.0631482949
2648	1.0626431803
2649	1.0621402886
2650	1.0616396732
2651	1.0611412991
2652	1.0606450957
2653	1.0601509718
2654	1.0596588167
2655	1.0591685034
2656	1.0586798666
2657	1.0581927166
2658	1.0577068868
2659	1.0572223019
2660	1.0567389826
2661	1.0562570045
2662	1.0557765671
2663	1.0552980341
2664	1.0548217800
2665	1.0543480402
2666	1.0538768932
2667	1.0534082784
2668	1.0529419719
2669	1.0524775948
2670	1.0520147269
2671	1.0515530102
2672	1.0510921924
2673	1.0506321197
2674	1.0501727667
2675	1.0497142748
2676	1.0492568281
2677	1.0488005657
2678	1.0483456254
2679	1.0478921856
2680	1.0474404638
2681	1.0469906038
2682	1.0465426156
2683	1.0460964561
2684	1.0456520207
2685	1.0452090881
2686	1.0447674154
2687	1.0443268645
2688	1.0438874025
2689	1.0434490850
2690	1.0430120460
2691	1.0425764265
2692	1.0421423445
2693	1.0417099368
2694	1.0412793573
2695	1.0408507314
2696	1.0404241482
2697	1.0399996520
2698	1.0395771689
2699	1.0391565084
2700	1.0387374428
2701	1.0383197670
2702	1.0379033339
2703	1.0374880202
2704	1.0370737134
2705	1.0366603578
2706	1.0362479556
2707	1.0358365482
2708	1.0354261921
2709	1.0350169411
2710	1.0346088737
2711	1.0342021118
2712	1.0337967949
2713	1.0333930446
2714	1.0329909443
2715	1.0325905191
2716	1.0321916956
2717	1.0317943958
2718	1.0313987275
2719	1.0310049171
2720	1.0306130878
2721	1.0302231443
2722	1.0298347871
2723	1.0294476948
2724	1.0290616876
2725	1.0286766972
2726	1.0282926974
2727	1.0279097101
2728	1.0275278285
2729	1.0271472044
2730	1.0267679896
2731	1.0263902889
2732	1.0260141603
2733	1.0256396222
2734	1.0252666760
2735	1.0248952539
2736	1.0245251642
2737	1.0241561605
2738	1.0237879950
2739	1.0234204003
2740	1.0230530882
2741	1.0226857828
2742	1.0223182308
2743	1.0219502365
2744	1.0215817320
2745	1.0212128048
2746	1.0208436457
2747	1.0204744162
2748	1.0201052338
2749	1.0197362596
2750	1.0193676510
2751	1.0189995405
2752	1.0186321136
2753	1.0182655625
2754	1.0178999759
2755	1.0175353332
2756	1.0171714997
2757	1.0168082067
2758	1.0164451439
2759	1.0160820628
2760	1.0157188139
2761	1.0153553402
2762	1.0149916047
2763	1.0146275824
2764	1.0142633350
2765	1.0138990130
2766	1.0135347837
2767	1.0131707458
2768	1.0128069036
2769	1.0124432058
2770	1.0120795888
2771	1.0117160100
2772	1.0113524171
2773	1.0109887088
2774	1.0106247920
2775	1.0102606690
2776	1.0098964191
2777	1.0095321020
2778	1.0091677692
2779	1.0088034986
2780	1.0084393082
2781	1.0080751319
2782	1.0077108992
2783	1.0073465596
2784	1.0069820374
2785	1.0066172002
2786	1.0062518983
2787	1.0058859971
2788	1.0055193888
2789	1.0051520175
2790	1.0047838348
2791	1.0044147719
2792	1.0040447728
2793	1.0036737885
2794	1.0033017793
2795	1.0029287376
2796	1.0025546647
2797	1.0021795863
2798	1.0018036176
2799	1.0014269403
2800	1.0010497129
2801	1.0006720145
2802	1.0002938780
2803	0.9999153073
2804	0.9995362039
2805	0.9991563647
2806	0.9987755532
2807	0.9983935505
2808	0.9980101744
2809	0.9976252628
2810	0.9972386924
2811	0.9968504069
2812	0.9964603923
2813	0.9960686572
2814	0.9956752211
2815	0.9952800735
2816	0.9948832002
2817	0.9944846440
2818	0.9940844720
2819	0.9936827573
2820	0.9932795989
2821	0.9928750609
2822	0.9924691091
2823	0.9920616617
2824	0.9916526458
2825	0.9912419804
2826	0.9908295705
2827	0.9904153292
2828	0.9899991923
2829	0.9895811099
2830	0.9891610379
2831	0.9887389705
2832	0.9883149606
2833	0.9878890497
2834	0.9874612175
2835	0.9870314398
2836	0.9865997652
2837	0.9861663281
2838	0.9857312754
2839	0.9852947019
2840	0.9848566167
2841	0.9844169280
2842	0.9839754743
2843	0.9835320098
2844	0.9830861975
2845	0.9826376986
2846	0.9821862827
2847	0.9817318978
2848	0.9812746775
2849	0.9808148925
2850	0.9803528537
2851	0.9798888096
2852	0.9794229313
2853	0.9789553585
2854	0.9784862456
2855	0.9780157562
2856	0.9775440185
2857	0.9770710830
2858	0.9765969016
2859	0.9761213951
2860	0.9756444905
2861	0.9751661021
2862	0.9746861846
2863	0.9742047324
2864	0.9737217460
2865	0.9732372699
2866	0.9727513961
2867	0.9722642371
2868	0.9717759476
2869	0.9712866802
2870	0.9707964874
2871	0.9703053320
2872	0.9698131257
2873	0.9693197120
2874	0.9688248611
2875	0.9683283176
2876	0.9678298591
2877	0.9673292579
2878	0.9668262345
2879	0.9663205476
2880	0.9658121409
2881	0.9653011640
2882	0.9647878746
2883	0.9642725894
2884	0.9637556856
2885	0.9632375523
2886	0.9627184935
2887	0.9621986552
2888	0.9616780310
2889	0.9611565530
2890	0.9606341276
2891	0.9601106247
2892	0.9595858679
2893	0.9590595817
2894	0.9585314415
2895	0.9580011734
2896	0.9574685753
2897	0.9569335546
2898	0.9563962178
2899	0.9558568744
2900	0.9553159162
2901	0.9547737514
2902	0.9542307760
2903	0.9536872424
2904	0.9531432439
2905	0.9525988565
2906	0.9520541022
2907	0.9515088417
2908	0.9509628187
2909	0.9504156960
2910	0.9498670811
2911	0.9493165952
2912	0.9487639729
2913	0.9482091305
2914	0.9476521022
2915	0.9470929963
2916	0.9465320033
2917	0.9459693700
2918	0.9454054086
2919	0.9448405127
2920	0.9442751013
2921	0.9437095173
2922	0.9431440068
2923	0.9425787802
2924	0.9420139769
2925	0.9414495732
2926	0.9408853732
2927	0.9403210407
2928	0.9397561349
2929	0.9391902182
2930	0.9386229872
2931	0.9380543120
2932	0.9374841525
2933	0.9369124157
2934	0.9363390027
2935	0.9357640060
2936	0.9351876458
2937	0.9346101114
2938	0.9340315993
2939	0.9334523409
2940	0.9328725666
2941	0.9322924689
2942	0.9317121080
2943	0.9311314135
2944	0.9305503225
2945	0.9299687675
2946	0.9293865735
2947	0.9288034972
2948	0.9282192720
2949	0.9276335926
2950	0.9270461470
2951	0.9264566849
2952	0.9258650803
2953	0.9252713398
2954	0.9246755838
2955	0.9240780456
2956	0.9234790045
2957	0.9228787359
2958	0.9222774850
2959	0.9216754161
2960	0.9210726284
2961	0.9204691856
2962	0.9198651438
2963	0.9192606133
2964	0.9186558027
2965	0.9180509397
2966	0.9174461869
2967	0.9168417109
2968	0.9162376627
2969	0.9156340862
2970	0.9150309737
2971	0.9144283253
2972	0.9138260871
2973	0.9132240770
2974	0.9126220085
2975	0.9120195826
2976	0.9114165899
2977	0.9108129752
2978	0.9102087760
2979	0.9096040005
2980	0.9089986519
2981	0.9083928298
2982	0.9077867239
2983	0.9071805459
2984	0.9065744885
2985	0.9059687869
2986	0.9053637144
2987	0.9047594098
2988	0.9041558547
2989	0.9035529821
2990	0.9029506966
2991	0.9023488942
2992	0.9017474760
2993	0.9011463192
2994	0.9005452975
2995	0.8999443291
2996	0.8993434192
2997	0.8987426573
2998	0.8981421768
2999	0.8975421414
