0	1.2500000087
1	1.2501984767
2	1.2503961115
3	1.2505929386
4	1.2507889938
5	1.2509843204
6	1.2511789673
7	1.2513729865
8	1.2515664322
9	1.2517593588
10	1.2519518198
11	1.2521438660
12	1.2523355453
13	1.2525269010
14	1.2527179714
15	1.2529087893
16	1.2530993817
17	1.2532897693
18	1.2534799670
19	1.2536699836
20	1.2538598222
21	1.2540494809
22	1.2542389529
23	1.2544282274
24	1.2546172902
25	1.2548061243
26	1.2549947107
27	1.2551830290
28	1.2553710583
29	1.2555587775
30	1.2557461662
31	1.2559332050
32	1.2561198759
33	1.2563061628
34	1.2564920516
35	1.2566775302
36	1.2568625891
37	1.2570472206
38	1.2572314193
39	1.2574151814
40	1.2575985047
41	1.2577813883
42	1.2579638322
43	1.2581458367
44	1.2583274024
45	1.2585085297
46	1.2586892181
47	1.2588694663
48	1.2590492714
49	1.2592286289
50	1.2594075328
51	1.2595859746
52	1.2597639440
53	1.2599414281
54	1.2601184124
55	1.2602948797
56	1.2604708111
57	1.2606461858
58	1.2608209813
59	1.2609951739
60	1.2611687387
61	1.2613416499
62	1.2615138811
63	1.2616854055
64	1.2618561965
65	1.2620262290
66	1.2621954792
67	1.2623639236
68	1.2625315377
69	1.2626982967
70	1.2628641768
71	1.2630291566
72	1.2631932165
73	1.2633563371
74	1.2635185005
75	1.2636796909
76	1.2638398935
77	1.2639990914
78	1.2641572654
79	1.2643143950
80	1.2644704604
81	1.2646254416
82	1.2647793182
83	1.2649320698
84	1.2650836758
85	1.2652341168
86	1.2653833738
87	1.2655314271
88	1.2656782523
89	1.2658238211
90	1.2659681035
91	1.2661110668
92	1.2662526725
93	1.2663928790
94	1.2665316453
95	1.2666689303
96	1.2668046914
97	1.2669388866
98	1.2670714764
99	1.2672024224
100	1.2673316874
101	1.2674592343
102	1.2675850275
103	1.2677090341
104	1.2678312214
105	1.2679515568
106	1.2680700112
107	1.2681865586
108	1.2683011719
109	1.2684138254
110	1.2685244967
111	1.2686331619
112	1.2687397939
113	1.2688443680
114	1.2689468584
115	1.2690472346
116	1.2691454647
117	1.2692415154
118	1.2693353471
119	1.2694269172
120	1.2695161829
121	1.2696030983
122	1.2696876156
123	1.2697696896
124	1.2698492781
125	1.2699263422
126	1.2700008443
127	1.2700727433
128	1.2701419949
129	1.2702085591
130	1.2702724147
131	1.2703335610
132	1.2703919976
133	1.2704477037
134	1.2705006334
135	1.2705507337
136	1.2705979738
137	1.2706423543
138	1.2706838837
139	1.2707225620
140	1.2707583817
141	1.2707913259
142	1.2708213661
143	1.2708484592
144	1.2708725509
145	1.2708935986
146	1.2709115839
147	1.2709264963
148	1.2709383293
149	1.2709470866
150	1.2709527722
151	1.2709553792
152	1.2709548807
153	1.2709512314
154	1.2709443801
155	1.2709342672
156	1.2709208204
157	1.2709039736
158	1.2708836756
159	1.2708598817
160	1.2708325546
161	1.2708016681
162	1.2707672057
163	1.2707291512
164	1.2706874796
165	1.2706421626
166	1.2705931680
167	1.2705404485
168	1.2704839476
169	1.2704236098
170	1.2703593807
171	1.2702912080
172	1.2702190496
173	1.2701428828
174	1.2700627001
175	1.2699785056
176	1.2698903246
177	1.2697981975
178	1.2697021678
179	1.2696022836
180	1.2694985931
181	1.2693911347
182	1.2692799332
183	1.2691649986
184	1.2690463279
185	1.2689238983
186	1.2687976703
187	1.2686676004
188	1.2685336367
189	1.2683957228
190	1.2682538130
191	1.2681078680
192	1.2679578570
193	1.2678037669
194	1.2676456038
195	1.2674833933
196	1.2673171760
197	1.2671470034
198	1.2669729287
199	1.2667949996
200	1.2666132758
201	1.2664278331
202	1.2662387457
203	1.2660460731
204	1.2658498366
205	1.2656500211
206	1.2654466097
207	1.2652396025
208	1.2650290099
209	1.2648148273
210	1.2645970218
211	1.2643755406
212	1.2641503204
213	1.2639213004
214	1.2636884251
215	1.2634516475
216	1.2632109571
217	1.2629663740
218	1.2627179247
219	1.2624656358
220	1.2622095333
221	1.2619496505
222	1.2616860313
223	1.2614187253
224	1.2611477980
225	1.2608733383
226	1.2605954572
227	1.2603142682
228	1.2600298725
229	1.2597423702
230	1.2594518459
231	1.2591583540
232	1.2588619251
233	1.2585625668
234	1.2582602729
235	1.2579550244
236	1.2576467872
237	1.2573355266
238	1.2570212036
239	1.2567037610
240	1.2563831197
241	1.2560591873
242	1.2557318665
243	1.2554010480
244	1.2550666251
245	1.2547285095
246	1.2543866298
247	1.2540409408
248	1.2536914270
249	1.2533381059
250	1.2529810271
251	1.2526202538
252	1.2522558665
253	1.2518879642
254	1.2515166477
255	1.2511420154
256	1.2507641710
257	1.2503832345
258	1.2499993358
259	1.2496126080
260	1.2492231795
261	1.2488311549
262	1.2484366325
263	1.2480397315
264	1.2476405947
265	1.2472393540
266	1.2468360662
267	1.2464307013
268	1.2460231880
269	1.2456134726
270	1.2452015550
271	1.2447874409
272	1.2443710655
273	1.2439522771
274	1.2435309002
275	1.2431068061
276	1.2426799168
277	1.2422501801
278	1.2418175476
279	1.2413819803
280	1.2409434582
281	1.2405019425
282	1.2400573470
283	1.2396095591
284	1.2391584997
285	1.2387041578
286	1.2382465460
287	1.2377856702
288	1.2373215500
289	1.2368542268
290	1.2363837407
291	1.2359101044
292	1.2354333259
293	1.2349534571
294	1.2344706101
295	1.2339849306
296	1.2334965742
297	1.2330057272
298	1.2325126002
299	1.2320173739
300	1.2315201718
301	1.2310210836
302	1.2305201990
303	1.2300175886
304	1.2295132932
305	1.2290073669
306	1.2284998955
307	1.2279909723
308	1.2274806642
309	1.2269690150
310	1.2264560636
311	1.2259418179
312	1.2254262301
313	1.2249092192
314	1.2243907149
315	1.2238706506
316	1.2233489446
317	1.2228255352
318	1.2223004012
319	1.2217735330
320	1.2212449062
321	1.2207144944
322	1.2201822802
323	1.2196482213
324	1.2191122457
325	1.2185742853
326	1.2180342873
327	1.2174922048
328	1.2169479979
329	1.2164016728
330	1.2158532895
331	1.2153029269
332	1.2147506783
333	1.2141966591
334	1.2136409790
335	1.2130837061
336	1.2125248915
337	1.2119645915
338	1.2114028273
339	1.2108395720
340	1.2102747795
341	1.2097084076
342	1.2091404080
343	1.2085707374
344	1.2079993890
345	1.2074263751
346	1.2068517067
347	1.2062754054
348	1.2056975079
349	1.2051180406
350	1.2045370041
351	1.2039544101
352	1.2033702889
353	1.2027846596
354	1.2021975420
355	1.2016089829
356	1.2010190458
357	1.2004277952
358	1.1998353228
359	1.1992417498
360	1.1986471998
361	1.1980518110
362	1.1974557418
363	1.1968591396
364	1.1962621181
365	1.1956647765
366	1.1950671967
367	1.1944694053
368	1.1938713906
369	1.1932731334
370	1.1926745988
371	1.1920757308
372	1.1914764790
373	1.1908768183
374	1.1902767256
375	1.1896761870
376	1.1890752178
377	1.1884738390
378	1.1878720694
379	1.1872699426
380	1.1866674963
381	1.1860647500
382	1.1854617276
383	1.1848584646
384	1.1842549704
385	1.1836512344
386	1.1830472484
387	1.1824430010
388	1.1818384789
389	1.1812336965
390	1.1806286899
391	1.1800234734
392	1.1794180563
393	1.1788124849
394	1.1782068602
395	1.1776013408
396	1.1769961091
397	1.1763912990
398	1.1757869582
399	1.1751831174
400	1.1745798591
401	1.1739773063
402	1.1733755806
403	1.1727747248
404	1.1721746577
405	1.1715752423
406	1.1709763841
407	1.1703780239
408	1.1697800923
409	1.1691825245
410	1.1685852685
411	1.1679882817
412	1.1673915271
413	1.1667949426
414	1.1661984317
415	1.1656019229
416	1.1650054260
417	1.1644089856
418	1.1638126300
419	1.1632163755
420	1.1626202346
421	1.1620242158
422	1.1614283069
423	1.1608324604
424	1.1602366212
425	1.1596407840
426	1.1590449825
427	1.1584492276
428	1.1578535197
429	1.1572578775
430	1.1566623207
431	1.1560668567
432	1.1554714885
433	1.1548762363
434	1.1542811775
435	1.1536864579
436	1.1530922319
437	1.1524986544
438	1.1519059184
439	1.1513142127
440	1.1507236626
441	1.1501343412
442	1.1495463099
443	1.1489596177
444	1.1483742920
445	1.1477903355
446	1.1472077403
447	1.1466265246
448	1.1460467040
449	1.1454682425
450	1.1448910789
451	1.1443151622
452	1.1437404250
453	1.1431667713
454	1.1425941236
455	1.1420224390
456	1.1414516993
457	1.1408819007
458	1.1403130415
459	1.1397451465
460	1.1391782688
461	1.1386124338
462	1.1380476229
463	1.1374838169
464	1.1369209843
465	1.1363590534
466	1.1357979613
467	1.1352376819
468	1.1346782047
469	1.1341195179
470	1.1335616102
471	1.1330044789
472	1.1324481241
473	1.1318925293
474	1.1313376634
475	1.1307835167
476	1.1302300842
477	1.1296773296
478	1.1291252146
479	1.1285737280
480	1.1280228781
481	1.1274726975
482	1.1269232600
483	1.1263746702
484	1.1258270399
485	1.1252804700
486	1.1247350414
487	1.1241908260
488	1.1236478655
489	1.1231061636
490	1.1225657363
491	1.1220266132
492	1.1214887902
493	1.1209522435
494	1.1204169635
495	1.1198829236
496	1.1193500666
497	1.1188183324
498	1.1182876662
499	1.1177580199
500	1.1172293421
501	1.1167015789
502	1.1161746843
503	1.1156486097
504	1.1151232938
505	1.1145986881
506	1.1140747677
507	1.1135515111
508	1.1130289259
509	1.1125070641
510	1.1119859892
511	1.1114657637
512	1.1109464568
513	1.1104281305
514	1.1099108128
515	1.1093944998
516	1.1088791721
517	1.1083648069
518	1.1078513629
519	1.1073387774
520	1.1068270010
521	1.1063159851
522	1.1058056579
523	1.1052959544
524	1.1047868204
525	1.1042781794
526	1.1037699365
527	1.1032619977
528	1.1027542658
529	1.1022466568
530	1.1017391101
531	1.1012315700
532	1.1007239672
533	1.1002162118
534	1.0997082116
535	1.0991998860
536	1.0986911641
537	1.0981819887
538	1.0976723184
539	1.0971621071
540	1.0966513102
541	1.0961399212
542	1.0956279623
543	1.0951154649
544	1.0946024766
545	1.0940890555
546	1.0935752504
547	1.0930610916
548	1.0925465954
549	1.0920317658
550	1.0915165961
551	1.0910010774
552	1.0904852104
553	1.0899689934
554	1.0894524057
555	1.0889354240
556	1.0884180208
557	1.0879001493
558	1.0873817557
559	1.0868627830
560	1.0863431648
561	1.0858228376
562	1.0853017384
563	1.0847797886
564	1.0842569076
565	1.0837330216
566	1.0832080579
567	1.0826819462
568	1.0821546262
569	1.0816260532
570	1.0810961884
571	1.0805649892
572	1.0800324167
573	1.0794984336
574	1.0789629971
575	1.0784260755
576	1.0778876552
577	1.0773477238
578	1.0768062778
579	1.0762633335
580	1.0757189135
581	1.0751730417
582	1.0746257477
583	1.0740770629
584	1.0735270109
585	1.0729756062
586	1.0724228635
587	1.0718688069
588	1.0713134673
589	1.0707568737
590	1.0701990428
591	1.0696399754
592	1.0690796759
593	1.0685181657
594	1.0679554790
595	1.0673916565
596	1.0668267239
597	1.0662606776
598	1.0656935115
599	1.0651252404
600	1.0645558929
601	1.0639854915
602	1.0634140222
603	1.0628414218
604	1.0622676034
605	1.0616924874
606	1.0611160060
607	1.0605380882
608	1.0599586531
609	1.0593776149
610	1.0587948836
611	1.0582103688
612	1.0576239897
613	1.0570356732
614	1.0564453558
615	1.0558529987
616	1.0552585854
617	1.0546621059
618	1.0540635519
619	1.0534629236
620	1.0528602384
621	1.0522555272
622	1.0516488227
623	1.0510401548
624	1.0504295567
625	1.0498170632
626	1.0492027036
627	1.0485864993
628	1.0479684733
629	1.0473486584
630	1.0467270936
631	1.0461038166
632	1.0454788607
633	1.0448522555
634	1.0442240227
635	1.0435941706
636	1.0429626951
637	1.0423295885
638	1.0416948378
639	1.0410584240
640	1.0404203299
641	1.0397805390
642	1.0391390367
643	1.0384958179
644	1.0378508876
645	1.0372042588
646	1.0365559566
647	1.0359060227
648	1.0352545059
649	1.0346014474
650	1.0339468834
651	1.0332908526
652	1.0326333884
653	1.0319745131
654	1.0313142422
655	1.0306525952
656	1.0299896007
657	1.0293252824
658	1.0286596552
659	1.0279927365
660	1.0273245375
661	1.0266550486
662	1.0259842398
663	1.0253120726
664	1.0246385147
665	1.0239635431
666	1.0232871340
667	1.0226092631
668	1.0219299086
669	1.0212490476
670	1.0205666533
671	1.0198826972
672	1.0191971512
673	1.0185099820
674	1.0178211514
675	1.0171306254
676	1.0164383840
677	1.0157444307
678	1.0150487869
679	1.0143514792
680	1.0136525494
681	1.0129520545
682	1.0122500352
683	1.0115465112
684	1.0108415022
685	1.0101350294
686	1.0094271095
687	1.0087177543
688	1.0080069737
689	1.0072947767
690	1.0065811569
691	1.0058660850
692	1.0051495193
693	1.0044314105
694	1.0037116990
695	1.0029903217
696	1.0022672260
697	1.0015423795
698	1.0008157583
699	1.0000873482
700	0.9993571575
701	0.9986252101
702	0.9978915362
703	0.9971561683
704	0.9964191423
705	0.9956804965
706	0.9949402590
707	0.9941984405
708	0.9934550510
709	0.9927101058
710	0.9919636218
711	0.9912156246
712	0.9904661522
713	0.9897152536
714	0.9889629806
715	0.9882093801
716	0.9874544977
717	0.9866983735
718	0.9859410256
719	0.9851824462
720	0.9844226259
721	0.9836615684
722	0.9828992885
723	0.9821358256
724	0.9813712390
725	0.9806055651
726	0.9798388161
727	0.9790710189
728	0.9783022189
729	0.9775324622
730	0.9767617701
731	0.9759901203
732	0.9752174597
733	0.9744437226
734	0.9736688559
735	0.9728928432
736	0.9721156763
737	0.9713373160
738	0.9705577066
739	0.9697768031
740	0.9689945745
741	0.9682109914
742	0.9674260245
743	0.9666396550
744	0.9658518731
745	0.9650626732
746	0.9642720476
747	0.9634799829
748	0.9626864708
749	0.9618915257
750	0.9610951940
751	0.9602975348
752	0.9594985916
753	0.9586984017
754	0.9578970127
755	0.9570944628
756	0.9562907748
757	0.9554859623
758	0.9546800389
759	0.9538730276
760	0.9530649478
761	0.9522558101
762	0.9514456181
763	0.9506343705
764	0.9498220861
765	0.9490088161
766	0.9481946112
767	0.9473795097
768	0.9465635749
769	0.9457468893
770	0.9449294974
771	0.9441113978
772	0.9432925830
773	0.9424730433
774	0.9416527648
775	0.9408317424
776	0.9400099871
777	0.9391875405
778	0.9383644670
779	0.9375408360
780	0.9367167174
781	0.9358921691
782	0.9350672509
783	0.9342420408
784	0.9334165885
785	0.9325908993
786	0.9317649736
787	0.9309388082
788	0.9301123817
789	0.9292856555
790	0.9284585901
791	0.9276311554
792	0.9268033146
793	0.9259750282
794	0.9251462862
795	0.9243171261
796	0.9234876231
797	0.9226578588
798	0.9218278892
799	0.9209977463
800	0.9201674718
801	0.9193371367
802	0.9185068152
803	0.9176765806
804	0.9168465331
805	0.9160167687
806	0.9151873521
807	0.9143583495
808	0.9135298487
809	0.9127019410
810	0.9118746832
811	0.9110481051
812	0.9102222352
813	0.9093970761
814	0.9085725977
815	0.9077487759
816	0.9069255967
817	0.9061030534
818	0.9052811516
819	0.9044598783
820	0.9036391895
821	0.9028190449
822	0.9019994235
823	0.9011803004
824	0.9003616732
825	0.8995436012
826	0.8987261805
827	0.8979095127
828	0.8970936997
829	0.8962788537
830	0.8954650824
831	0.8946524584
832	0.8938410400
833	0.8930308961
834	0.8922220671
835	0.8914145636
836	0.8906083883
837	0.8898035263
838	0.8889999679
839	0.8881977078
840	0.8873967395
841	0.8865970916
842	0.8857988337
843	0.8850020458
844	0.8842068051
845	0.8834132006
846	0.8826213392
847	0.8818313073
848	0.8810431589
849	0.8802569651
850	0.8794728136
851	0.8786907573
852	0.8779108114
853	0.8771329735
854	0.8763572047
855	0.8755834123
856	0.8748114931
857	0.8740413495
858	0.8732728753
859	0.8725059717
860	0.8717405524
861	0.8709765504
862	0.8702139235
863	0.8694526397
864	0.8686926640
865	0.8679339539
866	0.8671764628
867	0.8664201402
868	0.8656649184
869	0.8649107454
870	0.8641576045
871	0.8634054715
872	0.8626543340
873	0.8619042246
874	0.8611551794
875	0.8604072131
876	0.8596603592
877	0.8589146875
878	0.8581702764
879	0.8574272034
880	0.8566855474
881	0.8559453798
882	0.8552067527
883	0.8544696958
884	0.8537342280
885	0.8530003640
886	0.8522681089
887	0.8515374704
888	0.8508084624
889	0.8500810964
890	0.8493553777
891	0.8486312848
892	0.8479087981
893	0.8471879199
894	0.8464686315
895	0.8457509137
896	0.8450347836
897	0.8443202730
898	0.8436074228
899	0.8428963019
900	0.8421870045
901	0.8414796300
902	0.8407742766
903	0.8400710579
904	0.8393700723
905	0.8386713633
906	0.8379749474
907	0.8372808222
908	0.8365889465
909	0.8358992502
910	0.8352116530
911	0.8345260681
912	0.8338424016
913	0.8331605597
914	0.8324804529
915	0.8318020181
916	0.8311252130
917	0.8304499750
918	0.8297762320
919	0.8291039438
920	0.8284331146
921	0.8277638062
922	0.8270961275
923	0.8264301735
924	0.8257659759
925	0.8251035350
926	0.8244428999
927	0.8237841626
928	0.8231274067
929	0.8224726878
930	0.8218199874
931	0.8211692266
932	0.8205203713
933	0.8198734781
934	0.8192286367
935	0.8185858877
936	0.8179451788
937	0.8173064001
938	0.8166694566
939	0.8160343014
940	0.8154009215
941	0.8147693116
942	0.8141394651
943	0.8135113818
944	0.8128850725
945	0.8122605245
946	0.8116376857
947	0.8110165080
948	0.8103969908
949	0.8097791662
950	0.8091630356
951	0.8085485594
952	0.8079356693
953	0.8073242795
954	0.8067143521
955	0.8061059060
956	0.8054989572
957	0.8048935281
958	0.8042896716
959	0.8036874432
960	0.8030868668
961	0.8024879296
962	0.8018906241
963	0.8012949771
964	0.8007010485
965	0.8001089045
966	0.7995185720
967	0.7989300493
968	0.7983433389
969	0.7977584450
970	0.7971753669
971	0.7965941112
972	0.7960147216
973	0.7954372992
974	0.7948619488
975	0.7942887128
976	0.7937175916
977	0.7931485850
978	0.7925816803
979	0.7920168527
980	0.7914540960
981	0.7908934243
982	0.7903348875
983	0.7897785680
984	0.7892245177
985	0.7886727280
986	0.7881231607
987	0.7875757772
988	0.7870305143
989	0.7864872787
990	0.7859459904
991	0.7854065830
992	0.7848689810
993	0.7843330942
994	0.7837988029
995	0.7832659847
996	0.7827345563
997	0.7822044565
998	0.7816756326
999	0.7811480559
1000	0.7806217457
1001	0.7800967612
1002	0.7795731528
1003	0.7790509471
1004	0.7785301854
1005	0.7780109408
1006	0.7774932939
1007	0.7769773419
1008	0.7764632257
1009	0.7759511151
1010	0.7754411793
1011	0.7749335620
1012	0.7744283607
1013	0.7739256204
1014	0.7734253467
1015	0.7729275022
1016	0.7724319909
1017	0.7719387184
1018	0.7714476419
1019	0.7709587137
1020	0.7704718740
1021	0.7699870920
1022	0.7695043479
1023	0.7690236103
1024	0.7685448182
1025	0.7680678921
1026	0.7675927680
1027	0.7671194000
1028	0.7666477473
1029	0.7661777665
1030	0.7657094231
1031	0.7652426985
1032	0.7647775583
1033	0.7643139361
1034	0.7638517528
1035	0.7633909384
1036	0.7629314395
1037	0.7624732010
1038	0.7620161838
1039	0.7615604019
1040	0.7611058907
1041	0.7606526692
1042	0.7602007518
1043	0.7597501505
1044	0.7593008568
1045	0.7588528536
1046	0.7584061191
1047	0.7579606231
1048	0.7575163409
1049	0.7570732387
1050	0.7566312767
1051	0.7561904539
1052	0.7557508005
1053	0.7553123206
1054	0.7548749743
1055	0.7544387128
1056	0.7540034992
1057	0.7535693074
1058	0.7531361425
1059	0.7527040349
1060	0.7522730017
1061	0.7518430428
1062	0.7514141592
1063	0.7509863873
1064	0.7505597977
1065	0.7501344329
1066	0.7497102753
1067	0.7492872702
1068	0.7488653681
1069	0.7484445443
1070	0.7480247818
1071	0.7476060702
1072	0.7471884244
1073	0.7467718630
1074	0.7463563771
1075	0.7459419435
1076	0.7455285211
1077	0.7451160260
1078	0.7447043608
1079	0.7442934585
1080	0.7438832720
1081	0.7434737473
1082	0.7430648268
1083	0.7426564713
1084	0.7422486730
1085	0.7418414552
1086	0.7414348377
1087	0.7410288186
1088	0.7406234075
1089	0.7402186066
1090	0.7398143845
1091	0.7394107004
1092	0.7390075111
1093	0.7386047769
1094	0.7382024806
1095	0.7378006291
1096	0.7373992350
1097	0.7369982920
1098	0.7365977879
1099	0.7361977316
1100	0.7357981343
1101	0.7353989859
1102	0.7350002664
1103	0.7346019799
1104	0.7342041478
1105	0.7338067708
1106	0.7334098320
1107	0.7330133180
1108	0.7326172343
1109	0.7322216004
1110	0.7318264308
1111	0.7314317498
1112	0.7310376055
1113	0.7306440450
1114	0.7302511090
1115	0.7298588459
1116	0.7294672918
1117	0.7290764838
1118	0.7286865010
1119	0.7282974391
1120	0.7279093757
1121	0.7275223782
1122	0.7271364999
1123	0.7267517702
1124	0.7263681804
1125	0.7259856780
1126	0.7256041983
1127	0.7252236853
1128	0.7248440758
1129	0.7244652931
1130	0.7240872971
1131	0.7237101065
1132	0.7233337426
1133	0.7229582043
1134	0.7225834762
1135	0.7222095294
1136	0.7218363287
1137	0.7214638363
1138	0.7210920035
1139	0.7207207549
1140	0.7203499923
1141	0.7199796277
1142	0.7196095862
1143	0.7192397980
1144	0.7188702287
1145	0.7185008926
1146	0.7181318293
1147	0.7177630893
1148	0.7173947357
1149	0.7170268402
1150	0.7166594761
1151	0.7162926985
1152	0.7159265527
1153	0.7155611035
1154	0.7151964112
1155	0.7148325020
1156	0.7144693971
1157	0.7141071501
1158	0.7137458260
1159	0.7133854826
1160	0.7130261853
1161	0.7126679910
1162	0.7123109390
1163	0.7119550614
1164	0.7116003620
1165	0.7112468282
1166	0.7108944630
1167	0.7105432889
1168	0.7101933431
1169	0.7098446441
1170	0.7094971942
1171	0.7091510079
1172	0.7088060949
1173	0.7084624478
1174	0.7081200620
1175	0.7077789607
1176	0.7074391796
1177	0.7071007407
1178	0.7067636682
1179	0.7064279969
1180	0.7060937404
1181	0.7057608739
1182	0.7054293714
1183	0.7050992457
1184	0.7047705342
1185	0.7044433003
1186	0.7041176548
1187	0.7037937199
1188	0.7034715936
1189	0.7031513554
1190	0.7028330807
1191	0.7025168601
1192	0.7022027959
1193	0.7018909531
1194	0.7015813536
1195	0.7012740064
1196	0.7009689061
1197	0.7006660580
1198	0.7003654848
1199	0.7000672010
1200	0.6997712468
1201	0.6994776928
1202	0.6991865912
1203	0.6988979873
1204	0.6986119582
1205	0.6983285722
1206	0.6980478391
1207	0.6977697485
1208	0.6974942993
1209	0.6972214684
1210	0.6969512166
1211	0.6966835278
1212	0.6964184334
1213	0.6961559971
1214	0.6958962817
1215	0.6956393564
1216	0.6953852944
1217	0.6951341708
1218	0.6948860803
1219	0.6946411411
1220	0.6943994965
1221	0.6941613092
1222	0.6939267434
1223	0.6936959485
1224	0.6934690327
1225	0.6932460537
1226	0.6930270517
1227	0.6928120533
1228	0.6926010757
1229	0.6923941690
1230	0.6921913938
1231	0.6919927789
1232	0.6917983550
1233	0.6916081405
1234	0.6914220788
1235	0.6912400615
1236	0.6910619961
1237	0.6908878028
1238	0.6907173804
1239	0.6905506360
1240	0.6903875080
1241	0.6902279597
1242	0.6900719832
1243	0.6899196109
1244	0.6897709463
1245	0.6896261087
1246	0.6894851794
1247	0.6893482692
1248	0.6892155472
1249	0.6890872196
1250	0.6889635149
1251	0.6888446364
1252	0.6887307215
1253	0.6886218442
1254	0.6885180801
1255	0.6884195704
1256	0.6883264892
1257	0.6882389582
1258	0.6881569681
1259	0.6880804094
1260	0.6880092162
1261	0.6879434636
1262	0.6878833171
1263	0.6878289135
1264	0.6877803114
1265	0.6877374854
1266	0.6877003713
1267	0.6876689664
1268	0.6876433422
1269	0.6876235513
1270	0.6876095661
1271	0.6876012996
1272	0.6875986604
1273	0.6876015631
1274	0.6876098817
1275	0.6876234689
1276	0.6876422053
1277	0.6876659701
1278	0.6876946500
1279	0.6877281444
1280	0.6877662909
1281	0.6878089216
1282	0.6878559934
1283	0.6879075773
1284	0.6879637762
1285	0.6880246584
1286	0.6880902351
1287	0.6881604874
1288	0.6882354081
1289	0.6883150041
1290	0.6883992936
1291	0.6884883547
1292	0.6885823448
1293	0.6886814693
1294	0.6887859208
1295	0.6888958191
1296	0.6890112211
1297	0.6891321645
1298	0.6892587051
1299	0.6893909101
1300	0.6895287883
1301	0.6896722837
1302	0.6898213467
1303	0.6899759407
1304	0.6901359850
1305	0.6903013597
1306	0.6904719924
1307	0.6906478854
1308	0.6908290517
1309	0.6910154935
1310	0.6912071969
1311	0.6914040923
1312	0.6916061069
1313	0.6918132371
1314	0.6920254850
1315	0.6922428346
1316	0.6924653142
1317	0.6926930056
1318	0.6929259820
1319	0.6931642320
1320	0.6934076723
1321	0.6936562175
1322	0.6939098138
1323	0.6941684188
1324	0.6944319936
1325	0.6947005305
1326	0.6949740481
1327	0.6952525722
1328	0.6955360986
1329	0.6958245723
1330	0.6961179623
1331	0.6964162804
1332	0.6967195458
1333	0.6970278008
1334	0.6973410917
1335	0.6976594749
1336	0.6979830182
1337	0.6983117330
1338	0.6986455472
1339	0.6989843712
1340	0.6993281722
1341	0.6996769560
1342	0.7000307253
1343	0.7003895058
1344	0.7007533580
1345	0.7011223405
1346	0.7014964889
1347	0.7018758188
1348	0.7022603382
1349	0.7026500945
1350	0.7030452150
1351	0.7034458626
1352	0.7038521918
1353	0.7042643722
1354	0.7046825866
1355	0.7051069648
1356	0.7055375328
1357	0.7059742546
1358	0.7064170824
1359	0.7068659232
1360	0.7073206242
1361	0.7077810305
1362	0.7082469986
1363	0.7087183837
1364	0.7091950476
1365	0.7096768206
1366	0.7101635337
1367	0.7106550799
1368	0.7111513637
1369	0.7116522959
1370	0.7121578328
1371	0.7126679694
1372	0.7131827423
1373	0.7137022108
1374	0.7142264204
1375	0.7147554214
1376	0.7152892929
1377	0.7158280895
1378	0.7163718150
1379	0.7169205065
1380	0.7174742819
1381	0.7180332632
1382	0.7185974817
1383	0.7191668904
1384	0.7197414273
1385	0.7203209981
1386	0.7209054840
1387	0.7214947996
1388	0.7220888802
1389	0.7226876620
1390	0.7232911140
1391	0.7238992525
1392	0.7245121321
1393	0.7251298336
1394	0.7257523984
1395	0.7263797486
1396	0.7270117197
1397	0.7276481763
1398	0.7282890378
1399	0.7289342395
1400	0.7295837558
1401	0.7302376098
1402	0.7308958617
1403	0.7315586091
1404	0.7322259533
1405	0.7328979939
1406	0.7335748349
1407	0.7342565575
1408	0.7349432351
1409	0.7356349402
1410	0.7363317183
1411	0.7370335675
1412	0.7377404526
1413	0.7384523554
1414	0.7391692854
1415	0.7398912343
1416	0.7406181282
1417	0.7413498604
1418	0.7420863461
1419	0.7428275193
1420	0.7435733271
1421	0.7443237127
1422	0.7450786597
1423	0.7458382325
1424	0.7466024813
1425	0.7473714116
1426	0.7481450352
1427	0.7489233482
1428	0.7497063190
1429	0.7504939304
1430	0.7512862003
1431	0.7520831433
1432	0.7528847451
1433	0.7536909922
1434	0.7545018808
1435	0.7553173953
1436	0.7561374859
1437	0.7569620613
1438	0.7577910132
1439	0.7586242503
1440	0.7594616758
1441	0.7603031554
1442	0.7611485743
1443	0.7619978935
1444	0.7628511117
1445	0.7637082131
1446	0.7645691923
1447	0.7654340936
1448	0.7663029729
1449	0.7671758380
1450	0.7680526395
1451	0.7689332938
1452	0.7698177079
1453	0.7707058201
1454	0.7715976152
1455	0.7724931020
1456	0.7733922797
1457	0.7742951075
1458	0.7752015452
1459	0.7761115892
1460	0.7770252190
1461	0.7779424077
1462	0.7788631337
1463	0.7797873255
1464	0.7807148839
1465	0.7816457271
1466	0.7825798028
1467	0.7835171047
1468	0.7844576449
1469	0.7854013949
1470	0.7863483055
1471	0.7872983798
1472	0.7882516610
1473	0.7892081742
1474	0.7901679275
1475	0.7911309539
1476	0.7920972936
1477	0.7930669430
1478	0.7940398753
1479	0.7950160654
1480	0.7959954751
1481	0.7969780782
1482	0.7979638592
1483	0.7989527539
1484	0.7999446361
1485	0.8009393355
1486	0.8019366526
1487	0.8029363965
1488	0.8039384020
1489	0.8049425257
1490	0.8059486693
1491	0.8069567894
1492	0.8079668542
1493	0.8089788115
1494	0.8099926176
1495	0.8110082467
1496	0.8120256480
1497	0.8130447497
1498	0.8140654787
1499	0.8150877543
1500	0.8161114712
1501	0.8171364958
1502	0.8181627286
1503	0.8191901281
1504	0.8202186606
1505	0.8212482919
1506	0.8222790192
1507	0.8233108736
1508	0.8243438806
1509	0.8253780412
1510	0.8264133466
1511	0.8274497846
1512	0.8284873415
1513	0.8295260076
1514	0.8305657837
1515	0.8316066688
1516	0.8326486531
1517	0.8336917155
1518	0.8347358035
1519	0.8357808653
1520	0.8368268767
1521	0.8378738233
1522	0.8389217026
1523	0.8399704883
1524	0.8410201150
1525	0.8420705392
1526	0.8431217605
1527	0.8441737776
1528	0.8452265802
1529	0.8462801730
1530	0.8473345648
1531	0.8483897364
1532	0.8494456424
1533	0.8505022289
1534	0.8515594276
1535	0.8526171592
1536	0.8536753601
1537	0.8547339965
1538	0.8557930562
1539	0.8568525362
1540	0.8579124439
1541	0.8589728038
1542	0.8600336477
1543	0.8610949965
1544	0.8621568604
1545	0.8632192521
1546	0.8642821945
1547	0.8653457233
1548	0.8664098895
1549	0.8674747552
1550	0.8685403836
1551	0.8696068285
1552	0.8706741355
1553	0.8717423406
1554	0.8728114657
1555	0.8738815223
1556	0.8749525097
1557	0.8760244227
1558	0.8770972394
1559	0.8781709133
1560	0.8792453872
1561	0.8803205685
1562	0.8813963312
1563	0.8824725683
1564	0.8835491781
1565	0.8846260408
1566	0.8857030568
1567	0.8867801669
1568	0.8878573286
1569	0.8889344951
1570	0.8900116232
1571	0.8910886953
1572	0.8921657247
1573	0.8932427358
1574	0.8943197490
1575	0.8953967785
1576	0.8964738250
1577	0.8975508692
1578	0.8986278816
1579	0.8997048451
1580	0.9007817449
1581	0.9018585463
1582	0.9029352140
1583	0.9040117329
1584	0.9050881101
1585	0.9061643825
1586	0.9072406013
1587	0.9083167874
1588	0.9093929280
1589	0.9104690025
1590	0.9115450098
1591	0.9126209796
1592	0.9136969542
1593	0.9147729596
1594	0.9158489936
1595	0.9169250473
1596	0.9180011378
1597	0.9190773131
1598	0.9201536260
1599	0.9212301101
1600	0.9223067869
1601	0.9233836751
1602	0.9244607880
1603	0.9255381425
1604	0.9266157542
1605	0.9276936291
1606	0.9287717676
1607	0.9298501657
1608	0.9309288104
1609	0.9320076684
1610	0.9330866923
1611	0.9341658449
1612	0.9352451140
1613	0.9363244991
1614	0.9374039896
1615	0.9384835622
1616	0.9395631830
1617	0.9406428129
1618	0.9417224195
1619	0.9428019843
1620	0.9438814925
1621	0.9449609247
1622	0.9460402737
1623	0.9471195463
1624	0.9481987460
1625	0.9492778744
1626	0.9503569372
1627	0.9514359468
1628	0.9525149234
1629	0.9535938757
1630	0.9546727879
1631	0.9557516358
1632	0.9568304028
1633	0.9579090841
1634	0.9589876861
1635	0.9600662265
1636	0.9611447378
1637	0.9622232604
1638	0.9633018267
1639	0.9643804543
1640	0.9654591533
1641	0.9665379335
1642	0.9676168071
1643	0.9686957897
1644	0.9697748940
1645	0.9708541172
1646	0.9719334436
1647	0.9730128595
1648	0.9740923524
1649	0.9751719001
1650	0.9762514758
1651	0.9773310639
1652	0.9784106622
1653	0.9794902711
1654	0.9805698879
1655	0.9816495076
1656	0.9827291203
1657	0.9838087172
1658	0.9848882965
1659	0.9859678579
1660	0.9870473988
1661	0.9881269163
1662	0.9892064085
1663	0.9902858662
1664	0.9913652751
1665	0.9924446299
1666	0.9935239305
1667	0.9946031775
1668	0.9956823698
1669	0.9967615014
1670	0.9978405679
1671	0.9989195637
1672	0.9999984759
1673	1.0010772949
1674	1.0021560228
1675	1.0032346763
1676	1.0043132854
1677	1.0053918777
1678	1.0064704701
1679	1.0075490781
1680	1.0086277178
1681	1.0097063930
1682	1.0107850955
1683	1.0118638207
1684	1.0129425751
1685	1.0140213715
1686	1.0151002202
1687	1.0161791171
1688	1.0172580481
1689	1.0183370045
1690	1.0194159747
1691	1.0204949291
1692	1.0215738369
1693	1.0226526844
1694	1.0237314656
1695	1.0248101762
1696	1.0258888128
1697	1.0269673781
1698	1.0280458771
1699	1.0291243051
1700	1.0302026580
1701	1.0312809405
1702	1.0323591614
1703	1.0334373320
1704	1.0345154635
1705	1.0355935614
1706	1.0366716218
1707	1.0377496377
1708	1.0388276029
1709	1.0399055084
1710	1.0409833444
1711	1.0420611067
1712	1.0431387998
1713	1.0442164307
1714	1.0452940094
1715	1.0463715556
1716	1.0474490875
1717	1.0485266076
1718	1.0496041071
1719	1.0506815812
1720	1.0517590376
1721	1.0528364900
1722	1.0539139459
1723	1.0549914056
1724	1.0560688729
1725	1.0571463520
1726	1.0582238379
1727	1.0593013214
1728	1.0603787964
1729	1.0614562565
1730	1.0625336959
1731	1.0636111173
1732	1.0646885285
1733	1.0657659373
1734	1.0668433529
1735	1.0679207724
1736	1.0689981813
1737	1.0700755685
1738	1.0711529220
1739	1.0722302216
1740	1.0733074432
1741	1.0743845701
1742	1.0754616008
1743	1.0765385276
1744	1.0776153220
1745	1.0786919616
1746	1.0797684425
1747	1.0808447632
1748	1.0819209215
1749	1.0829969217
1750	1.0840727717
1751	1.0851484765
1752	1.0862240411
1753	1.0872994669
1754	1.0883747489
1755	1.0894498848
1756	1.0905248788
1757	1.0915997383
1758	1.0926744793
1759	1.0937491314
1760	1.0948237256
1761	1.0958982905
1762	1.0969728654
1763	1.0980474955
1764	1.0991222076
1765	1.1001970009
1766	1.1012718670
1767	1.1023467977
1768	1.1034217752
1769	1.1044967747
1770	1.1055717697
1771	1.1066467410
1772	1.1077216692
1773	1.1087965174
1774	1.1098712310
1775	1.1109457520
1776	1.1120200218
1777	1.1130939689
1778	1.1141675130
1779	1.1152405865
1780	1.1163131467
1781	1.1173851840
1782	1.1184567161
1783	1.1195277675
1784	1.1205983590
1785	1.1216684976
1786	1.1227381942
1787	1.1238074869
1788	1.1248764211
1789	1.1259450343
1790	1.1270133602
1791	1.1280814214
1792	1.1291492623
1793	1.1302169743
1794	1.1312846526
1795	1.1323523705
1796	1.1334201926
1797	1.1344881593
1798	1.1355562514
1799	1.1366244130
1800	1.1376925934
1801	1.1387607374
1802	1.1398287557
1803	1.1408965329
1804	1.1419639581
1805	1.1430309322
1806	1.1440973592
1807	1.1451631336
1808	1.1462281600
1809	1.1472923789
1810	1.1483557526
1811	1.1494182540
1812	1.1504798578
1813	1.1515405487
1814	1.1526003467
1815	1.1536592906
1816	1.1547174176
1817	1.1557747601
1818	1.1568313371
1819	1.1578871592
1820	1.1589422438
1821	1.1599966201
1822	1.1610503169
1823	1.1621033606
1824	1.1631557788
1825	1.1642075911
1826	1.1652587903
1827	1.1663093208
1828	1.1673590995
1829	1.1684080553
1830	1.1694561359
1831	1.1705032847
1832	1.1715494296
1833	1.1725945094
1834	1.1736384798
1835	1.1746812910
1836	1.1757229027
1837	1.1767633086
1838	1.1778025086
1839	1.1788404905
1840	1.1798772588
1841	1.1809128278
1842	1.1819471827
1843	1.1829802690
1844	1.1840119979
1845	1.1850422584
1846	1.1860709435
1847	1.1870979676
1848	1.1881232633
1849	1.1891467774
1850	1.1901684732
1851	1.1911883167
1852	1.1922062756
1853	1.1932223411
1854	1.1942365257
1855	1.1952488433
1856	1.1962592876
1857	1.1972678243
1858	1.1982744087
1859	1.1992789867
1860	1.2002815121
1861	1.2012819700
1862	1.2022803341
1863	1.2032765653
1864	1.2042706617
1865	1.2052626450
1866	1.2062525216
1867	1.2072402823
1868	1.2082259281
1869	1.2092094905
1870	1.2101910232
1871	1.2111705754
1872	1.2121481885
1873	1.2131239168
1874	1.2140978280
1875	1.2150699788
1876	1.2160404022
1877	1.2170091252
1878	1.2179761642
1879	1.2189415063
1880	1.2199051184
1881	1.2208669594
1882	1.2218269779
1883	1.2227851005
1884	1.2237412331
1885	1.2246952836
1886	1.2256471697
1887	1.2265968122
1888	1.2275441252
1889	1.2284890258
1890	1.2294314450
1891	1.2303713061
1892	1.2313085221
1893	1.2322430097
1894	1.2331746891
1895	1.2341034806
1896	1.2350293150
1897	1.2359521398
1898	1.2368718971
1899	1.2377885087
1900	1.2387018903
1901	1.2396119482
1902	1.2405185510
1903	1.2414215240
1904	1.2423206790
1905	1.2432158463
1906	1.2441068852
1907	1.2449936927
1908	1.2458761910
1909	1.2467542933
1910	1.2476279156
1911	1.2484969917
1912	1.2493614650
1913	1.2502212973
1914	1.2510764542
1915	1.2519268884
1916	1.2527725702
1917	1.2536135063
1918	1.2544497331
1919	1.2552813279
1920	1.2561084023
1921	1.2569310468
1922	1.2577493056
1923	1.2585632108
1924	1.2593728262
1925	1.2601782444
1926	1.2609795434
1927	1.2617767685
1928	1.2625699391
1929	1.2633590622
1930	1.2641441413
1931	1.2649251833
1932	1.2657021915
1933	1.2664751424
1934	1.2672439928
1935	1.2680086878
1936	1.2687691536
1937	1.2695253087
1938	1.2702770783
1939	1.2710244086
1940	1.2717672711
1941	1.2725056509
1942	1.2732395367
1943	1.2739689034
1944	1.2746936992
1945	1.2754138681
1946	1.2761293692
1947	1.2768401506
1948	1.2775461313
1949	1.2782472166
1950	1.2789433131
1951	1.2796343375
1952	1.2803202318
1953	1.2810009774
1954	1.2816765969
1955	1.2823471421
1956	1.2830126763
1957	1.2836732606
1958	1.2843289544
1959	1.2849798122
1960	1.2856258771
1961	1.2862672017
1962	1.2869038672
1963	1.2875359543
1964	1.2881635099
1965	1.2887865583
1966	1.2894051125
1967	1.2900191721
1968	1.2906287362
1969	1.2912338130
1970	1.2918344126
1971	1.2924305428
1972	1.2930222063
1973	1.2936093931
1974	1.2941920824
1975	1.2947702603
1976	1.2953439332
1977	1.2959131158
1978	1.2964778090
1979	1.2970379918
1980	1.2975936387
1981	1.2981447322
1982	1.2986912434
1983	1.2992331095
1984	1.2997702369
1985	1.3003025374
1986	1.3008299491
1987	1.3013524228
1988	1.3018699175
1989	1.3023823952
1990	1.3028898103
1991	1.3033921254
1992	1.3038893299
1993	1.3043814432
1994	1.3048685152
1995	1.3053506065
1996	1.3058277668
1997	1.3063000309
1998	1.3067674189
1999	1.3072299442
2000	1.3076876227
2001	1.3081404751
2002	1.3085885408
2003	1.3090318795
2004	1.3094705581
2005	1.3099046410
2006	1.3103341827
2007	1.3107592300
2008	1.3111798258
2009	1.3115960114
2010	1.3120078235
2011	1.3124152817
2012	1.3128183826
2013	1.3132171055
2014	1.3136114235
2015	1.3140013069
2016	1.3143867206
2017	1.3147676276
2018	1.3151439973
2019	1.3155158065
2020	1.3158830287
2021	1.3162456311
2022	1.3166035769
2023	1.3169568251
2024	1.3173053359
2025	1.3176490761
2026	1.3179880122
2027	1.3183221041
2028	1.3186513073
2029	1.3189755865
2030	1.3192949176
2031	1.3196092683
2032	1.3199185968
2033	1.3202228625
2034	1.3205220227
2035	1.3208160237
2036	1.3211048052
2037	1.3213883090
2038	1.3216664868
2039	1.3219393087
2040	1.3222067494
2041	1.3224687693
2042	1.3227253336
2043	1.3229764273
2044	1.3232220470
2045	1.3234622040
2046	1.3236969334
2047	1.3239262827
2048	1.3241502971
2049	1.3243690207
2050	1.3245825010
2051	1.3247907875
2052	1.3249939237
2053	1.3251919528
2054	1.3253849331
2055	1.3255729399
2056	1.3257560583
2057	1.3259343779
2058	1.3261079799
2059	1.3262769221
2060	1.3264412321
2061	1.3266009084
2062	1.3267559306
2063	1.3269062811
2064	1.3270519563
2065	1.3271929579
2066	1.3273292860
2067	1.3274609445
2068	1.3275879405
2069	1.3277102791
2070	1.3278279668
2071	1.3279410202
2072	1.3280494701
2073	1.3281533570
2074	1.3282527206
2075	1.3283475893
2076	1.3284379740
2077	1.3285238612
2078	1.3286052166
2079	1.3286819964
2080	1.3287541481
2081	1.3288216102
2082	1.3288843178
2083	1.3289422027
2084	1.3289951904
2085	1.3290432071
2086	1.3290861898
2087	1.3291240891
2088	1.3291568699
2089	1.3291845193
2090	1.3292070512
2091	1.3292244974
2092	1.3292368985
2093	1.3292442942
2094	1.3292467219
2095	1.3292442211
2096	1.3292368283
2097	1.3292245774
2098	1.3292075122
2099	1.3291856892
2100	1.3291591671
2101	1.3291280017
2102	1.3290922426
2103	1.3290519250
2104	1.3290070631
2105	1.3289576529
2106	1.3289036853
2107	1.3288451454
2108	1.3287820028
2109	1.3287142175
2110	1.3286417588
2111	1.3285646094
2112	1.3284827478
2113	1.3283961477
2114	1.3283048020
2115	1.3282087267
2116	1.3281079522
2117	1.3280025237
2118	1.3278924967
2119	1.3277779219
2120	1.3276588427
2121	1.3275353032
2122	1.3274073392
2123	1.3272749733
2124	1.3271382348
2125	1.3269971659
2126	1.3268518146
2127	1.3267022362
2128	1.3265484947
2129	1.3263906593
2130	1.3262287929
2131	1.3260629390
2132	1.3258931320
2133	1.3257194104
2134	1.3255418157
2135	1.3253603902
2136	1.3251751696
2137	1.3249861823
2138	1.3247934641
2139	1.3245970472
2140	1.3243969516
2141	1.3241932000
2142	1.3239858190
2143	1.3237748279
2144	1.3235602432
2145	1.3233420809
2146	1.3231203461
2147	1.3228950369
2148	1.3226661587
2149	1.3224337304
2150	1.3221977887
2151	1.3219583817
2152	1.3217155644
2153	1.3214694148
2154	1.3212200449
2155	1.3209675813
2156	1.3207121446
2157	1.3204538569
2158	1.3201928444
2159	1.3199292186
2160	1.3196630708
2161	1.3193944702
2162	1.3191234809
2163	1.3188501802
2164	1.3185746472
2165	1.3182969423
2166	1.3180171030
2167	1.3177351484
2168	1.3174510737
2169	1.3171648581
2170	1.3168764912
2171	1.3165859771
2172	1.3162933245
2173	1.3159985565
2174	1.3157017254
2175	1.3154029023
2176	1.3151021653
2177	1.3147995954
2178	1.3144952567
2179	1.3141891926
2180	1.3138814443
2181	1.3135720578
2182	1.3132610844
2183	1.3129485797
2184	1.3126345879
2185	1.3123191394
2186	1.3120022547
2187	1.3116839567
2188	1.3113642880
2189	1.3110432863
2190	1.3107209624
2191	1.3103973168
2192	1.3100723347
2193	1.3097459888
2194	1.3094182638
2195	1.3090891658
2196	1.3087587069
2197	1.3084268858
2198	1.3080937063
2199	1.3077591954
2200	1.3074233767
2201	1.3070862588
2202	1.3067478643
2203	1.3064082562
2204	1.3060675254
2205	1.3057257581
2206	1.3053830216
2207	1.3050393743
2208	1.3046948805
2209	1.3043496026
2210	1.3040035901
2211	1.3036568933
2212	1.3033095733
2213	1.3029617007
2214	1.3026133540
2215	1.3022646163
2216	1.3019155746
2217	1.3015663068
2218	1.3012168745
2219	1.3008673315
2220	1.3005177130
2221	1.3001680279
2222	1.2998182845
2223	1.2994684867
2224	1.2991186187
2225	1.2987686619
2226	1.2984185961
2227	1.2980683991
2228	1.2977180616
2229	1.2973675785
2230	1.2970169328
2231	1.2966661025
2232	1.2963150697
2233	1.2959638114
2234	1.2956122974
2235	1.2952605012
2236	1.2949083891
2237	1.2945559021
2238	1.2942029619
2239	1.2938495200
2240	1.2934955950
2241	1.2931412385
2242	1.2927864773
2243	1.2924313161
2244	1.2920757663
2245	1.2917198411
2246	1.2913635793
2247	1.2910070567
2248	1.2906503359
2249	1.2902934310
2250	1.2899363193
2251	1.2895789661
2252	1.2892213461
2253	1.2888634478
2254	1.2885052543
2255	1.2881467293
2256	1.2877878353
2257	1.2874285570
2258	1.2870689056
2259	1.2867089241
2260	1.2863486700
2261	1.2859881706
2262	1.2856274086
2263	1.2852663542
2264	1.2849049902
2265	1.2845433035
2266	1.2841812804
2267	1.2838189238
2268	1.2834562636
2269	1.2830933451
2270	1.2827301911
2271	1.2823667818
2272	1.2820030831
2273	1.2816390733
2274	1.2812747591
2275	1.2809101672
2276	1.2805453090
2277	1.2801801784
2278	1.2798147610
2279	1.2794490393
2280	1.2790830053
2281	1.2787166443
2282	1.2783499251
2283	1.2779828247
2284	1.2776153240
2285	1.2772474010
2286	1.2768790462
2287	1.2765102631
2288	1.2761410697
2289	1.2757715045
2290	1.2754016299
2291	1.2750315151
2292	1.2746612045
2293	1.2742907014
2294	1.2739199873
2295	1.2735490564
2296	1.2731779101
2297	1.2728065422
2298	1.2724349424
2299	1.2720631048
2300	1.2716910317
2301	1.2713187240
2302	1.2709461788
2303	1.2705734064
2304	1.2702004452
2305	1.2698273396
2306	1.2694541062
2307	1.2690807393
2308	1.2687072118
2309	1.2683334660
2310	1.2679594432
2311	1.2675851104
2312	1.2672104351
2313	1.2668353693
2314	1.2664598796
2315	1.2660839547
2316	1.2657075787
2317	1.2653307169
2318	1.2649533143
2319	1.2645753064
2320	1.2641966478
2321	1.2638173265
2322	1.2634373395
2323	1.2630566726
2324	1.2626753057
2325	1.2622932296
2326	1.2619104468
2327	1.2615269545
2328	1.2611427435
2329	1.2607578124
2330	1.2603721638
2331	1.2599857864
2332	1.2595986528
2333	1.2592107293
2334	1.2588219860
2335	1.2584324132
2336	1.2580420164
2337	1.2576508104
2338	1.2572588332
2339	1.2568661246
2340	1.2564727062
2341	1.2560785893
2342	1.2556837711
2343	1.2552882397
2344	1.2548919891
2345	1.2544950182
2346	1.2540973246
2347	1.2536988931
2348	1.2532997023
2349	1.2528997307
2350	1.2524989354
2351	1.2520972463
2352	1.2516945855
2353	1.2512908819
2354	1.2508860729
2355	1.2504801034
2356	1.2500729276
2357	1.2496645126
2358	1.2492548380
2359	1.2488438913
2360	1.2484316723
2361	1.2480181888
2362	1.2476034448
2363	1.2471874495
2364	1.2467702274
2365	1.2463517951
2366	1.2459321413
2367	1.2455112429
2368	1.2450890854
2369	1.2446656492
2370	1.2442408944
2371	1.2438147809
2372	1.2433872851
2373	1.2429583991
2374	1.2425281284
2375	1.2420964691
2376	1.2416634062
2377	1.2412289402
2378	1.2407930892
2379	1.2403558749
2380	1.2399173111
2381	1.2394773957
2382	1.2390361184
2383	1.2385934644
2384	1.2381494061
2385	1.2377039056
2386	1.2372569254
2387	1.2368084374
2388	1.2363584323
2389	1.2359069128
2390	1.2354538815
2391	1.2349993463
2392	1.2345433155
2393	1.2340857810
2394	1.2336267243
2395	1.2331661360
2396	1.2327040142
2397	1.2322403671
2398	1.2317752257
2399	1.2313086289
2400	1.2308406092
2401	1.2303712016
2402	1.2299004302
2403	1.2294282921
2404	1.2289547714
2405	1.2284798563
2406	1.2280035405
2407	1.2275258142
2408	1.2270466673
2409	1.2265661056
2410	1.2260841517
2411	1.2256008323
2412	1.2251161708
2413	1.2246301991
2414	1.2241429542
2415	1.2236544561
2416	1.2231647034
2417	1.2226736908
2418	1.2221814105
2419	1.2216878379
2420	1.2211929338
2421	1.2206966620
2422	1.2201989918
2423	1.2196998905
2424	1.2191993223
2425	1.2186972561
2426	1.2181936767
2427	1.2176885875
2428	1.2171820016
2429	1.2166739216
2430	1.2161643206
2431	1.2156531557
2432	1.2151403842
2433	1.2146259613
2434	1.2141098418
2435	1.2135919791
2436	1.2130723395
2437	1.2125509105
2438	1.2120276823
2439	1.2115026644
2440	1.2109758983
2441	1.2104474319
2442	1.2099172977
2443	1.2093855042
2444	1.2088520418
2445	1.2083169057
2446	1.2077801148
2447	1.2072416908
2448	1.2067016214
2449	1.2061598605
2450	1.2056163601
2451	1.2050710859
2452	1.2045240083
2453	1.2039751105
2454	1.2034243902
2455	1.2028718369
2456	1.2023174365
2457	1.2017612066
2458	1.2012032019
2459	1.2006434946
2460	1.2000821620
2461	1.1995192642
2462	1.1989548355
2463	1.1983889153
2464	1.1978215593
2465	1.1972528220
2466	1.1966827655
2467	1.1961114819
2468	1.1955390772
2469	1.1949656339
2470	1.1943911854
2471	1.1938157249
2472	1.1932392396
2473	1.1926617131
2474	1.1920831114
2475	1.1915034037
2476	1.1909225696
2477	1.1903405622
2478	1.1897572941
2479	1.1891726751
2480	1.1885866377
2481	1.1879991238
2482	1.1874100592
2483	1.1868193577
2484	1.1862269455
2485	1.1856327517
2486	1.1850366982
2487	1.1844387196
2488	1.1838387753
2489	1.1832368584
2490	1.1826330001
2491	1.1820272541
2492	1.1814196825
2493	1.1808103628
2494	1.1801993978
2495	1.1795869024
2496	1.1789729962
2497	1.1783577877
2498	1.1777413448
2499	1.1771237061
2500	1.1765048942
2501	1.1758849324
2502	1.1752638618
2503	1.1746417201
2504	1.1740185507
2505	1.1733944333
2506	1.1727694679
2507	1.1721437451
2508	1.1715173360
2509	1.1708903026
2510	1.1702626985
2511	1.1696345530
2512	1.1690058768
2513	1.1683766706
2514	1.1677469218
2515	1.1671166171
2516	1.1664857215
2517	1.1658541691
2518	1.1652219135
2519	1.1645889514
2520	1.1639552931
2521	1.1633209414
2522	1.1626858911
2523	1.1620501153
2524	1.1614135566
2525	1.1607761340
2526	1.1601377670
2527	1.1594984070
2528	1.1588580291
2529	1.1582166145
2530	1.1575741537
2531	1.1569306446
2532	1.1562860764
2533	1.1556404224
2534	1.1549936830
2535	1.1543459103
2536	1.1536971778
2537	1.1530475761
2538	1.1523972088
2539	1.1517461683
2540	1.1510945496
2541	1.1504424587
2542	1.1497899900
2543	1.1491372220
2544	1.1484842330
2545	1.1478311046
2546	1.1471778883
2547	1.1465245879
2548	1.1458711965
2549	1.1452176962
2550	1.1445640343
2551	1.1439101638
2552	1.1432560670
2553	1.1426017220
2554	1.1419471082
2555	1.1412922202
2556	1.1406370535
2557	1.1399815903
2558	1.1393257954
2559	1.1386696418
2560	1.1380131474
2561	1.1373563672
2562	1.1366993482
2563	1.1360421388
2564	1.1353848200
2565	1.1347274912
2566	1.1340702655
2567	1.1334132486
2568	1.1327565064
2569	1.1321000804
2570	1.1314440037
2571	1.1307883060
2572	1.1301330520
2573	1.1294783505
2574	1.1288242870
2575	1.1281708779
2576	1.1275181076
2577	1.1268659944
2578	1.1262146008
2579	1.1255639963
2580	1.1249142235
2581	1.1242652846
2582	1.1236171515
2583	1.1229697969
2584	1.1223232421
2585	1.1216775575
2586	1.1210328150
2587	1.1203890645
2588	1.1197463490
2589	1.1191047352
2590	1.1184643148
2591	1.1178251896
2592	1.1171874473
2593	1.1165511516
2594	1.1159163666
2595	1.1152831575
2596	1.1146515961
2597	1.1140217664
2598	1.1133937330
2599	1.1127675279
2600	1.1121431756
2601	1.1115207213
2602	1.1109001779
2603	1.1102814769
2604	1.1096645561
2605	1.1090494231
2606	1.1084361012
2607	1.1078245976
2608	1.1072148891
2609	1.1066068894
2610	1.1060004665
2611	1.1053954936
2612	1.1047918789
2613	1.1041895537
2614	1.1035884553
2615	1.1029885521
2616	1.1023898515
2617	1.1017923716
2618	1.1011961216
2619	1.1006010954
2620	1.1000072984
2621	1.0994147934
2622	1.0988236812
2623	1.0982340555
2624	1.0976459993
2625	1.0970595840
2626	1.0964748726
2627	1.0958919280
2628	1.0953107927
2629	1.0947314919
2630	1.0941540545
2631	1.0935785006
2632	1.0930048561
2633	1.0924331955
2634	1.0918636191
2635	1.0912962032
2636	1.0907310235
2637	1.0901681743
2638	1.0896077201
2639	1.0890496632
2640	1.0884939572
2641	1.0879405501
2642	1.0873894189
2643	1.0868405570
2644	1.0862939554
2645	1.0857495971
2646	1.0852074614
2647	1.0846675129
2648	1.0841296749
2649	1.0835938159
2650	1.0830597748
2651	1.0825274178
2652	1.0819966620
2653	1.0814674667
2654	1.0809397917
2655	1.0804135751
2656	1.0798887799
2657	1.0793654165
2658	1.0788435125
2659	1.0783230901
2660	1.0778041711
2661	1.0772867854
2662	1.0767709529
2663	1.0762566716
2664	1.0757439227
2665	1.0752326722
2666	1.0747228738
2667	1.0742144893
2668	1.0737075095
2669	1.0732019296
2670	1.0726977402
2671	1.0721949742
2672	1.0716937041
2673	1.0711940163
2674	1.0706960054
2675	1.0701997511
2676	1.0697053437
2677	1.0692129016
2678	1.0687225200
2679	1.0682342551
2680	1.0677481526
2681	1.0672642617
2682	1.0667825969
2683	1.0663031085
2684	1.0658257276
2685	1.0653504019
2686	1.0648770886
2687	1.0644057392
2688	1.0639362976
2689	1.0634687154
2690	1.0630029540
2691	1.0625389803
2692	1.0620767792
2693	1.0616163406
2694	1.0611576422
2695	1.0607006848
2696	1.0602454899
2697	1.0597920334
2698	1.0593402523
2699	1.0588901092
2700	1.0584416129
2701	1.0579948221
2702	1.0575498324
2703	1.0571067464
2704	1.0566656548
2705	1.0562266302
2706	1.0557897039
2707	1.0553548417
2708	1.0549219823
2709	1.0544910716
2710	1.0540620435
2711	1.0536348239
2712	1.0532093390
2713	1.0527855041
2714	1.0523632428
2715	1.0519425114
2716	1.0515232782
2717	1.0511055016
2718	1.0506891509
2719	1.0502742488
2720	1.0498608559
2721	1.0494490120
2722	1.0490387349
2723	1.0486300364
2724	1.0482229271
2725	1.0478174215
2726	1.0474135257
2727	1.0470112443
2728	1.0466105757
2729	1.0462114976
2730	1.0458139839
2731	1.0454179992
2732	1.0450234932
2733	1.0446304497
2734	1.0442388991
2735	1.0438488640
2736	1.0434603462
2737	1.0430733469
2738	1.0426878614
2739	1.0423038657
2740	1.0419213171
2741	1.0415401869
2742	1.0411605001
2743	1.0407823033
2744	1.0404056001
2745	1.0400303820
2746	1.0396566584
2747	1.0392844237
2748	1.0389136488
2749	1.0385442982
2750	1.0381763498
2751	1.0378097938
2752	1.0374446235
2753	1.0370808351
2754	1.0367184198
2755	1.0363573582
2756	1.0359976333
2757	1.0356392350
2758	1.0352821409
2759	1.0349263169
2760	1.0345717289
2761	1.0342183260
2762	1.0338660575
2763	1.0335149131
2764	1.0331649284
2765	1.0328161790
2766	1.0324687575
2767	1.0321227242
2768	1.0317780809
2769	1.0314348082
2770	1.0310928891
2771	1.0307522761
2772	1.0304129029
2773	1.0300747220
2774	1.0297376957
2775	1.0294017861
2776	1.0290669808
2777	1.0287333087
2778	1.0284008028
2779	1.0280694548
2780	1.0277392016
2781	1.0274099345
2782	1.0270815604
2783	1.0267540541
2784	1.0264274174
2785	1.0261016334
2786	1.0257766683
2787	1.0254524954
2788	1.0251291030
2789	1.0248064599
2790	1.0244845144
2791	1.0241632249
2792	1.0238425433
2793	1.0235223945
2794	1.0232026962
2795	1.0228833759
2796	1.0225643610
2797	1.0222455669
2798	1.0219269104
2799	1.0216083142
2800	1.0212896933
2801	1.0209709641
2802	1.0206520584
2803	1.0203329168
2804	1.0200135093
2805	1.0196938295
2806	1.0193738619
2807	1.0190535804
2808	1.0187329394
2809	1.0184118888
2810	1.0180904140
2811	1.0177685269
2812	1.0174462391
2813	1.0171235696
2814	1.0168005391
2815	1.0164771431
2816	1.0161533681
2817	1.0158292161
2818	1.0155047065
2819	1.0151798777
2820	1.0148547849
2821	1.0145294937
2822	1.0142040591
2823	1.0138785049
2824	1.0135528267
2825	1.0132270164
2826	1.0129010757
2827	1.0125750011
2828	1.0122487599
2829	1.0119222879
2830	1.0115955141
2831	1.0112683747
2832	1.0109407994
2833	1.0106127026
2834	1.0102839834
2835	1.0099545463
2836	1.0096243308
2837	1.0092933047
2838	1.0089614402
2839	1.0086287193
2840	1.0082951336
2841	1.0079606658
2842	1.0076252803
2843	1.0072889436
2844	1.0069516264
2845	1.0066132776
2846	1.0062738331
2847	1.0059332413
2848	1.0055914651
2849	1.0052484775
2850	1.0049042686
2851	1.0045588381
2852	1.0042121715
2853	1.0038642388
2854	1.0035150010
2855	1.0031644188
2856	1.0028124763
2857	1.0024591584
2858	1.0021044208
2859	1.0017482001
2860	1.0013904243
2861	1.0010310184
2862	1.0006698953
2863	1.0003069605
2864	0.9999421482
2865	0.9995754237
2866	0.9992067570
2867	0.9988361070
2868	0.9984634250
2869	0.9980886618
2870	0.9977117729
2871	0.9973327243
2872	0.9969515035
2873	0.9965681236
2874	0.9961826104
2875	0.9957950000
2876	0.9954053589
2877	0.9950137777
2878	0.9946203323
2879	0.9942250837
2880	0.9938280940
2881	0.9934293972
2882	0.9930289994
2883	0.9926269013
2884	0.9922230807
2885	0.9918174914
2886	0.9914100942
2887	0.9910008619
2888	0.9905897660
2889	0.9901767892
2890	0.9897619385
2891	0.9893452179
2892	0.9889265913
2893	0.9885059905
2894	0.9880833517
2895	0.9876586280
2896	0.9872317642
2897	0.9868026719
2898	0.9863712470
2899	0.9859373914
2900	0.9855010279
2901	0.9850621260
2902	0.9846206912
2903	0.9841767353
2904	0.9837302643
2905	0.9832812902
2906	0.9828298633
2907	0.9823760821
2908	0.9819200631
2909	0.9814619094
2910	0.9810017001
2911	0.9805395106
2912	0.9800754434
2913	0.9796096439
2914	0.9791422918
2915	0.9786735454
2916	0.9782035006
2917	0.9777322073
2918	0.9772597003
2919	0.9767860225
2920	0.9763111930
2921	0.9758351866
2922	0.9753579924
2923	0.9748796385
2924	0.9744001627
2925	0.9739196063
2926	0.9734380089
2927	0.9729553925
2928	0.9724717749
2929	0.9719871664
2930	0.9715015406
2931	0.9710148504
2932	0.9705270295
2933	0.9700379758
2934	0.9695475968
2935	0.9690558381
2936	0.9685626535
2937	0.9680679722
2938	0.9675717021
2939	0.9670737702
2940	0.9665741456
2941	0.9660728313
2942	0.9655698386
2943	0.9650651596
2944	0.9645587822
2945	0.9640507280
2946	0.9635410320
2947	0.9630297030
2948	0.9625167502
2949	0.9620021844
2950	0.9614859880
2951	0.9609681356
2952	0.9604485926
2953	0.9599272781
2954	0.9594040994
2955	0.9588790322
2956	0.9583521370
2957	0.9578235120
2958	0.9572932640
2959	0.9567615210
2960	0.9562284394
2961	0.9556941829
2962	0.9551588920
2963	0.9546226885
2964	0.9540856926
2965	0.9535480192
2966	0.9530097848
2967	0.9524710915
2968	0.9519319905
2969	0.9513924723
2970	0.9508524842
2971	0.9503119594
2972	0.9497708243
2973	0.9492290068
2974	0.9486864325
2975	0.9481430238
2976	0.9475987352
2977	0.9470535478
2978	0.9465074318
2979	0.9459603557
2980	0.9454123116
2981	0.9448633089
2982	0.9443133476
2983	0.9437624010
2984	0.9432104495
2985	0.9426575176
2986	0.9421036629
2987	0.9415489835
2988	0.9409935948
2989	0.9404375517
2990	0.9398808412
2991	0.9393234483
2992	0.9387653950
2993	0.9382066926
2994	0.9376473247
2995	0.9370873056
2996	0.9365266871
2997	0.9359655126
2998	0.9354037806
2999	0.9348414428
