0	1.2500000087
1	1.2501987769
2	1.2503973026
3	1.2505955867
4	1.2507936304
5	1.2509914355
6	1.2511890038
7	1.2513863374
8	1.2515834386
9	1.2517803096
10	1.2519769530
11	1.2521733710
12	1.2523695661
13	1.2525655408
14	1.2527612975
15	1.2529568383
16	1.2531521657
17	1.2533472817
18	1.2535421884
19	1.2537368876
20	1.2539313813
21	1.2541256708
22	1.2543197578
23	1.2545136434
24	1.2547073287
25	1.2549008145
26	1.2550941014
27	1.2552871898
28	1.2554800799
29	1.2556727716
30	1.2558652644
31	1.2560575577
32	1.2562496507
33	1.2564415420
34	1.2566332301
35	1.2568247133
36	1.2570159893
37	1.2572070558
38	1.2573979099
39	1.2575885486
40	1.2577789683
41	1.2579691652
42	1.2581591352
43	1.2583488737
44	1.2585383758
45	1.2587276364
46	1.2589166496
47	1.2591054096
48	1.2592939099
49	1.2594821436
50	1.2596701037
51	1.2598577824
52	1.2600451719
53	1.2602322637
54	1.2604190489
55	1.2606055184
56	1.2607916624
57	1.2609774710
58	1.2611629336
59	1.2613480393
60	1.2615327767
61	1.2617171342
62	1.2619010995
63	1.2620846598
64	1.2622678021
65	1.2624505129
66	1.2626327785
67	1.2628145849
68	1.2629959172
69	1.2631767597
70	1.2633570963
71	1.2635369107
72	1.2637161865
73	1.2638949072
74	1.2640730553
75	1.2642506133
76	1.2644275632
77	1.2646038860
78	1.2647795620
79	1.2649545711
80	1.2651288928
81	1.2653025064
82	1.2654753907
83	1.2656475244
84	1.2658188861
85	1.2659894541
86	1.2661592061
87	1.2663281201
88	1.2664961731
89	1.2666633415
90	1.2668296015
91	1.2669949287
92	1.2671592978
93	1.2673226829
94	1.2674850579
95	1.2676463960
96	1.2678066701
97	1.2679658527
98	1.2681239162
99	1.2682808327
100	1.2684365741
101	1.2685911126
102	1.2687444200
103	1.2688964680
104	1.2690472288
105	1.2691966741
106	1.2693447755
107	1.2694915048
108	1.2696368333
109	1.2697807320
110	1.2699231718
111	1.2700641232
112	1.2702035562
113	1.2703414406
114	1.2704777460
115	1.2706124409
116	1.2707454939
117	1.2708768731
118	1.2710065460
119	1.2711344800
120	1.2712606422
121	1.2713849991
122	1.2715075168
123	1.2716281620
124	1.2717469011
125	1.2718637009
126	1.2719785280
127	1.2720913480
128	1.2722021260
129	1.2723108282
130	1.2724174227
131	1.2725218797
132	1.2726241695
133	1.2727242596
134	1.2728221154
135	1.2729177027
136	1.2730109902
137	1.2731019509
138	1.2731905588
139	1.2732767869
140	1.2733606083
141	1.2734419954
142	1.2735209202
143	1.2735973532
144	1.2736712642
145	1.2737426248
146	1.2738114101
147	1.2738775957
148	1.2739411582
149	1.2740020754
150	1.2740603254
151	1.2741158855
152	1.2741687308
153	1.2742188345
154	1.2742661702
155	1.2743107107
156	1.2743524275
157	1.2743912938
158	1.2744272848
159	1.2744603763
160	1.2744905456
161	1.2745177708
162	1.2745420309
163	1.2745633050
164	1.2745815704
165	1.2745968041
166	1.2746089826
167	1.2746180798
168	1.2746240691
169	1.2746269237
170	1.2746266163
171	1.2746231202
172	1.2746164096
173	1.2746064606
174	1.2745932511
175	1.2745767599
176	1.2745569680
177	1.2745338584
178	1.2745074142
179	1.2744776195
180	1.2744444592
181	1.2744079175
182	1.2743679784
183	1.2743246256
184	1.2742778424
185	1.2742276115
186	1.2741739146
187	1.2741167348
188	1.2740560552
189	1.2739918596
190	1.2739241339
191	1.2738528647
192	1.2737780393
193	1.2736996474
194	1.2736176808
195	1.2735321354
196	1.2734430098
197	1.2733503032
198	1.2732540142
199	1.2731541392
200	1.2730506774
201	1.2729436327
202	1.2728330113
203	1.2727188198
204	1.2726010609
205	1.2724797335
206	1.2723548366
207	1.2722263701
208	1.2720943348
209	1.2719587323
210	1.2718195647
211	1.2716768372
212	1.2715305544
213	1.2713807197
214	1.2712273352
215	1.2710704018
216	1.2709099234
217	1.2707459063
218	1.2705783576
219	1.2704072883
220	1.2702327131
221	1.2700546486
222	1.2698731120
223	1.2696881190
224	1.2694996863
225	1.2693078301
226	1.2691125660
227	1.2689139096
228	1.2687118770
229	1.2685064869
230	1.2682977584
231	1.2680857103
232	1.2678703639
233	1.2676517406
234	1.2674298603
235	1.2672047412
236	1.2669763985
237	1.2667448465
238	1.2665100969
239	1.2662721603
240	1.2660310481
241	1.2657867720
242	1.2655393449
243	1.2652887802
244	1.2650350943
245	1.2647783056
246	1.2645184313
247	1.2642554896
248	1.2639894984
249	1.2637204741
250	1.2634484332
251	1.2631733920
252	1.2628953682
253	1.2626143794
254	1.2623304405
255	1.2620435660
256	1.2617537717
257	1.2614610798
258	1.2611655205
259	1.2608671262
260	1.2605659234
261	1.2602619259
262	1.2599551451
263	1.2596456042
264	1.2593333425
265	1.2590184057
266	1.2587008249
267	1.2583806082
268	1.2580577515
269	1.2577322594
270	1.2574041561
271	1.2570734736
272	1.2567402382
273	1.2564044683
274	1.2560661808
275	1.2557253935
276	1.2553821166
277	1.2550363518
278	1.2546881028
279	1.2543373873
280	1.2539842370
281	1.2536286809
282	1.2532707372
283	1.2529104203
284	1.2525477437
285	1.2521827148
286	1.2518153284
287	1.2514455767
288	1.2510734628
289	1.2506990001
290	1.2503222031
291	1.2499430839
292	1.2495616580
293	1.2491779450
294	1.2487919573
295	1.2484036956
296	1.2480131580
297	1.2476203495
298	1.2472252780
299	1.2468279494
300	1.2464283760
301	1.2460265818
302	1.2456225962
303	1.2452164434
304	1.2448081435
305	1.2443977184
306	1.2439851856
307	1.2435705520
308	1.2431538184
309	1.2427349887
310	1.2423140711
311	1.2418910707
312	1.2414659953
313	1.2410388641
314	1.2406097017
315	1.2401785299
316	1.2397453691
317	1.2393102443
318	1.2388731773
319	1.2384341811
320	1.2379932664
321	1.2375504464
322	1.2371057323
323	1.2366591285
324	1.2362106433
325	1.2357602956
326	1.2353081083
327	1.2348541051
328	1.2343983128
329	1.2339407590
330	1.2334814649
331	1.2330204488
332	1.2325577354
333	1.2320933476
334	1.2316272955
335	1.2311595796
336	1.2306902006
337	1.2302191599
338	1.2297464565
339	1.2292720944
340	1.2287960825
341	1.2283184301
342	1.2278391503
343	1.2273582631
344	1.2268757896
345	1.2263917446
346	1.2259061439
347	1.2254190104
348	1.2249303643
349	1.2244402179
350	1.2239485817
351	1.2234554679
352	1.2229608839
353	1.2224648325
354	1.2219673185
355	1.2214683473
356	1.2209679255
357	1.2204660674
358	1.2199627916
359	1.2194581158
360	1.2189520614
361	1.2184446574
362	1.2179359302
363	1.2174258996
364	1.2169145871
365	1.2164020168
366	1.2158882068
367	1.2153731688
368	1.2148569172
369	1.2143394661
370	1.2138208249
371	1.2133010025
372	1.2127800089
373	1.2122578534
374	1.2117345472
375	1.2112101060
376	1.2106845470
377	1.2101578908
378	1.2096301674
379	1.2091014085
380	1.2085716434
381	1.2080409080
382	1.2075092464
383	1.2069767002
384	1.2064433062
385	1.2059091013
386	1.2053741148
387	1.2048383675
388	1.2043018861
389	1.2037647080
390	1.2032268682
391	1.2026883889
392	1.2021492801
393	1.2016095471
394	1.2010692075
395	1.2005283020
396	1.1999868789
397	1.1994449756
398	1.1989026127
399	1.1983598012
400	1.1978165605
401	1.1972729324
402	1.1967289720
403	1.1961847239
404	1.1956402261
405	1.1950955213
406	1.1945506484
407	1.1940056345
408	1.1934605004
409	1.1929152680
410	1.1923699653
411	1.1918246323
412	1.1912793087
413	1.1907340162
414	1.1901887647
415	1.1896435651
416	1.1890984288
417	1.1885533620
418	1.1880083710
419	1.1874634720
420	1.1869186973
421	1.1863740888
422	1.1858296784
423	1.1852854905
424	1.1847415548
425	1.1841979013
426	1.1836545507
427	1.1831115230
428	1.1825688482
429	1.1820265631
430	1.1814847098
431	1.1809433289
432	1.1804024503
433	1.1798621024
434	1.1793223146
435	1.1787831014
436	1.1782444623
437	1.1777064021
438	1.1771689336
439	1.1766320660
440	1.1760958075
441	1.1755601723
442	1.1750251809
443	1.1744908510
444	1.1739571896
445	1.1734241990
446	1.1728918848
447	1.1723602512
448	1.1718292950
449	1.1712990187
450	1.1707694377
451	1.1702405722
452	1.1697124466
453	1.1691850904
454	1.1686585387
455	1.1681328303
456	1.1676079996
457	1.1670840680
458	1.1665610551
459	1.1660389862
460	1.1655178773
461	1.1649977397
462	1.1644785962
463	1.1639604731
464	1.1634433883
465	1.1629273612
466	1.1624124188
467	1.1618985852
468	1.1613858769
469	1.1608743039
470	1.1603638743
471	1.1598545935
472	1.1593464572
473	1.1588394580
474	1.1583335951
475	1.1578288723
476	1.1573252937
477	1.1568228704
478	1.1563216224
479	1.1558215702
480	1.1553227341
481	1.1548251334
482	1.1543287878
483	1.1538337159
484	1.1533399282
485	1.1528474326
486	1.1523562431
487	1.1518663713
488	1.1513778200
489	1.1508906000
490	1.1504047306
491	1.1499202237
492	1.1494370931
493	1.1489553623
494	1.1484750529
495	1.1479961805
496	1.1475187604
497	1.1470428051
498	1.1465683193
499	1.1460953004
500	1.1456237395
501	1.1451536267
502	1.1446849469
503	1.1442176808
504	1.1437518137
505	1.1432873343
506	1.1428242296
507	1.1423624888
508	1.1419021074
509	1.1414430806
510	1.1409854009
511	1.1405290619
512	1.1400740585
513	1.1396203838
514	1.1391680248
515	1.1387169687
516	1.1382672069
517	1.1378187257
518	1.1373715093
519	1.1369255504
520	1.1364808416
521	1.1360373692
522	1.1355951273
523	1.1351541166
524	1.1347143351
525	1.1342757860
526	1.1338384771
527	1.1334024109
528	1.1329675859
529	1.1325340022
530	1.1321016577
531	1.1316705467
532	1.1312406577
533	1.1308119742
534	1.1303844757
535	1.1299581342
536	1.1295329205
537	1.1291088082
538	1.1286857682
539	1.1282637705
540	1.1278427902
541	1.1274228036
542	1.1270037830
543	1.1265857007
544	1.1261685303
545	1.1257522441
546	1.1253368125
547	1.1249222055
548	1.1245083935
549	1.1240953410
550	1.1236830085
551	1.1232713590
552	1.1228603500
553	1.1224499339
554	1.1220400680
555	1.1216307113
556	1.1212218187
557	1.1208133503
558	1.1204052688
559	1.1199975335
560	1.1195901075
561	1.1191829572
562	1.1187760477
563	1.1183693470
564	1.1179628289
565	1.1175564683
566	1.1171502402
567	1.1167441200
568	1.1163380834
569	1.1159321045
570	1.1155261530
571	1.1151201973
572	1.1147142037
573	1.1143081340
574	1.1139019503
575	1.1134956178
576	1.1130891008
577	1.1126823635
578	1.1122753709
579	1.1118680840
580	1.1114604619
581	1.1110524690
582	1.1106440764
583	1.1102352554
584	1.1098259734
585	1.1094161933
586	1.1090058751
587	1.1085949813
588	1.1081834857
589	1.1077713663
590	1.1073585914
591	1.1069451176
592	1.1065308924
593	1.1061158632
594	1.1056999933
595	1.1052832573
596	1.1048656248
597	1.1044470576
598	1.1040275130
599	1.1036069483
600	1.1031853284
601	1.1027626247
602	1.1023388078
603	1.1019138486
604	1.1014877216
605	1.1010604028
606	1.1006318658
607	1.1002020798
608	1.0997710157
609	1.0993386511
610	1.0989049723
611	1.0984699704
612	1.0980336322
613	1.0975959382
614	1.0971568689
615	1.0967164050
616	1.0962745228
617	1.0958311965
618	1.0953864031
619	1.0949401242
620	1.0944923449
621	1.0940430481
622	1.0935922123
623	1.0931398133
624	1.0926858289
625	1.0922302378
626	1.0917730171
627	1.0913141466
628	1.0908536111
629	1.0903913989
630	1.0899274998
631	1.0894619021
632	1.0889945912
633	1.0885255551
634	1.0880547839
635	1.0875822656
636	1.0871079890
637	1.0866319469
638	1.0861541336
639	1.0856745439
640	1.0851931695
641	1.0847099985
642	1.0842250188
643	1.0837382180
644	1.0832495808
645	1.0827590920
646	1.0822667405
647	1.0817725189
648	1.0812764211
649	1.0807784427
650	1.0802785819
651	1.0797768380
652	1.0792732090
653	1.0787676921
654	1.0782602832
655	1.0777509790
656	1.0772397777
657	1.0767266778
658	1.0762116780
659	1.0756947791
660	1.0751759832
661	1.0746552922
662	1.0741327085
663	1.0736082347
664	1.0730818738
665	1.0725536287
666	1.0720235031
667	1.0714915022
668	1.0709576332
669	1.0704219038
670	1.0698843214
671	1.0693448942
672	1.0688036309
673	1.0682605388
674	1.0677156253
675	1.0671688979
676	1.0666203652
677	1.0660700365
678	1.0655179215
679	1.0649640299
680	1.0644083733
681	1.0638509628
682	1.0632918085
683	1.0627309214
684	1.0621683117
685	1.0616039881
686	1.0610379588
687	1.0604702316
688	1.0599008138
689	1.0593297117
690	1.0587569324
691	1.0581824847
692	1.0576063773
693	1.0570286193
694	1.0564492200
695	1.0558681884
696	1.0552855327
697	1.0547012593
698	1.0541153728
699	1.0535278778
700	1.0529387779
701	1.0523480756
702	1.0517557733
703	1.0511618736
704	1.0505663793
705	1.0499692928
706	1.0493706157
707	1.0487703495
708	1.0481684957
709	1.0475650555
710	1.0469600319
711	1.0463534300
712	1.0457452561
713	1.0451355168
714	1.0445242197
715	1.0439113733
716	1.0432969880
717	1.0426810761
718	1.0420636502
719	1.0414447192
720	1.0408242877
721	1.0402023583
722	1.0395789366
723	1.0389540311
724	1.0383276476
725	1.0376997902
726	1.0370704611
727	1.0364396598
728	1.0358073873
729	1.0351736500
730	1.0345384566
731	1.0339018153
732	1.0332637321
733	1.0326242139
734	1.0319832687
735	1.0313409014
736	1.0306971135
737	1.0300519076
738	1.0294052885
739	1.0287572619
740	1.0281078323
741	1.0274570014
742	1.0268047696
743	1.0261511382
744	1.0254961123
745	1.0248396997
746	1.0241819076
747	1.0235227441
748	1.0228622180
749	1.0222003366
750	1.0215371024
751	1.0208725127
752	1.0202065643
753	1.0195392556
754	1.0188705863
755	1.0182005582
756	1.0175291734
757	1.0168564324
758	1.0161823370
759	1.0155068910
760	1.0148300954
761	1.0141519490
762	1.0134724530
763	1.0127916140
764	1.0121094391
765	1.0114259327
766	1.0107410992
767	1.0100549464
768	1.0093674806
769	1.0086787043
770	1.0079886221
771	1.0072972434
772	1.0066045800
773	1.0059106468
774	1.0052154606
775	1.0045190381
776	1.0038213985
777	1.0031225616
778	1.0024225440
779	1.0017213588
780	1.0010190170
781	1.0003155321
782	0.9996109199
783	0.9989051943
784	0.9981983712
785	0.9974904685
786	0.9967814995
787	0.9960714738
788	0.9953603998
789	0.9946482884
790	0.9939351549
791	0.9932210161
792	0.9925058886
793	0.9917897907
794	0.9910727455
795	0.9903547795
796	0.9896359155
797	0.9889161715
798	0.9881955654
799	0.9874741121
800	0.9867518182
801	0.9860286846
802	0.9853047156
803	0.9845799188
804	0.9838542985
805	0.9831278625
806	0.9824006266
807	0.9816726060
808	0.9809438122
809	0.9802142567
810	0.9794839525
811	0.9787529146
812	0.9780211591
813	0.9772887041
814	0.9765555709
815	0.9758217840
816	0.9750873695
817	0.9743523516
818	0.9736167488
819	0.9728805797
820	0.9721438653
821	0.9714066214
822	0.9706688595
823	0.9699305969
824	0.9691918545
825	0.9684526515
826	0.9677130106
827	0.9669729596
828	0.9662325295
829	0.9654917534
830	0.9647506621
831	0.9640092882
832	0.9632676642
833	0.9625258152
834	0.9617837634
835	0.9610415285
836	0.9602991297
837	0.9595565874
838	0.9588139182
839	0.9580711427
840	0.9573282904
841	0.9565853872
842	0.9558424556
843	0.9550995224
844	0.9543566145
845	0.9536137524
846	0.9528709515
847	0.9521282330
848	0.9513856230
849	0.9506431448
850	0.9499008254
851	0.9491587002
852	0.9484168061
853	0.9476751784
854	0.9469338532
855	0.9461928658
856	0.9454522466
857	0.9447120214
858	0.9439722127
859	0.9432328390
860	0.9424939207
861	0.9417554808
862	0.9410175390
863	0.9402801193
864	0.9395432526
865	0.9388069707
866	0.9380713061
867	0.9373362977
868	0.9366019886
869	0.9358684189
870	0.9351356266
871	0.9344036546
872	0.9336725449
873	0.9329423301
874	0.9322130426
875	0.9314847172
876	0.9307573833
877	0.9300310656
878	0.9293057901
879	0.9285815826
880	0.9278584668
881	0.9271364639
882	0.9264155915
883	0.9256958689
884	0.9249773105
885	0.9242599225
886	0.9235437132
887	0.9228286917
888	0.9221148623
889	0.9214022289
890	0.9206908014
891	0.9199805978
892	0.9192716354
893	0.9185639318
894	0.9178575156
895	0.9171524138
896	0.9164486457
897	0.9157462356
898	0.9150452030
899	0.9143455554
900	0.9136472935
901	0.9129504153
902	0.9122549170
903	0.9115607946
904	0.9108680453
905	0.9101766663
906	0.9094866481
907	0.9087979810
908	0.9081106637
909	0.9074247056
910	0.9067401242
911	0.9060569323
912	0.9053751275
913	0.9046947005
914	0.9040156480
915	0.9033379778
916	0.9026617086
917	0.9019868604
918	0.9013134338
919	0.9006414098
920	0.8999707775
921	0.8993015450
922	0.8986337304
923	0.8979673537
924	0.8973024244
925	0.8966389337
926	0.8959768660
927	0.8953162149
928	0.8946569830
929	0.8939991673
930	0.8933427594
931	0.8926877539
932	0.8920341441
933	0.8913819155
934	0.8907310455
935	0.8900815068
936	0.8894332784
937	0.8887863538
938	0.8881407373
939	0.8874964327
940	0.8868534327
941	0.8862117216
942	0.8855712916
943	0.8849321407
944	0.8842942613
945	0.8836576469
946	0.8830222949
947	0.8823882008
948	0.8817553568
949	0.8811237456
950	0.8804933377
951	0.8798640995
952	0.8792360071
953	0.8786090508
954	0.8779832195
955	0.8773584999
956	0.8767348878
957	0.8761123791
958	0.8754909680
959	0.8748706459
960	0.8742514016
961	0.8736332317
962	0.8730161441
963	0.8724001488
964	0.8717852533
965	0.8711714605
966	0.8705587732
967	0.8699471941
968	0.8693367201
969	0.8687273449
970	0.8681190670
971	0.8675119002
972	0.8669058658
973	0.8663009771
974	0.8656972430
975	0.8650946715
976	0.8644932653
977	0.8638930213
978	0.8632939348
979	0.8626959963
980	0.8620991952
981	0.8615035270
982	0.8609089861
983	0.8603155608
984	0.8597232440
985	0.8591320309
986	0.8585419065
987	0.8579528487
988	0.8573648406
989	0.8567778786
990	0.8561919679
991	0.8556071175
992	0.8550233373
993	0.8544406370
994	0.8538590288
995	0.8532785228
996	0.8526991195
997	0.8521208149
998	0.8515436102
999	0.8509675113
1000	0.8503925222
1001	0.8498186434
1002	0.8492458769
1003	0.8486742253
1004	0.8481036821
1005	0.8475342363
1006	0.8469658784
1007	0.8463985958
1008	0.8458323747
1009	0.8452672053
1010	0.8447030799
1011	0.8441399977
1012	0.8435779649
1013	0.8430169832
1014	0.8424570522
1015	0.8418981748
1016	0.8413403542
1017	0.8407835835
1018	0.8402278495
1019	0.8396731470
1020	0.8391194763
1021	0.8385668387
1022	0.8380152389
1023	0.8374646823
1024	0.8369151797
1025	0.8363667416
1026	0.8358193694
1027	0.8352730630
1028	0.8347278240
1029	0.8341836540
1030	0.8336405549
1031	0.8330985265
1032	0.8325575744
1033	0.8320177140
1034	0.8314789634
1035	0.8309413331
1036	0.8304048260
1037	0.8298694397
1038	0.8293351645
1039	0.8288019899
1040	0.8282699158
1041	0.8277389435
1042	0.8272090644
1043	0.8266802663
1044	0.8261525421
1045	0.8256258955
1046	0.8251003457
1047	0.8245759157
1048	0.8240526174
1049	0.8235304524
1050	0.8230094184
1051	0.8224895132
1052	0.8219707510
1053	0.8214531591
1054	0.8209367560
1055	0.8204215446
1056	0.8199075260
1057	0.8193947101
1058	0.8188831081
1059	0.8183727251
1060	0.8178635619
1061	0.8173556175
1062	0.8168488885
1063	0.8163433648
1064	0.8158390270
1065	0.8153358526
1066	0.8148338247
1067	0.8143329351
1068	0.8138331855
1069	0.8133345834
1070	0.8128371327
1071	0.8123408249
1072	0.8118456450
1073	0.8113515848
1074	0.8108586394
1075	0.8103667950
1076	0.8098760395
1077	0.8093863694
1078	0.8088977834
1079	0.8084102795
1080	0.8079238518
1081	0.8074384910
1082	0.8069541959
1083	0.8064709726
1084	0.8059888267
1085	0.8055077586
1086	0.8050277623
1087	0.8045488282
1088	0.8040709440
1089	0.8035940967
1090	0.8031182712
1091	0.8026434521
1092	0.8021696399
1093	0.8016968466
1094	0.8012250819
1095	0.8007543491
1096	0.8002846476
1097	0.7998159794
1098	0.7993483407
1099	0.7988817148
1100	0.7984160863
1101	0.7979514451
1102	0.7974877818
1103	0.7970250863
1104	0.7965633463
1105	0.7961025462
1106	0.7956426694
1107	0.7951837024
1108	0.7947256339
1109	0.7942684547
1110	0.7938121581
1111	0.7933567375
1112	0.7929021905
1113	0.7924485156
1114	0.7919956999
1115	0.7915437278
1116	0.7910925937
1117	0.7906422918
1118	0.7901928101
1119	0.7897441446
1120	0.7892963042
1121	0.7888493012
1122	0.7884031439
1123	0.7879578321
1124	0.7875133609
1125	0.7870697242
1126	0.7866269066
1127	0.7861848834
1128	0.7857436293
1129	0.7853031228
1130	0.7848633435
1131	0.7844242689
1132	0.7839858759
1133	0.7835481401
1134	0.7831110369
1135	0.7826745439
1136	0.7822386356
1137	0.7818032839
1138	0.7813684678
1139	0.7809341705
1140	0.7805003708
1141	0.7800670444
1142	0.7796341714
1143	0.7792017317
1144	0.7787696988
1145	0.7783380440
1146	0.7779067430
1147	0.7774757759
1148	0.7770451264
1149	0.7766147801
1150	0.7761847255
1151	0.7757549581
1152	0.7753254728
1153	0.7748962575
1154	0.7744672994
1155	0.7740385833
1156	0.7736100901
1157	0.7731818035
1158	0.7727537075
1159	0.7723257886
1160	0.7718980417
1161	0.7714704715
1162	0.7710430844
1163	0.7706158845
1164	0.7701888808
1165	0.7697620845
1166	0.7693355004
1167	0.7689091293
1168	0.7684829733
1169	0.7680570384
1170	0.7676313240
1171	0.7672058218
1172	0.7667805296
1173	0.7663554480
1174	0.7659305734
1175	0.7655058996
1176	0.7650814201
1177	0.7646571316
1178	0.7642330282
1179	0.7638091043
1180	0.7633853659
1181	0.7629618262
1182	0.7625384951
1183	0.7621153807
1184	0.7616924931
1185	0.7612698407
1186	0.7608474307
1187	0.7604252693
1188	0.7600033566
1189	0.7595816930
1190	0.7591602830
1191	0.7587391296
1192	0.7583182382
1193	0.7578976250
1194	0.7574773118
1195	0.7570573220
1196	0.7566376813
1197	0.7562184149
1198	0.7557995463
1199	0.7553810926
1200	0.7549630610
1201	0.7545454599
1202	0.7541283022
1203	0.7537115939
1204	0.7532953392
1205	0.7528795473
1206	0.7524642279
1207	0.7520493875
1208	0.7516350335
1209	0.7512211743
1210	0.7508078174
1211	0.7503949706
1212	0.7499826439
1213	0.7495708462
1214	0.7491595872
1215	0.7487488792
1216	0.7483387343
1217	0.7479291661
1218	0.7475201948
1219	0.7471118427
1220	0.7467041299
1221	0.7462970756
1222	0.7458907002
1223	0.7454850232
1224	0.7450800627
1225	0.7446758421
1226	0.7442723957
1227	0.7438697622
1228	0.7434679750
1229	0.7430670671
1230	0.7426670830
1231	0.7422680690
1232	0.7418700644
1233	0.7414731114
1234	0.7410772430
1235	0.7406824742
1236	0.7402888183
1237	0.7398963016
1238	0.7395049615
1239	0.7391148308
1240	0.7387259296
1241	0.7383382727
1242	0.7379518766
1243	0.7375667718
1244	0.7371830106
1245	0.7368006567
1246	0.7364197634
1247	0.7360403610
1248	0.7356624747
1249	0.7352861382
1250	0.7349113976
1251	0.7345383041
1252	0.7341668965
1253	0.7337972040
1254	0.7334292538
1255	0.7330630757
1256	0.7326987074
1257	0.7323361885
1258	0.7319755615
1259	0.7316168721
1260	0.7312601657
1261	0.7309054900
1262	0.7305528849
1263	0.7302023743
1264	0.7298539872
1265	0.7295077755
1266	0.7291638027
1267	0.7288221305
1268	0.7284828166
1269	0.7281459095
1270	0.7278114551
1271	0.7274795057
1272	0.7271501164
1273	0.7268233434
1274	0.7264992432
1275	0.7261778743
1276	0.7258593016
1277	0.7255435848
1278	0.7252307660
1279	0.7249208866
1280	0.7246140050
1281	0.7243101946
1282	0.7240095417
1283	0.7237121318
1284	0.7234180404
1285	0.7231273443
1286	0.7228401149
1287	0.7225564040
1288	0.7222762524
1289	0.7219996975
1290	0.7217267730
1291	0.7214575158
1292	0.7211919633
1293	0.7209301381
1294	0.7206720477
1295	0.7204177056
1296	0.7201671344
1297	0.7199203505
1298	0.7196773679
1299	0.7194382174
1300	0.7192029459
1301	0.7189715948
1302	0.7187441905
1303	0.7185207511
1304	0.7183012933
1305	0.7180858355
1306	0.7178744092
1307	0.7176670537
1308	0.7174637987
1309	0.7172646729
1310	0.7170697173
1311	0.7168789695
1312	0.7166924484
1313	0.7165101701
1314	0.7163321586
1315	0.7161584348
1316	0.7159890218
1317	0.7158239500
1318	0.7156632568
1319	0.7155069898
1320	0.7153551888
1321	0.7152078798
1322	0.7150650847
1323	0.7149268260
1324	0.7147931358
1325	0.7146640502
1326	0.7145396058
1327	0.7144198487
1328	0.7143048338
1329	0.7141946163
1330	0.7140892330
1331	0.7139887013
1332	0.7138930328
1333	0.7138022465
1334	0.7137163651
1335	0.7136354005
1336	0.7135593700
1337	0.7134883077
1338	0.7134222488
1339	0.7133612212
1340	0.7133052469
1341	0.7132543478
1342	0.7132085491
1343	0.7131678775
1344	0.7131323661
1345	0.7131020462
1346	0.7130769492
1347	0.7130571135
1348	0.7130425681
1349	0.7130333265
1350	0.7130293997
1351	0.7130307930
1352	0.7130374969
1353	0.7130494936
1354	0.7130667671
1355	0.7130893146
1356	0.7131171466
1357	0.7131502723
1358	0.7131887025
1359	0.7132324545
1360	0.7132815402
1361	0.7133359654
1362	0.7133957412
1363	0.7134608859
1364	0.7135314191
1365	0.7136073461
1366	0.7136886578
1367	0.7137753558
1368	0.7138674620
1369	0.7139650039
1370	0.7140679999
1371	0.7141764364
1372	0.7142902751
1373	0.7144094949
1374	0.7145340918
1375	0.7146640670
1376	0.7147994381
1377	0.7149402266
1378	0.7150864294
1379	0.7152380280
1380	0.7153950185
1381	0.7155574126
1382	0.7157252157
1383	0.7158984156
1384	0.7160769912
1385	0.7162609230
1386	0.7164502044
1387	0.7166448435
1388	0.7168448513
1389	0.7170502389
1390	0.7172610301
1391	0.7174772550
1392	0.7176989219
1393	0.7179260117
1394	0.7181584962
1395	0.7183963402
1396	0.7186395094
1397	0.7188879859
1398	0.7191417552
1399	0.7194007871
1400	0.7196650403
1401	0.7199344760
1402	0.7202090608
1403	0.7204887601
1404	0.7207735344
1405	0.7210633435
1406	0.7213581649
1407	0.7216579853
1408	0.7219627812
1409	0.7222725288
1410	0.7225872113
1411	0.7229068258
1412	0.7232313854
1413	0.7235609026
1414	0.7238953873
1415	0.7242348427
1416	0.7245792627
1417	0.7249286332
1418	0.7252829324
1419	0.7256421397
1420	0.7260062389
1421	0.7263752188
1422	0.7267490835
1423	0.7271278498
1424	0.7275115257
1425	0.7279000994
1426	0.7282935641
1427	0.7286919246
1428	0.7290951777
1429	0.7295033145
1430	0.7299163329
1431	0.7303342456
1432	0.7307570710
1433	0.7311848155
1434	0.7316174756
1435	0.7320550506
1436	0.7324975512
1437	0.7329449879
1438	0.7333973559
1439	0.7338546465
1440	0.7343168537
1441	0.7347839654
1442	0.7352559627
1443	0.7357328211
1444	0.7362145171
1445	0.7367010359
1446	0.7371923681
1447	0.7376885110
1448	0.7381894712
1449	0.7386952499
1450	0.7392058443
1451	0.7397212532
1452	0.7402414618
1453	0.7407664390
1454	0.7412961587
1455	0.7418306113
1456	0.7423697965
1457	0.7429137158
1458	0.7434623791
1459	0.7440158098
1460	0.7445740284
1461	0.7451370435
1462	0.7457048589
1463	0.7462774712
1464	0.7468548797
1465	0.7474370941
1466	0.7480241132
1467	0.7486159313
1468	0.7492125565
1469	0.7498139914
1470	0.7504202268
1471	0.7510312571
1472	0.7516470731
1473	0.7522676599
1474	0.7528930069
1475	0.7535231071
1476	0.7541579448
1477	0.7547974972
1478	0.7554417495
1479	0.7560906920
1480	0.7567443047
1481	0.7574025666
1482	0.7580654732
1483	0.7587330312
1484	0.7594052514
1485	0.7600821472
1486	0.7607637391
1487	0.7614500548
1488	0.7621411180
1489	0.7628369322
1490	0.7635374894
1491	0.7642427858
1492	0.7649528063
1493	0.7656675171
1494	0.7663868861
1495	0.7671108956
1496	0.7678395385
1497	0.7685728071
1498	0.7693106946
1499	0.7700532009
1500	0.7708003268
1501	0.7715520623
1502	0.7723083894
1503	0.7730692983
1504	0.7738347797
1505	0.7746048190
1506	0.7753794064
1507	0.7761585292
1508	0.7769421749
1509	0.7777303356
1510	0.7785229998
1511	0.7793201484
1512	0.7801217548
1513	0.7809277946
1514	0.7817382465
1515	0.7825530838
1516	0.7833722794
1517	0.7841958076
1518	0.7850236417
1519	0.7858557486
1520	0.7866920851
1521	0.7875326014
1522	0.7883772510
1523	0.7892259902
1524	0.7900787698
1525	0.7909355494
1526	0.7917963042
1527	0.7926610073
1528	0.7935296260
1529	0.7944021287
1530	0.7952784846
1531	0.7961586573
1532	0.7970426019
1533	0.7979302727
1534	0.7988216249
1535	0.7997166149
1536	0.8006152035
1537	0.8015173566
1538	0.8024230466
1539	0.8033322540
1540	0.8042449645
1541	0.8051611657
1542	0.8060808410
1543	0.8070039717
1544	0.8079305375
1545	0.8088605044
1546	0.8097938284
1547	0.8107304699
1548	0.8116703900
1549	0.8126135490
1550	0.8135599097
1551	0.8145094347
1552	0.8154620876
1553	0.8164178292
1554	0.8173766175
1555	0.8183384188
1556	0.8193032092
1557	0.8202709542
1558	0.8212415993
1559	0.8222150893
1560	0.8231913843
1561	0.8241704510
1562	0.8251522546
1563	0.8261367694
1564	0.8271239641
1565	0.8281137853
1566	0.8291061860
1567	0.8301011421
1568	0.8310986400
1569	0.8320986660
1570	0.8331011895
1571	0.8341061629
1572	0.8351135441
1573	0.8361233039
1574	0.8371354217
1575	0.8381498800
1576	0.8391666453
1577	0.8401856578
1578	0.8412068442
1579	0.8422301358
1580	0.8432554716
1581	0.8442827910
1582	0.8453120352
1583	0.8463431487
1584	0.8473760786
1585	0.8484107786
1586	0.8494472044
1587	0.8504853050
1588	0.8515250298
1589	0.8525663410
1590	0.8536092048
1591	0.8546535796
1592	0.8556994156
1593	0.8567466569
1594	0.8577952493
1595	0.8588451497
1596	0.8598963269
1597	0.8609487590
1598	0.8620024201
1599	0.8630572784
1600	0.8641133069
1601	0.8651704798
1602	0.8662287653
1603	0.8672881267
1604	0.8683485334
1605	0.8694099595
1606	0.8704723798
1607	0.8715357639
1608	0.8726000711
1609	0.8736652586
1610	0.8747312863
1611	0.8757981194
1612	0.8768657317
1613	0.8779340957
1614	0.8790031801
1615	0.8800729555
1616	0.8811433948
1617	0.8822144688
1618	0.8832861432
1619	0.8843583855
1620	0.8854311712
1621	0.8865044814
1622	0.8875782982
1623	0.8886525980
1624	0.8897273520
1625	0.8908025326
1626	0.8918781119
1627	0.8929540554
1628	0.8940303301
1629	0.8951069136
1630	0.8961837887
1631	0.8972609405
1632	0.8983383541
1633	0.8994160110
1634	0.9004938910
1635	0.9015719788
1636	0.9026502685
1637	0.9037287571
1638	0.9048074363
1639	0.9058862973
1640	0.9069653336
1641	0.9080445365
1642	0.9091238898
1643	0.9102033727
1644	0.9112829677
1645	0.9123626590
1646	0.9134424309
1647	0.9145222710
1648	0.9156021710
1649	0.9166821243
1650	0.9177621233
1651	0.9188421603
1652	0.9199222280
1653	0.9210023159
1654	0.9220824139
1655	0.9231625163
1656	0.9242426154
1657	0.9253227008
1658	0.9264027655
1659	0.9274828036
1660	0.9285628064
1661	0.9296427640
1662	0.9307226684
1663	0.9318025159
1664	0.9328823072
1665	0.9339620445
1666	0.9350417285
1667	0.9361213591
1668	0.9372009376
1669	0.9382804624
1670	0.9393599265
1671	0.9404393223
1672	0.9415186442
1673	0.9425978897
1674	0.9436770593
1675	0.9447561525
1676	0.9458351674
1677	0.9469141042
1678	0.9479929623
1679	0.9490717406
1680	0.9501504395
1681	0.9512290597
1682	0.9523076045
1683	0.9533860804
1684	0.9544644934
1685	0.9555428503
1686	0.9566211613
1687	0.9576994367
1688	0.9587776821
1689	0.9598559003
1690	0.9609340958
1691	0.9620122746
1692	0.9630904439
1693	0.9641686112
1694	0.9652467824
1695	0.9663249594
1696	0.9674031420
1697	0.9684813312
1698	0.9695595301
1699	0.9706377432
1700	0.9717159730
1701	0.9727942193
1702	0.9738724819
1703	0.9749507622
1704	0.9760290658
1705	0.9771073985
1706	0.9781857617
1707	0.9792641532
1708	0.9803425682
1709	0.9814210020
1710	0.9824994497
1711	0.9835779069
1712	0.9846563702
1713	0.9857348379
1714	0.9868133091
1715	0.9878917823
1716	0.9889702573
1717	0.9900487339
1718	0.9911272114
1719	0.9922056894
1720	0.9932841686
1721	0.9943626514
1722	0.9954411383
1723	0.9965196279
1724	0.9975981193
1725	0.9986766126
1726	0.9997551081
1727	1.0008336051
1728	1.0019121020
1729	1.0029905960
1730	1.0040690852
1731	1.0051475694
1732	1.0062260478
1733	1.0073045192
1734	1.0083829851
1735	1.0094614494
1736	1.0105399141
1737	1.0116183788
1738	1.0126968421
1739	1.0137753014
1740	1.0148537547
1741	1.0159322014
1742	1.0170106426
1743	1.0180890796
1744	1.0191675125
1745	1.0202459413
1746	1.0213243659
1747	1.0224027850
1748	1.0234811961
1749	1.0245595978
1750	1.0256379897
1751	1.0267163730
1752	1.0277947491
1753	1.0288731192
1754	1.0299514847
1755	1.0310298480
1756	1.0321082116
1757	1.0331865767
1758	1.0342649442
1759	1.0353433169
1760	1.0364216976
1761	1.0375000867
1762	1.0385784835
1763	1.0396568875
1764	1.0407352991
1765	1.0418137200
1766	1.0428921521
1767	1.0439705951
1768	1.0450490470
1769	1.0461275044
1770	1.0472059624
1771	1.0482844161
1772	1.0493628612
1773	1.0504412926
1774	1.0515197069
1775	1.0525981045
1776	1.0536764862
1777	1.0547548514
1778	1.0558331989
1779	1.0569115274
1780	1.0579898348
1781	1.0590681169
1782	1.0601463682
1783	1.0612245840
1784	1.0623027622
1785	1.0633809012
1786	1.0644589994
1787	1.0655370559
1788	1.0666150712
1789	1.0676930472
1790	1.0687709853
1791	1.0698488852
1792	1.0709267485
1793	1.0720045813
1794	1.0730823863
1795	1.0741601629
1796	1.0752379119
1797	1.0763156334
1798	1.0773933258
1799	1.0784709866
1800	1.0795486129
1801	1.0806262022
1802	1.0817037520
1803	1.0827812583
1804	1.0838587154
1805	1.0849361158
1806	1.0860134515
1807	1.0870907159
1808	1.0881679048
1809	1.0892450161
1810	1.0903220498
1811	1.0913990083
1812	1.0924758964
1813	1.0935527180
1814	1.0946294742
1815	1.0957061645
1816	1.0967827874
1817	1.0978593435
1818	1.0989358331
1819	1.1000122564
1820	1.1010886149
1821	1.1021649121
1822	1.1032411523
1823	1.1043173383
1824	1.1053934718
1825	1.1064695565
1826	1.1075455939
1827	1.1086215804
1828	1.1096975116
1829	1.1107733856
1830	1.1118492012
1831	1.1129249557
1832	1.1140006472
1833	1.1150762741
1834	1.1161518336
1835	1.1172273226
1836	1.1183027390
1837	1.1193780803
1838	1.1204533412
1839	1.1215285167
1840	1.1226036011
1841	1.1236785853
1842	1.1247534607
1843	1.1258282203
1844	1.1269028544
1845	1.1279773522
1846	1.1290517031
1847	1.1301258967
1848	1.1311999232
1849	1.1322737730
1850	1.1333474355
1851	1.1344208998
1852	1.1354941578
1853	1.1365672009
1854	1.1376400158
1855	1.1387125873
1856	1.1397849053
1857	1.1408569624
1858	1.1419287498
1859	1.1430002598
1860	1.1440714879
1861	1.1451424313
1862	1.1462130811
1863	1.1472834241
1864	1.1483534468
1865	1.1494231327
1866	1.1504924624
1867	1.1515614157
1868	1.1526299752
1869	1.1536981291
1870	1.1547658681
1871	1.1558331825
1872	1.1569000647
1873	1.1579665092
1874	1.1590325098
1875	1.1600980585
1876	1.1611631493
1877	1.1622277766
1878	1.1632919324
1879	1.1643556058
1880	1.1654187843
1881	1.1664814558
1882	1.1675436118
1883	1.1686052451
1884	1.1696663438
1885	1.1707268888
1886	1.1717868560
1887	1.1728462198
1888	1.1739049600
1889	1.1749630620
1890	1.1760205071
1891	1.1770772702
1892	1.1781333243
1893	1.1791886409
1894	1.1802431957
1895	1.1812969751
1896	1.1823499674
1897	1.1834021537
1898	1.1844535088
1899	1.1855040103
1900	1.1865536443
1901	1.1876024022
1902	1.1886502758
1903	1.1896972544
1904	1.1907433162
1905	1.1917884291
1906	1.1928325622
1907	1.1938756894
1908	1.1949177849
1909	1.1959588212
1910	1.1969987695
1911	1.1980376029
1912	1.1990752986
1913	1.2001118345
1914	1.2011471826
1915	1.2021813173
1916	1.2032142255
1917	1.2042458944
1918	1.2052763069
1919	1.2063054400
1920	1.2073332598
1921	1.2083597305
1922	1.2093848207
1923	1.2104085051
1924	1.2114307644
1925	1.2124515790
1926	1.2134709271
1927	1.2144887889
1928	1.2155051442
1929	1.2165199690
1930	1.2175332365
1931	1.2185449163
1932	1.2195549767
1933	1.2205633901
1934	1.2215701256
1935	1.2225751407
1936	1.2235783868
1937	1.2245798226
1938	1.2255794147
1939	1.2265771280
1940	1.2275729269
1941	1.2285667766
1942	1.2295586385
1943	1.2305484679
1944	1.2315362186
1945	1.2325218481
1946	1.2335053112
1947	1.2344865618
1948	1.2354655613
1949	1.2364422747
1950	1.2374166653
1951	1.2383886916
1952	1.2393583083
1953	1.2403254740
1954	1.2412901515
1955	1.2422523003
1956	1.2432118791
1957	1.2441688548
1958	1.2451231976
1959	1.2460748704
1960	1.2470238270
1961	1.2479700174
1962	1.2489133910
1963	1.2498538998
1964	1.2507915029
1965	1.2517261589
1966	1.2526578172
1967	1.2535864275
1968	1.2545119454
1969	1.2554343281
1970	1.2563535352
1971	1.2572695316
1972	1.2581822886
1973	1.2590917852
1974	1.2599980018
1975	1.2609009135
1976	1.2618004894
1977	1.2626966951
1978	1.2635894947
1979	1.2644788502
1980	1.2653647232
1981	1.2662470793
1982	1.2671258885
1983	1.2680011251
1984	1.2688727640
1985	1.2697407789
1986	1.2706051436
1987	1.2714658321
1988	1.2723228157
1989	1.2731760628
1990	1.2740255422
1991	1.2748712269
1992	1.2757130892
1993	1.2765511001
1994	1.2773852318
1995	1.2782154545
1996	1.2790417370
1997	1.2798640517
1998	1.2806823722
1999	1.2814966723
2000	1.2823069272
2001	1.2831131169
2002	1.2839152250
2003	1.2847132285
2004	1.2855070938
2005	1.2862967862
2006	1.2870822759
2007	1.2878635339
2008	1.2886405293
2009	1.2894132338
2010	1.2901816213
2011	1.2909456636
2012	1.2917053334
2013	1.2924606043
2014	1.2932114499
2015	1.2939578443
2016	1.2946997622
2017	1.2954371763
2018	1.2961700598
2019	1.2968983903
2020	1.2976221491
2021	1.2983413178
2022	1.2990558720
2023	1.2997657771
2024	1.3004709970
2025	1.3011715038
2026	1.3018672768
2027	1.3025582963
2028	1.3032445390
2029	1.3039259794
2030	1.3046025910
2031	1.3052743468
2032	1.3059412223
2033	1.3066031977
2034	1.3072602539
2035	1.3079123710
2036	1.3085595294
2037	1.3092017111
2038	1.3098389043
2039	1.3104710969
2040	1.3110982726
2041	1.3117204167
2042	1.3123375181
2043	1.3129495651
2044	1.3135565436
2045	1.3141584432
2046	1.3147552565
2047	1.3153469800
2048	1.3159336162
2049	1.3165151685
2050	1.3170916381
2051	1.3176630245
2052	1.3182293275
2053	1.3187905491
2054	1.3193466915
2055	1.3198977575
2056	1.3204437519
2057	1.3209846759
2058	1.3215205264
2059	1.3220513003
2060	1.3225769930
2061	1.3230975955
2062	1.3236130978
2063	1.3241234910
2064	1.3246287675
2065	1.3251289185
2066	1.3256239326
2067	1.3261137965
2068	1.3265984992
2069	1.3270780329
2070	1.3275523895
2071	1.3280215590
2072	1.3284855292
2073	1.3289442874
2074	1.3293978232
2075	1.3298461293
2076	1.3302892011
2077	1.3307270374
2078	1.3311596427
2079	1.3315870260
2080	1.3320091959
2081	1.3324261600
2082	1.3328379260
2083	1.3332444999
2084	1.3336458854
2085	1.3340420833
2086	1.3344330927
2087	1.3348189150
2088	1.3351995555
2089	1.3355750192
2090	1.3359453087
2091	1.3363104246
2092	1.3366703650
2093	1.3370251288
2094	1.3373747200
2095	1.3377191464
2096	1.3380584156
2097	1.3383925345
2098	1.3387215119
2099	1.3390453588
2100	1.3393640876
2101	1.3396777116
2102	1.3399862447
2103	1.3402897021
2104	1.3405880987
2105	1.3408814479
2106	1.3411697615
2107	1.3414530513
2108	1.3417313280
2109	1.3420046029
2110	1.3422728883
2111	1.3425361949
2112	1.3427945334
2113	1.3430479150
2114	1.3432963512
2115	1.3435398538
2116	1.3437784372
2117	1.3440121213
2118	1.3442409284
2119	1.3444648795
2120	1.3446839966
2121	1.3448983029
2122	1.3451078207
2123	1.3453125701
2124	1.3455125700
2125	1.3457078384
2126	1.3458983925
2127	1.3460842508
2128	1.3462654345
2129	1.3464419658
2130	1.3466138671
2131	1.3467811611
2132	1.3469438733
2133	1.3471020288
2134	1.3472556491
2135	1.3474047522
2136	1.3475493564
2137	1.3476894804
2138	1.3478251414
2139	1.3479563534
2140	1.3480831312
2141	1.3482054912
2142	1.3483234466
2143	1.3484370057
2144	1.3485461730
2145	1.3486509525
2146	1.3487513502
2147	1.3488473750
2148	1.3489390361
2149	1.3490263419
2150	1.3491093005
2151	1.3491879191
2152	1.3492622044
2153	1.3493321641
2154	1.3493978049
2155	1.3494591300
2156	1.3495161387
2157	1.3495688290
2158	1.3496171988
2159	1.3496612475
2160	1.3497009744
2161	1.3497363777
2162	1.3497674550
2163	1.3497942029
2164	1.3498166194
2165	1.3498347060
2166	1.3498484650
2167	1.3498578964
2168	1.3498629972
2169	1.3498637618
2170	1.3498601822
2171	1.3498522479
2172	1.3498399496
2173	1.3498232811
2174	1.3498022368
2175	1.3497768122
2176	1.3497470061
2177	1.3497128166
2178	1.3496742402
2179	1.3496312743
2180	1.3495839170
2181	1.3495321686
2182	1.3494760328
2183	1.3494155137
2184	1.3493506129
2185	1.3492813328
2186	1.3492076794
2187	1.3491296613
2188	1.3490472870
2189	1.3489605639
2190	1.3488695012
2191	1.3487741089
2192	1.3486743952
2193	1.3485703661
2194	1.3484620255
2195	1.3483493774
2196	1.3482324276
2197	1.3481111820
2198	1.3479856471
2199	1.3478558306
2200	1.3477217396
2201	1.3475833820
2202	1.3474407677
2203	1.3472939086
2204	1.3471428194
2205	1.3469875150
2206	1.3468280084
2207	1.3466643094
2208	1.3464964248
2209	1.3463243628
2210	1.3461481346
2211	1.3459677528
2212	1.3457832301
2213	1.3455945784
2214	1.3454018078
2215	1.3452049273
2216	1.3450039496
2217	1.3447988935
2218	1.3445897779
2219	1.3443766166
2220	1.3441594226
2221	1.3439382127
2222	1.3437130096
2223	1.3434838422
2224	1.3432507386
2225	1.3430137199
2226	1.3427728036
2227	1.3425280092
2228	1.3422793576
2229	1.3420268730
2230	1.3417705838
2231	1.3415105161
2232	1.3412466903
2233	1.3409791281
2234	1.3407078566
2235	1.3404329072
2236	1.3401543128
2237	1.3398721085
2238	1.3395863352
2239	1.3392970340
2240	1.3390042401
2241	1.3387079846
2242	1.3384082990
2243	1.3381052156
2244	1.3377987702
2245	1.3374890057
2246	1.3371759679
2247	1.3368596984
2248	1.3365402347
2249	1.3362176123
2250	1.3358918681
2251	1.3355630427
2252	1.3352311753
2253	1.3348962994
2254	1.3345584488
2255	1.3342176581
2256	1.3338739623
2257	1.3335273967
2258	1.3331779968
2259	1.3328258010
2260	1.3324708543
2261	1.3321132051
2262	1.3317529004
2263	1.3313899794
2264	1.3310244775
2265	1.3306564334
2266	1.3302858900
2267	1.3299128894
2268	1.3295374709
2269	1.3291596739
2270	1.3287795395
2271	1.3283971080
2272	1.3280124206
2273	1.3276255205
2274	1.3272364545
2275	1.3268452713
2276	1.3264520224
2277	1.3260567643
2278	1.3256595499
2279	1.3252604239
2280	1.3248594290
2281	1.3244566132
2282	1.3240520268
2283	1.3236457142
2284	1.3232377205
2285	1.3228280964
2286	1.3224168911
2287	1.3220041500
2288	1.3215899147
2289	1.3211742251
2290	1.3207571261
2291	1.3203386688
2292	1.3199189024
2293	1.3194978701
2294	1.3190756101
2295	1.3186521530
2296	1.3182275260
2297	1.3178017587
2298	1.3173748833
2299	1.3169469355
2300	1.3165179562
2301	1.3160879954
2302	1.3156571080
2303	1.3152253443
2304	1.3147927422
2305	1.3143593382
2306	1.3139251707
2307	1.3134902744
2308	1.3130546830
2309	1.3126184315
2310	1.3121815542
2311	1.3117440863
2312	1.3113060655
2313	1.3108675216
2314	1.3104284773
2315	1.3099889606
2316	1.3095490016
2317	1.3091086274
2318	1.3086678624
2319	1.3082267314
2320	1.3077852573
2321	1.3073434563
2322	1.3069013417
2323	1.3064589256
2324	1.3060162179
2325	1.3055732333
2326	1.3051299904
2327	1.3046865099
2328	1.3042428159
2329	1.3037989327
2330	1.3033548853
2331	1.3029106984
2332	1.3024663882
2333	1.3020219639
2334	1.3015774404
2335	1.3011328402
2336	1.3006881849
2337	1.3002434862
2338	1.2997987489
2339	1.2993539780
2340	1.2989091777
2341	1.2984643496
2342	1.2980194983
2343	1.2975746348
2344	1.2971297709
2345	1.2966849187
2346	1.2962400933
2347	1.2957953157
2348	1.2953506149
2349	1.2949060182
2350	1.2944615460
2351	1.2940172127
2352	1.2935730273
2353	1.2931290066
2354	1.2926851780
2355	1.2922415695
2356	1.2917981987
2357	1.2913550696
2358	1.2909121863
2359	1.2904695621
2360	1.2900272092
2361	1.2895851396
2362	1.2891433709
2363	1.2887019189
2364	1.2882607940
2365	1.2878200060
2366	1.2873795598
2367	1.2869394530
2368	1.2864996837
2369	1.2860602527
2370	1.2856211590
2371	1.2851824022
2372	1.2847439870
2373	1.2843059151
2374	1.2838681820
2375	1.2834307845
2376	1.2829937234
2377	1.2825569965
2378	1.2821205938
2379	1.2816844976
2380	1.2812486901
2381	1.2808131609
2382	1.2803779056
2383	1.2799429222
2384	1.2795082114
2385	1.2790737745
2386	1.2786396146
2387	1.2782057375
2388	1.2777721462
2389	1.2773388436
2390	1.2769058365
2391	1.2764731363
2392	1.2760407610
2393	1.2756087257
2394	1.2751770319
2395	1.2747456756
2396	1.2743146515
2397	1.2738839464
2398	1.2734535447
2399	1.2730234375
2400	1.2725936186
2401	1.2721640762
2402	1.2717348007
2403	1.2713057897
2404	1.2708770396
2405	1.2704485388
2406	1.2700202678
2407	1.2695922080
2408	1.2691643449
2409	1.2687366580
2410	1.2683091208
2411	1.2678817096
2412	1.2674544051
2413	1.2670271922
2414	1.2666000588
2415	1.2661729919
2416	1.2657459818
2417	1.2653190235
2418	1.2648921118
2419	1.2644652352
2420	1.2640383761
2421	1.2636115204
2422	1.2631846629
2423	1.2627578045
2424	1.2623309440
2425	1.2619040738
2426	1.2614771830
2427	1.2610502590
2428	1.2606232850
2429	1.2601962369
2430	1.2597690902
2431	1.2593418256
2432	1.2589144265
2433	1.2584868778
2434	1.2580591667
2435	1.2576312809
2436	1.2572032058
2437	1.2567749262
2438	1.2563464291
2439	1.2559177035
2440	1.2554887404
2441	1.2550595313
2442	1.2546300672
2443	1.2542003426
2444	1.2537703563
2445	1.2533401014
2446	1.2529095656
2447	1.2524787392
2448	1.2520476116
2449	1.2516161693
2450	1.2511843988
2451	1.2507522891
2452	1.2503198319
2453	1.2498870191
2454	1.2494538434
2455	1.2490202961
2456	1.2485863646
2457	1.2481520368
2458	1.2477173016
2459	1.2472821426
2460	1.2468465370
2461	1.2464104670
2462	1.2459739176
2463	1.2455368711
2464	1.2450993117
2465	1.2446612294
2466	1.2442226202
2467	1.2437834838
2468	1.2433438182
2469	1.2429036208
2470	1.2424628907
2471	1.2420216240
2472	1.2415798100
2473	1.2411374366
2474	1.2406944916
2475	1.2402509616
2476	1.2398068382
2477	1.2393621166
2478	1.2389167881
2479	1.2384708384
2480	1.2380242525
2481	1.2375770176
2482	1.2371291226
2483	1.2366805582
2484	1.2362313175
2485	1.2357813966
2486	1.2353307950
2487	1.2348795133
2488	1.2344275485
2489	1.2339748965
2490	1.2335215529
2491	1.2330675134
2492	1.2326127727
2493	1.2321573221
2494	1.2317011562
2495	1.2312442761
2496	1.2307866826
2497	1.2303283740
2498	1.2298693480
2499	1.2294096055
2500	1.2289491479
2501	1.2284879739
2502	1.2280260804
2503	1.2275634656
2504	1.2271001295
2505	1.2266360709
2506	1.2261712859
2507	1.2257057678
2508	1.2252395111
2509	1.2247725133
2510	1.2243047694
2511	1.2238362733
2512	1.2233670222
2513	1.2228970119
2514	1.2224262343
2515	1.2219546801
2516	1.2214823433
2517	1.2210092188
2518	1.2205352975
2519	1.2200605730
2520	1.2195850418
2521	1.2191086996
2522	1.2186315432
2523	1.2181535709
2524	1.2176747781
2525	1.2171951592
2526	1.2167147039
2527	1.2162333976
2528	1.2157512260
2529	1.2152681743
2530	1.2147842254
2531	1.2142993637
2532	1.2138135732
2533	1.2133268367
2534	1.2128391409
2535	1.2123504793
2536	1.2118608473
2537	1.2113702367
2538	1.2108786338
2539	1.2103860181
2540	1.2098923663
2541	1.2093976625
2542	1.2089018998
2543	1.2084050705
2544	1.2079071627
2545	1.2074081648
2546	1.2069080674
2547	1.2064068614
2548	1.2059045407
2549	1.2054011031
2550	1.2048965432
2551	1.2043908454
2552	1.2038839929
2553	1.2033759769
2554	1.2028667977
2555	1.2023564607
2556	1.2018449676
2557	1.2013323143
2558	1.2008184971
2559	1.2003035108
2560	1.1997873487
2561	1.1992700062
2562	1.1987514807
2563	1.1982317699
2564	1.1977108732
2565	1.1971887902
2566	1.1966655199
2567	1.1961410617
2568	1.1956154150
2569	1.1950885816
2570	1.1945605699
2571	1.1940313930
2572	1.1935010616
2573	1.1929695808
2574	1.1924369514
2575	1.1919031752
2576	1.1913682612
2577	1.1908322175
2578	1.1902950462
2579	1.1897567460
2580	1.1892173135
2581	1.1886767474
2582	1.1881350490
2583	1.1875922185
2584	1.1870482574
2585	1.1865031716
2586	1.1859569710
2587	1.1854096640
2588	1.1848612532
2589	1.1843117368
2590	1.1837611159
2591	1.1832093987
2592	1.1826565981
2593	1.1821027303
2594	1.1815478118
2595	1.1809918548
2596	1.1804348645
2597	1.1798768473
2598	1.1793178159
2599	1.1787577810
2600	1.1781967469
2601	1.1776347247
2602	1.1770717365
2603	1.1765078039
2604	1.1759429454
2605	1.1753771815
2606	1.1748105346
2607	1.1742430277
2608	1.1736746855
2609	1.1731055320
2610	1.1725355855
2611	1.1719648629
2612	1.1713933760
2613	1.1708211280
2614	1.1702481211
2615	1.1696743596
2616	1.1690998522
2617	1.1685246146
2618	1.1679486674
2619	1.1673720300
2620	1.1667947138
2621	1.1662167255
2622	1.1656380782
2623	1.1650587919
2624	1.1644788849
2625	1.1638983714
2626	1.1633172667
2627	1.1627355892
2628	1.1621533581
2629	1.1615705879
2630	1.1609872922
2631	1.1604034900
2632	1.1598192040
2633	1.1592344638
2634	1.1586493004
2635	1.1580637328
2636	1.1574777709
2637	1.1568914251
2638	1.1563047039
2639	1.1557176120
2640	1.1551301543
2641	1.1545423376
2642	1.1539541768
2643	1.1533656955
2644	1.1527769151
2645	1.1521878540
2646	1.1515985350
2647	1.1510089833
2648	1.1504192266
2649	1.1498292985
2650	1.1492392355
2651	1.1486490740
2652	1.1480588474
2653	1.1474685882
2654	1.1468783270
2655	1.1462880827
2656	1.1456978655
2657	1.1451076858
2658	1.1445175563
2659	1.1439274880
2660	1.1433374930
2661	1.1427475972
2662	1.1421578317
2663	1.1415682166
2664	1.1409787618
2665	1.1403894735
2666	1.1398003645
2667	1.1392114575
2668	1.1386227762
2669	1.1380343397
2670	1.1374461658
2671	1.1368582756
2672	1.1362706881
2673	1.1356834221
2674	1.1350965029
2675	1.1345099580
2676	1.1339238025
2677	1.1333380420
2678	1.1327526857
2679	1.1321677440
2680	1.1315832274
2681	1.1309991529
2682	1.1304155342
2683	1.1298323774
2684	1.1292496938
2685	1.1286675127
2686	1.1280858850
2687	1.1275048627
2688	1.1269244851
2689	1.1263447847
2690	1.1257657895
2691	1.1251875233
2692	1.1246100032
2693	1.1240332423
2694	1.1234572578
2695	1.1228820745
2696	1.1223077289
2697	1.1217342554
2698	1.1211616730
2699	1.1205900025
2700	1.1200192720
2701	1.1194495046
2702	1.1188807271
2703	1.1183129715
2704	1.1177462647
2705	1.1171806306
2706	1.1166160912
2707	1.1160526670
2708	1.1154903822
2709	1.1149292638
2710	1.1143693357
2711	1.1138106184
2712	1.1132531353
2713	1.1126969133
2714	1.1121419807
2715	1.1115883656
2716	1.1110360963
2717	1.1104851986
2718	1.1099356976
2719	1.1093876172
2720	1.1088409727
2721	1.1082957704
2722	1.1077520185
2723	1.1072097384
2724	1.1066689583
2725	1.1061297001
2726	1.1055919785
2727	1.1050558081
2728	1.1045212080
2729	1.1039881940
2730	1.1034567725
2731	1.1029269530
2732	1.1023987541
2733	1.1018721910
2734	1.1013472775
2735	1.1008240305
2736	1.1003024582
2737	1.0997825588
2738	1.0992643281
2739	1.0987477671
2740	1.0982328870
2741	1.0977197021
2742	1.0972082336
2743	1.0966985107
2744	1.0961905624
2745	1.0956844152
2746	1.0951800958
2747	1.0946776283
2748	1.0941770322
2749	1.0936783296
2750	1.0931815412
2751	1.0926866775
2752	1.0921937426
2753	1.0917027433
2754	1.0912136947
2755	1.0907266135
2756	1.0902415060
2757	1.0897583717
2758	1.0892772094
2759	1.0887980154
2760	1.0883207834
2761	1.0878454992
2762	1.0873721456
2763	1.0869007188
2764	1.0864312232
2765	1.0859636560
2766	1.0854980074
2767	1.0850342666
2768	1.0845724225
2769	1.0841124645
2770	1.0836543847
2771	1.0831981757
2772	1.0827438389
2773	1.0822913901
2774	1.0818408487
2775	1.0813922282
2776	1.0809455437
2777	1.0805008126
2778	1.0800580400
2779	1.0796172236
2780	1.0791783676
2781	1.0787414779
2782	1.0783065616
2783	1.0778736313
2784	1.0774427078
2785	1.0770138141
2786	1.0765869669
2787	1.0761621763
2788	1.0757394504
2789	1.0753187973
2790	1.0749002211
2791	1.0744837240
2792	1.0740693100
2793	1.0736569793
2794	1.0732467301
2795	1.0728385621
2796	1.0724324713
2797	1.0720284480
2798	1.0716264834
2799	1.0712265705
2800	1.0708286987
2801	1.0704328500
2802	1.0700390060
2803	1.0696471544
2804	1.0692572788
2805	1.0688693496
2806	1.0684833354
2807	1.0680992173
2808	1.0677169846
2809	1.0673366234
2810	1.0669581182
2811	1.0665814598
2812	1.0662066422
2813	1.0658336583
2814	1.0654625071
2815	1.0650931905
2816	1.0647257141
2817	1.0643600875
2818	1.0639963105
2819	1.0636343741
2820	1.0632742669
2821	1.0629159728
2822	1.0625594756
2823	1.0622047637
2824	1.0618518265
2825	1.0615006555
2826	1.0611512517
2827	1.0608036173
2828	1.0604577501
2829	1.0601136475
2830	1.0597713088
2831	1.0594307383
2832	1.0590919405
2833	1.0587549209
2834	1.0584196913
2835	1.0580862641
2836	1.0577546552
2837	1.0574248847
2838	1.0570969626
2839	1.0567708871
2840	1.0564466548
2841	1.0561242631
2842	1.0558037045
2843	1.0554849705
2844	1.0551680579
2845	1.0548529663
2846	1.0545397041
2847	1.0542282863
2848	1.0539187221
2849	1.0536110183
2850	1.0533051840
2851	1.0530012185
2852	1.0526991068
2853	1.0523988351
2854	1.0521003998
2855	1.0518037929
2856	1.0515089921
2857	1.0512159696
2858	1.0509247043
2859	1.0506351808
2860	1.0503473878
2861	1.0500613190
2862	1.0497769675
2863	1.0494943187
2864	1.0492133461
2865	1.0489340218
2866	1.0486563312
2867	1.0483802679
2868	1.0481058243
2869	1.0478329775
2870	1.0475616866
2871	1.0472919126
2872	1.0470236284
2873	1.0467568153
2874	1.0464914582
2875	1.0462275306
2876	1.0459649966
2877	1.0457038251
2878	1.0454439940
2879	1.0451854915
2880	1.0449283139
2881	1.0446724556
2882	1.0444178960
2883	1.0441646094
2884	1.0439125809
2885	1.0436617942
2886	1.0434122257
2887	1.0431638530
2888	1.0429166515
2889	1.0426705941
2890	1.0424256577
2891	1.0421818251
2892	1.0419390878
2893	1.0416974421
2894	1.0414568868
2895	1.0412174298
2896	1.0409790770
2897	1.0407418139
2898	1.0405056126
2899	1.0402704477
2900	1.0400363054
2901	1.0398031819
2902	1.0395710772
2903	1.0393399875
2904	1.0391099050
2905	1.0388808199
2906	1.0386527175
2907	1.0384255795
2908	1.0381993890
2909	1.0379741321
2910	1.0377497885
2911	1.0375263350
2912	1.0373037545
2913	1.0370820292
2914	1.0368611344
2915	1.0366410458
2916	1.0364217518
2917	1.0362032479
2918	1.0359855247
2919	1.0357685598
2920	1.0355523207
2921	1.0353367799
2922	1.0351219180
2923	1.0349077186
2924	1.0346941668
2925	1.0344812465
2926	1.0342689447
2927	1.0340572509
2928	1.0338461476
2929	1.0336356123
2930	1.0334256199
2931	1.0332161424
2932	1.0330071533
2933	1.0327986232
2934	1.0325905170
2935	1.0323827950
2936	1.0321754113
2937	1.0319683200
2938	1.0317614841
2939	1.0315548717
2940	1.0313484508
2941	1.0311421965
2942	1.0309360929
2943	1.0307301221
2944	1.0305242576
2945	1.0303184706
2946	1.0301127363
2947	1.0299070320
2948	1.0297013371
2949	1.0294956352
2950	1.0292898990
2951	1.0290840927
2952	1.0288781885
2953	1.0286721603
2954	1.0284659719
2955	1.0282595830
2956	1.0280529552
2957	1.0278460489
2958	1.0276388194
2959	1.0274312138
2960	1.0272231754
2961	1.0270146509
2962	1.0268055932
2963	1.0265959622
2964	1.0263857248
2965	1.0261748488
2966	1.0259632996
2967	1.0257510412
2968	1.0255380381
2969	1.0253242515
2970	1.0251096421
2971	1.0248941727
2972	1.0246778096
2973	1.0244605265
2974	1.0242422995
2975	1.0240230970
2976	1.0238028834
2977	1.0235816297
2978	1.0233593120
2979	1.0231359063
2980	1.0229113856
2981	1.0226857242
2982	1.0224588975
2983	1.0222308758
2984	1.0220016213
2985	1.0217710950
2986	1.0215392593
2987	1.0213060732
2988	1.0210714941
2989	1.0208354824
2990	1.0205980032
2991	1.0203590248
2992	1.0201185128
2993	1.0198764285
2994	1.0196327292
2995	1.0193873709
2996	1.0191403169
2997	1.0188915456
2998	1.0186410425
2999	1.0183887887
