0	1.2500000087
1	1.2501979873
2	1.2503942136
3	1.2505888614
4	1.2507821646
5	1.2509743848
6	1.2511657819
7	1.2513565899
8	1.2515469991
9	1.2517371451
10	1.2519271056
11	1.2521169044
12	1.2523065209
13	1.2524959036
14	1.2526849846
15	1.2528736948
16	1.2530619758
17	1.2532497885
18	1.2534371177
19	1.2536239718
20	1.2538103792
21	1.2539963815
22	1.2541820255
23	1.2543673548
24	1.2545524025
25	1.2547371866
26	1.2549217072
27	1.2551059475
28	1.2552898762
29	1.2554734533
30	1.2556566353
31	1.2558393816
32	1.2560216597
33	1.2562034486
34	1.2563847402
35	1.2565655391
36	1.2567458596
37	1.2569257218
38	1.2571051469
39	1.2572841525
40	1.2574627486
41	1.2576409344
42	1.2578186978
43	1.2579960153
44	1.2581728548
45	1.2583491782
46	1.2585249464
47	1.2587001231
48	1.2588746783
49	1.2590485911
50	1.2592218496
51	1.2593944505
52	1.2595663974
53	1.2597376978
54	1.2599083597
55	1.2600783880
56	1.2602477806
57	1.2604165270
58	1.2605846076
59	1.2607519942
60	1.2609186516
61	1.2610845396
62	1.2612496165
63	1.2614138430
64	1.2615771870
65	1.2617396269
66	1.2619011523
67	1.2620617601
68	1.2622214483
69	1.2623802135
70	1.2625380514
71	1.2626949574
72	1.2628509225
73	1.2630059309
74	1.2631599623
75	1.2633129957
76	1.2634650051
77	1.2636159508
78	1.2637657785
79	1.2639144286
80	1.2640618497
81	1.2642080095
82	1.2643528968
83	1.2644965119
84	1.2646388536
85	1.2647799213
86	1.2649197246
87	1.2650582744
88	1.2651955635
89	1.2653315678
90	1.2654662650
91	1.2655996321
92	1.2657316219
93	1.2658621591
94	1.2659911667
95	1.2661185854
96	1.2662443697
97	1.2663684825
98	1.2664909043
99	1.2666116425
100	1.2667307153
101	1.2668481266
102	1.2669638670
103	1.2670779316
104	1.2671903108
105	1.2673009704
106	1.2674098670
107	1.2675169631
108	1.2676222047
109	1.2677255102
110	1.2678267909
111	1.2679259561
112	1.2680229025
113	1.2681175285
114	1.2682097531
115	1.2682995146
116	1.2683867685
117	1.2684714919
118	1.2685536799
119	1.2686333331
120	1.2687104437
121	1.2687849880
122	1.2688569243
123	1.2689261970
124	1.2689927518
125	1.2690565471
126	1.2691175397
127	1.2691756685
128	1.2692308620
129	1.2692830696
130	1.2693323112
131	1.2693786842
132	1.2694222774
133	1.2694630729
134	1.2695009322
135	1.2695356778
136	1.2695672226
137	1.2695956278
138	1.2696210201
139	1.2696434970
140	1.2696631074
141	1.2696798417
142	1.2696936098
143	1.2697042311
144	1.2697114677
145	1.2697151269
146	1.2697151323
147	1.2697114903
148	1.2697042560
149	1.2696935408
150	1.2696794902
151	1.2696622189
152	1.2696417447
153	1.2696179795
154	1.2695907750
155	1.2695599352
156	1.2695252289
157	1.2694864694
158	1.2694435715
159	1.2693965435
160	1.2693454704
161	1.2692905056
162	1.2692318468
163	1.2691696708
164	1.2691040749
165	1.2690350804
166	1.2689626232
167	1.2688865231
168	1.2688065161
169	1.2687223147
170	1.2686336416
171	1.2685402565
172	1.2684420098
173	1.2683388987
174	1.2682310578
175	1.2681187210
176	1.2680022231
177	1.2678819518
178	1.2677582537
179	1.2676313869
180	1.2675014887
181	1.2673685390
182	1.2672323467
183	1.2670925813
184	1.2669488303
185	1.2668006343
186	1.2666475482
187	1.2664892270
188	1.2663254473
189	1.2661561297
190	1.2659813780
191	1.2658014560
192	1.2656167526
193	1.2654277469
194	1.2652349478
195	1.2650388280
196	1.2648397661
197	1.2646380251
198	1.2644337274
199	1.2642268235
200	1.2640171194
201	1.2638042911
202	1.2635879080
203	1.2633675201
204	1.2631426952
205	1.2629130377
206	1.2626782610
207	1.2624382544
208	1.2621931060
209	1.2619430409
210	1.2616883155
211	1.2614291368
212	1.2611656632
213	1.2608981167
214	1.2606268114
215	1.2603520332
216	1.2600739546
217	1.2597926242
218	1.2595080404
219	1.2592202472
220	1.2589293220
221	1.2586353383
222	1.2583383617
223	1.2580384416
224	1.2577355720
225	1.2574296499
226	1.2571205277
227	1.2568080938
228	1.2564922970
229	1.2561731347
230	1.2558505936
231	1.2555246398
232	1.2551952295
233	1.2548622438
234	1.2545254980
235	1.2541848219
236	1.2538400995
237	1.2534912708
238	1.2531383116
239	1.2527812411
240	1.2524201151
241	1.2520549952
242	1.2516859371
243	1.2513130054
244	1.2509363283
245	1.2505560910
246	1.2501724902
247	1.2497857604
248	1.2493961446
249	1.2490038259
250	1.2486089081
251	1.2482114077
252	1.2478112767
253	1.2474084148
254	1.2470027029
255	1.2465940724
256	1.2461825317
257	1.2457681616
258	1.2453511027
259	1.2449315478
260	1.2445096841
261	1.2440856113
262	1.2436593543
263	1.2432308677
264	1.2428000351
265	1.2423667188
266	1.2419307586
267	1.2414919546
268	1.2410500694
269	1.2406048755
270	1.2401562496
271	1.2397041742
272	1.2392486611
273	1.2387896929
274	1.2383272397
275	1.2378613689
276	1.2373923547
277	1.2369206442
278	1.2364465976
279	1.2359702809
280	1.2354915470
281	1.2350102408
282	1.2345263486
283	1.2340399362
284	1.2335509650
285	1.2330592332
286	1.2325644541
287	1.2320663879
288	1.2315648888
289	1.2310599084
290	1.2305515983
291	1.2300403622
292	1.2295267175
293	1.2290110870
294	1.2284937447
295	1.2279748868
296	1.2274546627
297	1.2269331620
298	1.2264103856
299	1.2258863072
300	1.2253609491
301	1.2248342856
302	1.2243061390
303	1.2237762280
304	1.2232443124
305	1.2227102510
306	1.2221739446
307	1.2216353800
308	1.2210946863
309	1.2205520491
310	1.2200075795
311	1.2194612755
312	1.2189130909
313	1.2183629730
314	1.2178108571
315	1.2172567101
316	1.2167006361
317	1.2161428882
318	1.2155837142
319	1.2150232928
320	1.2144617678
321	1.2138991892
322	1.2133354290
323	1.2127702188
324	1.2122033087
325	1.2116345110
326	1.2110636615
327	1.2104906855
328	1.2099156391
329	1.2093386440
330	1.2087597906
331	1.2081791252
332	1.2075966903
333	1.2070124781
334	1.2064263956
335	1.2058383492
336	1.2052483345
337	1.2046563832
338	1.2040625086
339	1.2034667556
340	1.2028691652
341	1.2022697161
342	1.2016683847
343	1.2010652205
344	1.2004602966
345	1.1998536320
346	1.1992452866
347	1.1986354490
348	1.1980244042
349	1.1974125146
350	1.1968001955
351	1.1961878214
352	1.1955755868
353	1.1949634894
354	1.1943514098
355	1.1937391030
356	1.1931262121
357	1.1925124001
358	1.1918974426
359	1.1912811680
360	1.1906634594
361	1.1900443551
362	1.1894240147
363	1.1888026504
364	1.1881805288
365	1.1875579396
366	1.1869350970
367	1.1863121032
368	1.1856890050
369	1.1850657660
370	1.1844422646
371	1.1838183977
372	1.1831941173
373	1.1825693885
374	1.1819441807
375	1.1813185137
376	1.1806924032
377	1.1800657810
378	1.1794385613
379	1.1788106904
380	1.1781821210
381	1.1775528559
382	1.1769230446
383	1.1762929512
384	1.1756628985
385	1.1750332920
386	1.1744045247
387	1.1737768645
388	1.1731504614
389	1.1725253517
390	1.1719014082
391	1.1712783626
392	1.1706559187
393	1.1700337528
394	1.1694115181
395	1.1687889575
396	1.1681659246
397	1.1675423162
398	1.1669180570
399	1.1662931542
400	1.1656676994
401	1.1650418804
402	1.1644160178
403	1.1637904200
404	1.1631652121
405	1.1625403588
406	1.1619157757
407	1.1612913974
408	1.1606672150
409	1.1600432083
410	1.1594192066
411	1.1587949908
412	1.1581705170
413	1.1575459547
414	1.1569215790
415	1.1562976267
416	1.1556741812
417	1.1550511644
418	1.1544284600
419	1.1538059263
420	1.1531833187
421	1.1525603909
422	1.1519370370
423	1.1513132873
424	1.1506892287
425	1.1500649753
426	1.1494406784
427	1.1488165612
428	1.1481929463
429	1.1475701361
430	1.1469483371
431	1.1463277466
432	1.1457085449
433	1.1450907693
434	1.1444743100
435	1.1438590206
436	1.1432447835
437	1.1426315762
438	1.1420194450
439	1.1414084080
440	1.1407984985
441	1.1401897763
442	1.1395821906
443	1.1389755310
444	1.1383695655
445	1.1377641205
446	1.1371590544
447	1.1365542821
448	1.1359497898
449	1.1353456479
450	1.1347419976
451	1.1341389536
452	1.1335365716
453	1.1329349334
454	1.1323341665
455	1.1317343268
456	1.1311353976
457	1.1305373641
458	1.1299401706
459	1.1293436892
460	1.1287477573
461	1.1281522350
462	1.1275570626
463	1.1269622552
464	1.1263678518
465	1.1257739718
466	1.1251808636
467	1.1245887703
468	1.1239978654
469	1.1234082988
470	1.1228201613
471	1.1222334480
472	1.1216481083
473	1.1210640857
474	1.1204812879
475	1.1198995578
476	1.1193186624
477	1.1187383638
478	1.1181584953
479	1.1175788913
480	1.1169993680
481	1.1164198298
482	1.1158403037
483	1.1152608753
484	1.1146816858
485	1.1141029564
486	1.1135249743
487	1.1129481194
488	1.1123728327
489	1.1117995029
490	1.1112283386
491	1.1106592825
492	1.1100920963
493	1.1095265365
494	1.1089623621
495	1.1083992583
496	1.1078369237
497	1.1072751458
498	1.1067137548
499	1.1061526456
500	1.1055918251
501	1.1050314125
502	1.1044716077
503	1.1039126224
504	1.1033546035
505	1.1027975912
506	1.1022415084
507	1.1016862075
508	1.1011315683
509	1.1005774898
510	1.1000238676
511	1.0994706620
512	1.0989178728
513	1.0983654395
514	1.0978132517
515	1.0972612210
516	1.0967092708
517	1.0961573298
518	1.0956053664
519	1.0950533889
520	1.0945014247
521	1.0939494691
522	1.0933974818
523	1.0928454265
524	1.0922932441
525	1.0917408395
526	1.0911881282
527	1.0906350219
528	1.0900814092
529	1.0895272206
530	1.0889724417
531	1.0884170836
532	1.0878611984
533	1.0873048810
534	1.0867482577
535	1.0861914727
536	1.0856346668
537	1.0850779475
538	1.0845213419
539	1.0839647701
540	1.0834081059
541	1.0828512421
542	1.0822940758
543	1.0817365237
544	1.0811785146
545	1.0806199124
546	1.0800605054
547	1.0795000702
548	1.0789384112
549	1.0783753810
550	1.0778109124
551	1.0772449997
552	1.0766776575
553	1.0761089195
554	1.0755388667
555	1.0749676477
556	1.0743954258
557	1.0738223196
558	1.0732483970
559	1.0726736706
560	1.0720981161
561	1.0715217050
562	1.0709443694
563	1.0703659776
564	1.0697863807
565	1.0692054128
566	1.0686228849
567	1.0680386199
568	1.0674524872
569	1.0668644500
570	1.0662745951
571	1.0656831173
572	1.0650902742
573	1.0644963436
574	1.0639016034
575	1.0633063027
576	1.0627105803
577	1.0621144216
578	1.0615177099
579	1.0609202399
580	1.0603217139
581	1.0597218081
582	1.0591202442
583	1.0585168245
584	1.0579114467
585	1.0573041013
586	1.0566948488
587	1.0560838086
588	1.0554711416
589	1.0548570083
590	1.0542415375
591	1.0536248295
592	1.0530069793
593	1.0523880610
594	1.0517680973
595	1.0511470692
596	1.0505249237
597	1.0499015592
598	1.0492768351
599	1.0486506044
600	1.0480227628
601	1.0473932740
602	1.0467621157
603	1.0461292430
604	1.0454946083
605	1.0448581649
606	1.0442198580
607	1.0435796248
608	1.0429373982
609	1.0422931032
610	1.0416466601
611	1.0409980194
612	1.0403471990
613	1.0396942780
614	1.0390393638
615	1.0383825602
616	1.0377239546
617	1.0370636502
618	1.0364017715
619	1.0357384210
620	1.0350736588
621	1.0344075160
622	1.0337400188
623	1.0330711983
624	1.0324010686
625	1.0317295996
626	1.0310567066
627	1.0303822661
628	1.0297061597
629	1.0290283103
630	1.0283486810
631	1.0276672624
632	1.0269840837
633	1.0262992159
634	1.0256127281
635	1.0249246571
636	1.0242350382
637	1.0235439415
638	1.0228514566
639	1.0221576642
640	1.0214626176
641	1.0207663251
642	1.0200687743
643	1.0193699487
644	1.0186698193
645	1.0179683746
646	1.0172656518
647	1.0165617229
648	1.0158566583
649	1.0151504931
650	1.0144432146
651	1.0137347679
652	1.0130250679
653	1.0123140227
654	1.0116015583
655	1.0108876506
656	1.0101723311
657	1.0094556103
658	1.0087374375
659	1.0080177458
660	1.0072964784
661	1.0065735870
662	1.0058490280
663	1.0051227733
664	1.0043948481
665	1.0036653173
666	1.0029342241
667	1.0022015938
668	1.0014674613
669	1.0007318696
670	0.9999948643
671	0.9992565065
672	0.9985168978
673	0.9977761641
674	0.9970343970
675	0.9962916069
676	0.9955477508
677	0.9948027972
678	0.9940567218
679	0.9933094511
680	0.9925608563
681	0.9918107982
682	0.9910591429
683	0.9903057759
684	0.9895505958
685	0.9887934819
686	0.9880343022
687	0.9872729302
688	0.9865092838
689	0.9857434088
690	0.9849754798
691	0.9842057011
692	0.9834342494
693	0.9826612774
694	0.9818869112
695	0.9811112270
696	0.9803342679
697	0.9795561142
698	0.9787768833
699	0.9779966559
700	0.9772154300
701	0.9764331313
702	0.9756496561
703	0.9748648845
704	0.9740787025
705	0.9732910669
706	0.9725020089
707	0.9717115909
708	0.9709199191
709	0.9701271397
710	0.9693334040
711	0.9685388361
712	0.9677435111
713	0.9669474787
714	0.9661507408
715	0.9653531968
716	0.9645546786
717	0.9637550309
718	0.9629541209
719	0.9621518090
720	0.9613479711
721	0.9605425362
722	0.9597354761
723	0.9589267622
724	0.9581163576
725	0.9573042537
726	0.9564905019
727	0.9556751904
728	0.9548584205
729	0.9540403476
730	0.9532211481
731	0.9524009324
732	0.9515797515
733	0.9507575967
734	0.9499343594
735	0.9491098738
736	0.9482839852
737	0.9474565646
738	0.9466275099
739	0.9457967717
740	0.9449644218
741	0.9441306453
742	0.9432956612
743	0.9424597070
744	0.9416230281
745	0.9407858187
746	0.9399482039
747	0.9391103080
748	0.9382722701
749	0.9374341112
750	0.9365956426
751	0.9357565353
752	0.9349164115
753	0.9340749000
754	0.9332316794
755	0.9323865003
756	0.9315392272
757	0.9306898413
758	0.9298384541
759	0.9289853415
760	0.9281308498
761	0.9272753099
762	0.9264190526
763	0.9255623868
764	0.9247055473
765	0.9238486842
766	0.9229918879
767	0.9221352197
768	0.9212786787
769	0.9204221525
770	0.9195654539
771	0.9187083806
772	0.9178507691
773	0.9169925753
774	0.9161339141
775	0.9152749598
776	0.9144158631
777	0.9135568116
778	0.9126979643
779	0.9118392937
780	0.9109806445
781	0.9101218730
782	0.9092628723
783	0.9084035748
784	0.9075439675
785	0.9066841255
786	0.9058242033
787	0.9049643624
788	0.9041047676
789	0.9032455550
790	0.9023867810
791	0.9015284921
792	0.9006707412
793	0.8998135115
794	0.8989567376
795	0.8981004036
796	0.8972445377
797	0.8963891265
798	0.8955340993
799	0.8946793921
800	0.8938249541
801	0.8929707308
802	0.8921166886
803	0.8912628522
804	0.8904093303
805	0.8895562767
806	0.8887038760
807	0.8878523354
808	0.8870018618
809	0.8861527091
810	0.8853051102
811	0.8844591329
812	0.8836147231
813	0.8827717960
814	0.8819302214
815	0.8810898189
816	0.8802504142
817	0.8794119118
818	0.8785742453
819	0.8777373109
820	0.8769010982
821	0.8760657811
822	0.8752316326
823	0.8743989418
824	0.8735679541
825	0.8727388029
826	0.8719115674
827	0.8710864171
828	0.8702635771
829	0.8694432078
830	0.8686253785
831	0.8678100103
832	0.8669968702
833	0.8661857594
834	0.8653766247
835	0.8645694644
836	0.8637641929
837	0.8629606299
838	0.8621586286
839	0.8613580664
840	0.8605588101
841	0.8597608505
842	0.8589643393
843	0.8581695164
844	0.8573766393
845	0.8565858596
846	0.8557971797
847	0.8550105284
848	0.8542257731
849	0.8534426908
850	0.8526609768
851	0.8518802918
852	0.8511003045
853	0.8503207341
854	0.8495414547
855	0.8487625268
856	0.8479841487
857	0.8472066427
858	0.8464304427
859	0.8456559567
860	0.8448834164
861	0.8441129707
862	0.8433448195
863	0.8425791498
864	0.8418160981
865	0.8410557738
866	0.8402982061
867	0.8395433003
868	0.8387908125
869	0.8380404033
870	0.8372917624
871	0.8365446631
872	0.8357989673
873	0.8350545788
874	0.8343114727
875	0.8335697991
876	0.8328297927
877	0.8320916238
878	0.8313554105
879	0.8306212207
880	0.8298890440
881	0.8291588728
882	0.8284307290
883	0.8277045547
884	0.8269802021
885	0.8262575594
886	0.8255365969
887	0.8248173760
888	0.8241000763
889	0.8233849421
890	0.8226721881
891	0.8219619018
892	0.8212540356
893	0.8205484437
894	0.8198448806
895	0.8191430997
896	0.8184429715
897	0.8177445305
898	0.8170479525
899	0.8163533768
900	0.8156608208
901	0.8149703189
902	0.8142819196
903	0.8135956028
904	0.8129113653
905	0.8122293225
906	0.8115496833
907	0.8108726561
908	0.8101984257
909	0.8095271245
910	0.8088587546
911	0.8081932079
912	0.8075303241
913	0.8068698749
914	0.8062115740
915	0.8055551480
916	0.8049003583
917	0.8042469923
918	0.8035949121
919	0.8029440741
920	0.8022945074
921	0.8016463442
922	0.8009997882
923	0.8003550443
924	0.7997123209
925	0.7990717785
926	0.7984334969
927	0.7977974949
928	0.7971637264
929	0.7965320888
930	0.7959024558
931	0.7952747413
932	0.7946488841
933	0.7940248107
934	0.7934025393
935	0.7927821870
936	0.7921638120
937	0.7915474065
938	0.7909329469
939	0.7903203400
940	0.7897094433
941	0.7891001812
942	0.7884926040
943	0.7878868358
944	0.7872830038
945	0.7866812123
946	0.7860815932
947	0.7854843064
948	0.7848894135
949	0.7842967977
950	0.7837061902
951	0.7831172993
952	0.7825300028
953	0.7819444452
954	0.7813609332
955	0.7807796806
956	0.7802007043
957	0.7796239888
958	0.7790495997
959	0.7784777016
960	0.7779084858
961	0.7773419218
962	0.7767777329
963	0.7762156533
964	0.7756555714
965	0.7750974909
966	0.7745414289
967	0.7739873522
968	0.7734351737
969	0.7728847884
970	0.7723361005
971	0.7717889913
972	0.7712433546
973	0.7706992299
974	0.7701567855
975	0.7696161455
976	0.7690772914
977	0.7685401202
978	0.7680045960
979	0.7674708406
980	0.7669390776
981	0.7664095347
982	0.7658824338
983	0.7653579600
984	0.7648362249
985	0.7643172898
986	0.7638010821
987	0.7632873911
988	0.7627760563
989	0.7622670041
990	0.7617601018
991	0.7612551431
992	0.7607520228
993	0.7602508269
994	0.7597517167
995	0.7592548348
996	0.7587602748
997	0.7582680573
998	0.7577781631
999	0.7572904669
1000	0.7568047068
1001	0.7563206662
1002	0.7558383217
1003	0.7553578256
1004	0.7548793982
1005	0.7544032203
1006	0.7539293986
1007	0.7534579666
1008	0.7529888416
1009	0.7525218276
1010	0.7520567310
1011	0.7515934295
1012	0.7511318408
1013	0.7506718865
1014	0.7502134947
1015	0.7497566728
1016	0.7493015683
1017	0.7488483796
1018	0.7483972250
1019	0.7479481384
1020	0.7475011636
1021	0.7470562976
1022	0.7466133557
1023	0.7461720313
1024	0.7457319642
1025	0.7452927867
1026	0.7448542308
1027	0.7444161458
1028	0.7439785115
1029	0.7435414856
1030	0.7431053292
1031	0.7426703071
1032	0.7422367150
1033	0.7418049398
1034	0.7413753624
1035	0.7409481964
1036	0.7405235119
1037	0.7401013278
1038	0.7396815940
1039	0.7392641064
1040	0.7388484821
1041	0.7384342754
1042	0.7380210760
1043	0.7376085473
1044	0.7371965090
1045	0.7367850048
1046	0.7363742570
1047	0.7359645913
1048	0.7355563506
1049	0.7351497875
1050	0.7347450677
1051	0.7343422840
1052	0.7339413705
1053	0.7335421442
1054	0.7331444249
1055	0.7327480144
1056	0.7323526711
1057	0.7319581580
1058	0.7315643016
1059	0.7311710022
1060	0.7307781886
1061	0.7303857976
1062	0.7299937917
1063	0.7296022058
1064	0.7292111174
1065	0.7288205824
1066	0.7284306965
1067	0.7280416042
1068	0.7276533794
1069	0.7272659750
1070	0.7268792798
1071	0.7264932063
1072	0.7261077143
1073	0.7257227829
1074	0.7253384492
1075	0.7249548307
1076	0.7245720354
1077	0.7241900867
1078	0.7238089519
1079	0.7234285879
1080	0.7230489580
1081	0.7226700506
1082	0.7222918848
1083	0.7219145279
1084	0.7215380551
1085	0.7211624550
1086	0.7207876542
1087	0.7204136215
1088	0.7200403771
1089	0.7196679184
1090	0.7192962543
1091	0.7189254336
1092	0.7185554485
1093	0.7181862649
1094	0.7178179121
1095	0.7174504264
1096	0.7170838160
1097	0.7167180834
1098	0.7163532673
1099	0.7159894875
1100	0.7156268739
1101	0.7152654720
1102	0.7149052300
1103	0.7145460513
1104	0.7141878306
1105	0.7138304444
1106	0.7134737862
1107	0.7131178096
1108	0.7127625083
1109	0.7124078737
1110	0.7120538922
1111	0.7117005729
1112	0.7113479186
1113	0.7109959123
1114	0.7106446138
1115	0.7102941809
1116	0.7099447559
1117	0.7095964356
1118	0.7092493207
1119	0.7089035011
1120	0.7085590135
1121	0.7082158171
1122	0.7078738040
1123	0.7075328680
1124	0.7071928690
1125	0.7068535708
1126	0.7065147298
1127	0.7061761259
1128	0.7058375475
1129	0.7054988621
1130	0.7051600570
1131	0.7048211897
1132	0.7044823550
1133	0.7041437090
1134	0.7038054477
1135	0.7034677597
1136	0.7031308400
1137	0.7027949150
1138	0.7024602564
1139	0.7021271219
1140	0.7017956644
1141	0.7014659669
1142	0.7011380478
1143	0.7008117939
1144	0.7004869921
1145	0.7001634359
1146	0.6998410056
1147	0.6995196411
1148	0.6991993021
1149	0.6988800010
1150	0.6985618092
1151	0.6982448040
1152	0.6979290855
1153	0.6976147761
1154	0.6973019080
1155	0.6969904402
1156	0.6966803918
1157	0.6963718457
1158	0.6960648672
1159	0.6957594510
1160	0.6954555036
1161	0.6951528784
1162	0.6948514809
1163	0.6945513511
1164	0.6942526224
1165	0.6939554266
1166	0.6936597828
1167	0.6933656469
1168	0.6930731572
1169	0.6927826027
1170	0.6924942019
1171	0.6922080528
1172	0.6919241469
1173	0.6916424208
1174	0.6913628319
1175	0.6910853916
1176	0.6908101306
1177	0.6905370235
1178	0.6902660180
1179	0.6899971123
1180	0.6897303318
1181	0.6894657183
1182	0.6892034139
1183	0.6889437041
1184	0.6886868990
1185	0.6884332216
1186	0.6881828115
1187	0.6879357238
1188	0.6876919705
1189	0.6874516041
1190	0.6872147229
1191	0.6869813610
1192	0.6867513817
1193	0.6865245470
1194	0.6863006727
1195	0.6860796158
1196	0.6858612181
1197	0.6856454668
1198	0.6854325513
1199	0.6852226795
1200	0.6850159774
1201	0.6848124502
1202	0.6846120208
1203	0.6844146873
1204	0.6842205632
1205	0.6840298381
1206	0.6838427438
1207	0.6836594616
1208	0.6834800667
1209	0.6833045129
1210	0.6831326324
1211	0.6829641994
1212	0.6827990521
1213	0.6826370741
1214	0.6824781054
1215	0.6823221012
1216	0.6821692634
1217	0.6820199661
1218	0.6818746917
1219	0.6817339640
1220	0.6815982607
1221	0.6814679699
1222	0.6813434158
1223	0.6812248580
1224	0.6811123518
1225	0.6810057237
1226	0.6809047908
1227	0.6808094486
1228	0.6807195656
1229	0.6806349485
1230	0.6805553606
1231	0.6804805232
1232	0.6804101201
1233	0.6803437971
1234	0.6802812787
1235	0.6802225338
1236	0.6801677807
1237	0.6801174545
1238	0.6800720894
1239	0.6800321063
1240	0.6799977414
1241	0.6799691022
1242	0.6799461878
1243	0.6799289468
1244	0.6799174599
1245	0.6799118498
1246	0.6799120364
1247	0.6799178500
1248	0.6799291216
1249	0.6799455453
1250	0.6799666936
1251	0.6799921876
1252	0.6800218780
1253	0.6800558487
1254	0.6800943139
1255	0.6801376317
1256	0.6801862378
1257	0.6802405222
1258	0.6803007859
1259	0.6803671974
1260	0.6804397434
1261	0.6805182683
1262	0.6806025669
1263	0.6806923487
1264	0.6807872039
1265	0.6808867127
1266	0.6809905706
1267	0.6810986199
1268	0.6812108409
1269	0.6813274017
1270	0.6814486616
1271	0.6815750342
1272	0.6817068376
1273	0.6818441941
1274	0.6819870018
1275	0.6821350869
1276	0.6822883475
1277	0.6824467127
1278	0.6826101516
1279	0.6827787321
1280	0.6829525416
1281	0.6831316869
1282	0.6833163477
1283	0.6835067271
1284	0.6837029621
1285	0.6839049627
1286	0.6841125163
1287	0.6843255925
1288	0.6845443340
1289	0.6847689169
1290	0.6849994779
1291	0.6852359528
1292	0.6854779870
1293	0.6857251847
1294	0.6859773207
1295	0.6862341794
1296	0.6864953956
1297	0.6867605178
1298	0.6870292276
1299	0.6873016094
1300	0.6875781263
1301	0.6878593225
1302	0.6881455802
1303	0.6884370820
1304	0.6887339259
1305	0.6890361737
1306	0.6893438735
1307	0.6896570959
1308	0.6899758646
1309	0.6903001241
1310	0.6906298292
1311	0.6909649373
1312	0.6913053077
1313	0.6916507536
1314	0.6920012255
1315	0.6923568997
1316	0.6927179880
1317	0.6930845472
1318	0.6934565369
1319	0.6938338866
1320	0.6942165973
1321	0.6946047971
1322	0.6949985244
1323	0.6953976534
1324	0.6958021421
1325	0.6962120943
1326	0.6966275460
1327	0.6970484433
1328	0.6974748046
1329	0.6979066952
1330	0.6983441646
1331	0.6987872021
1332	0.6992356826
1333	0.6996894674
1334	0.7001484750
1335	0.7006127080
1336	0.7010821949
1337	0.7015568492
1338	0.7020365468
1339	0.7025212188
1340	0.7030107778
1341	0.7035050701
1342	0.7040039107
1343	0.7045072251
1344	0.7050151893
1345	0.7055281257
1346	0.7060462648
1347	0.7065696916
1348	0.7070984339
1349	0.7076324493
1350	0.7081715921
1351	0.7087156733
1352	0.7092645226
1353	0.7098180119
1354	0.7103761001
1355	0.7109388815
1356	0.7115065429
1357	0.7120793710
1358	0.7126577847
1359	0.7132421352
1360	0.7138324574
1361	0.7144285306
1362	0.7150300675
1363	0.7156367017
1364	0.7162479227
1365	0.7168631572
1366	0.7174820101
1367	0.7181043994
1368	0.7187304139
1369	0.7193601939
1370	0.7199938701
1371	0.7206315651
1372	0.7212734819
1373	0.7219198205
1374	0.7225707508
1375	0.7232265345
1376	0.7238873961
1377	0.7245533498
1378	0.7252242971
1379	0.7259001913
1380	0.7265810947
1381	0.7272671738
1382	0.7279585792
1383	0.7286553267
1384	0.7293574068
1385	0.7300648341
1386	0.7307775411
1387	0.7314953522
1388	0.7322180259
1389	0.7329453150
1390	0.7336769820
1391	0.7344128155
1392	0.7351527196
1393	0.7358967882
1394	0.7366453343
1395	0.7373987982
1396	0.7381574841
1397	0.7389214679
1398	0.7396907307
1399	0.7404651413
1400	0.7412443799
1401	0.7420280993
1402	0.7428161068
1403	0.7436082825
1404	0.7444044448
1405	0.7452044602
1406	0.7460083268
1407	0.7468160575
1408	0.7476276996
1409	0.7484433793
1410	0.7492632712
1411	0.7500876126
1412	0.7509165938
1413	0.7517502606
1414	0.7525886117
1415	0.7534316897
1416	0.7542794840
1417	0.7551318327
1418	0.7559884633
1419	0.7568490352
1420	0.7577131843
1421	0.7585805355
1422	0.7594507587
1423	0.7603237340
1424	0.7611995213
1425	0.7620782077
1426	0.7629598961
1427	0.7638448097
1428	0.7647333839
1429	0.7656261082
1430	0.7665233597
1431	0.7674254419
1432	0.7683325108
1433	0.7692444737
1434	0.7701610830
1435	0.7710820547
1436	0.7720070974
1437	0.7729359603
1438	0.7738684519
1439	0.7748044248
1440	0.7757438068
1441	0.7766865826
1442	0.7776327070
1443	0.7785820773
1444	0.7795346046
1445	0.7804902217
1446	0.7814488110
1447	0.7824102352
1448	0.7833744192
1449	0.7843413354
1450	0.7853109450
1451	0.7862831867
1452	0.7872579917
1453	0.7882353267
1454	0.7892152240
1455	0.7901977560
1456	0.7911830317
1457	0.7921711676
1458	0.7931621815
1459	0.7941559408
1460	0.7951522227
1461	0.7961508303
1462	0.7971515653
1463	0.7981541674
1464	0.7991584672
1465	0.8001644034
1466	0.8011718756
1467	0.8021807301
1468	0.8031908247
1469	0.8042021314
1470	0.8052147689
1471	0.8062289173
1472	0.8072448186
1473	0.8082627969
1474	0.8092830779
1475	0.8103056492
1476	0.8113303645
1477	0.8123570123
1478	0.8133853196
1479	0.8144150646
1480	0.8154461410
1481	0.8164784975
1482	0.8175120485
1483	0.8185466281
1484	0.8195819984
1485	0.8206178794
1486	0.8216540407
1487	0.8226903801
1488	0.8237269176
1489	0.8247637841
1490	0.8258011503
1491	0.8268391133
1492	0.8278777585
1493	0.8289172628
1494	0.8299578019
1495	0.8309994520
1496	0.8320421986
1497	0.8330859747
1498	0.8341306917
1499	0.8351762941
1500	0.8362227732
1501	0.8372700592
1502	0.8383179917
1503	0.8393664104
1504	0.8404152610
1505	0.8414646580
1506	0.8425147639
1507	0.8435656316
1508	0.8446172070
1509	0.8456693829
1510	0.8467220703
1511	0.8477752799
1512	0.8488291229
1513	0.8498837148
1514	0.8509391198
1515	0.8519953737
1516	0.8530525217
1517	0.8541106342
1518	0.8551697423
1519	0.8562298285
1520	0.8572908991
1521	0.8583529646
1522	0.8594159633
1523	0.8604797340
1524	0.8615441298
1525	0.8626091181
1526	0.8636746880
1527	0.8647407817
1528	0.8658073259
1529	0.8668742289
1530	0.8679414253
1531	0.8690089572
1532	0.8700769602
1533	0.8711456075
1534	0.8722150442
1535	0.8732853263
1536	0.8743564107
1537	0.8754281352
1538	0.8765002068
1539	0.8775723001
1540	0.8786441752
1541	0.8797156839
1542	0.8807867235
1543	0.8818572408
1544	0.8829272352
1545	0.8839967443
1546	0.8850658753
1547	0.8861348111
1548	0.8872037232
1549	0.8882727093
1550	0.8893418283
1551	0.8904111163
1552	0.8914805706
1553	0.8925501726
1554	0.8936199203
1555	0.8946898227
1556	0.8957598472
1557	0.8968299079
1558	0.8978999163
1559	0.8989698145
1560	0.9000395962
1561	0.9011093126
1562	0.9021790851
1563	0.9032491094
1564	0.9043196077
1565	0.9053907882
1566	0.9064627762
1567	0.9075355660
1568	0.9086090927
1569	0.9096832746
1570	0.9107579887
1571	0.9118330903
1572	0.9129084433
1573	0.9139839430
1574	0.9150595427
1575	0.9161352095
1576	0.9172108652
1577	0.9182864305
1578	0.9193618653
1579	0.9204371397
1580	0.9215122274
1581	0.9225871180
1582	0.9236618017
1583	0.9247362651
1584	0.9258105229
1585	0.9268846253
1586	0.9279586169
1587	0.9290325251
1588	0.9301063805
1589	0.9311802103
1590	0.9322540371
1591	0.9333278912
1592	0.9344018027
1593	0.9354758019
1594	0.9365499031
1595	0.9376240863
1596	0.9386983253
1597	0.9397726008
1598	0.9408469019
1599	0.9419212582
1600	0.9429957609
1601	0.9440705205
1602	0.9451456024
1603	0.9462210193
1604	0.9472967346
1605	0.9483726556
1606	0.9494486460
1607	0.9505245493
1608	0.9516002364
1609	0.9526756277
1610	0.9537506849
1611	0.9548254069
1612	0.9558998211
1613	0.9569739735
1614	0.9580479288
1615	0.9591217609
1616	0.9601955458
1617	0.9612693857
1618	0.9623434057
1619	0.9634177025
1620	0.9644923143
1621	0.9655672293
1622	0.9666424039
1623	0.9677177709
1624	0.9687932472
1625	0.9698687641
1626	0.9709442704
1627	0.9720197206
1628	0.9730950862
1629	0.9741703683
1630	0.9752455997
1631	0.9763208186
1632	0.9773960391
1633	0.9784712580
1634	0.9795464654
1635	0.9806216555
1636	0.9816968279
1637	0.9827719478
1638	0.9838469513
1639	0.9849218135
1640	0.9859965613
1641	0.9870712472
1642	0.9881459377
1643	0.9892206960
1644	0.9902955590
1645	0.9913705486
1646	0.9924456902
1647	0.9935209944
1648	0.9945964351
1649	0.9956719559
1650	0.9967474868
1651	0.9978229481
1652	0.9988982527
1653	0.9999733176
1654	1.0010480895
1655	1.0021225698
1656	1.0031968029
1657	1.0042708420
1658	1.0053447181
1659	1.0064184414
1660	1.0074920546
1661	1.0085656542
1662	1.0096393577
1663	1.0107132657
1664	1.0117874519
1665	1.0128619706
1666	1.0139368270
1667	1.0150119620
1668	1.0160872825
1669	1.0171626858
1670	1.0182380743
1671	1.0193133587
1672	1.0203884673
1673	1.0214633368
1674	1.0225378895
1675	1.0236120778
1676	1.0246859224
1677	1.0257594669
1678	1.0268327715
1679	1.0279059588
1680	1.0289791973
1681	1.0300526442
1682	1.0311263870
1683	1.0322004149
1684	1.0332746607
1685	1.0343490471
1686	1.0354234876
1687	1.0364978886
1688	1.0375721729
1689	1.0386463071
1690	1.0397203138
1691	1.0407942487
1692	1.0418681640
1693	1.0429420908
1694	1.0440160306
1695	1.0450899559
1696	1.0461638372
1697	1.0472376799
1698	1.0483115113
1699	1.0493853435
1700	1.0504591828
1701	1.0515330323
1702	1.0526069066
1703	1.0536808719
1704	1.0547550049
1705	1.0558293185
1706	1.0569037441
1707	1.0579781825
1708	1.0590525615
1709	1.0601268309
1710	1.0612009258
1711	1.0622747616
1712	1.0633482879
1713	1.0644215337
1714	1.0654945940
1715	1.0665675824
1716	1.0676405927
1717	1.0687137065
1718	1.0697869903
1719	1.0708604599
1720	1.0719340970
1721	1.0730078841
1722	1.0740817758
1723	1.0751556581
1724	1.0762293778
1725	1.0773027982
1726	1.0783758364
1727	1.0794484761
1728	1.0805207543
1729	1.0815927521
1730	1.0826645744
1731	1.0837363224
1732	1.0848080659
1733	1.0858798254
1734	1.0869516132
1735	1.0880234738
1736	1.0890954364
1737	1.0901674616
1738	1.0912394668
1739	1.0923113913
1740	1.0933832099
1741	1.0944549033
1742	1.0955264524
1743	1.0965978309
1744	1.0976690139
1745	1.0987399960
1746	1.0998107316
1747	1.1008811513
1748	1.1019512614
1749	1.1030211084
1750	1.1040907126
1751	1.1051600854
1752	1.1062292477
1753	1.1072982229
1754	1.1083670184
1755	1.1094356429
1756	1.1105041540
1757	1.1115726355
1758	1.1126411069
1759	1.1137095094
1760	1.1147777507
1761	1.1158457243
1762	1.1169133405
1763	1.1179805488
1764	1.1190472981
1765	1.1201134851
1766	1.1211790062
1767	1.1222438309
1768	1.1233079955
1769	1.1243716122
1770	1.1254348589
1771	1.1264979033
1772	1.1275608394
1773	1.1286237063
1774	1.1296865579
1775	1.1307494331
1776	1.1318122790
1777	1.1328749420
1778	1.1339371940
1779	1.1349987902
1780	1.1360595023
1781	1.1371191203
1782	1.1381775166
1783	1.1392347462
1784	1.1402910396
1785	1.1413466631
1786	1.1424018633
1787	1.1434568991
1788	1.1445119567
1789	1.1455670708
1790	1.1466221669
1791	1.1476770909
1792	1.1487316304
1793	1.1497855477
1794	1.1508386191
1795	1.1518907287
1796	1.1529418547
1797	1.1539919721
1798	1.1550410638
1799	1.1560891633
1800	1.1571363567
1801	1.1581827816
1802	1.1592285901
1803	1.1602739284
1804	1.1613189686
1805	1.1623638205
1806	1.1634084142
1807	1.1644525304
1808	1.1654958438
1809	1.1665379229
1810	1.1675782692
1811	1.1686164156
1812	1.1696519839
1813	1.1706847114
1814	1.1717145141
1815	1.1727414580
1816	1.1737657183
1817	1.1747875902
1818	1.1758074102
1819	1.1768254738
1820	1.1778420134
1821	1.1788571694
1822	1.1798709475
1823	1.1808832294
1824	1.1818938942
1825	1.1829029344
1826	1.1839104569
1827	1.1849166442
1828	1.1859217535
1829	1.1869260414
1830	1.1879296377
1831	1.1889325475
1832	1.1899347549
1833	1.1909363285
1834	1.1919374300
1835	1.1929381776
1836	1.1939385241
1837	1.1949382741
1838	1.1959371410
1839	1.1969347801
1840	1.1979308330
1841	1.1989249414
1842	1.1999167334
1843	1.2009058640
1844	1.2018921040
1845	1.2028754027
1846	1.2038558583
1847	1.2048336312
1848	1.2058088989
1849	1.2067818692
1850	1.2077528596
1851	1.2087223331
1852	1.2096907372
1853	1.2106583200
1854	1.2116250975
1855	1.2125908331
1856	1.2135550233
1857	1.2145170203
1858	1.2154762156
1859	1.2164321007
1860	1.2173842741
1861	1.2183325195
1862	1.2192767773
1863	1.2202170519
1864	1.2211534189
1865	1.2220860559
1866	1.2230152457
1867	1.2239412825
1868	1.2248643523
1869	1.2257845568
1870	1.2267019550
1871	1.2276165667
1872	1.2285284102
1873	1.2294374776
1874	1.2303436655
1875	1.2312467758
1876	1.2321465175
1877	1.2330425313
1878	1.2339344522
1879	1.2348219457
1880	1.2357047936
1881	1.2365829766
1882	1.2374566090
1883	1.2383258047
1884	1.2391906622
1885	1.2400513576
1886	1.2409081393
1887	1.2417612508
1888	1.2426109108
1889	1.2434572661
1890	1.2443003128
1891	1.2451398672
1892	1.2459756243
1893	1.2468072351
1894	1.2476343890
1895	1.2484569056
1896	1.2492747422
1897	1.2500879491
1898	1.2508966234
1899	1.2517008468
1900	1.2525006647
1901	1.2532961365
1902	1.2540873692
1903	1.2548744781
1904	1.2556575290
1905	1.2564365342
1906	1.2572114602
1907	1.2579822117
1908	1.2587486557
1909	1.2595106700
1910	1.2602681696
1911	1.2610210798
1912	1.2617693228
1913	1.2625128889
1914	1.2632518611
1915	1.2639863390
1916	1.2647163439
1917	1.2654417894
1918	1.2661625535
1919	1.2668785506
1920	1.2675897374
1921	1.2682961258
1922	1.2689977817
1923	1.2696947879
1924	1.2703872717
1925	1.2710754329
1926	1.2717594641
1927	1.2724395189
1928	1.2731157294
1929	1.2737881781
1930	1.2744568826
1931	1.2751217844
1932	1.2757827487
1933	1.2764396075
1934	1.2770922001
1935	1.2777403402
1936	1.2783837962
1937	1.2790223481
1938	1.2796558172
1939	1.2802840611
1940	1.2809069931
1941	1.2815246002
1942	1.2821369406
1943	1.2827441111
1944	1.2833462099
1945	1.2839433384
1946	1.2845355976
1947	1.2851230678
1948	1.2857058128
1949	1.2862838908
1950	1.2868573564
1951	1.2874262686
1952	1.2879906891
1953	1.2885506893
1954	1.2891063689
1955	1.2896578420
1956	1.2902051873
1957	1.2907483836
1958	1.2912872875
1959	1.2918217005
1960	1.2923514477
1961	1.2928764109
1962	1.2933965706
1963	1.2939120301
1964	1.2944229564
1965	1.2949295184
1966	1.2954318706
1967	1.2959301059
1968	1.2964241934
1969	1.2969140126
1970	1.2973994462
1971	1.2978804210
1972	1.2983569100
1973	1.2988289450
1974	1.2992965915
1975	1.2997598780
1976	1.3002187654
1977	1.3006731773
1978	1.3011230356
1979	1.3015682634
1980	1.3020087742
1981	1.3024444954
1982	1.3028753853
1983	1.3033013987
1984	1.3037224449
1985	1.3041384150
1986	1.3045492385
1987	1.3049548811
1988	1.3053553222
1989	1.3057505522
1990	1.3061405756
1991	1.3065254284
1992	1.3069051786
1993	1.3072799065
1994	1.3076497035
1995	1.3080146764
1996	1.3083749398
1997	1.3087305657
1998	1.3090815073
1999	1.3094275866
2000	1.3097685295
2001	1.3101040205
2002	1.3104338186
2003	1.3107578112
2004	1.3110759842
2005	1.3113884200
2006	1.3116952742
2007	1.3119967333
2008	1.3122930049
2009	1.3125843118
2010	1.3128708725
2011	1.3131528718
2012	1.3134304424
2013	1.3137036356
2014	1.3139723829
2015	1.3142365234
2016	1.3144958896
2017	1.3147503370
2018	1.3149997106
2019	1.3152438622
2020	1.3154827183
2021	1.3157163162
2022	1.3159447807
2023	1.3161682612
2024	1.3163868981
2025	1.3166008321
2026	1.3168101943
2027	1.3170150577
2028	1.3172153813
2029	1.3174109909
2030	1.3176016086
2031	1.3177869275
2032	1.3179667333
2033	1.3181409499
2034	1.3183095861
2035	1.3184727158
2036	1.3186304827
2037	1.3187830747
2038	1.3189307271
2039	1.3190737501
2040	1.3192124824
2041	1.3193471978
2042	1.3194780713
2043	1.3196052079
2044	1.3197286735
2045	1.3198484659
2046	1.3199644519
2047	1.3200763477
2048	1.3201837477
2049	1.3202861905
2050	1.3203832425
2051	1.3204745332
2052	1.3205597614
2053	1.3206387285
2054	1.3207113825
2055	1.3207778183
2056	1.3208382072
2057	1.3208927416
2058	1.3209416679
2059	1.3209853302
2060	1.3210241348
2061	1.3210584392
2062	1.3210884691
2063	1.3211143185
2064	1.3211359687
2065	1.3211533121
2066	1.3211661806
2067	1.3211743559
2068	1.3211776036
2069	1.3211757386
2070	1.3211686729
2071	1.3211564103
2072	1.3211390214
2073	1.3211166426
2074	1.3210894693
2075	1.3210577050
2076	1.3210215203
2077	1.3209810581
2078	1.3209364345
2079	1.3208877224
2080	1.3208349639
2081	1.3207781953
2082	1.3207174155
2083	1.3206525494
2084	1.3205834698
2085	1.3205100080
2086	1.3204319340
2087	1.3203489771
2088	1.3202608908
2089	1.3201675256
2090	1.3200688933
2091	1.3199651453
2092	1.3198564660
2093	1.3197430188
2094	1.3196249973
2095	1.3195026572
2096	1.3193762567
2097	1.3192459844
2098	1.3191119442
2099	1.3189741745
2100	1.3188326378
2101	1.3186872053
2102	1.3185377071
2103	1.3183840127
2104	1.3182260539
2105	1.3180637952
2106	1.3178972210
2107	1.3177263488
2108	1.3175512690
2109	1.3173721890
2110	1.3171893798
2111	1.3170030978
2112	1.3168135728
2113	1.3166210021
2114	1.3164255439
2115	1.3162273252
2116	1.3160264426
2117	1.3158229517
2118	1.3156168614
2119	1.3154081332
2120	1.3151966761
2121	1.3149823800
2122	1.3147651832
2123	1.3145451125
2124	1.3143222789
2125	1.3140968493
2126	1.3138689980
2127	1.3136388540
2128	1.3134064771
2129	1.3131718584
2130	1.3129349172
2131	1.3126955113
2132	1.3124534945
2133	1.3122087621
2134	1.3119612482
2135	1.3117109304
2136	1.3114578239
2137	1.3112019918
2138	1.3109435751
2139	1.3106827562
2140	1.3104197516
2141	1.3101548543
2142	1.3098883928
2143	1.3096206587
2144	1.3093518632
2145	1.3090821057
2146	1.3088113696
2147	1.3085395311
2148	1.3082663890
2149	1.3079917036
2150	1.3077152147
2151	1.3074366839
2152	1.3071559496
2153	1.3068729259
2154	1.3065875710
2155	1.3062999356
2156	1.3060101668
2157	1.3057183959
2158	1.3054247054
2159	1.3051291786
2160	1.3048319350
2161	1.3045331375
2162	1.3042329800
2163	1.3039316656
2164	1.3036293955
2165	1.3033263780
2166	1.3030227878
2167	1.3027187496
2168	1.3024144034
2169	1.3021098680
2170	1.3018050971
2171	1.3014998718
2172	1.3011939583
2173	1.3008872310
2174	1.3005796808
2175	1.3002713459
2176	1.2999622571
2177	1.2996524519
2178	1.2993419848
2179	1.2990309479
2180	1.2987195155
2181	1.2984078949
2182	1.2980961853
2183	1.2977843420
2184	1.2974722759
2185	1.2971599213
2186	1.2968472337
2187	1.2965341675
2188	1.2962206658
2189	1.2959066443
2190	1.2955919973
2191	1.2952766404
2192	1.2949604691
2193	1.2946433472
2194	1.2943251899
2195	1.2940059887
2196	1.2936858297
2197	1.2933649143
2198	1.2930434962
2199	1.2927218138
2200	1.2924000541
2201	1.2920783369
2202	1.2917566829
2203	1.2914349626
2204	1.2911129566
2205	1.2907904922
2206	1.2904674905
2207	1.2901439343
2208	1.2898198282
2209	1.2894951565
2210	1.2891698750
2211	1.2888439769
2212	1.2885175245
2213	1.2881906129
2214	1.2878633673
2215	1.2875359430
2216	1.2872084597
2217	1.2868809351
2218	1.2865532770
2219	1.2862253090
2220	1.2858967965
2221	1.2855675150
2222	1.2852373294
2223	1.2849061833
2224	1.2845740593
2225	1.2842410162
2226	1.2839072203
2227	1.2835729125
2228	1.2832383329
2229	1.2829036554
2230	1.2825690066
2231	1.2822344652
2232	1.2819000157
2233	1.2815655573
2234	1.2812309216
2235	1.2808958938
2236	1.2805602743
2237	1.2802239181
2238	1.2798867024
2239	1.2795484964
2240	1.2792091730
2241	1.2788686419
2242	1.2785269174
2243	1.2781841348
2244	1.2778405039
2245	1.2774962686
2246	1.2771516762
2247	1.2768069347
2248	1.2764621952
2249	1.2761175877
2250	1.2757732377
2251	1.2754292457
2252	1.2750856511
2253	1.2747423856
2254	1.2743992972
2255	1.2740562084
2256	1.2737128919
2257	1.2733690560
2258	1.2730244209
2259	1.2726788054
2260	1.2723321694
2261	1.2719845783
2262	1.2716361102
2263	1.2712868259
2264	1.2709367922
2265	1.2705860699
2266	1.2702347071
2267	1.2698827616
2268	1.2695302731
2269	1.2691772389
2270	1.2688236900
2271	1.2684697138
2272	1.2681153697
2273	1.2677606721
2274	1.2674056607
2275	1.2670504066
2276	1.2666949210
2277	1.2663391346
2278	1.2659829603
2279	1.2656263096
2280	1.2652690928
2281	1.2649112198
2282	1.2645526033
2283	1.2641932167
2284	1.2638330937
2285	1.2634723000
2286	1.2631109593
2287	1.2627492184
2288	1.2623871894
2289	1.2620249014
2290	1.2616622613
2291	1.2612990674
2292	1.2609350296
2293	1.2605698229
2294	1.2602031856
2295	1.2598349671
2296	1.2594651207
2297	1.2590936944
2298	1.2587208042
2299	1.2583465864
2300	1.2579711891
2301	1.2575947761
2302	1.2572175021
2303	1.2568394767
2304	1.2564607301
2305	1.2560812085
2306	1.2557008093
2307	1.2553194306
2308	1.2549369811
2309	1.2545533728
2310	1.2541685570
2311	1.2537825483
2312	1.2533953918
2313	1.2530071133
2314	1.2526177178
2315	1.2522272157
2316	1.2518356063
2317	1.2514428420
2318	1.2510488506
2319	1.2506535807
2320	1.2502570005
2321	1.2498590897
2322	1.2494598431
2323	1.2490592586
2324	1.2486573269
2325	1.2482540215
2326	1.2478492860
2327	1.2474430553
2328	1.2470352861
2329	1.2466259261
2330	1.2462148870
2331	1.2458020787
2332	1.2453874231
2333	1.2449708586
2334	1.2445523724
2335	1.2441319842
2336	1.2437097069
2337	1.2432855648
2338	1.2428595943
2339	1.2424317697
2340	1.2420019839
2341	1.2415701436
2342	1.2411362306
2343	1.2407003178
2344	1.2402625634
2345	1.2398231569
2346	1.2393822833
2347	1.2389400953
2348	1.2384966782
2349	1.2380520567
2350	1.2376062055
2351	1.2371590893
2352	1.2367106947
2353	1.2362609890
2354	1.2358099168
2355	1.2353574466
2356	1.2349035746
2357	1.2344482982
2358	1.2339915926
2359	1.2335333816
2360	1.2330735425
2361	1.2326119421
2362	1.2321484820
2363	1.2316831389
2364	1.2312159519
2365	1.2307469804
2366	1.2302762870
2367	1.2298039695
2368	1.2293301864
2369	1.2288550961
2370	1.2283787382
2371	1.2279010122
2372	1.2274217864
2373	1.2269409546
2374	1.2264584317
2375	1.2259741543
2376	1.2254880736
2377	1.2250001524
2378	1.2245103653
2379	1.2240187177
2380	1.2235252434
2381	1.2230299548
2382	1.2225328176
2383	1.2220337574
2384	1.2215326938
2385	1.2210296025
2386	1.2205245353
2387	1.2200175809
2388	1.2195088109
2389	1.2189982193
2390	1.2184857320
2391	1.2179712937
2392	1.2174548835
2393	1.2169364765
2394	1.2164160573
2395	1.2158936360
2396	1.2153692353
2397	1.2148428927
2398	1.2143146854
2399	1.2137847365
2400	1.2132531841
2401	1.2127201698
2402	1.2121858643
2403	1.2116504219
2404	1.2111138997
2405	1.2105762690
2406	1.2100374601
2407	1.2094973113
2408	1.2089555250
2409	1.2084117807
2410	1.2078658598
2411	1.2073176851
2412	1.2067673067
2413	1.2062148271
2414	1.2056603635
2415	1.2051040568
2416	1.2045460089
2417	1.2039862544
2418	1.2034248540
2419	1.2028619175
2420	1.2022975059
2421	1.2017315772
2422	1.2011640052
2423	1.2005946170
2424	1.2000232522
2425	1.1994497933
2426	1.1988741250
2427	1.1982961161
2428	1.1977156592
2429	1.1971326991
2430	1.1965472059
2431	1.1959591465
2432	1.1953685221
2433	1.1947754168
2434	1.1941800500
2435	1.1935827504
2436	1.1929838274
2437	1.1923835109
2438	1.1917819301
2439	1.1911791481
2440	1.1905752683
2441	1.1899704397
2442	1.1893647825
2443	1.1887583407
2444	1.1881511117
2445	1.1875430552
2446	1.1869340133
2447	1.1863237397
2448	1.1857120296
2449	1.1850986879
2450	1.1844834473
2451	1.1838660680
2452	1.1832464575
2453	1.1826246814
2454	1.1820009241
2455	1.1813754255
2456	1.1807484423
2457	1.1801201985
2458	1.1794907956
2459	1.1788602052
2460	1.1782283757
2461	1.1775952987
2462	1.1769610192
2463	1.1763256251
2464	1.1756891757
2465	1.1750516746
2466	1.1744131216
2467	1.1737735411
2468	1.1731329680
2469	1.1724914223
2470	1.1718488979
2471	1.1712053777
2472	1.1705608753
2473	1.1699154594
2474	1.1692691956
2475	1.1686220341
2476	1.1679737945
2477	1.1673243206
2478	1.1666735840
2479	1.1660216250
2480	1.1653685367
2481	1.1647144766
2482	1.1640595869
2483	1.1634039546
2484	1.1627476230
2485	1.1620905513
2486	1.1614326421
2487	1.1607738575
2488	1.1601142115
2489	1.1594536797
2490	1.1587921855
2491	1.1581296471
2492	1.1574660600
2493	1.1568014808
2494	1.1561359716
2495	1.1554696467
2496	1.1548026880
2497	1.1541352805
2498	1.1534675136
2499	1.1527993562
2500	1.1521307254
2501	1.1514615290
2502	1.1507916673
2503	1.1501209848
2504	1.1494492612
2505	1.1487762924
2506	1.1481019598
2507	1.1474262588
2508	1.1467492587
2509	1.1460710379
2510	1.1453916850
2511	1.1447112747
2512	1.1440298954
2513	1.1433477738
2514	1.1426652046
2515	1.1419823786
2516	1.1412993770
2517	1.1406162759
2518	1.1399332401
2519	1.1392504773
2520	1.1385681305
2521	1.1378862511
2522	1.1372048316
2523	1.1365238554
2524	1.1358433091
2525	1.1351631385
2526	1.1344831850
2527	1.1338032249
2528	1.1331231120
2529	1.1324428520
2530	1.1317625583
2531	1.1310824240
2532	1.1304027719
2533	1.1297239800
2534	1.1290463584
2535	1.1283702050
2536	1.1276957970
2537	1.1270232352
2538	1.1263524139
2539	1.1256831477
2540	1.1250152824
2541	1.1243486832
2542	1.1236831806
2543	1.1230185848
2544	1.1223547205
2545	1.1216914727
2546	1.1210287601
2547	1.1203664253
2548	1.1197042841
2549	1.1190422692
2550	1.1183804405
2551	1.1177189419
2552	1.1170579637
2553	1.1163976779
2554	1.1157382453
2555	1.1150798396
2556	1.1144226408
2557	1.1137668367
2558	1.1131125726
2559	1.1124599473
2560	1.1118090587
2561	1.1111599482
2562	1.1105125279
2563	1.1098666452
2564	1.1092222546
2565	1.1085794577
2566	1.1079383400
2567	1.1072988791
2568	1.1066610365
2569	1.1060247841
2570	1.1053900202
2571	1.1047566078
2572	1.1041244667
2573	1.1034935673
2574	1.1028639649
2575	1.1022358628
2576	1.1016095305
2577	1.1009852038
2578	1.1003630183
2579	1.0997429444
2580	1.0991248813
2581	1.0985087240
2582	1.0978943179
2583	1.0972815058
2584	1.0966702107
2585	1.0960604635
2586	1.0954523998
2587	1.0948462098
2588	1.0942420192
2589	1.0936398982
2590	1.0930399258
2591	1.0924421087
2592	1.0918463824
2593	1.0912526998
2594	1.0906610143
2595	1.0900712048
2596	1.0894830848
2597	1.0888964778
2598	1.0883112492
2599	1.0877273361
2600	1.0871447172
2601	1.0865633180
2602	1.0859830605
2603	1.0854039646
2604	1.0848261407
2605	1.0842497320
2606	1.0836748258
2607	1.0831014044
2608	1.0825293726
2609	1.0819586505
2610	1.0813892854
2611	1.0808214147
2612	1.0802551791
2613	1.0796907547
2614	1.0791283542
2615	1.0785681313
2616	1.0780100762
2617	1.0774540676
2618	1.0769000445
2619	1.0763479822
2620	1.0757977804
2621	1.0752493217
2622	1.0747025215
2623	1.0741573253
2624	1.0736137459
2625	1.0730718163
2626	1.0725315353
2627	1.0719929141
2628	1.0714559524
2629	1.0709205826
2630	1.0703867335
2631	1.0698544060
2632	1.0693236394
2633	1.0687944073
2634	1.0682665986
2635	1.0677400878
2636	1.0672147394
2637	1.0666904691
2638	1.0661673666
2639	1.0656456704
2640	1.0651256884
2641	1.0646077694
2642	1.0640921981
2643	1.0635790515
2644	1.0630682572
2645	1.0625597149
2646	1.0620533270
2647	1.0615490231
2648	1.0610467212
2649	1.0605462744
2650	1.0600474868
2651	1.0595501522
2652	1.0590541012
2653	1.0585592863
2654	1.0580658265
2655	1.0575739622
2656	1.0570839892
2657	1.0565961323
2658	1.0561105115
2659	1.0556272640
2660	1.0551465403
2661	1.0546683868
2662	1.0541926865
2663	1.0537191642
2664	1.0532474219
2665	1.0527769979
2666	1.0523075038
2667	1.0518387422
2668	1.0513706803
2669	1.0509034356
2670	1.0504372830
2671	1.0499725361
2672	1.0495094254
2673	1.0490480918
2674	1.0485886203
2675	1.0481309831
2676	1.0476750086
2677	1.0472204990
2678	1.0467673184
2679	1.0463154031
2680	1.0458647114
2681	1.0454152191
2682	1.0449669865
2683	1.0445200973
2684	1.0440745869
2685	1.0436304805
2686	1.0431878495
2687	1.0427468361
2688	1.0423075763
2689	1.0418701461
2690	1.0414346502
2691	1.0410012161
2692	1.0405698628
2693	1.0401405108
2694	1.0397130757
2695	1.0392874422
2696	1.0388634244
2697	1.0384408162
2698	1.0380194123
2699	1.0375990146
2700	1.0371794853
2701	1.0367607724
2702	1.0363428573
2703	1.0359257624
2704	1.0355096366
2705	1.0350947496
2706	1.0346814431
2707	1.0342700616
2708	1.0338608488
2709	1.0334538894
2710	1.0330490959
2711	1.0326462781
2712	1.0322452568
2713	1.0318458713
2714	1.0314479035
2715	1.0310510689
2716	1.0306551210
2717	1.0302599638
2718	1.0298656564
2719	1.0294723410
2720	1.0290801851
2721	1.0286893749
2722	1.0283001494
2723	1.0279127476
2724	1.0275273323
2725	1.0271440310
2726	1.0267628767
2727	1.0263837028
2728	1.0260062223
2729	1.0256301765
2730	1.0252554042
2731	1.0248817953
2732	1.0245091676
2733	1.0241372338
2734	1.0237656978
2735	1.0233943342
2736	1.0230230052
2737	1.0226516170
2738	1.0222800952
2739	1.0219084175
2740	1.0215366326
2741	1.0211648658
2742	1.0207932663
2743	1.0204219532
2744	1.0200510446
2745	1.0196806823
2746	1.0193109827
2747	1.0189419921
2748	1.0185737067
2749	1.0182060660
2750	1.0178389589
2751	1.0174722563
2752	1.0171058312
2753	1.0167395942
2754	1.0163734687
2755	1.0160073962
2756	1.0156414027
2757	1.0152755060
2758	1.0149096146
2759	1.0145436310
2760	1.0141775395
2761	1.0138113642
2762	1.0134451528
2763	1.0130789628
2764	1.0127128173
2765	1.0123467458
2766	1.0119808139
2767	1.0116150865
2768	1.0112496193
2769	1.0108844352
2770	1.0105195141
2771	1.0101548208
2772	1.0097902779
2773	1.0094257067
2774	1.0090608337
2775	1.0086954170
2776	1.0083293850
2777	1.0079628588
2778	1.0075960742
2779	1.0072292437
2780	1.0068624535
2781	1.0064956555
2782	1.0061287256
2783	1.0057615050
2784	1.0053937780
2785	1.0050253163
2786	1.0046559652
2787	1.0042855864
2788	1.0039140051
2789	1.0035410923
2790	1.0031668432
2791	1.0027913727
2792	1.0024148766
2793	1.0020376127
2794	1.0016598448
2795	1.0012817761
2796	1.0009035273
2797	1.0005250931
2798	1.0001463290
2799	0.9997670060
2800	0.9993868395
2801	0.9990055227
2802	0.9986227833
2803	0.9982383769
2804	0.9978521199
2805	0.9974639728
2806	0.9970740007
2807	0.9966822741
2808	0.9962888611
2809	0.9958939298
2810	0.9954977387
2811	0.9951004429
2812	0.9947020306
2813	0.9943024228
2814	0.9939015403
2815	0.9934993100
2816	0.9930956400
2817	0.9926904257
2818	0.9922835934
2819	0.9918750897
2820	0.9914648356
2821	0.9910527167
2822	0.9906385720
2823	0.9902222422
2824	0.9898036589
2825	0.9893828340
2826	0.9889598494
2827	0.9885349108
2828	0.9881083169
2829	0.9876803595
2830	0.9872512707
2831	0.9868211586
2832	0.9863899348
2833	0.9859573521
2834	0.9855231145
2835	0.9850869483
2836	0.9846486239
2837	0.9842079569
2838	0.9837648206
2839	0.9833191412
2840	0.9828708594
2841	0.9824199660
2842	0.9819665627
2843	0.9815108164
2844	0.9810528363
2845	0.9805926091
2846	0.9801301008
2847	0.9796653599
2848	0.9791985329
2849	0.9787298634
2850	0.9782595928
2851	0.9777878548
2852	0.9773146967
2853	0.9768401460
2854	0.9763642419
2855	0.9758870174
2856	0.9754084831
2857	0.9749286129
2858	0.9744473438
2859	0.9739646517
2860	0.9734805931
2861	0.9729952663
2862	0.9725087470
2863	0.9720210744
2864	0.9715322912
2865	0.9710424360
2866	0.9705515025
2867	0.9700593486
2868	0.9695656855
2869	0.9690702586
2870	0.9685729345
2871	0.9680736211
2872	0.9675722336
2873	0.9670687009
2874	0.9665629752
2875	0.9660551099
2876	0.9655452664
2877	0.9650336295
2878	0.9645204038
2879	0.9640058287
2880	0.9634901250
2881	0.9629734238
2882	0.9624557491
2883	0.9619370377
2884	0.9614171130
2885	0.9608956783
2886	0.9603724090
2887	0.9598470722
2888	0.9593195319
2889	0.9587896992
2890	0.9582575874
2891	0.9577234021
2892	0.9571875065
2893	0.9566503250
2894	0.9561122579
2895	0.9555736213
2896	0.9550346648
2897	0.9544955271
2898	0.9539561633
2899	0.9534163633
2900	0.9528758028
2901	0.9523341241
2902	0.9517909772
2903	0.9512459916
2904	0.9506988158
2905	0.9501492622
2906	0.9495973542
2907	0.9490431792
2908	0.9484868040
2909	0.9479283886
2910	0.9473682427
2911	0.9468067869
2912	0.9462445313
2913	0.9456819467
2914	0.9451193646
2915	0.9445570163
2916	0.9439949912
2917	0.9434331735
2918	0.9428712686
2919	0.9423088978
2920	0.9417456920
2921	0.9411813239
2922	0.9406155963
2923	0.9400484937
2924	0.9394800789
2925	0.9389104201
2926	0.9383396059
2927	0.9377677323
2928	0.9371948338
2929	0.9366209013
2930	0.9360459914
2931	0.9354702315
2932	0.9348937579
2933	0.9343167314
2934	0.9337393463
2935	0.9331617152
2936	0.9325837786
2937	0.9320053642
2938	0.9314263012
2939	0.9308465024
2940	0.9302659156
2941	0.9296844624
2942	0.9291020455
2943	0.9285184358
2944	0.9279332667
2945	0.9273462783
2946	0.9267573777
2947	0.9261664893
2948	0.9255735454
2949	0.9249785453
2950	0.9243815806
2951	0.9237828714
2952	0.9231827060
2953	0.9225813762
2954	0.9219792185
2955	0.9213765737
2956	0.9207736844
2957	0.9201706964
2958	0.9195676932
2959	0.9189647241
2960	0.9183617897
2961	0.9177588244
2962	0.9171557256
2963	0.9165523480
2964	0.9159485560
2965	0.9153443061
2966	0.9147396576
2967	0.9141347359
2968	0.9135296611
2969	0.9129245128
2970	0.9123193468
2971	0.9117142318
2972	0.9111091813
2973	0.9105040934
2974	0.9098988667
2975	0.9092934143
2976	0.9086875928
2977	0.9080813043
2978	0.9074745828
2979	0.9068675107
2980	0.9062601816
2981	0.9056527527
2982	0.9050454164
2983	0.9044383211
2984	0.9038315455
2985	0.9032251029
2986	0.9026189819
2987	0.9020132824
2988	0.9014082293
2989	0.9008039725
2990	0.9002004754
2991	0.8995975618
2992	0.8989950436
2993	0.8983927858
2994	0.8977906660
2995	0.8971886535
2996	0.8965868406
2997	0.8959852295
2998	0.8953836197
2999	0.8947817340
